3696062
0.3997974741351096
0.24752327734370438
0.1822087114742289
0.17292120355701057
0.13424603238261457
0.15994139515993266
0.014632457781869723
0.41852818142209436
0.8444757376251063
0.9012316500315397
0.4139467308544207
0.9741507324364442
0.004790518463047344
0.41301268090875887
0.6486241610740854
0.0790686856093209
0.9586077061454664
0.5058230642632006
0.02452514021117491
0.7211156380034964
0.1612811400651455
0.2600473149710626
0.4211827098572156
0.9733481476819984
0.7348802278324899
0.3145458582504579
0.238493510736964
0.09019500666394198
0.9707345617070073
0.19322658216196498
0.21743379824256293
0.9756735885829302
0.9089517035442624
0.39240742843124565
0.3624811829628666
0.8092206550954375
0.4046698412354235
0.6802838173010388
0.4164937653578147
0.7202178740066754
0.45653700126853447
0.2549356589199042
0.9242775540024437
0.9000749612830589
0.13705070727973756
0.8342090441191399
0.15807256589452567
0.43591092793443476
0.8406703145908142
0.9202047576361427
0.5325523979377305
0.9168645742826877
0.9968958588077068
0.7191414249880556
0.08596204247158101
0.4204796541898257
0.16688640287913326
0.25418479649687
0.08731809180746286
0.049215178949363336
0.6664629472607836
0.3916840064694541
0.18627038421100095
0.1943789037207806
0.5239649641154143
0.6401517009307087
0.09522300216678381
0.7198693542205773
0.039148202516109065
0.32145422478323016
0.657443236247734
0.2856383142988159
0.4649658909620209
0.15009184149413968
0.32604580433299524
0.9827250146523965
0.4817838389422121
0.5095470883608998
0.4946149784324535
0.6758533175153252
0.9776297388331356
0.6739478633470222
0.7885622679196885
0.5822055899421823
0.6002039044461358
0.9375215414643546
0.7784540478206488
0.31782493087471175
0.5875454364622339
0.6059543929409086
0.32721289059949454
0.14945995243061316
0.06226173838800109
0.9029383336400338
0.02364620743470458
0.4938698573302662
0.5685916142319636
0.9633628659066896
0.4088405410167648
0.8647808443951154
0.07627668818600775
0.3266479719587352
0.5360686313701815
0.5721663044820602
0.08766953786806808
0.3819073627086095
0.8394278121018792
0.1585506004036854
0.8137982902111653
0.806630335894245
0.06391615354496516
0.5574221354091767
0.6064415684654803
0.9226038000609935
0.7305058812119138
0.871080659720889
0.3480348404074157
0.8124321728757329
0.5144509428131997
0.8903144138817571
0.945967835843076
0.1047076120906616
0.42823760639732256
0.8565690996483707
0.22428888290093896
0.333842343632732
0.626571280427427
0.6266712622369637
0.5575977453956501
0.8504282856115019
0.8124819576109072
0.706660039080726
0.25433930328883814
0.5624437345511785
0.7920534812328488
0.614910166805412
0.3915427708057999
0.9246176122620656
0.9719993719761022
0.2561396948713378
0.3240914439357029
0.28911783335515673
0.6802640804551515
0.32989905925332097
0.6107947122629593
0.0437004430738035
0.13772561884565815
0.22578116235550172
0.7675305364904093
0.7782901364179338
0.16070263527879558
0.9989306582526888
0.8006760679913812
0.7679023757019802
0.10373303811369106
0.8939007883020678
0.11927334950376478
0.20338534842953826
0.9942484912675651
0.24414699178209742
0.614011364438153
0.053152148756473006
0.6981298695405531
0.391561190228334
0.13637419744130497
0.047190397451327026
0.6216558260769122
0.3300336795037888
0.4078161265527108
0.5879443724187317
0.2522902521597683
0.644888102262098
0.8620910465793626
0.150926666480372
0.7035035076266444
0.6693243090286274
0.7265523311057911
0.9250276973765844
0.9142204722932818
0.9131198456875071
0.9819827459097228
0.932562353584763
0.13569702188420885
0.9222511604782537
0.7547973817523121
0.8969214027324638
0.9518123252557736
0.5072884825201892
0.5196193936026905
0.502041978592511
