3042758
0.03397034082660799
0.07267790960848752
0.04144852763914997
0.29369928303449544
0.7494752919816821
0.9466185477056371
0.4226329255916377
0.10141433856453497
0.5058204208760562
0.7737984591067969
0.9858891693509414
0.7394703156804152
0.3185706598952581
0.21846185900126824
0.9887129501932967
0.9358110240336837
0.6516118118342459
0.9626736258739814
0.44928500265442584
0.34514879414048716
0.9631649133309762
0.8269914684118421
0.6517796566951093
0.860383600698662
0.8938714274976125
0.4432119173244934
0.22738357092881645
0.46951118035834116
0.6301685007096728
0.759050841216795
0.37798530218874193
0.5034524557038893
0.6511341190879426
0.03128683917033015
0.8726343049827244
0.053244761180235245
0.07547037285093705
0.7411127319577194
0.408434293625517
0.8626112254322487
0.26868453796068004
0.4606803262924761
0.05441367510995654
0.26685203328562324
0.4902152249431899
0.8161041362292968
0.6425378753890848
0.09898052143734448
0.45582021245229853
0.07223276458439931
0.46087272385273215
0.8714298938790227
0.5586876319878489
0.04125088504221308
0.5966267439941849
0.9738100298738904
0.9766938835159272
0.2068618799412243
0.1180793480895529
0.8057135516389443
0.7724587028839542
0.49635893206312887
0.46155368726968427
0.19366198039994864
0.12863596581445913
0.7299799863651093
0.7514949134169039
0.7144630617541576
0.5869894103807101
0.6290904797380084
0.6968920458897742
0.8704697416855703
0.6792919672265105
0.5841676383744888
0.20710521392589376
0.5777947828038558
0.7696752876479265
0.6920957370703695
0.9086480272245991
0.25309093285339856
0.4428580738374668
0.705517612640684
0.24643919097505995
0.0246704885106811
0.5522947072742865
0.5541476121426075
0.8304790372907751
0.7808106902411086
0.21032356442852507
0.5900227962226956
0.2864643257303905
0.635149444054571
0.9391137675288582
0.8953580099452976
0.19573428993862363
0.38255201618315293
0.6352406419518055
0.3272953909997752
0.5246330027012854
0.2748500269664643
0.08251662598092446
0.5247123541631237
0.8266106462221903
0.6997765472500203
0.013957445016935077
0.7573986563345315
0.4680975691545024
0.19004879846049705
0.5408349553076285
0.8383783594061106
0.9167167447534988
0.503721714643798
0.9919506535051568
0.3025907086219538
0.4854377874510416
0.5588763027170093
0.7320578819769753
0.34479610059256227
0.8656704334862584
0.6400134528514024
0.5037033190908069
0.7211718000062948
0.5900746809132449
0.21703964763243722
0.6197702261972582
0.3692179078498249
0.9894884726234486
0.96636762984463
0.13243857060261588
0.5863886190750005
0.6836321812253655
0.09392111369032141
0.2743740678382498
0.2640388173960654
0.12563796136915006
0.340385472920829
0.4689791083056255
0.7851944167515982
0.5454036444894582
0.9538122417701747
0.08974471686018093
0.18087862208915229
0.583765035962202
0.04724769362904191
0.04822681640754789
0.6290998006253622
0.2382611678943687
0.6148875581457149
0.6465112604087175
0.6282691055525031
0.1714488412977564
0.335209218138506
0.21386144395205564
0.15011730851981642
0.1510841199751939
0.3900100291752423
0.5139583881842075
0.3212708910260116
0.3430883859693923
0.9168639019035177
0.04250039977155362
0.19624471814757527
0.8704585811645195
0.9259128822134935
0.332233161220685
0.9709205126302497
0.12378636063365422
0.7721108753988776
0.5254044777710835
0.3027121106691043
0.6033954796608503
0.8032999265957252
0.1581741030097803
0.9087248981082678
0.7793735761682027
0.5799251481667496
0.0651503263755685
0.530110479642295
0.5786201707207796
0.3565472130984184
0.44928142417610917
0.677304148188256
0.15057499221427773
0.6771732852376668
0.03104564784780406
0.9039633237398269
0.044572280128133746
0.5718975681684084
0.4959462279757817
0.6750865072800366
0.8022186071422155
0.6889819150772803
0.27428210956921517
0.27173443267644537
0.8226428343552256
0.4504329169351138
0.08610703257310859
0.6645297208822906
