1178791
0.7462205764314582
0.7533412639558682
0.611966595290809
0.2649179913579729
0.5668509365997284
0.2306229073183419
0.3493033729605808
0.9073723208582876
0.14491490573638777
0.9578183146881305
0.314261362483091
0.2249231630708498
0.17796666188668786
0.02575317063466709
0.49109662722343894
0.5587541311722244
0.8134462502741152
0.9272007537825986
0.7489318694847753
0.03504605746533673
0.23602145295176147
0.030213823369141135
0.1204817631602817
0.4421435641474889
0.20164651273557244
0.8767169167484999
0.12951493314285156
0.20292739199207277
0.5510692780055371
0.9851203586170008
0.9443292087062433
0.8729833887497972
0.2545991855101475
0.5177045445067034
0.6361882207998566
0.2740669575371818
0.3445471566687043
0.05601841607014224
0.8885471464443148
0.5638734003460681
0.5780819432134295
0.45133515421952153
0.24176590150069943
0.4800004747275145
0.8126856941302038
0.22723564518703343
0.4439282293562301
0.3718371525816645
0.43738407198706397
0.958186026166834
0.20730437315492
0.7938615598272903
0.8396664933199023
0.5282116273463072
0.39919199027998953
0.7872424546940399
0.8766991264450626
0.8284692103881754
0.6618495292675445
0.7134344457921007
0.7630462768791301
0.846965014547926
0.7138927616691704
0.7565221862264049
0.360636568668081
0.0734580194091563
0.5758626770642924
0.2733179610333901
0.2480214630248394
0.41794534444263
0.67604748746345
0.5742309797127997
0.700852717111196
0.9345444377947321
0.5909055394510021
0.5952261592768536
0.27942505915491167
0.6962754737325727
0.8679819533771709
0.08206042637961364
0.9352564842881406
0.2759647323682066
0.4678483073799685
0.7305674495811841
0.6598152808897739
0.5588784666511584
0.49764117782149964
0.4246369607040549
0.15345182455217377
0.7479698891212575
0.5151693853673878
0.5058883089986884
0.6461301687820877
0.7712726557409504
0.9948029940559105
0.6482440437964501
0.8564167136643578
0.7909294230377933
0.4253156876628049
0.21908931289627087
0.44470533396644896
0.2420692392910666
0.14841012924603925
0.4886138719084121
0.8756562130820257
0.25295165774796313
0.46353340368758544
0.7253121693159775
0.26405049093000565
0.9421894882931369
0.7963170641200148
0.9062966122122146
0.42676638897027264
0.8456777416161522
0.8617580348447232
0.015157791101270468
0.474505488942629
0.2983063733427723
0.9586096989477364
0.900561646874154
0.40657244846240304
0.28243881742572907
0.29466564240546234
0.5384451250174869
0.0905360123474418
0.2856559406794077
0.5096113478914646
0.21177638014320688
0.6771433107788412
0.6997295358902714
0.028938052937899084
0.6986964395071595
0.5151612906725821
0.8534861952190687
0.9479266217689875
0.4534988995775784
0.2001640865716976
0.635381772209261
0.9063342909036586
0.6684006456904438
0.0612553084388453
0.6504783605409175
0.33973411884820415
0.39169595047446726
0.54300676090759
0.4684614354334259
0.7278996611861139
0.2192416229948706
0.7652325305999926
0.710199197578234
0.8623611162404589
0.8339996075485591
0.31346680148027506
0.41186014266016946
0.7586789645207176
0.8350378656954578
0.09650028530907251
0.716934966898103
0.08629889396090873
0.19767628422218542
0.49548338700274375
0.8730149057227037
0.7147585439938818
0.6828484052665011
0.5244243508912053
0.0017031157700879707
0.6315500066303322
0.0960284757117329
0.2370849837552952
0.8607848044323472
0.9755038427021193
0.6283200245482903
0.39843418820589327
0.189660863718771
0.0482856086727681
0.016007004612690223
0.7307137603867504
0.7666927111951548
0.8342911131699172
0.006168103221837362
0.00913897341445058
0.08569690495953952
0.8945165027595945
0.6388337953896696
0.7908408910921627
0.2891890669350624
0.971082782697325
0.07194343430253469
0.8019110775687975
0.7786596376559121
0.5835388618640727
0.17314128054625033
0.44762743303740404
0.36887497781601697
0.06805166157960196
0.6578327528635665
0.8037278891387217
0.7330026423874956
0.5465930563495388
0.049717810898650905
