1372691
0.5567956165484079
0.6786274825000629
0.9349607144879649
0.648824849757456
0.03384393240266337
0.6989265595511447
0.11130750798902456
0.8907052338048342
0.4417812397193386
0.25804819462857786
0.6772245311619215
0.9590666055223925
0.7121772514818262
0.9076988290715376
0.8622946552769072
0.028768648645301376
0.9141943222204373
0.8732281052908258
0.5596549453750334
0.7298269366447391
0.9994344999402044
0.17621904067378247
0.9062143609337243
0.886685809856249
0.5633977314853775
0.9209426354205094
0.08000584282309275
0.25477222288759227
0.28296394158219484
0.43638129953341576
0.5607056857479402
0.24196903569104777
0.5655811371494848
0.6249150707455621
0.008894718115556532
0.6092399084124795
0.058577706507963456
0.6470735034158148
0.09233490074566508
0.5333475320345488
0.929100315235526
0.4833765536088076
0.5673660856787809
0.5892135812510043
5.887126185531999E-4
0.6040105447970158
0.7522971497855202
0.963990960815485
0.5524636958782475
0.6575993919720746
0.3892990166152308
0.0577971990565983
0.44401026860059556
0.7041126788328961
0.093144530752299
0.002865908510911064
0.7755699765859256
0.5388921406163566
0.8817915924202482
0.6052057540895658
0.6461071763185857
0.5099791673400013
0.7656397269276763
0.7507698076859788
0.036768553511967506
0.25454936333349854
0.6922539293013282
0.1756249598352554
0.037123965292434336
0.06180821906230871
0.25526125711257897
0.44960776015814763
0.8778854354945477
0.016949961971270966
0.5647621339881352
0.038377332402799946
0.4858553942735827
0.38749379480233226
0.6909725593835896
0.1915650099525159
0.9344636056917937
0.7198326625768549
0.7529353572428569
0.8084755339718414
0.49318759625365494
0.23804080895737678
0.4926047440102095
0.05477929875792076
0.6823656557369163
0.7031122529936555
0.2686835252149572
0.3381455975400478
0.3188557775677294
0.12486497570679622
0.0072548897897416476
0.3245006129724013
0.002814397999028828
0.11606214830184247
0.17931800785237073
0.11455970368744439
0.3645200880142647
0.30690618163825045
0.2307433996559337
0.48248866107308197
0.23833311922057676
0.5134659496594529
0.39466354555896155
0.5811526225802599
0.1356877293723373
0.28229903424967073
0.36540646371826313
0.7381286343045118
0.21062417270545342
0.654749474392276
0.05204724814098194
0.7589290194271388
0.9662712724923723
0.045274960759424054
0.33560382742825934
0.04621362618122671
0.4391063456104375
0.2081229730007491
0.09622645528101459
0.4115044407801539
0.11705137090988538
0.17859469614346668
0.12833291953020587
0.26205993057698573
0.5944780431204764
0.027345899111928862
0.7800519438828879
0.26573494862958025
0.9692500899345017
0.3610688178005159
0.9999766554681271
0.421032497356148
0.6608302193001926
0.673803297272974
0.6565101846064417
0.2958299038815776
0.2551973298205287
0.10516738857148278
0.522933811275696
0.6975282310357287
0.08068517911666362
0.6786083871359998
0.526846979798528
0.5657104217828068
0.7987313074334419
0.8429904774864545
0.1985078988878094
0.9884086648875704
0.3063333669933356
0.5044910741814335
0.9296900577237834
0.5732896416568477
0.15318600024659246
0.3083193559654236
0.8552741142886457
0.18580670179879244
0.6794118338776227
0.46142350591598136
0.45512575515986264
0.3050334255993198
0.1939721802679245
0.11864964121819588
0.6078453255380143
0.2616611516761638
0.8665558286572569
0.7613608772629251
0.3975724189431108
0.3247565985830668
0.28733001568546646
0.5463514896357904
0.7570426476781984
0.31421676732588644
0.926462210687131
0.060606990655973636
0.2175509361632897
0.9443023828633146
0.39395840130881254
0.899089018224945
0.47801213719774005
0.3504716170410951
0.7016730644357806
0.3896391477691953
0.8018656703900013
0.8668216270268818
0.20313158530918107
0.2326722918570605
0.4769379898534376
0.6310516114465867
0.9997747088279498
0.4244409315114439
0.6316473971947102
0.7981549655620438
0.07189409031034266
0.35653568044868456
0.37182021962177114
0.730030316289052
0.4230737002733377
0.15309490812981819
0.09371435081458757
0.3988421879990064
