1988461
0.2902760431032727
0.49730862555888655
0.33832230663266594
0.7954627623249151
0.8872945634075703
0.050193576052017574
0.8948313210064185
0.8451697030773799
0.02716437673514671
0.6610441040845683
0.2677672753026782
0.37582541810913683
0.7403449593270993
0.7451107117576434
0.7431483907416735
0.43657083752101533
0.2508656016066272
0.7280786043533155
0.6438200680654901
0.03214050869074847
0.9251773523809835
0.00496032288481596
0.007193028969939008
0.4829243679456333
0.4781147689889339
0.3517062868694939
0.09072159139316238
0.4832013884054318
0.9413091324639599
0.6048386741391483
0.632400037366985
0.3435699923378758
0.8369382945525295
0.6488381965055833
0.21161985219165858
0.17284743945625747
0.32699924020989823
0.3587699041619037
0.5225825311870165
0.3552094072223213
0.5108509139293871
0.622396498045202
0.9032240239330062
0.7769656762005684
0.9385226800629133
0.3486079592759558
0.10162097402047587
0.5015659428949419
0.8767573835832115
0.9058978226866937
0.13234257011375328
0.684916170919002
0.36300211784664116
0.45215273717068394
0.8195917848253603
0.3840771688176271
0.006335190689239045
0.13522357365740845
0.5473074613045806
0.8575215132714944
0.42663529956633417
0.34541978591208344
0.9348589728098186
0.20382384911591955
0.9183674417958608
0.9828653872700301
0.6273476244386265
0.5958365364063385
0.5994615469168464
0.20854437762562017
0.7041029875548207
0.7880071593596031
0.5846386522752337
0.9147450228489779
0.575157841742733
0.9184047585670101
0.5411745591697755
0.7468618844113968
0.47956473040335756
0.9173057432907494
0.2518453060619915
0.5471328861228913
0.5506656454974421
0.57421966712086
0.9129696149584134
0.21838352674956552
0.8541841486814327
0.8051535957177621
0.023253748284461473
0.18214482196567627
0.37282290061544443
0.1541562565341824
0.17857255372901437
0.09537027622124938
0.21961938404423442
0.784390691738911
0.5069211367061551
0.04693474958462884
0.9459687595546943
0.08026453265587341
0.8154934251131195
0.5827474786864324
0.8428036953140076
0.6532147985095291
0.8247486974064734
0.18702273063372277
0.5256773274013294
0.1295088907871348
0.5502550143708932
0.8124061826221053
0.7089872794883517
0.3099318082984063
0.4089401170402073
0.5298955207029741
0.8113026190008624
0.7621071742752182
0.7150311026744638
0.8328345866885678
0.41447347123819755
0.9743406750298733
0.8051456527955932
0.44943867813817895
0.7707403345227366
0.19252992469108132
0.06505814474565186
0.3346539312269382
0.07594798630174093
0.8410216665415476
0.8347424698807852
0.3248556055884372
0.4468790948847521
0.8915254522941102
0.44352611462524527
0.3569324546600965
0.589135001577218
0.46764029979835464
0.602177364923084
0.29629630639589666
0.3114672251355318
0.5499535619786465
0.9955906646005335
0.8381791393494582
0.43178528436854224
0.2861176959810925
0.705640947074496
0.9715585403147238
0.16289252023496892
0.7984427688923567
0.2762228220507732
0.9686233389643663
0.4730092354566888
0.0786618172050928
0.31694016122617963
0.6922025901364396
0.2765703130022479
0.14811394541599932
0.7919586093827956
0.046546210924361064
0.8507334150334452
0.7787161270053073
0.26213631181127495
0.469889506272146
0.9485104950516534
0.9400928472004938
0.6925221305093521
0.3329936192190269
0.19369118704500643
0.6340500355721069
0.3489073844743652
0.7774167816838318
0.8016955700763824
0.47780998114389395
0.01171148216738549
0.8577830966256519
0.49583174422528864
0.26306106989605216
0.6093731545822807
0.2162245805166484
0.9799251582254402
0.5404244921970556
0.526270046717324
0.9977793372493384
0.7037694300179279
0.6480137507254677
0.903759193589043
0.34245421487868655
0.9671266217264772
0.2555659851880182
0.6866434392791234
0.11572273837635094
0.18141694758969695
0.2952036705019573
0.9450760536948383
0.8956415295973483
0.4257476277156915
0.644073652570106
0.27406526379344587
0.6346574223345829
0.5530040507004583
0.06685622069481201
0.5410730520852727
0.3873534447836252
0.13457244794953627
0.2602329784442534
0.3172208197441937
0.486941222608429
0.2774714173792705
0.1659323852057778
0.01439273961158205
