1083606
0.6571598931096859
0.037559059466219624
0.679954979600612
0.22910550214084957
0.19822572417386253
0.6193909889544125
0.23592412656124784
0.8779297547655175
0.3995100295705928
0.33902501852168576
0.7116517596211804
0.25283325612378194
0.9725317839088803
0.7303959423666692
0.5829498870019334
0.7065194216803861
0.15117345166046336
0.8693061881706017
0.7808548042174586
0.41657060785620825
0.503543550439076
0.6091498928856726
0.7319798248352454
0.9152380863483667
0.6343582266514185
0.19747230832428397
0.27507255459546553
0.27488330774022074
0.6539895718138669
0.30612267187084885
0.050725449244128806
0.9603119176503879
0.8787290549362298
0.8668273277414136
0.7305041804471711
0.14666621824183768
0.638048484211449
0.361330229791492
0.6068945002672808
0.04576096247415695
0.8892401944525224
0.662707479045428
0.9716736777478076
0.14046379277855936
0.12887793420003502
0.04710348379541607
0.012892363834932086
0.04584064799023535
0.2002879166598336
0.4315513405780975
0.6656493244643467
0.7186276600540076
0.871193713329264
0.952940924446635
0.5913175369345324
0.6801438778403074
0.08045831866775977
0.8660742057246796
0.6460130091647699
0.37035848528256643
0.37681759577376506
0.3858492116869462
0.17083074380056396
0.3099345894460176
0.9677068570028531
0.7223544096992689
0.2568135213044732
0.661690142330443
0.23383973391547952
0.31005315506896414
0.8572887681228626
0.6037979145338437
0.9574211835483057
0.9933320149277439
0.6880806079911229
0.9211014608216466
0.7265532798906342
0.6367152095424494
0.572692647205923
0.5297392790481658
0.6352246215684484
0.566352729711725
0.6869405784167344
0.3641633636918641
0.3053659770886342
0.060394295271323784
0.010530551921244857
0.2888348065309242
0.35880381587773136
0.9823086666341612
0.7091516588068522
0.6336989347742361
0.4355099186808489
0.6058408885329188
0.10118873694076658
0.4056410742247665
0.0692161312429661
0.9774893604373588
0.28386162984534413
0.4556265806517029
0.1054023564730372
0.2908781067132449
0.5332685230292253
0.18336448860583454
0.3383938599604531
0.42612203266096005
0.842289548539341
0.9036123943529716
0.07989758810589309
0.9878690796182504
0.8440013187945132
0.153823304197243
0.2046700184836563
0.1506798717676946
0.2339029615734861
0.2510646882969888
0.2626096986774834
0.3814627500827191
0.053819970835173536
0.553580646088543
0.25762209889455256
0.37644828578863887
0.3071086977562526
0.5972400511990612
0.16103458400809378
0.5099325140240846
0.7002396256521921
0.18036367143145426
0.04948480681376122
0.8004504215723834
0.2532269121738966
0.7211390250112714
0.5675293842990542
0.22161961243758965
0.8205118009896498
0.31386223248461576
0.6728881683634262
0.13932485309786458
0.7689978842343559
0.5638506977343046
0.31892519628030314
0.04991051764962218
0.8479557220941978
0.22060108272221846
0.9884199962748964
0.1021893994138997
0.946268248262301
0.3639394007362262
0.9777533824233545
0.4641213035837809
0.042646301812945375
0.2999886341105642
0.19662933579176312
0.29304524576895097
0.19261752905624008
0.809955421616071
0.4649226235157179
0.4827092033452721
0.598545259899445
0.2780116982416626
0.13978319081815704
0.5471416680615904
0.17739498947348675
0.8033953621010711
0.5991654064499744
0.18281095566663663
0.2935916645264435
0.8959516585140606
0.48190837036422773
0.9753161421959418
0.37238692225019276
0.26397421997748893
0.17027909668023145
0.6112683843731318
0.46784110817246194
0.9072136123438342
0.6462683821840723
0.7734612248540434
0.9396714205998026
0.9476760834295201
0.08493910382785375
0.36044212937464326
0.34293861951550875
0.14633884682032872
0.3925523935188756
0.3193150584531621
0.6015717933983274
0.6587153386699401
0.7670069712318943
0.8954337662914577
0.7369744200616348
0.4414521775451036
0.7930632243923605
0.027509411705839093
0.9282322422292254
0.8113133057124503
0.6777783574812917
