1252975
0.18094259618166308
0.012201503018704374
0.6903513111183838
0.4753340043749491
0.43405088410382386
0.6035801638415622
0.38924334770118185
0.2982591693373068
0.7098494973633923
0.6803999091742042
0.12699755721833395
0.6134733758373445
0.67948537617488
0.567762488209791
0.798619738108621
0.9198209100445146
0.9752447243070188
0.017296779955776498
0.3689723089012291
0.1500797553122123
0.9475482269764038
0.7185164431863318
0.8207264901680832
0.7219958477281505
0.15096589973615948
0.14867878987170868
0.4987890696478634
0.1271722356185916
0.7229474724820255
0.0840901093942128
0.8732904855966354
0.03555240873975196
0.752550953306401
0.2023632504823818
0.7868066010248803
0.9785189422820111
0.2625412953615106
0.9810696811511344
0.44537476040445745
0.8409028165974114
0.14732396080638022
0.4103153645981146
0.31235051386441026
0.7548985405949645
0.2239661704721615
0.7538891512174987
0.6941169634273844
0.24163405585454656
0.7893077841369055
0.5246760068642005
0.31576916415581346
0.28805583622379405
0.3174968491759603
0.41625386969463873
0.4270454917002213
0.6401086401836833
0.2946696247187509
0.47766383485927033
0.8295411148255069
0.25846076099165893
0.5192106351838781
0.7258906075221228
0.2900181000972337
0.3503708656785901
0.5928576702356452
0.5807810485390091
0.16169480773994438
0.19566768174196636
0.9809072247267413
0.9671267493043222
0.7362068237660495
0.2548208296235315
0.8618633319827147
0.654074644091145
0.2235437383417599
0.48566321978016547
0.86014116685853
0.7292162449327078
0.5633024255376599
0.8024840930861041
0.8860052654906562
0.9492570176766754
0.4460954224859698
0.3224471665473666
0.4489181386015326
0.40465839799337144
0.20501205716419713
0.23399453278259885
0.3654352605539779
0.32122280558501337
0.9966528619173305
0.3520964600203885
0.7257486204389981
0.2758609506437677
0.00122898117796999
0.6833034558080019
0.728753150673124
0.0831629080834877
0.24898225302200094
0.10431202514083293
0.20900472676154336
0.2483347734414335
0.7558340794461689
0.9283231844545101
0.5131560249700592
0.6038980656015606
0.8501802539050293
0.6556062663735986
0.5117093384397304
0.16326521091844182
0.8359936607815607
0.043846904421249944
0.3666856084410246
0.01526286411614064
0.5373680881333556
0.07082820688972924
0.8571813824541467
0.17009688364234898
0.8609587336759257
0.7646740058000268
0.37207178839025623
0.4079607907262064
0.9549506602397914
0.8520781322570451
0.8505407244358989
0.37824883411932875
0.15632459080045735
0.8871822987573482
0.249658188908232
0.795166896660104
0.290360377147341
0.3710676529363557
0.650080233940622
0.1489613919178856
0.3467426152567262
0.4150568912543955
0.28780778254094497
0.4771612654635553
0.464161517988846
0.8663676869642061
0.9973404870526695
0.20618149284079335
0.05807023204581552
0.2737676668111291
0.8259665561179925
0.4793003593600953
0.0846288400992915
0.6972458772566617
0.9877986016590388
0.5167339253962941
0.006264248772904879
0.17088307154586968
0.375140787612948
0.5575312578757967
0.9456269311118558
0.9394514040870132
0.909072548995746
0.30999006611120794
0.4197200182485279
0.32808265247525625
0.02879060418259105
0.16850872192950084
0.9773239751875433
0.31000961909729496
0.6835933544278605
0.3784593294270684
0.9120035761816343
0.15794374634567776
0.7604412210397197
0.4960622119553638
0.5267511532556266
0.9024887760325535
0.6014574678550376
0.40941089824750765
0.6777899670691436
0.8153914341658526
0.851045060150904
0.2725995652855594
0.7873895318905687
0.16484796995250206
0.8928533721015994
0.38654360440990365
0.9341568600790274
0.8728665140231302
0.34248322846410206
0.5818843004455058
0.4314214451152262
0.3764058990787612
0.17833212724717074
0.521339250172591
0.21376463564764314
0.3957946942248938
0.33964210698273245
0.117382346476257
0.20644556595640995
0.6823034376167889
0.5071305873453671
0.14215144037034277
0.13155617435823774
0.7372183494947326
0.7706207029083674
0.04184326946698447
0.38730236554276265
0.27239196784490183
0.6638414112761564
0.24944846495345308
0.04356526276255268
0.6242135327381265
0.7949110061522914
