1057054
0.45690623374404404
0.9359264698447219
0.8439847492057705
0.5971855554007894
0.16300729580522977
0.44029216096795243
0.9629947193003443
0.3783141162844075
0.8583404064211768
0.6624732321204003
0.09667797152329627
0.7672447938566687
0.5558385584171038
0.23102606780670276
0.7431485046722455
0.7691923770723736
0.9296956641163913
0.49160356053836907
0.45553256031741984
0.4410346755904204
0.5073378457304368
0.9715308611589722
0.0906941847126822
0.7251357208252155
0.6397145827273183
0.02272853200088698
0.05374706826484077
0.7729345469787566
0.9201683996413045
0.9591494968709979
0.5923468470128109
0.912102276766576
0.713401164859673
0.769552377985052
0.4878563927372801
0.8460358945037736
0.03206717001838877
0.8850058953897408
0.3601705499729466
0.8409768149153197
0.21342319628571338
0.1383736505293055
0.9922390567490564
0.0622173515804848
0.805849209985785
0.4220959488933117
0.7985545595069949
0.8728355962011406
0.27065961333227595
0.08824567711471554
0.32433068007926613
0.3166100770764386
0.45128324840960987
0.13282611722476412
0.4735290779522572
0.08191689633961285
0.39283590451583994
0.7439970327111765
0.08131038899496745
0.5017538651774054
0.31846914139007576
0.7948523409464048
0.853048820154681
0.5297712642090947
0.8745122390904418
0.2789076572325452
0.6610855074936719
0.5479270594773779
0.45785923036692244
0.1101824277804474
0.8825442630701176
0.16283737223152495
0.6492818742541819
0.5135861122275873
0.4315816940290703
0.33671266523342946
0.14448873465651135
0.6121018215095656
0.3026688182872632
0.8595942553995367
0.10453520054664112
0.4520642547268894
0.5759611992889831
0.2698305276296519
0.5430425777860991
0.9529424201686167
0.8881796734849523
0.9142709907397734
0.11412472764977688
0.9290825227207414
0.1280548449405573
0.5988117194730657
0.028702415056589325
0.543144363025451
0.518779795512752
0.8701590520078991
0.7539630721882271
0.9239703130213319
0.6490577775803416
0.44691723422473006
0.11135774306120272
0.19459991400426047
0.7629293522172452
0.8535893060380645
0.5782544149100284
0.4676982449699407
0.36793916153312656
0.38541782939898883
0.4770804237237718
0.8484287867507473
0.001688732878808552
0.30861370170323066
0.019992353173802324
0.7024292466129745
0.3331938984341548
0.4919906091119659
0.6787496636540415
0.5813299240267122
0.21029916140341298
0.26570681166350285
0.2881263060849094
0.5310215494768501
0.023618281028218613
0.26412315531546726
0.7541212514974215
0.1038754599899313
0.6496576221888686
0.12739863134835794
0.5617485889272467
0.3978759312540827
0.41795926074743706
0.837918806920695
0.40161072660530617
0.618537776524647
0.7924858008032145
0.7574849773246519
0.9594804559680796
0.34930143296239335
0.590115612832394
0.16723193053392238
0.061284980071707906
0.44917961882758195
0.7803333698043835
0.5131049014264862
0.12905463782530702
0.9074528535808362
0.4173701414359693
0.9494287061792654
0.6540756202885716
0.7954174707442893
0.8690324842871946
0.23017799936142735
0.5922751719485718
0.13981329833693057
0.9080231172848076
0.23128798917601967
0.5648954779282424
0.6488904522224271
0.01300399860552992
0.9420751839164051
0.15733535008575317
0.662729032006627
0.34262829222422275
0.6325132557881291
0.44460587444516464
0.11870191717443168
0.18030217924484626
0.3201486068067376
0.4065194122425315
0.8187079922443187
0.9548922302919902
0.7482827346724307
0.4875844342598832
0.6632248508002524
0.07940138616806758
0.0186746995311573
0.3014681322865238
0.13056871115630309
0.49584479421966776
0.7437738620840119
0.7656818122473832
0.9783568334784254
0.3423981552847144
0.18038774963090842
0.9574823602250246
0.6600987694765293
0.6067876879821202
0.43878408923267676
0.036212217534902336
0.7489228713387674
