1342222
0.8605664435871363
0.06671183522194435
0.42062833808336475
0.6755489169365332
0.10933644574706469
0.005130081439521206
0.6600017812859759
0.4674623603457011
0.904327768391678
0.7415663060457848
0.8989958587936395
0.57525024565769
0.30913818198167
0.9358682520033799
0.5558000492705029
0.06997412035595818
0.8891764654140522
0.16935130011088717
0.9418921373845542
0.4286432189728777
0.3448966046229077
0.09463793355051431
0.9112867572972735
0.5628454490378219
0.8806067212691413
0.6879728326730797
0.42467709878464655
0.8356919165789977
0.8437003797434055
0.49385576462219116
0.5791724698656107
0.3788023226137739
0.46458874438123055
0.9071786629617749
0.6983449163095714
0.037299103718545945
0.27472040367297035
0.19831675819777517
0.6251913481403973
0.29908684777740946
0.770658728687462
0.15576144567657213
0.12069893749630389
0.699333552833625
0.20460404780721764
0.754616257287087
0.502477964927601
0.6636476857458846
0.6933539420049929
0.8672554098506448
0.2699266601305621
0.033114389248232734
0.23468771560290547
0.6078229981524097
0.23808610089423965
0.2756635347113877
0.6428318643947364
0.3232514809251842
0.003921833201725122
0.4052751949984065
0.31937943017753945
0.003091485780133074
0.13296042565732769
0.013211097251562776
0.8949829150886022
0.27677786719493713
0.43098633241869455
0.926929559473461
0.48026034320867317
0.35193458648120335
0.8316837173489143
0.26043178832370006
0.2017182114849173
0.5387847582028208
0.867801809493295
0.14043007623370007
0.627804941610521
0.5261368176739175
0.12849573409744985
0.5237506862066288
0.055586482199967646
0.03403726351718428
0.6239156857410691
0.4518179521875547
0.3697469707100052
0.47796458922145457
0.06540814528903172
0.44021452762502555
0.8483940567821155
0.5273004535701312
0.40987727105260396
0.14974868262083474
0.18415720123228463
0.23366619250262155
0.8208346044547652
0.5546117795634066
0.5281720498571701
0.9740201419011518
0.5629782759140132
0.484547376283483
0.5064945966567382
0.7762374920471613
0.33547120549254184
0.6143643171003534
0.9721933787777457
0.0939831699165018
0.6215957053858203
0.2693228942963056
0.6303495001644386
0.3451780375416298
0.37388310319955587
0.9227678386453223
0.9717963997432185
0.2506992553993419
0.11514969105096207
0.44772272719847583
0.053696472661402206
0.539161265415628
0.3260496404879608
0.13627250660853685
0.35639989031006825
0.8225716826170287
0.6392320584331405
0.8380787562038159
0.9616114205124574
0.7488205287900563
0.8851312797673621
0.06048356951930478
0.5594971461322551
0.36911896292776425
0.2076689464476723
0.5152844541769398
0.34323714024310603
0.7092994281182371
0.5040399204113702
0.34197837535020126
0.07372037907584006
0.9825030524121606
0.16647823623968083
0.5843767670031758
0.6177378679418409
0.5341952558211419
0.6338528762677603
0.4271096838791876
0.5415485655283628
0.5178856279876084
0.41407206496409077
0.9357558413025725
0.9845685632433258
0.5068522471811335
0.010091855647832215
0.19581520938608565
0.13705398021658266
0.5433449180970513
0.7554213249159284
0.05516873415901913
0.23207064870708027
0.5539422727153965
0.8970066160584982
0.9684049823847858
0.7553993051375332
0.34661456115992884
0.17388539941706127
0.6553965534830629
0.6530208520520177
0.8789717384520903
0.09014626786948732
0.7422911178360543
0.5697959112126687
0.7482089031819394
0.32364801197434145
0.18081142950608398
0.9715382229311735
0.37268467278549144
0.9580935077333942
0.17739283637583125
0.9502957075563505
0.489839316929214
0.23625344583001806
0.415213681889538
0.2831868656879827
0.5194329403846003
0.43909471851990467
0.9228382116948899
0.3171305447266831
0.06882675124057036
0.35565652903506995
0.9687814527626046
0.9977867072598374
0.35507221138725653
0.8386712518801013
0.04505564005570539
0.9002798812792818
0.2510238471409795
0.2926265972452674
0.06637807333117551
0.659169399623828
0.9731902935259805
0.34736141417600663
0.07650477142458423
0.9428586912661234
0.6641067577833771
0.11362088585141972
