1078963
0.5650130385745262
0.8506184640688533
0.16488466462719997
0.9516382135823933
0.3826635530226219
0.04829680367479239
0.8090813179517322
0.873587824467412
0.8995405525124432
0.9495278215421769
0.6276714311218969
0.5174226777150066
0.6140270875290513
0.90560522450167
0.6885441619577367
0.8866522829324145
0.38204134625001884
0.14844681495408807
0.9024748516142976
0.5261708672155284
0.5937707480800072
0.8185136963955372
0.6252322549415915
0.42112783519994923
0.723665296057383
0.05878002488148526
0.3723361412390359
0.6431662283268758
0.920777692574764
0.9139946145146034
0.7910825145531482
0.5933661946433442
0.38434054775431026
0.5699011113513044
0.16293143907131724
0.9034069777231587
0.3474262209120219
0.6997867065283637
0.03764927163855436
0.8682412364117821
0.20183495046807598
0.3569411776089997
0.15913322118911988
0.6824013059882178
0.21871309864723698
0.14695591964226085
0.5978166217382272
0.7080404778651999
0.9084525571643897
0.3984364795139663
0.7313991331127652
0.7594177534921406
0.5491656381179116
0.8357787090967443
0.7991026986954015
0.1708352984650935
0.6463113720351887
0.6804195059638153
0.6875356004173568
0.5900069330865843
0.5951632833149456
0.19815976895844567
0.6344918780560517
0.864385313857008
0.08797118717591412
0.36620474790781243
0.232344205222891
0.8718727436130178
0.5639789660284764
0.10316287231709464
0.04090671145260327
0.2052506818661498
0.6749012724372222
0.1132655452666248
0.6475702898669392
0.9578619416040539
0.6259121973225625
0.11391590651307826
0.1540113665985552
0.8084919954413027
0.5729144022757385
0.9900634451214662
0.24554179051693026
0.8118531829974837
0.362068747759586
0.7350650705464684
0.7214104312433741
0.7426424838825141
0.20724265680719312
0.7058629342237066
0.4064397415224873
0.08075140695418415
0.021590542741999563
0.7916967269330087
0.35586343888510497
0.12514791123379498
0.47006379958996347
0.657220467239741
0.48320135084079785
0.11322714670287282
0.05354316011713878
0.7064285808089865
0.40990676372448587
0.7631813785758875
0.2103132803582104
0.7432235739608156
0.4816746459645126
0.7291559303168021
0.5435115960295861
0.4604287607441747
0.18711995969965345
0.5273149776438779
0.5775503347409653
0.4669889274394011
0.5750969107434261
0.6010755938124133
0.8674712820568743
0.4233048817103111
0.07508469605804735
0.055185260976084116
0.6869570238499393
0.9306648615369958
0.6729523652336306
0.2222006223829831
0.6176954682744591
0.24842663157003342
0.9259782796207076
0.7032343849644705
0.5975383245423622
0.8913083799038214
0.16800928639750512
0.1276179544534557
0.011485345822242699
0.21066092342566645
0.08533675188261025
0.585220511325868
0.7273220568347696
0.8921295635380988
0.7765691981822285
0.5805650376090509
0.18139148197776567
0.026547593107614675
0.5430543686534314
0.9838334343468433
0.8715395155866624
0.9746540033124356
0.5725194869357351
0.820327859951525
0.5783936663470132
0.9876778708254907
0.9891846893418987
0.11221502490399016
0.8305633745012865
0.48456003393438274
0.7947974086816598
0.4029948803524205
0.05189175786580502
0.49262480319662105
0.999987454200867
0.11832503675371409
0.6356990912222218
0.13229382189877792
0.5913278240448783
0.9279819884829551
0.7829807710450104
0.6730615627651843
0.2913793396799813
0.1018099805468683
0.1801865571162098
0.9244975298918
0.6331524514467723
0.28938147951873283
0.6263796451022317
0.28322164756170076
0.03002647557721183
0.6732459754739939
0.6064780541797656
0.7372298379518799
0.0077105275402128415
0.23534870941864794
0.6673999846221816
0.32786789891063983
0.14181020674392997
0.8437078978459053
0.11644467772939515
0.35043423874141666
0.7989110136834515
0.9592631511285283
0.31967119948869105
0.9418662346836328
0.7197100657835863
0.8492046142322663
0.7921697231372484
0.2979745248808663
0.5164180253314181
0.677517124182196
0.7496709058370771
0.4444848064708613
0.3733243270413279
0.19453567818962725
0.9893395969330697
0.5626708559141468
0.1284988260154497
0.6987765318006464
0.7797662586746796
0.32709906417246815
0.17076877977642535
0.1375443484095511
0.85134432762421
0.8051125061636173
0.265376196472381
0.8786607753179171
0.8939946565422846
0.19991046508700516
0.18514405122014943
0.6054211846024741
0.08269557298212094
0.4208001387084632
0.8439419477673066
0.6340067743653397
0.26602875956016825
0.05213507943190632
0.3272000609317782
0.7831003163856335
0.8140042627155148
0.8864460425465336
0.7972104041826057
0.4485407401171042
0.3519239676971224
