2856888
0.47478525240527947
0.5690909485864742
0.06411155922757628
0.6987540043003513
0.36597184595750165
0.22703676898922065
0.786817666762354
0.10830422080219482
0.5549186669239468
0.1343618311398499
0.5522490968122387
0.7693927360517111
0.45155405214230604
0.5077845040903427
0.32255051025649484
0.19484892270107645
0.8169464979181353
0.11636324729360048
0.23164724032866335
0.1755760487346052
0.13335630513341679
0.4063319253198856
0.7090911375593903
0.7669117459516186
0.6923627876748905
0.29781504391504354
0.16348887128558742
0.5629113083088805
0.9974113026078487
0.9101670849582312
0.44929862272526544
0.646645863543385
0.7460693811824165
0.21193809546834796
0.4628503711402687
0.921990439320589
0.48247642479912456
0.7369758017012512
0.9917660818910907
0.7560093236714114
0.9919171371066532
0.05993179009747818
0.37652622200834585
0.990929269600314
0.647143691747857
0.6824475701265954
0.6337489152235359
0.42082413629799753
0.21001731344525598
0.3455538515924209
0.4378190006184891
0.7705165407014062
0.04223525622888924
0.5543243377072784
0.7608241761045577
0.06283587423376369
0.28535403705312434
0.27758318896902
0.030325765044277864
0.015254252765834475
0.333015835150102
0.368472932372501
0.38031208385186543
0.7680548483407095
0.8372294256100088
0.24094745259466943
0.9427525229244437
0.8135701817656215
0.5657532028212264
0.7327628810152493
0.15549098311785925
0.4696603374178222
0.6590723680818871
0.8872962940639966
0.7467875050324332
0.620484126048858
0.22315820104183592
0.5945306478157695
0.3976370419347621
0.7337491186364896
0.7381424800925752
0.645801822492272
0.08006508936862278
0.3560089213039418
0.46323530745046726
0.7774114292834292
0.7229198648896736
0.386209399106652
0.8746601881032018
0.7049671575731277
0.16625098787742976
0.4325677287169718
0.18607515002882224
0.9833198850633552
0.331185335749006
0.469001595606625
0.16989439176078402
0.7662247285305127
0.15428045900626564
0.8247084193691063
0.823120061357061
0.18536121708183873
0.11365694797241821
0.2641269214964984
0.9027388892815333
0.1201052416632129
0.10878064249631514
0.544396909826104
0.9934342318774934
0.5874534768879972
0.046586840578162314
0.37356539921139387
0.5643087991632915
0.8457587644461845
0.7337079824099626
0.13517008570233913
0.42150923538771556
0.5764426106232338
0.5778876264365996
0.0934642648050672
0.07008831955491723
0.18460905005270412
0.16123255749116672
0.04842989248003138
0.7611367318896538
0.34249150145559204
0.9637767594450289
0.57085812216982
0.4191609021148328
0.388922542811008
0.3878999048839965
0.015159982874620836
0.2198790837626644
0.09352407932629347
0.7624639986693577
0.4812021188770087
0.32005330834641954
0.5960730021949042
0.1901022233608527
0.7763456879137405
0.1286695190237943
0.039505929208906054
0.9419138425656299
0.21499927029611665
0.5527245879895687
0.5292833423242244
0.6008897730535869
0.785379081000331
0.8510728384136734
0.5723425645859835
0.30871376703842524
0.8118034051023548
0.08623142510433657
0.0756256171240195
0.2801538288478217
0.7457299840837364
0.6767380691031464
0.31717659617794436
0.21507980517301317
0.1298787619732099
0.2216008690742668
0.042060725766622786
0.36021247382025834
0.09716454364829075
0.5935743076282715
0.9808650892889006
0.7510303843546666
0.9897975839240319
0.27944199302287664
0.6402988057983877
0.5988305526263757
0.8137921734891741
0.08318078977034737
0.17341837705711005
0.8787600703707246
0.28025695614992063
0.6018274149144841
0.501261642706065
0.921704959459597
0.1272225441391096
0.33406285467168884
0.6281815112160513
0.21624423106635804
0.26439609226297023
0.8879762610857759
0.2699285625135257
0.6864463048178433
0.03811361708135763
0.5171645354300072
0.49653962510437677
0.4271057401584072
0.5748955308589684
0.1332694702263898
0.08134665187605661
0.2500887093932612
0.7293920385341283
0.018249555220826053
0.6429286065975802
0.42377541178107536
0.6361390375206784
0.691128995203169
0.46858689892280425
