1246379
0.6721585234518802
0.24442718151451193
0.7716614686413691
0.11593193101653976
0.8409768169812719
0.501720039270246
0.22729194230739436
0.5034274047883978
0.63533325063241
0.04344000940601922
0.08999466027012348
0.2212454763688665
0.48656740370538976
0.34557327481915456
0.5860111084621041
0.22054484930239626
0.9157223909523485
0.30142807208956857
0.6342070816965495
0.8722909847137069
0.7267665640447256
0.09501340567188266
0.8377128293089364
0.6259954874374589
0.984800789046614
0.060887860016080264
0.4187062527506228
0.14425998455534517
0.01280227970868797
0.9439614874985222
0.02764377007495833
0.8407670015459149
0.5750262694820968
0.6026158198299332
0.995939519945389
0.20736883060567546
0.006007399274932768
0.7346407711610325
0.3950377435022696
0.18018237422692407
0.2911724357459887
0.6478691153604115
0.21502015001628416
0.06510669817263204
0.008396962118734086
0.44602282966593587
0.08233361304614129
0.2199370397986793
0.5994082582890934
0.2551676387560736
0.19892013981168755
0.7732572853721931
0.6557576747247956
0.27730565179148114
0.6039758946156965
0.14955063568003213
0.7761553207713923
0.5250182885239467
0.4347612086597533
0.06547587415653411
0.08028084252509904
0.06470454219989108
0.5943291225134758
0.964014604205415
0.648754178527719
0.4758428925886067
0.12173529405024497
0.5612026747192975
0.9997700343293505
0.019837297419364908
0.6042371234613184
0.29441660109899137
0.20997116778739344
0.7043910390022083
0.1711855771721592
0.9816938584013966
0.44045465583175025
0.02798495199186879
0.9657585698427027
0.9283235348266112
0.43837663537792815
0.6939189316502044
0.5033794262010927
0.04995168794605853
0.05044079121703382
0.9945091990929362
0.9946102615227838
0.32070391738002424
0.9066261286123357
0.88341569004601
0.5355045297462956
3.3457653181889757E-4
0.21083046699776797
0.9777077575677688
0.049848844274599124
0.6461711495462493
0.009675552343053173
0.8611581584052884
0.005419332679884592
0.8736287452024932
0.40154065985294574
0.0963890504601812
0.2203228537569346
0.19332874159152014
0.8949617509256242
0.2958757548518216
0.525689277726157
0.023362451683868413
0.5288531504458011
0.4504473999234547
0.657425785621739
0.15199898065399553
0.42657966363618804
0.4688062247799668
0.5124397340654798
0.5091442590404658
0.17172674615656325
0.542719813017
0.8236819093332294
0.09411591911478445
0.7654872356144313
0.5199239409843718
0.3835572727928903
0.3028063693161801
0.9539028331470384
0.9404059283563435
0.17669565293644418
0.699064515616441
0.3977695085475371
0.7716216667360135
0.17077013323297452
0.48313442355692204
0.498835698736355
0.16433205655930494
0.05799611989519238
0.5242464677223502
0.6929929912103987
0.7431273126565234
0.9401395325005846
0.8449650690305525
0.6744788154727567
0.04434084720297926
0.8063078409086388
0.8716545157320972
0.32468159251660034
0.7189366706250907
0.6654927591665063
0.598432195853332
0.08495828201161948
0.029087552487293333
0.3647791206607991
0.05123637504443168
0.13494544816343446
0.9845436630204862
0.4493293979438323
0.08414370263172133
0.016164694140964886
0.18852441286916777
0.9016989557523122
0.5918292346673092
0.27529375216209917
0.09274906818075779
0.2357320062337661
0.6800693878549533
0.29229491673612795
0.8973541721159608
0.2142342041437294
0.2004465976648131
0.7056629913915744
0.7738292082290746
0.4098124180832562
0.3259216701850157
0.7503745754994332
0.43773415018467365
0.934717930205627
0.5206981552712794
0.38369176152254525
0.35284570170930196
0.9282248846344763
0.34081023356836715
0.28979283612408735
0.009511978233144203
0.8090201810216829
0.9911243587037174
0.7262733165807097
0.7873775511129488
0.8752775171911961
0.4599516968189985
0.7038807740258806
0.8862744614226103
0.5665326768335721
0.3542268050859445
0.17541735087080668
0.6889569136102273
0.5891728918047687
0.2662159623907051
0.7505641795755856
0.7054905173556768
0.15129842540466132
0.616975587425465
0.9504519494638629
0.9414897133081593
0.7529095124727794
0.4422900236132167
