609065
3.1495729734887234E-4
0.43125569367691063
0.7861315538700221
0.2586207052988061
0.7221129342006001
0.41781983635578257
0.15864110633377115
0.8353611911621804
0.6440464301720812
0.24248273156493905
0.11493288141560798
0.03067485248287638
0.9241164438575757
0.0647604870536741
0.2287243894366483
0.5438473528665063
0.9256650705583113
0.32311696394423184
0.18635103502080264
0.46459842395321227
0.20431460807545188
0.865171750488244
0.22838908134190783
0.13556523685693778
0.4637606201433536
0.07368611089640709
0.3398717588169622
0.016011305292110478
0.7774464911076748
0.5668488824079141
0.9495053941342136
0.030067727515708298
0.08896745992926203
0.7125165782208093
0.817237012856643
0.8720714810236475
0.3761224200230302
0.7634453377853879
0.8647208175656694
0.1370732757330524
0.8918515562449559
0.8941846140958309
0.9346757006069593
0.9463452822667059
0.5798694264962969
0.8001858053723158
0.8528218852546637
0.9457269117351528
0.10362188277157824
0.8058115483605586
0.7100293534236918
0.16890455327159926
0.924266763564203
0.6203141652717318
0.9825067431523589
0.2782290139335074
0.5166980166054462
0.9794848110441209
0.964304232543258
0.12243227793681022
0.12220316743137116
0.4155575762799699
0.9990994462347754
0.38361295952236096
0.40216486505019666
0.30908537251297064
0.1671807615119797
0.3251176001800342
0.9792868675839791
0.19388784387041347
0.4087374495455196
0.29745292038658466
0.13114581138055403
0.009803398721028422
0.5460118613484656
0.7111217122048148
0.8354397694266648
0.6278615065387834
0.30456356972439025
0.6432831610146489
0.9571256013477715
0.5086229949009142
0.2278413323265438
0.10939586491193187
0.614706790348659
0.7968197243270945
0.32945350316730204
0.3015099902203614
0.6662541767127891
0.5040575704108772
0.4339733256833408
0.7716325051102502
0.8153120491061582
0.6862292358826317
0.41981024400798916
0.6215975073011798
0.05266275522541308
0.6834168098343575
0.9966245185265169
0.25013114395347635
0.021992643557758207
0.5574458329475236
0.2249567190349232
0.10330880852683322
0.4258233111815011
0.8358867606950483
0.7171900128935139
0.17635990910346966
0.7726415899800947
0.5511812088533332
0.3466577219635878
0.7227833102983201
0.6069827634270353
0.34970406013729605
0.3356541922572164
0.7409942732878437
0.8612911730905712
0.1379549800935327
0.7933025610350937
0.32923195172856745
0.12170322610674322
0.33170569917599635
0.13067784700352314
0.9262138148949585
0.40946778081541724
0.2788124767779582
0.29327956941650024
0.7880312384586221
0.5455392788488639
0.8375354735256955
0.4198929735385849
0.7910389130559708
0.2879495548863493
0.4095902128008221
0.3620737806151192
0.795997495579887
0.20988388735519747
0.9507885419647959
0.4799361338681112
0.3604879124820789
0.7209582516790398
0.6120097432850888
0.2676190003385527
0.5446224926419504
0.7250138640328128
0.6993750400788996
0.6557519367686938
0.9193365487479188
0.15481632400170076
0.5848814848586623
0.28843546525403196
0.6570518309682618
0.02736644748248629
0.047384386406024825
0.6786978626696786
0.7612605343676976
0.7231005809940857
0.27869969061293154
0.9090844616398427
0.07458717430281625
0.9080779575354717
0.45073116177250483
0.46298141967082496
0.6941427610788959
0.8903237721213432
0.3069095816044165
0.8474711018329795
0.8184937502630045
0.22981596309264296
0.7148640572812737
0.8999612774973801
0.8523263688574102
0.10617511714689776
0.49712844514824983
0.05852635579433718
0.8028941216654024
0.28893613552444664
0.14281900270934456
0.4198431954544537
