1457851
0.3453798113171267
0.9819458701459941
0.7977594593804908
0.0236042640682389
0.5235124753698822
0.2147239443540916
0.8516280704360262
0.46008745804212314
0.5932715437741233
0.8528896052108764
0.24542041281946292
0.9258867592545817
0.16139303417611595
0.13932093863182415
0.9445382087252109
0.061809710987818955
0.3149039910008553
0.509403034390171
0.7091596921329699
0.7734746164573252
0.34379113117339044
0.9402359981464352
0.6711317991043523
0.08675401933003157
0.4357658100384242
0.9368640131203384
0.5720000968252846
0.9348715352835429
0.22633461987514558
0.9081195165813801
0.3251705884393775
0.7571867705279748
0.4985179591916744
0.3536217558095939
0.3044557169251877
0.9117746543159527
0.6439407414183911
0.10866417321778743
0.9067645899306622
0.682224727300815
0.7206538166955846
0.8751709561865835
0.48845500131776465
0.09365702790009378
0.07292571460494313
0.4045975280766101
0.7328733666775755
0.8437711051394085
0.5143785652396967
0.9925958671909489
0.870865551943199
0.4018151916338144
0.01822415652666809
0.39546041443897784
0.9465500198088734
0.7316827109327732
0.7069889280303578
0.8848156966347629
0.49740252768578175
0.15491369526001242
0.6889997044392121
0.9197022037143153
0.6007089920044223
0.5851992782148236
0.9500348077318347
0.8341624401705261
0.22770141301339553
0.738057069778554
0.0759277662391542
0.013624036252238625
0.2421992479938624
0.9476662872738042
0.05554381710852596
0.2648225897510952
0.1823366552110841
0.9074211894347012
0.7934321948921562
0.47170172636714713
0.17196366718621092
0.9915823683770466
0.2475900664448185
0.1736738018643308
0.922567320149736
0.8124747859726132
0.3001565682978874
0.40281909989539744
0.8070662919724011
0.32100286692613045
0.5674884722362952
0.9730478221667997
0.4135910692678175
0.06782253191887277
0.3609517134771041
0.42694327138829813
0.8203683786134659
0.20833040802475178
0.9208957361620015
0.014950966866162374
0.07208773436705529
0.45670120279323945
0.8636605961509171
0.4067731482520356
0.9836346632883642
0.4725240765272809
0.505099415293673
0.3162734053225127
0.4488335768331637
0.09815949309597549
0.3539817452110512
0.8588922144523536
0.8898510509844801
0.45575813200670123
0.6047760909905986
0.2545182983491415
0.3471676941470335
0.15995364416945812
0.9016926237237713
0.4389570822607729
0.9805350727495651
0.8055619566662979
0.9945001840958912
0.25358243156376503
0.4280917124515423
0.449189257617746
0.16151406381221556
0.14545281250610742
0.5538200582178349
0.01947189486346601
0.4362843717287783
0.7291192120061714
0.6027839970714035
0.4627411767103339
0.7418970653011013
0.13654645455516345
0.6790946744027966
0.9592267344240702
0.01043307133229543
0.8130155556146199
0.7633096762134064
0.7294823086426624
0.2450132468318985
0.30456996294856953
0.19397885962590056
0.7915379130988233
0.2679901484366721
0.6265135412275252
0.6523077469973677
0.5263530093092951
0.5912301077714036
0.0026637705522678523
0.20941727458237314
0.06246552233727698
0.4430620828297962
0.12150873868237289
0.9224363876817949
0.30030162779084824
0.491352456677036
0.5681122273046826
0.7986719476138364
0.862431720722118
0.21329792095839706
0.7595556768964653
0.6863580209060606
0.3781284208064545
0.17991117209236862
0.5369022216729963
0.7959948711106206
0.28890245787600743
0.7468071970972706
0.5481122775450562
0.10804494633928596
0.7962630245509092
0.7727805396775068
0.694036171546809
0.8807621143546678
0.6637689200179793
0.023797009549157422
0.20355429391618174
0.8361870801071529
0.3325076867177038
0.8624055773169869
0.3541306644297081
0.3728505897055414
0.21246003756589482
0.6712097845898808
0.4604909770607154
0.3304832079827066
0.07177682610670322
0.21392025693368077
0.5168319411076038
0.4150388064724433
