2949849
0.22282294777859069
0.007005258048817242
0.9106616357390369
0.7910848435422191
0.3280909562483493
0.8031099398728888
0.7162984404840095
0.8648510706361267
0.15932878303963427
0.6304930350081432
0.20711751376699228
0.6413661369021841
0.07608113952438722
0.7870388534780475
0.7716305717878836
0.41153504937569585
0.9362539750736901
0.2795929821990908
0.6780958946838109
0.2857496751155981
0.4971938646197436
0.6378683138374098
0.5717837827519303
0.3439141567491312
0.670554726252921
0.07183127968464331
0.34673569733521903
0.8109112220713078
0.5778819264054246
0.5408360425169325
0.8257632195605514
0.19150036040193696
0.491539001243004
0.26078220185022083
0.7732537107037531
0.33477085277406593
0.03954742422412216
0.5398294540521614
0.5124194670917908
0.3406558164297566
0.5031056476359751
0.6037106632183415
0.8219476904515697
0.06964628131714468
0.6419980286221559
0.2484421607077859
0.8465788623094616
0.771726872217912
0.24580071955035243
0.7412383961840661
0.4719615207670328
0.011687818856308985
0.5277359116993636
0.37969534397053606
0.9862014383835149
0.6353504614486537
0.5532217252655236
0.5148155457742517
0.8788440128795824
0.9948764719480143
0.12661022791934273
0.6452047515609725
0.31259829628320723
0.031213971367961557
0.9473011942349258
0.39777856128810185
0.14393233418737605
0.09786600988657268
0.3903647959069585
0.8245748722365515
0.36573889301073037
0.602550172768501
0.9670012605710633
0.4657758495470705
0.4985913636907233
0.6419508168769587
0.3766119500319094
0.05580127813951441
0.7666802741878639
0.8096480171090948
0.07494971212315493
0.5823422409749598
0.8603403029519361
0.2684403055239344
0.45176401113958686
0.6474626944125634
0.709148971131309
0.9956610625906691
0.036549463010776106
0.7254037555880146
0.9678977414170623
0.8337213125933925
0.6324533675797621
0.96348361447252
0.8523069419287534
0.6079942814549676
0.916092248911577
0.6304936679617874
0.5521763339567752
0.11028991662826926
0.8349727425542098
0.18124923673176552
0.6967329397529997
0.18855091346844743
0.08440816769031523
0.17646138060631733
0.25025868434265686
0.5320334799767378
0.05226657187857331
0.9738535337070788
0.7756504271558838
0.9961202892210023
0.8825819168213461
0.18945515697046234
0.2193851082284083
0.47204461558535604
0.7280051203336451
0.4172619238318662
0.2434333376229324
0.3741881466408965
0.8362672533342644
0.5909599925389314
0.6579850556167399
0.7912480524782306
0.847272074436855
0.673169721989848
0.6934208254822248
0.22745041650961884
0.565130863010966
0.06567195091433387
0.6907832314599259
0.6461218544057112
0.5133974558759756
0.24833771242632707
0.2870725364164093
0.22031200782861948
0.781956903793501
0.6749902507983769
0.32501163558122914
0.7937939730342609
0.030466571084093896
0.8811858784940719
0.5264952490986932
0.5606515762722228
0.025943313273442126
0.0919080656860779
0.4347587766320178
0.8827956125127551
0.7610365655263792
0.3564268489567769
0.2523725319604685
0.4821338587327403
0.024721391091296674
0.3830837617713766
0.9804874079316521
0.4677526475571765
0.27859185697124034
0.7985200282519072
0.6993283177654558
0.788350341125239
0.8296297684684302
0.5138734241193075
0.9207519430474136
0.7362960876012213
0.5842693830170504
0.24472782887485944
0.6907559580416393
0.07206999892018584
0.1187739404239011
0.0021059868211820154
0.5231468170051677
0.18647334324484366
0.4073852426208383
0.5485552191554056
0.3051437569034269
0.47288112344057875
0.3124027336689962
0.3963824802896153
0.031517032944419876
0.7429408777663209
0.8592938531646378
0.9143537587191912
0.5959283749519527
0.0865054593017257
0.39513295278709193
0.5046802420232698
0.8964623165706493
0.050220066985092404
0.9601108675297692
0.613871476466286
0.19690731885279356
0.38906592680060414
0.5895533616247939
0.5490437604603419
0.026165693535484813
0.9312972600228884
0.8078310546711297
0.6855297857113023
0.8952417657179842
0.28958929619399165
0.27573941386533385
0.6721430355035678
0.7645783069783788
0.24984932035801566
0.4093725446239591
0.6672087689653341
