1888791
0.41175462707380894
0.155994857990005
0.12198741984816508
0.6361213278709148
0.9836244131114819
0.2573466289970071
0.19857413096376098
0.42014997373103125
0.39057378918875163
0.10248861625984329
0.288153984842364
0.9590141704182179
0.931104518679063
0.019187543958845255
0.16047121545777376
0.9643256949197305
0.6804531751287402
0.9880768470755982
0.17620664337225256
0.6167580194670991
0.1831285423113177
0.6918435237901115
0.3074477659490701
0.5562374070725247
0.2497778406470763
0.6014909369799083
0.9656891636936406
0.9406583965335693
0.37147427975662795
0.4899670916398666
0.7583655510984483
0.04397940928223554
0.5819004312650671
0.5886425636396162
0.4404274990273287
0.6428743789633261
0.8215354865843288
0.5835685285255008
0.8792275138225047
0.8756868982845327
0.9878365267356174
0.7861398246906312
0.8089921186797884
0.3482533236034041
0.8915372271447329
0.10673346969654263
0.5154136964019335
0.008232080921477647
0.2815701616115016
0.910089040095091
0.361402778302756
0.7128962446005939
0.9497515629597741
0.43764151408950125
0.2418004651496225
0.4749169811308098
0.6812501922282235
0.24471337748619226
0.6378574063613499
0.08648583019834699
0.47799508718184625
0.019417773072138766
0.9315442665359676
0.19419401922450308
0.04955921231677818
0.2253196772187669
0.03526611705335325
0.9254074181991252
0.03968947275699719
0.24134781318590193
0.19431116529527026
0.8514456535616721
0.8365359483265447
0.06014463405155357
0.027371661670823166
0.4136950714261023
0.10076611624696197
0.14998786693084554
0.4847334634658643
0.9358544231496818
0.33813263550794925
0.7856116451240198
0.42423747020770153
0.998833467731949
0.9416963951234814
0.009701161182548268
0.9318747030419029
0.26439448011286026
0.13378844739615703
0.3995295631100686
0.3468847069632959
0.7994469188741635
0.14892864284113172
0.9821518126022595
0.19048394140751612
0.5749760921236995
0.8163002040739514
0.9667645524527733
0.842859529198208
0.09190695551099493
0.4240131136329538
0.44428754941171045
0.8648211759259797
0.020774062174916508
0.37727193104395895
0.8419163844200275
0.3185116522176137
0.3328896063729083
0.6986960785880086
0.714342388518863
0.30583462059008837
0.6477715383366743
0.8614239799983164
0.40353036143467025
0.21376568560995546
0.4249136076979618
0.794264570824308
0.2053905646189319
0.8324712566209564
0.18755055575810897
0.15304349938277628
0.9443761542649083
0.5951663961700113
0.18189079764591554
0.1134228393598602
0.27598307122495247
0.6779021124300826
0.747360165159274
0.007857241714830487
0.61232464567105
0.5929790567606009
0.201720028636989
0.10298157500986416
0.29739784948190906
0.21144313603835507
0.22949376574412628
0.6936077430442054
0.5463544738763048
0.8581263123133726
0.6029557107690567
0.47564178002607604
0.707035081576243
0.23695322712554245
0.5620068320567971
0.852614718332079
0.6022189149722457
0.46474271477235174
0.3325824161167463
0.42915369660586955
0.06748879595811064
0.418490582376591
0.07280612372054596
0.4496023579600855
0.3123047603737862
0.9341281421138584
0.0019266049121642315
0.3511328373503688
0.40082580160395376
0.13400860092330724
0.5891417240438334
0.9180739891658446
0.9742144170301369
0.3058814097086646
0.4577368065531656
0.7478136594590441
0.3176036428244916
0.30787242159136075
0.09453321249975155
0.8685153911131126
0.012602297910724758
0.43199529661058145
0.5454635772092145
0.3850228288826021
0.7101583459765382
0.02297780813776229
0.025161190403374167
0.9717080560299381
0.008796916737056626
0.9196942875867663
0.7717703062004301
0.8796526683756254
0.029693627232011632
0.963253074209143
0.5377553083310745
0.8804333796491131
0.042739925842862014
0.39879618641871417
0.8233063791843803
0.22991656430743823
0.4167024445212488
0.9873256524472808
0.3310101710685651
0.30284937885810814
0.2417730715492431
0.03937899814676937
0.14877364366634782
0.022667216745297702
0.2042525106499261
0.3841345135622598
0.852560335686933
0.5908209272433639
0.6808048647307111
0.4955340495226108
0.06131773702169363
0.3060592021945816
0.5636665985526373
0.6112695704131325
0.9735456518735542
0.45648494997393296
0.028387695089677423
0.7009870359151874
0.06827514058965811
0.36583703898387765
0.31212933763881623
0.5668193846751789
