860010
0.2909557811736022
0.6677510867258756
0.06840162844973852
0.2079330486467026
0.6262589003577761
0.11216067314622769
0.09040245625962862
0.21988484530480823
0.09767696616772559
0.015088359694378384
0.203658200102533
0.9020540346357041
0.9431881400293403
0.0917751365750119
0.9716251813018378
0.06326756970091651
0.5380736119193201
0.7179625139528252
0.736577100486629
0.2774143991975455
0.9116396449061914
0.43182337089887946
0.2028540349612118
0.6795377725885536
0.27038371437574904
0.6090925268708887
0.597188272600393
0.6718975454263779
0.5919660999991739
0.8349869307328889
0.7736915300592645
0.1519720815984833
0.1873564928706004
0.46232611849307426
0.5422200187371355
0.04331349816687702
0.36778270334697094
0.46733340135385637
0.31621785029144067
0.235366189341766
0.9986164847513793
0.9929190623775124
0.8997708697047136
0.5198035355681319
0.7740893474146171
0.9038167110220254
0.863486966139992
0.7486328971256803
0.5047389818248094
0.268764434616807
0.49495057601383263
0.2332646474659551
0.5737447326469579
0.9319929133816406
0.7518829292198413
0.35393592764250614
0.9888183031501255
0.23960259009447527
0.9947717239473373
0.45532545994466034
0.1330739691747287
0.5459824543740196
0.5306170302685013
0.36689071571118637
0.40130986599423046
0.34124356772663245
0.16057299140974657
0.3054045538989012
0.3973904962393191
0.7127102696475589
0.9916475229953627
0.4923630918539439
0.263927422819227
0.38183278079768324
0.7462554198094516
0.550382541275135
0.017214001993766437
0.7424549876685886
0.6833027107601318
0.6303975967790957
0.46837686570045267
0.16719147807283607
0.03061291803850874
0.26541935580453113
0.4259653446093963
0.3457384727588003
0.5208891951532769
0.14680639370620419
0.39570754136243647
0.5722631819734891
0.22203832264838008
0.37544750350869427
0.9199196134532712
0.7085869758125862
0.3575660610965222
0.25294997271242325
0.032062604890772506
0.015697343629145877
0.22388601421971854
0.34687309486847284
0.04119903907102285
0.1681949853589796
0.6287663877543181
0.38924108342275754
0.006609452164880181
0.5446013391355212
0.4987728238064828
0.5490155753005772
0.8145863915513272
0.3210234117999843
0.43344749317367426
0.7569030082667054
0.7274317218167404
0.9864923523063017
0.02009781967054436
0.054817297829443556
0.638940702666469
0.645362787708053
0.6654509368648369
0.3925136200745859
0.04116383970535342
0.8754800819837049
0.5490628348469433
0.900354741218158
0.8839960482228034
0.9703932883778522
0.05825379999890545
0.4298661201691799
0.09214948495329978
0.10971164783194709
0.7254747653402112
0.07268179473955894
0.4933250993556898
0.37377257589004065
0.2563920811703547
0.4436780422870211
0.30690536031708004
0.5471101169665066
0.7106105532681807
0.7455372332263007
0.14424832076373806
0.3397824736700771
0.276837928566233
0.01967973885993013
0.6796712957603299
0.9964375112532265
0.3704267117681459
0.5324468855373794
0.7654702042419753
0.26006633161655046
0.9736115837429077
0.9456132867906152
0.7848279860451971
0.3107139485981444
0.23739426872889202
0.7767522848037779
0.463224019005803
0.6089877535059213
0.3689096013899339
0.6676734837383509
0.19196377119058827
0.5400238898208021
0.7392403528641063
0.14809672827382747
0.1567058487671631
0.37564215186739847
0.9640302128313383
0.9069219242026211
0.20937151474341398
0.3507408538592799
0.4328778430830722
0.06490012533900791
0.47357955351697356
0.5845524651365104
0.3933774796002799
0.5802054166388054
0.13175689185398953
0.1682019975828022
0.23180422271777357
0.7123539117380706
0.7063337910537036
0.9870801670049694
0.03482529110189425
0.4201100959722449
0.41793944757552526
0.7498633194631281
0.8652509925070838
0.6754671626510501
0.88027238603486
0.25558289532480727
0.43972236841254575
0.9384824852941845
