949736
0.25596773579158194
0.9407333683776159
0.031016078826760052
0.12168888436303726
0.10698136196304342
0.044135484890989396
0.4180459848498411
0.41192938715490157
0.13850153064974713
0.25056229958108456
0.9958073726051135
0.8781253601096893
0.23102213737143973
0.3438449934758342
0.6074939318013648
0.1949021419197401
0.7635199955144771
0.140822603657221
0.560266313597669
0.803763087775613
0.8115158887910061
0.2617758457202932
0.2688646754297195
0.07799201513720244
0.049997381354135784
0.3571339979048127
0.8669765236822875
0.5554776214746502
0.6675082221643464
0.09309767806775004
0.32948125445384113
0.6578246962656007
0.23540438852521683
0.6568281932681419
0.23951285034077574
0.8502509383103127
0.2702227824542799
0.40611180081498355
0.5813531210337065
0.6391502228893583
0.17730284913465122
0.558915374637259
0.8434872188752749
0.1528362961781562
0.3702479524185781
0.49500711675563014
0.27572444895311277
0.30586366123576914
0.6235073902489581
0.32482481738021307
0.3601070058108319
0.7084550545173345
0.1343062611031154
0.870030650908941
0.42740009627942455
0.5499481392782571
0.3453451864474175
0.09570063544872309
0.8792766256801373
0.6588062680196218
0.31113729948887303
0.33585374814261026
0.6608807659251036
0.821621580738879
0.27854516726147105
0.3620338389379991
0.4692740105883446
0.22967085050612734
0.19602592793015938
0.45891547606089267
0.6803385685344261
0.613968208906033
0.06628776564578398
0.19141225523574035
0.1300328759196322
0.22839072409921735
0.4135065653689046
0.4745242825162084
0.6954639425243361
0.34533622073418013
0.648946684781887
0.8901692159695366
0.08706241433052042
0.33950530969341364
0.787775099093234
0.9344990353335184
0.3852156646940619
0.7527827373944467
0.7950536874034431
0.02471249683247634
0.6330351847317347
0.9568253789720128
0.8203394508943347
0.6461311716085032
0.23150467526444518
0.15984751369929784
0.7180179072957992
0.9783146881676695
0.9740749501623344
0.5402267357319039
0.5444403458404057
0.7032486296834125
0.30484351781683494
0.23193641571260504
0.17313070951061083
0.4691462375223274
0.7877752387084813
0.7354439181266829
0.7757732226641543
0.6601632241063918
0.8339921701465618
0.08259593290145895
0.6793874871894898
0.7053323346015282
0.4499803590188247
0.7451458904016391
0.029042586113469104
0.1492825017566054
0.14163171632355476
0.8439603078357574
0.7606575332961724
0.10281509589914839
0.13735965201945677
0.6895747278440015
0.6198803139564419
0.4931674786706366
0.7780971798674999
0.0646519462948918
0.3507334422063826
0.7418021374797003
0.2628066284240299
0.9450283471006036
0.7216589135165608
0.11181727340074687
0.9352006628563
0.5484170111625255
0.7567910676961815
0.9875827026159143
0.9506939450053425
0.6984689635891881
0.3967309647577657
0.7759622972107953
0.4721760438200072
0.49677685551820927
0.82579132091462
0.9514929766481893
0.5090155637501814
0.20653806738519287
0.8716261843794454
0.007146711466592071
0.1357764760965373
0.06897705674579402
0.20835525956458267
0.7178112714830095
0.10544753115146432
0.49725963656313965
0.5757372808858402
0.1753818646805544
0.8065561257658517
0.7225148486284184
0.864643416601512
0.5123648536574849
0.10435832687870183
0.5027123123192417
0.7130255955056733
0.09515171014008317
0.8533669810569818
0.9475266014913228
0.2067709314326096
0.238629418762078
0.7718001520255942
0.860952247403773
0.386278421632796
0.17055165580920428
0.9281025076207123
0.25831627402213675
0.5222894095744638
0.05710235284932319
0.3055125457600386
0.8754676725647783
0.5434484388701224
0.3903416611683801
0.7827189294082293
0.5553063005653756
0.5732670364987936
0.9337313424141465
0.39696933549691416
0.37044634863928594
0.2656071916005418
0.7236954871674514
0.9405657679875213
0.22069214299459927
0.5154980727899373
0.33317927240791523
0.7825004211776262
0.43013744818250044
0.1660433983443751
0.7174268021979059
0.3040565765000316
0.5610815313747151
0.5323730104746162
0.4827069366189243
0.4905193615238784
0.2605886691926883
