1416310
0.4118642187551753
0.28284284337752386
0.4786894918294493
0.4292105504812642
0.26902958652509945
0.8349955188958704
0.7720049488441248
0.8702426085945342
0.23327981556642763
0.0451855323667637
0.5495463561613809
0.05855905326495059
0.5654179247800522
0.23504907192722513
0.6416788279623715
0.09634874674503524
0.002040434123982582
0.12039646759736033
0.8038659757108007
0.8462661319824979
0.09038201731656736
0.6093040939518755
0.5694496187197048
0.027033859496457757
0.9069079060139055
0.28877180305866235
0.12883209043951505
0.6716371826727456
0.08290291007400663
0.056640908094734654
0.3287194062092499
0.5478721493145624
0.5026877135649014
0.30566403508872075
0.15559150460486193
0.04432957158937845
0.3887265668889621
0.17306277391249725
0.7443240976309157
0.5844678065185742
0.74277313328727
0.6316046274578992
0.0358930998574043
0.8472467830492864
0.27333391242212035
0.6171762070041679
0.6973524580160181
0.9448669414987969
0.007111697439426745
0.9630246689858273
0.8127819305519672
0.236476126183768
0.7557240904208187
0.6422848830752168
0.15566074958471454
0.6412787474323035
0.4888753369358908
0.7081049888385488
0.5611299516817583
0.1553009945370749
0.45129182555668246
0.36462862797066253
0.03086451210747243
0.7731367998968783
0.5531153639196744
0.8022869050582692
0.7237840842044102
0.16931918282156877
0.16208024273901633
0.7872989095107099
0.9125886081345705
0.30353213366557774
0.9306835156519425
0.5079749048126802
0.3191135779516181
0.5796984261373433
0.7026905313322391
0.8493613715193475
0.9807568692991789
0.3110490254338292
0.860700449009875
0.09296239466336265
0.9457372800336609
0.021600271084811662
0.7001295772100359
0.019717623091656478
0.6467025495144028
0.5490349215957587
0.5448528252892137
0.5321118565931516
0.7602124783578382
0.004803868761204533
0.355876763810002
0.20523678623733022
0.7238807201041594
0.39433564098734186
0.526800173436753
0.6268208088622828
0.8534662932505618
0.10356047869451468
0.4084512513859695
0.9926882773386796
0.17896408835975697
0.5175272395590053
0.8599729619818957
0.18680433373849925
0.7017511303399364
0.7527103705633805
0.7847611665897862
0.49400733138900366
0.7641033522103013
0.8566756445435317
0.17704303053963155
0.16872608526099941
0.6179052645461222
0.8570930245151535
0.6785155570943232
0.3144240664467647
0.08113319251919016
0.7266553631255087
0.0243475801860642
0.9162085316328242
0.37869973306018323
0.6712822498754157
0.0439807296539958
0.4129876494255138
0.8785056489941697
0.14605854454152734
0.07454807474451564
0.8957537866080185
0.4540531063476144
0.6566770411048077
0.743361982776766
0.8750168598439038
0.6317314224296703
0.7137257080679532
0.08080518522811075
0.5731065369768066
0.5138950691880939
0.27297973864236813
0.8360922406452033
0.8660079197517413
0.7081109759287664
0.6169291252528318
0.6857512561367417
0.3245898468204107
0.13846012001732955
0.9110927232731755
0.7483084429983776
0.2865312962383484
0.666536342901924
0.6032404296190698
0.44854112038050986
0.5279456064090718
0.9077928346726102
0.42446462306363075
0.3107973391731944
0.8976484564978929
0.4931450003998229
0.9981134645471996
0.7032631215071543
0.22721042876664532
0.2962456824329621
0.9659176712841014
0.9036917272814595
0.9363799167795088
0.8236070657547031
0.10021386060847981
0.11199090923524557
0.016158635115459452
0.04775090751074984
0.08698715710936245
0.19619842164283507
0.49075570675789826
0.4528270484276532
0.5365262263967684
0.02575777011310454
0.034843169477712044
0.9576474564350385
0.30680439144971794
0.21963925022029462
0.15397974711442886
0.6828413032775802
0.4092706005921156
0.016734677703414857
0.22376607619651412
0.23684427821904208
0.6075543755724002
0.7620861789137243
0.7272391650068692
0.30969267791960153
0.31665919086554384
0.19489292259323776
0.2302095818185308
0.8841015961501677
0.563539274491162
0.32287205072279246
0.9906899334590676
0.3000633439264043
0.5795245630702215
0.1724331101264237
0.6112589606159115
0.742210740487496
0.06087945647836479
0.11525802918415429
0.8121499562062658
0.45844729708973175
0.2558509843313347
0.7892614085098744
0.22804875418068293
0.16385443147785428
0.8148825524769698
0.8555389584226324
