28513202
0.5405612472647287
0.2580460315962212
0.5346455950258983
0.9281109504170125
0.4967865303146354
0.5787880105419877
0.24179510452424635
0.3098627012228199
0.07019184571677606
0.34249665003038965
0.01880499031580063
0.12089975996587798
0.4415283312149805
0.6262061621107281
0.9352876788211834
0.021272008039637136
0.8617240513279415
0.8444029100598069
0.09381659402189924
0.7089625142295469
0.06500512937984237
0.7921315505870227
0.8885611699922833
0.7434087544178895
0.4395590554304597
0.8926813469843949
0.7871119853865809
0.46650738340874875
0.6615253700476065
0.84336597387069
0.1434086325051921
0.8709239951219522
0.5614325028897056
0.19421273574549214
0.43373664695561853
0.6834086461778677
0.7845283978262838
0.5552633964130917
0.9619349269586555
0.854241712010861
0.20940641459622444
0.4714442817227351
0.19883925016239867
0.3344852357323288
0.6221475186195811
0.9559600597504169
0.9937203831777943
0.7743046756840806
0.3926853032358816
0.1006367026822913
0.37582579086838597
0.35944043060289765
0.14174801779520507
0.85195973582818
0.6053671912869764
0.5494430624608081
0.2523667066760592
0.43564260637179886
0.34508289636433176
0.31895532246176894
0.7371840431890923
0.7748598923845316
0.08825126770324931
0.9756233530970225
0.28221869637664654
0.6336687283230837
0.13083660959616317
0.9787486393593514
0.003856295140947097
0.31175310081664154
0.6711545135295525
0.21805816491567587
0.18061041911610454
0.06245762858654491
0.3148907462103545
0.31167662942011765
0.8674484843018687
0.6308276569948851
0.8449700700799706
0.8168105047981573
0.8685841184335987
0.38266174160540467
0.2913884962792279
0.7220285579739457
0.9937955733900413
0.192387163325619
0.6919164636174997
0.07934474930548541
0.6969020974863274
0.0026822166414329773
0.306133350512516
0.3121728262429164
0.4656867704365686
0.30090352801325415
0.8144389012628056
0.4613345495687935
0.7635682858227891
0.17623000213155382
0.4634144632229753
0.7573588408051803
0.6029084329400693
0.3630622959611538
0.25096818720782754
0.34278330354682507
0.8693955194985828
0.4953910632790155
0.42817169347297634
0.4908414876605136
0.6658393072910245
0.7176556139658506
0.38166420670251067
0.588466562699127
0.4591407011649954
0.19901258096775143
0.5286106112747155
0.8347389939333151
0.3793912183774497
0.9030096232384801
0.5193688916380171
0.5896009474754266
0.01426135882288726
0.3386442512483223
0.47750615480349434
0.6610067125510218
0.19879652716987162
0.029060424979703403
0.44775084256677555
0.902615714873335
0.3015625309520469
0.8912702168954652
0.8297068165455735
0.8024500225817989
0.028739446819492365
0.09724318576279967
0.34766965773902425
0.8140950088659924
0.6443992680461197
0.5497939091522249
0.15019868199119057
0.7854081429181187
0.16732149680262243
0.6094399756207904
0.8242530522821103
0.9966151143798423
0.19690758989082657
0.44311286388295024
0.17912207828771287
0.9808542138258277
0.14430852982083453
0.7355486034710548
0.8217488042278634
0.5320075981801861
0.8367936456879559
0.21365882018824345
0.9089067935956708
0.723222232921744
6.650233065516042E-4
0.2852890506396535
0.5951370970677698
0.7695483703563811
0.8162075754239518
0.09103145909047539
0.7691703685713881
0.2877360372430464
0.8770157613700836
0.9314594526004868
0.4670414614643792
0.13169597333007776
0.12451679012001138
0.06760868343461746
0.3657441762741469
0.4285287263231874
0.7640222915377656
0.24395249952859643
0.6836249317278505
0.29063582821792067
0.06238731131244013
0.4256902814653648
0.6345826602812725
0.6483310538296688
0.3287292944728115
0.4425690837620778
0.6460322808340498
0.646595337164708
0.9434303825388443
0.9016934560670424
0.6757585264559351
0.6864792167764564
0.6609582995819432
0.9664034304294156
0.24577861213037888
0.24221655599669667
0.8157925972217567
0.2720471257531678
0.5500776448676497
0.9228146827075825
0.3313983966782241
0.9233915210792223
0.533338984057973
