955367
0.32872935295024674
0.6508925774718677
0.5664782816468442
0.9431150110760534
0.04714052754202769
0.6629591141626404
0.1506098258467301
0.015934695779305397
0.02439722560188695
0.8835364600177872
0.3446585579757173
0.48997390496310245
0.5979205267292765
0.214416660514118
0.3651182626768136
0.6473822994793175
0.4788001683382621
0.47974309505505275
0.35428220657826015
0.4623711989195709
0.5687262113388732
0.18788212895524514
0.32509232575555835
0.51372360187755
0.925199857964559
0.6120664373326717
0.4619102695404417
0.7241238606750681
0.938325925517135
0.4349566563409898
0.43520219899062473
0.8994758712548389
0.42637274148054594
0.06003519249413736
0.756528211040229
0.3014375265157868
0.47295008761651447
0.6362424874976789
0.8020582696007903
0.9055866934383795
0.4251179590398919
0.16660117549548348
0.9398050381358735
0.6417963472568855
0.8804939618077803
0.8330068114160524
0.3377138551918949
0.8942478294578277
0.4404203565959005
0.39189748018708237
0.8399022634686882
0.12116898800854581
0.6102852046462975
0.8592495685240461
0.6717269218412382
0.21582428908478557
0.8948075231675221
0.05406775128958252
0.586424357400005
0.48195620360791713
0.2911296329241866
0.9884743104384417
0.2383450694465027
0.9265087141877425
0.9416742466215491
0.4219787016371327
0.7985088068966992
0.5240909577536959
0.11395221540760836
0.5485182740638336
0.853792139539111
0.08117305490676385
0.46134346842998686
0.0922150936799443
0.009655655995213008
0.8787730240137015
0.6566041310798785
0.19416538415072726
0.21958239574262328
0.3466624470165871
0.4920598541777851
0.36040730444391444
0.9622588579357604
0.21771138829821113
0.23625163488894174
0.1993552122936637
0.002674180000668658
0.893438128604173
0.5487970955074449
0.5099272231344617
0.6584156227473595
0.22857172823488547
0.8303953882789364
0.074749347647177
0.08578234994821077
0.3537387531919286
0.8524804002208429
0.9615771627369266
0.8112021854282293
0.4728182403606874
0.020149899175541663
0.5758119075837713
0.6258130041310506
0.6353708371930323
0.17974038088532873
0.6669063483128679
0.4989496858573893
0.5839049200959627
0.7762095615615096
0.2426196261324839
0.9621826968007833
0.9381085830489503
0.9845649551965447
0.2752578264141239
0.9558028353388733
0.601820555686797
0.9207337529980886
0.007386610858645226
0.42867074565642005
0.19085170404764484
0.906816609992185
0.8881304452196364
0.9370498905736772
0.0508182818471804
0.1201674307861933
0.7104984532711616
0.35457811367738823
0.46281548968325925
0.04515347851124807
0.975776992033927
0.3304127234144715
0.629866572341344
0.5130891187685258
0.4843651930092734
0.9306391398464168
0.9527148233695446
0.21143662463560997
0.6762414473108153
0.8227183785225267
0.44544213167502
0.4954772432379171
0.7028730388973409
0.6760884230933936
0.3628145106348847
0.11546011438212855
0.8732072350439051
0.6536154490450243
0.47136885491640446
0.6849343590749357
0.612958151403926
0.8904173955173252
0.030786627757369178
0.831114702971527
0.02862396118649413
0.44239929412059453
0.14656369876009956
0.5196431321222746
0.07509758555611845
0.014676314285754999
0.35683892087327873
0.852288408991212
0.4292176036334462
0.6560102918749386
0.47041238170954214
0.5527293424835976
0.2675831873322252
0.576385631806774
0.7844326559682849
0.39919219200789113
0.6598106473047883
0.336131688757207
0.9560392883335559
0.7034024387385526
0.9428486378876897
0.15006105982518414
0.4059506592752198
0.8684536010621758
0.03569249143349296
0.7573815548157755
0.19253796965003545
0.44367472948732667
0.8951423399089575
0.8160291711739187
0.2993975120452407
0.9306008809012516
0.37827702337470903
0.4255444561505657
0.1737438136925782
0.29234248065646606
0.02818442644820518
0.0017104728476116104
