918718
0.8040872758562105
0.3714113963958834
0.03109667190354304
0.6230519392824014
0.144729206027436
0.8843504705911517
0.14361429447234797
0.07724611393085645
0.9366352311145354
0.19139890989613284
0.8804074454917019
0.07099399980242949
0.7062144185362668
0.472314782137188
0.2898355770256602
0.4688330281913058
0.5791397822874699
0.1512508010676462
0.19251162249211917
0.3425839134268407
0.6267374015359535
0.19390776198084136
0.6848739419077186
0.008068513424851154
0.4677756521107428
0.5743059037951068
0.6658584153692229
0.6847981676409356
0.9621350497967899
0.10156547033629049
0.20349232976798748
0.08273208296264944
0.07824356322605863
0.74078990388214
0.49074296788051275
0.7229071176745866
0.9145377028135059
0.18653859738073453
0.872527600018819
0.8923795259567842
0.42457985032122414
0.07606476409328011
0.47175318091818197
0.4121310199228385
0.7384144341070711
0.4422867953894062
0.534786146334836
0.16855767592722581
0.7793701019278098
0.5273335970980334
0.5033803191886661
0.7873249963745119
0.5876545121201364
0.30938377558225816
0.8481824079400456
0.031318882063054776
0.795435838500769
0.6844710384038352
0.800597400125284
0.7818897485300589
0.86762853984211
0.8860696669250376
0.41899802616204107
0.38843874552085245
0.3050896072640731
0.3741523450460179
0.6969630014035788
0.5329969874807308
0.003663341471566328
0.25805121164350064
0.43671890785369716
0.4913491568183048
0.6386557496927298
0.49682570895096834
0.6747487470958059
0.02322860780615499
0.20979312906794534
0.4076016249189446
0.9637497696679906
0.8946187647390398
0.8254048022424517
0.1316946207433798
0.38274850571058194
0.6880379880098142
0.8301890687522341
0.04004994143932583
0.6829581255593675
0.09599432162385502
0.4781258945661041
0.06722981227164215
0.9242065621576918
0.06828977765764066
0.29981223767386433
0.8172563671495884
0.750760500597629
0.7385420567127966
0.7151818583006149
0.2985005736126858
0.9303493428233268
0.08173545686291683
0.17476956348689665
0.22044137103582762
0.44282251373990666
0.0645474293174706
0.1814196973091946
0.770754075410465
0.012642277440807592
0.10707756635559762
0.8783392403142127
0.6998413741289395
0.047146588494009545
0.9301105102551904
0.5040186559325469
0.8743952338625097
0.024146628706464
0.8473624393436763
0.22406109005890673
0.3981134716494713
0.516121195375423
0.1132879407302344
0.3609686611822497
0.1973118131437993
0.8859019499007321
0.0824826402893859
0.6593799516790224
0.9328296757226642
0.832340038132338
0.1140847150817278
0.7928557242498271
0.4918537183863355
0.8543931387290108
0.08281793943325355
0.47216731616646235
0.8638425995691712
0.8825595534558195
0.2025615446276796
0.8958538862542957
0.6387432785763691
0.14065070610776487
0.7505292017123227
0.9676124948173931
0.1398153871515555
0.7544962532562511
0.9917660564680862
0.7373692378848861
0.6573232206506144
0.6866998840266094
0.48336533478942745
0.8254148019231925
0.23680727708015492
0.5261879829150401
0.9791968439345391
0.27979557721340464
0.3873984583454365
0.4806301958963217
0.07853923355655956
0.44798126006615013
0.8901595898795017
0.5675098609145933
0.5394982990046397
0.7965187187004147
0.6171298769898921
0.23204931269379325
0.8288604121525384
0.5036048086937761
0.665520221561762
0.2982058839671836
0.4215779781745299
0.09392002316788406
0.6419090372778177
0.4880322468870949
0.41594198552232164
0.8997922289296224
0.2581664011407905
0.9194660186684201
0.736936573911015
0.021881074671032286
0.1442248963700835
0.21483013294236653
0.6151270066514962
0.5663374519727968
0.5216358492613462
0.013057148788946038
0.9248236788890839
0.4158138230250785
0.087848475137843
0.07592549218018041
0.6485529367283471
0.17020336687004334
0.2986161673172858
0.687590269494225
0.06618756204633924
0.9935530652050255
0.1717356235676457
0.19169781667629116
0.21320281385472506
0.016194111953410917
0.42111278652350326
0.4301583192522206
0.7290486836854951
0.642500756615061
0.040230636579258405
0.29961740676541326
0.7277780659655704
0.5256481839088548
0.7444255778027759
0.01102568836436979
0.36668571701140207
