713618
0.14106398881723492
0.920495832243347
0.44486069758988356
0.1382999242262174
0.6286337438023071
0.15635039990019872
0.537465405217443
0.27035966747719675
0.6541652430073269
0.7774017245686627
0.41230074860030985
0.5549229186534724
0.8624140240293614
0.27011951005369694
0.10806152348184428
0.22193093349135595
0.6659979209083913
0.9687102551453484
0.17185250680426423
0.867916843409852
0.3187588211465813
0.230530385555333
0.14268167234156548
0.5015534509311669
0.685849153513877
0.22725555472771442
0.7917810187263725
0.23385215815747884
0.40556531711662724
0.2755421606339856
0.11930102309878365
0.05822423283129752
0.41829733927692303
0.21243655722136578
0.01183752723388698
0.1477433891119211
0.9609402862414816
0.9324300373148556
0.17329295748460116
0.005039793438416318
0.5120422094021849
0.6289144983166945
0.11011550849663976
0.17202631659262824
0.6935443820770261
0.6350307723397236
0.14822905676549225
0.9584738700262317
0.05312993527365795
0.7202442135541128
0.8576304778678379
0.3418374786723951
0.5049311042254577
0.588780306018482
0.5805926046349879
0.7222847733509626
0.8555974987220938
0.48908542883842
0.5245708262649849
0.6409351353635754
0.26797372020468724
0.3929611698591773
0.7634238037335562
0.4653592439485561
0.39401555745286565
0.6529676945141832
0.15807087464682867
0.8175880816273102
0.2003977389787014
0.9371606324643664
0.9831951727192397
0.8884891334583862
0.9529260858837784
0.3479618011645904
0.8728974194781233
0.601826089874288
0.5794788115286165
0.8583838435143732
0.2964817709887152
0.713539374742796
0.6311449992669634
0.4411322168784285
0.5122384030318518
0.6303681686988489
0.330212394593673
0.9881528145589682
0.6283726352959556
0.6907472300321882
0.567317122576313
0.4037082351896577
0.775322024770703
0.589466946149549
0.6958758565833103
0.40546172154881555
0.2394690973452699
0.7234518618954393
0.023204983035969184
0.481469540464864
0.4752199154609271
0.273283888925827
0.7169459680490768
0.6609834962616552
0.6365113768676044
0.8298289211917865
0.5953682032303247
0.7282376048119846
0.9069631324033522
0.21795313440482533
0.40023988845282654
0.9640019312017896
0.7407784116580433
0.3852802983666678
0.9148877286889032
0.2830270678880732
0.4207025574158103
0.9698873216581655
0.2619602244478728
0.7100733602963966
0.389210296038081
0.2825339260438613
0.20723332696817898
0.31926708573259655
0.10204772249544969
0.7041700013458742
0.587599829573423
0.5747994595036219
0.338474597018119
0.5087183504340116
0.9408576148506714
0.18358130952934626
0.6771492299615768
0.13516888619960366
0.9926906586564399
0.14173863191636382
0.30901966678135395
0.4571549545459046
0.5344280499928182
0.8535955864530586
0.907963286944423
0.24712280066300407
0.3070875905046708
0.3537313762254921
0.7746105234407205
0.5137595468664035
0.3864352132176557
0.11286174412794181
0.861116774533327
0.06003267447433125
0.40807341030790945
0.4311804290223422
0.6146309240565967
0.6370516357607741
0.7717128776247253
0.7811318194030438
0.39490631192249903
0.29855995692876014
0.2849503957427042
0.9095975727876864
0.29991874717697353
0.5177653155575679
0.997811854701904
0.31707202266934886
0.41183684429602496
0.5684560833091347
0.44538173143290516
0.48127298609395297
0.5717891247018767
0.5935500926863101
0.037245944812394294
0.32893545538258184
0.21054059645921408
0.18613468550733958
0.7680194759893677
0.2107651741346933
0.5059625039155153
0.7794777597966703
0.47010647228043556
0.23900360106737228
0.9892690884733091
0.3517130509282539
0.8102653285085365
0.41016235383947675
0.6953105894446658
0.9639168474856608
