642308
0.20750910571471237
0.5734792840646563
0.2575158845122928
0.15170887678295242
0.35867909644431817
0.7552547017278584
0.050412943117564946
0.07817024340147083
0.9276497175435433
0.9184889280442491
0.3173952927532153
0.6038518039792713
0.2054585110168503
0.8655156968873903
0.9374284830582966
0.7382951355959443
0.14359166466705353
0.026340062269950337
0.7190924491734343
0.7417693730772145
0.671327613506174
0.24909060781919623
0.552031083586883
0.5468221110652982
0.8117253243294861
0.9047035698963947
0.17588217192420397
0.5570119774686623
0.3540122872447282
0.727671156607804
0.2572316838750325
0.41275651825782844
0.5914534701328841
0.717126654450988
0.4450980041471687
0.16364920301220454
0.2951338937329594
0.6459414634187784
0.16487429064913828
0.421506904469805
0.37678305057385664
0.339924441051517
0.3153489937105902
0.3239372938069901
0.6619786267929605
0.799481523211403
0.7609077926752914
0.024891405768442176
0.8086963290986289
0.4401553164209264
0.5745950449030619
0.33566547333982655
0.5995233413391892
0.06822281750653458
0.017949490529201362
0.3071542945146246
0.5580485507685045
0.540804737876328
0.07562917463468877
0.07941971932165803
0.26374445786702805
0.39805864694400706
0.2393202706633064
0.18461587144418068
0.5593446233335797
0.6007436044335729
0.6118969075559995
0.8361202336567675
0.10929680247317597
0.26336110225135523
0.9180539458869119
0.2173920600295124
0.31771538203973837
0.8701160997938574
0.015106393738211321
5.691637477356348E-4
0.779707015910252
0.41540783415001914
0.24763203703551318
0.9624762944095833
0.5145857331239454
0.4182132405181682
0.28858349184451715
0.01950992516087091
0.9202460909893301
0.49873799318598466
0.8008444460218068
0.9895740121141455
0.26468052068625125
0.8710835570898796
0.595693487691385
0.7710213922107553
0.4732522514236073
0.5052891658732581
0.4905728628686258
0.9573246985512115
0.5468477045660969
0.07204661818748459
0.27715367695777027
0.6678372126625141
0.6954351042513836
0.7746249837771775
0.8445967771521394
0.7497108603545927
0.2685257559604589
0.18490461739082276
0.2278285975355694
0.06910334787350292
0.4107194291375632
0.3833647629311061
0.9838455229733565
0.6561727806605495
0.8366196956964491
0.9838000713670038
0.9341690901105709
0.6668725698839324
0.8853016120700024
0.17865533067045913
0.5670418682718392
0.22212438784373023
0.3501009392045944
0.29177297718510786
0.1629622537165939
0.01402828277155932
0.07765877772263152
0.9756961011403493
0.9045247340875227
0.8985862544999093
0.1507920955719123
0.4024401517257087
0.5957645429243236
0.4758612989992227
0.6474223791506237
0.4298044907446825
0.7673175300452568
0.5747668298001587
0.70143034745862
0.3918211198484146
0.751370772453846
0.6556917403373945
0.164501079353239
0.9452282879449279
0.8092029286103869
0.059104178179904765
0.5443194784389515
0.29831830760008604
0.6473796514101764
0.8352981360999168
0.6363725725145044
0.8661759681889285
0.28475880125427233
0.6539124511589128
0.82874467662089
0.9041757201496774
0.03514948663609696
0.4034545072200164
0.07252837814170532
0.7450894094253122
0.26962103085028655
0.5708161786260044
0.9231459123074343
0.5918809125186777
0.3722733853462209
0.12765144566079056
0.031077907292145435
0.6218187346601675
0.3043061313302695
0.07478619583622526
0.16993630260795267
0.02531415162349815
0.0698879388371847
0.2797586576500095
0.4654274596651876
0.22310055998781975
0.37471074299119456
0.9873099250446429
0.007578315643806954
0.3829288917494271
0.856592399918921
0.7963458757676195
0.7681668486762898
0.26436324581697046
0.7232607235440018
0.1503629322933968
0.5816689063471758
0.6397285029444202
0.8533216005155836
0.8410288781448408
0.8306155319224606
0.31664905909196917
0.6886639269860049
0.8893230707750636
0.8510957668847742
0.3398465245336989
0.8956745967123255
0.7606504134151699
0.12183125597205557
0.24422514576311916
0.6246448628452445
0.2701083825170657
