1629903
0.24806082458992706
0.3765759607597625
0.14203223685700517
0.4339838606616344
0.11458202148452135
0.18625181503588883
0.6535430109728574
0.7159929881848462
0.486232819244804
0.8846189231987912
0.05535111613026711
0.7931238881363518
0.6166461453840767
0.21122663635242644
0.9518174279403321
0.03339982273871944
0.5343198078735688
0.13567846719515386
0.717268249199868
0.5392121885693587
0.18703174345818896
0.48054907853260953
0.7680521428991739
0.2682984165046004
0.6527151279253286
0.029514456382268905
0.5331092010478728
0.05824268870605909
0.7375559906593624
0.03795199995705423
0.9673499459852752
0.9593983516539264
0.9691622408123773
0.4600806005083553
0.7911368621540829
0.9452008925064176
0.4407188778180078
0.3008387090779924
0.7436759474354764
0.6543854778117525
0.8004925008529166
0.2433083364945906
0.8184112804080752
0.7075484943667764
0.038150493646840755
0.6094728824960821
0.03215694390818702
0.5830523694083233
0.6592413450273225
0.4829288873702611
0.7734354285328586
0.868462749251031
0.33158937366714447
0.1306306438568321
0.5042289460948035
0.6799426856015313
0.784650233427279
0.14993115689501446
0.0020329303857798964
0.40718863326472643
0.3918767914574597
0.7193911915043604
0.39990510953172986
0.6807352005355208
0.5214318919428251
0.7735137584453263
0.050790972447358196
0.14753148909241864
0.8502814556870779
0.8918422285466717
0.5122884344324876
0.12529982747371382
0.3467853164923551
0.04967893626591158
0.5026553036522245
0.20335673947649846
0.13140788582422702
0.35605964442098514
0.3340057922387504
0.5885954911959784
0.3004337048728606
0.4580387726596198
0.41847205489005457
0.16891598268845076
0.24672324862136485
0.5104218767697825
0.5580438818466799
0.567180600921041
0.4397256454425227
0.23793319930607404
0.41073069206169766
0.43756830236012256
0.957232309068902
0.18231196892767298
0.3879135946436111
0.2740915368611837
0.7179961794727482
0.12341500586770027
0.8333996070274369
0.41396998705369903
0.08660877096143249
0.7205606024894493
0.6308575375508396
0.6252149109968385
0.04220668859840404
0.2787408485703573
0.059590724965771336
0.39904029019029463
0.2621485187092383
0.8518672602209318
0.5884375096133113
0.8919619242792703
0.4863598677122002
0.9135611247907133
0.2568614843779974
0.5745122285820685
0.32264803507065054
0.38089564540715115
0.32749553545958476
0.902033154711573
0.10088879314246346
0.7329034265056823
0.7261950293821251
0.3877331108358749
0.620221508704672
0.6048396133867039
0.13751294389261448
0.5550571523937996
0.8620107914457917
0.04791676713644133
0.9785042141161839
0.15201676263895747
0.21474595067700042
0.9335039335156798
0.392624205522239
0.38360807355872006
0.8367242405394882
0.15686579841957737
0.3754048992259069
0.33283555471618953
0.8410086070200047
0.12089514208740093
0.09098666163366986
0.014434011208563913
0.8834740973082947
0.8422848928233287
0.3347911165815437
0.733425447418719
0.1980877739947513
0.687956642560767
0.6407723187675696
0.8222582884741026
0.5754593284965165
0.7661135350871422
0.1564362234059593
0.2963064784641962
0.6360756816445391
0.2605035491683526
0.2060080284504413
0.19317801578232063
0.2851965621253344
0.5051839448858922
0.22977519473188368
0.820886709233836
0.6808092174326981
0.4653467432798618
0.39222284787864614
0.5091692857028
0.3218694549130937
0.28711017761427904
0.7869113269400813
0.7250816965187278
0.87791315524471
0.26161691090548944
0.6492695940390923
0.23028882727429745
0.6118574638169314
0.8104468561168567
0.18261298422681238
0.9648007945678836
0.41433012192543517
0.9602160003342692
0.5060346509525236
0.2640882599662443
0.842665360029938
0.8199066542265879
0.7358256518197918
0.34852170841897123
0.8126952003309799
0.016370301440998047
0.7324949164503683
0.04336894697122362
0.20974389377822655
0.11071593534000679
0.12632027190437833
0.5387420107357292
0.05262007850922035
0.2484958530091249
0.9034126034462556
0.5874659465227111
