1590457
0.34487869685249384
0.995913220420029
0.6478689528722944
0.1642322631895059
0.3190232869239735
0.42419976424086836
0.07291798983237352
0.7854622649039252
0.12508613481520114
0.7884790003727737
0.28579866518151864
0.20230414662690122
0.27205252192063745
0.12690153050538588
0.39565818739816716
0.21267954630754926
0.34715173534843735
0.6157257080589121
0.17278890349361187
0.6904698071055272
0.20711936425591926
0.19683387076196335
0.2582413535635668
0.829103037788838
0.7924607815114226
0.043445290938660786
0.7541230936402339
0.8343001018911627
0.7181586314863755
0.24685455921152322
0.2738761345021542
0.5035508708025174
0.5971878538235063
0.23162092536825518
0.8952870374624357
0.6466469876284356
0.1831900387625639
0.23766482910183362
0.44128358048531524
0.9900106491963362
0.12561079379939832
0.008678485628973331
0.19182725228706976
0.497769873848818
0.18132343491558345
0.5230279143617796
0.54206323807397
0.6990968129052592
0.11261950608679316
0.23394076366205396
0.22749567178759944
0.720371855520699
0.7274230918673091
0.7806367587471943
0.22965519254458067
0.9965764338089684
0.2258005694930374
0.5675914554547105
0.815539874971532
0.27454316721282723
0.9347637580932774
0.8059896759784579
0.8622554988915833
0.4920368404438995
0.7443692327505248
0.2713736767314586
0.4043379223041278
0.15034330717387878
0.7694327742266607
0.3636934633192711
0.2783768597579963
0.23903047372883168
0.03748810411533443
0.9595059121959614
0.9846682129874315
0.4326119293257552
0.8291974359352742
0.42979394456162767
0.24559069701644964
0.8711501018604886
0.6370104503505762
0.016857036701802608
0.18558880401265165
0.708478925089362
0.5342271145616713
0.7062163645763748
6.013783693624708E-4
0.07737258142980985
0.011450865808680488
0.3655209622188015
0.6622529085505584
0.02449716593577933
0.7603134254138784
0.011757903140491743
0.7665067876253554
0.3566670116968995
0.05952664974784194
0.40726030718473616
0.32225779989516323
0.5096238298596858
0.8751120839110409
0.2992575928768626
0.9436261125583565
0.010654767760809425
0.0011047641554212673
0.830730327500288
0.8828896780889429
0.31198466320391505
0.4115332281638746
0.6318786363654076
0.8229367991676141
0.7743720220899704
0.3208121882393805
0.24653601438042927
0.2624160163008369
0.2605741149976627
0.43543145971415864
0.22400592679446973
0.009442836522444154
0.188537998617744
0.4797019869882049
0.09760535656815628
0.5799160038653358
0.29018977055782447
0.9464607048709672
0.5282746419144544
0.5506626141815827
0.1875468075275324
0.3984148734459234
0.9194014026534324
0.3973186258594975
0.0029830900790982495
0.8648115479138044
0.6850882286108312
0.5414598780070996
0.34404274003243607
0.7810791629043996
0.8450755949510554
0.31040066871666006
0.4668937313650121
0.28785701004736275
0.6891277943787516
0.1973070015961278
0.9962132279850363
0.08531977168743632
0.39613412703425965
0.8711785651460071
0.7273839123392263
0.9548837404710655
0.0793546533881615
0.3470986824953195
0.1990667642350683
0.7299465209487054
0.9648943585407201
0.6836534224902227
0.7133565965805148
0.7949838069037848
0.6054001317086076
0.44548478260888225
0.16656179187369036
0.6240650038919281
0.6703301740881714
0.3292217865635426
0.8882192274790826
0.11227732134630963
0.26797533365371784
0.22802474627578195
0.6959815971011788
0.41366371428720117
0.12465227713421534
0.2306933121723841
0.958359687546353
0.948625384323574
0.6835933121666138
0.9808783036410086
0.3971539804458224
0.19348088959381193
0.5299370451205379
0.47850837565842785
0.7208781152192616
0.8327407111182522
0.9394863863398256
0.045812540907859356
0.724228500198371
0.2274724958034252
0.8357207921687032
0.16332756371001722
0.353987038402381
0.22108068152308935
0.23235962709899805
0.6697972984350322
0.4129750975098596
0.0742364013143475
0.5281637661493686
0.10668408966296605
0.9147362441343291
0.48206062634308267
0.5986991446108983
0.6684741205784905
0.0019406345571290062
0.019057723163484974
0.3798414609271432
0.8266437328400765
