1409420
0.9820354126201145
0.37541690810986095
0.31912192427172115
0.25749677554657147
0.9422417398654355
0.6711130362713913
0.8466200891952592
0.6167885790418889
0.8052428805473367
0.09395337504430135
0.05302085814990898
0.6892656170198802
0.587589440856778
0.34130984043218426
0.5776209921831038
0.5264633091722233
0.9794177968201816
0.11361620525865435
0.8820310169369266
0.824398421650333
0.3990895059532731
0.7774389044336616
0.11076573954386948
0.7806536740719854
0.4742983927598733
0.5103393875285385
0.21130468199178976
0.6211629644844149
0.860744779155979
0.33200841405891135
0.18793003763461413
0.3986728352888552
0.6542925500077644
0.5541446176576736
0.7816747806618268
0.9861693063431174
0.8936434353595044
0.6514807832467538
0.7742613643152254
0.9470881780625438
0.8985733005057801
0.22286913190723823
0.6408769064678419
0.0025438169285627588
0.9303191247698978
0.2129083738814208
0.032514957746123674
0.37812288967098573
0.1662410808802134
0.3359044163586571
0.10781255180357241
0.36403623874550284
0.48774189819458824
0.05192264948523584
0.5586311068798427
0.9254680574587167
0.8506681302320186
0.11750296059176257
0.3148029793907292
0.2367493877337995
0.9219585957254153
0.8391844945739114
0.41500562942396324
0.8628113429690162
0.8414619258626718
0.777986971472527
0.18785822846299582
0.8396720482550064
0.7566975296223204
0.5564068561869936
0.27016725197338776
0.35901768612053386
0.22449040462415826
0.9051579283637375
0.011168867217399292
0.05076508471267427
0.34724526109428633
0.45972772170404197
0.5872605520233644
0.5228151184824629
0.9700339055211736
0.9500327169249735
0.27885816423046716
0.7085793333055848
0.3025947305295127
0.6688248788560709
0.23292756907925538
0.667119406010389
0.7977397134439943
0.2687207865534931
0.7892239822053555
0.1767759205481736
0.9384676802833114
0.07406686523573436
0.7956935018629652
0.8424531236280234
0.8599022464740481
0.4048405031079423
0.8955222418429468
0.8899638210938986
0.8624325494687068
0.045233704229875826
0.9402386029634103
0.9477769053615644
0.36194808495603303
0.29603541666530997
0.07150151836829632
0.24495008520606742
0.1937706078740623
0.436277917042869
0.53371917206153
0.5762343196770736
0.191557485432579
0.06624564411970746
0.6410610420078017
0.8841922492400043
0.06237312828207031
0.6319722241894657
0.5794800985407301
0.08384816506406212
0.733336613223445
0.4631749610827841
0.09781733929709957
0.32116269384365737
0.06484178326695467
0.41757423352815104
0.8248139488398181
0.9325801194880683
0.9413305152581601
0.35354486215418335
0.24787901002980972
0.12849715211489177
0.07648556563298403
0.4445365439016332
0.022932636556455943
0.221348359412761
0.010010017399880833
0.617017828081713
0.8704726468750594
0.11145583607142828
0.19540320812889334
0.703041261204206
0.20933181559521508
0.907201730543962
0.2544893891313089
0.3339796657810097
0.4635777057187349
0.8792776992602835
0.2624326134746108
0.41196130215088045
0.6331118701651641
0.5853506193562242
0.24745420484394653
0.30880855160333665
0.5786059672086798
0.7320282518065285
0.5995296048442051
0.3190565991997698
0.054319179019231
0.2346689584648569
0.7585704143198667
0.25169955353503726
0.34413051097081326
0.3638159803633563
0.14322028404966258
0.5397348693847632
0.17011589249352788
0.0421350551854055
0.4092751984751767
0.3878671276301793
0.40563761736440007
0.6249213471231754
0.42947975573333985
0.6089412630694191
0.5862752934990723
0.4447731122698766
0.9306622346269
0.6667902902796773
0.6448528710475196
0.011553491219513656
0.6885974992513376
0.7805169800358444
0.04471967768817087
0.47028673855234115
0.13556383480876466
0.7442407765553026
0.6621104337009777
0.8769402019352855
0.15584279774270648
0.6804408928986817
0.6120128696457179
0.29146633257601107
0.3602295273153747
0.5088906908598846
0.5943981491983584
0.35574863883476515
0.6626071662981479
0.8285854039680978
0.1366385689409959
0.32529700587200505
0.16264935402185188
0.2789734358084257
0.24846225890330653
0.5502951745510606
0.9756026102608536
0.9729629371239636
0.31648381006553594
0.3134616890714592
0.36976458056545225
0.43604576645746906
