1911182
0.2510562152600888
0.19232221024610718
0.17669534184919122
0.1356836492616218
0.18962922078616862
0.32485616823497654
0.03216803808958246
0.14604542854755997
0.7348220191073223
0.12377043620055872
0.42568918570378456
0.7839575609736505
0.9165503281722837
0.02752390685613315
0.11984768149229941
0.5424355494747738
0.7884011693128479
0.6800954099852238
0.1683001084267114
0.14323160164425663
0.47356304182394704
0.45094587003744147
0.3315598915224359
0.469894554465502
0.6041013393688883
0.057319744296930875
1.1685541781036868E-4
0.10288050979591923
0.9536614370656141
0.881245715907135
0.5377880464240401
0.7746215753351905
0.40269925235361803
0.7534244639065022
0.22630886342017353
0.5540438974145689
0.3122144261679115
0.13315040604215744
0.42607241694730436
0.9840545469517592
0.560713689951438
0.69415660729948
0.4266777922895769
0.5717417858744025
0.5891755352944738
0.4953447385378398
0.4629867258042536
0.9177516141836244
0.995287213567066
0.5698568422240191
0.17632136157652512
0.14204221282052654
0.8900685798185002
0.40616511659331545
0.051334734831668616
0.6870801893144685
0.3193566566469034
0.3920474516372291
0.5878237706094042
0.25651515402204583
0.5950660134620932
0.5007763484450568
0.8531572702485798
0.5109614323049397
0.5712869444108934
0.9703480499192221
0.5239051354028997
0.7588954906041385
0.6720161975379257
0.9481228983498746
0.9939520615235479
0.13060437395859736
0.008753385542050518
0.7763786820545159
0.9133388584708573
0.4976535726540404
0.6410071906235929
0.04107715920395849
0.8551400020602153
0.0538647360775526
0.7553538998555198
0.4548427684931947
0.8118553809825142
0.6407612413939495
0.30201200124924155
0.5291766476842126
0.8267744516435097
0.49334341012243665
0.4125111980631274
0.6086543352925268
0.4487827021278942
0.15744141404069112
0.88568347325707
0.031526328729553854
0.9343295777723041
0.39120191098820056
0.1412591079273432
0.2510588268710322
0.8490758227104426
0.01644031125342338
0.15144532338710237
0.25040384515195035
0.03589706765475109
0.9488294370101356
0.5485095432472835
0.4636961468976136
0.1831450546689568
0.6659068502075146
0.34142312852733814
0.4761721957404852
0.5345469401916154
0.5768090505172125
0.6392305686256479
0.4557942909872923
0.2750635060318717
0.5856163563582162
0.651571721167483
0.2292823571609658
0.9142375094082574
0.8626637222852102
0.8017762467445321
0.15622180578833034
0.616358557348918
0.5806316207042603
0.2756887028820125
0.409544969661647
0.35429340132839915
0.8086858810411139
0.6416148833991261
0.18347273265830544
0.752221797010742
0.09336991381840809
0.57295807217358
0.9831406379001019
0.42789290386564405
0.6719694808789979
0.9586782269354348
0.06434170114434778
0.11076872284345862
0.7601299749578834
0.8845545530722243
0.5686097368633812
0.10700675229108036
0.9838573918062232
0.7089493461064966
0.1129038697480762
0.8367098092128541
0.7531634576709038
0.6711684663606268
0.31656191787371313
0.30159559593943164
0.4834874732534783
0.2140856016342607
0.8960766381673159
0.7380956993828262
0.5371388696146149
0.43660964632138166
0.8718365125677293
0.26092595851641986
0.16882052049677643
0.879758491491527
0.048844414084256105
0.8410037462079267
0.6860944011732882
0.9513030380930089
0.788354459552959
0.14581744452163536
0.6057549885194948
0.44741654358657346
0.21601981889814614
0.33138218364021466
0.5296251172137432
0.6756877300398126
0.5237909789938163
0.21361574517625004
0.04634248209325342
0.8531216160637946
0.5650366218606065
0.12743669071560193
0.8526422268811457
0.06095855045829135
0.181314807526624
0.7578152030061436
0.5845012488460029
0.48830934744638566
0.717738206316148
0.2356624629462606
0.1400315288839845
0.7810280990808379
0.5040749652753054
0.5440522883973007
0.42548926258578224
0.33325650638462545
0.5445374400801027
0.34857289605240604
0.7877242004021626
0.957691644671214
0.7271944491985214
0.28666611921428353
