1084109
0.421194006503228
0.02623407230123198
0.7383771546591361
0.5212148646314771
0.6358604148412463
0.2665470009604357
0.08383847353663443
0.45980793243550466
0.7652137472848493
0.31171688305285317
0.5653277703664601
0.8212219001857719
0.4254415660732004
0.8301659464593008
0.5027165827047596
0.6539955185182466
0.21879821993462578
0.1884426530521538
0.4615767145281875
0.8851463059273486
0.6109900620524542
0.6435855315565305
0.01613376132577915
0.4307194829499118
0.20298298946362303
0.9181628086153563
0.13594952557690798
0.36219299874374433
0.1164715219872785
0.007907716528563702
0.7072272663148343
0.2600583987624133
0.5768996105146678
0.8230319272998813
0.7983717441146754
0.5256632905358317
0.21929650684208757
0.34561574767398207
0.5097376765515008
0.3595728451196022
0.28162908407795717
0.7121045518516579
0.4228277183656777
0.3851517962748209
0.41516314072096294
0.624348434936454
0.8536583695848654
0.5004807606859285
0.037006376453942
0.6414095882047893
0.33670417954442855
0.8079653777668337
0.9963403484359615
0.8650042015197198
0.395163801798054
0.09592213452417209
0.8065157533375523
0.02518085899501299
0.9581189910427533
0.8165063795338617
0.8354643791669812
0.3646753357475554
0.7145120869742133
0.1571429986185936
0.9913154007844768
0.702858690367678
0.037959074768652235
0.9652007018505269
0.6266104575940066
0.35369441546218194
0.8707327959203842
0.47468787027539894
0.39703892419667863
0.7821049608757247
0.8947398458426113
0.41572248466340367
0.957294003880243
0.6797783319945722
0.4707925790129672
0.784023181237313
0.7763071546664404
0.8715716645863186
0.34746312261476986
0.5367087414683019
0.20369406819810898
0.18494810261499495
0.35561288426717763
0.564527048135495
0.4350674338960685
0.7810539409773833
0.993910724436762
0.6436059664366759
0.7775554271448217
0.5918669786888604
0.13361219087041543
0.07877855237453557
0.11346256649665176
0.17085251571284155
0.37775263535040293
0.22796898157393963
0.8919674775828558
0.23013010026107272
0.7685808492126122
0.7325464599589169
0.5410305485189825
0.4397393500325313
0.561008448434318
0.13843261958917974
0.1723222970957493
0.17478271503239118
0.9039842669174378
0.9826684643191497
0.10865284594641811
0.5052333271182973
0.4441158637927638
0.061353030238722406
0.7234828026049448
0.7048254765002064
0.6028470128343105
0.39498449004804814
0.4445247233477274
0.2010456765873797
0.052652737024486806
0.19813096723499757
0.8603153496181518
0.21095778081063854
0.8676017474364484
0.2132000369518121
0.8812957933572046
0.012712710725204746
0.9917357339614774
0.5670958537112096
0.8865804614851285
0.8368640443081534
0.8624955265151103
0.3933980734681717
0.8954590921508946
0.676417028059727
0.552464263455969
0.3085539245807014
0.572772611082659
0.9371701162998817
0.03668082947845208
0.9767064615665317
0.4399013238692149
0.9969632519186559
0.6621941221402028
0.5686400378656514
0.6383828711471613
0.7546892559901407
0.7550724103977752
0.8129700872115168
0.31031026957438657
0.2963626465206841
0.8438642726538396
0.32107434742703156
0.2455272168803535
0.9401018806386486
0.06328462647253663
0.4542014522719705
0.9247165523146764
0.1436491329656978
0.8844967010225919
0.5561850616685158
0.9171816518274498
0.07877020016986247
0.9908141762312216
0.46252829786012495
0.10299957589096775
0.9903318726053739
0.32425993204561987
0.9844118175318392
0.9794890187948879
0.45688041564049287
0.4310983665218363
0.7955783498373727
0.5945018042092102
0.5084003716939308
0.5255010192100842
0.6122738070272122
0.23819282101836703
0.47851803539787086
0.09192893559269188
0.015078652262032755
0.0541193237324229
