1989853
0.7324866962405182
0.5932441589277179
0.6327782777766789
0.4787788626572136
0.15598139467752548
0.7154643754628157
0.5412013555044538
0.6523217851949769
0.6333976543657914
0.3161263865948849
0.22820193987534232
0.37770741700571264
0.5925903652979031
0.010384181086804944
0.929488719518197
0.3149717981746577
0.3084454836848466
0.8241375784136168
0.6809876775597236
0.32125626506687033
0.6579763703158488
0.917881412461628
0.8840420879628025
0.31982701960257687
0.5996869193509538
0.44006979468120466
0.3434675999682225
0.4571531706096824
0.48827796324075823
0.12430668872283024
0.5511241115583217
0.8620110616760308
0.28029437749048836
0.11566553732013696
0.3004608113925762
0.1749165253894639
0.07856796497196028
0.4877027729173815
0.8642622384236418
0.8780691396785782
0.05334037189148744
0.5916439513313286
0.37431389225591516
0.7434180983362677
0.481115487012196
0.8940712772914335
0.6253783376151624
0.5411993965529589
0.27908570803593313
0.6240381419243953
0.5865389974283065
0.5622101157375858
0.7674569612910911
0.05232582304382849
0.04918605577342683
0.4412578849505404
0.6561258328401097
0.4369626790018234
0.6657850901563088
0.7458433955232586
0.05899355301445841
0.5879962776429648
0.3939179452369319
0.4083325194146833
0.6701014594997127
0.17841270235527085
0.39943984920073294
0.31676814058242897
0.7706717266559235
0.8757793403226837
0.07922506774326366
0.6231887665688037
0.5764143448571712
0.9045019752263549
0.6566746980469387
0.24300851102994525
0.18459297988147272
0.06544691626429844
0.5011991642204418
0.049115604389914025
0.8652894627489645
0.356121599251629
0.9904779665035024
0.3699161893958409
0.12360200560767709
0.5105371609188759
0.31369200678696296
0.3426111991775309
0.17695027614144854
0.08770620301518672
0.652914561666402
0.7701603161441873
0.4873128940833815
0.4269966144296372
0.8357269403004167
0.6179561564351088
0.25734965766953877
0.4006996389525229
0.8344362137921617
0.9193039393139046
0.2695153805316183
0.6799428294301544
0.42554519319217443
0.4756453130597268
0.018037408242345232
0.018931581433092037
0.2730629834659133
0.5133680092026327
0.49984807854966085
0.7306930788285477
0.08795747859665426
0.8405540148101487
0.1540389956788084
0.9726028434578373
0.9414534201675381
0.7466397177363125
0.41932008192127346
0.6243481832150242
0.6759277053926099
0.006951080951659305
0.6462821943612145
0.44662060849609597
0.6689724779508617
0.3521768930488056
0.7946022045787069
0.7917264174611676
0.4191692471388495
0.3463712863718039
0.5434132026637466
0.012809672886872958
0.6384708732352928
0.17667772630543876
0.7173255467773767
0.06440955623537192
0.06478018946603614
0.9575413499715308
0.9430598283772892
0.7585790111367461
0.07377315187117739
0.8654848663406574
0.9829942949039315
0.002986075428958568
0.21783218994355114
0.8962066212294334
0.8272658496497062
0.13019444711889572
0.6766345627817161
0.43235909593596256
0.028339566090755053
0.023112224875273868
0.9611095304532412
0.6615521603007379
0.19678991774552346
0.505966908967821
0.3919580631832065
0.4406608157078068
0.6536763110892961
0.00633177793724371
0.6144491269930191
0.9725638854592831
0.893723884788456
0.15528784498408565
0.24607376983190254
0.9233902487485425
0.15031049671520424
0.7897494415719929
0.7178921685161621
0.17853326673529857
0.684813805071969
0.7726591038976577
0.6955462433830836
0.13946346395938025
0.9181586242554517
0.23327445575204153
0.9453653206774861
0.9360059066330436
0.06032014687026521
0.11407808246495865
0.241069959444413
0.5624760489083619
0.34572696477394027
0.49320790433349837
0.19901938036271727
0.5722531092246793
0.9933389753001387
0.9824986178442393
0.7023613177182246
0.08306306061485424
0.7686721272551726
0.9365550109608762
0.23233187347347073
0.9523061700579575
0.9229900386991741
0.12100582929172787
0.5821738183695376
0.952066184959272
0.7940521253891234
0.7564342616653106
0.23633539665629233
0.3892558128696034
0.40458782634295165
0.38549742284221467
