1098251
0.5547924150868536
0.9622301151906304
0.08461591353767428
0.5118709345011272
0.8843274086719306
0.30985018444861767
0.3667912665972123
0.9345992931607461
0.4039019528479375
0.314722465761619
0.6297544629061862
0.32272853616215935
0.34224272821403423
0.5595393539937699
0.9887269240229383
0.38264290124855216
0.1252193227078634
0.14555606279732514
0.23391463375343446
0.6173697722934464
0.2629392374152878
0.4583181291657319
0.06238294835283642
0.13212620900992877
0.6630650944121845
0.7328514339158427
0.03812811603753041
0.10921449570145836
0.3299248140096438
0.6123698837966158
0.2601793878974197
0.21755665151952153
0.42907523182840324
0.10871740798432772
0.1994172203942628
0.4333990444482121
0.6584889056279307
0.16556788375894949
0.9277262438961937
0.5129497247496368
0.554139642468746
0.20318092432190127
0.9811485248646538
0.5559273205685948
0.8432786662564647
0.37145547402131884
0.4168194937588171
0.07229979188029068
0.14820409157343262
0.6072827232601801
0.3386039254123746
0.8511512276154178
0.7326046756700801
0.3249698380156033
0.22854933020142698
0.18248387116912945
0.9129675748527413
0.8607799800910501
0.07621189943036732
0.4869902495259437
0.7939496888998515
0.8028250984995626
0.3265942430642007
0.8023918529100438
0.5208191065825654
0.2536067901057304
0.32730767204144284
0.6934156741610769
0.09369208582009925
0.859573889972041
0.5080467683608757
0.2515195405975952
0.7075228414738701
0.8986460779673734
0.6381627504409261
0.3141564718775913
0.15981897626229147
0.21913000087482892
0.20488591314930682
0.7201673691987907
0.21124270732646833
0.776211460896302
0.09985561417616029
0.23086274936678708
0.9759067621586915
0.8437307289786121
0.385924825484261
0.45743526067059015
0.9466099639479627
0.5786360668913642
0.5850010715026221
0.413517435615094
0.8410138765743593
0.019403900154579712
0.7733479060575036
0.1537954994462689
0.29384052042089215
0.6198393741325743
0.523486009865426
0.5019309026206392
0.7230187311870936
0.33190600989624486
0.4017150790824491
0.9133502608750887
0.5941090168080356
0.7349525052252831
0.9113289220221524
0.25498456194193797
0.16923950729851434
0.4527905651568026
0.7115272742457388
0.44944098688487044
0.10311310878900504
0.8915006760380633
0.2124276034258996
0.7080449438963187
0.591726735260791
0.22494687911215405
0.5456685505921561
0.6660885198061767
0.13244833495556052
0.18079569208304724
0.25107296899902
0.26023803746127117
0.6032781311994472
0.05034813733018162
0.9776301074105762
0.07535120090928826
0.43872772621029976
0.768378726086606
0.7239682750847357
0.8433461251775054
0.38517630575575634
0.09205487851591843
0.20591312333841283
0.5154916126677181
0.9183520368419448
0.31274028167701606
0.16787287062249368
0.8509132982588381
0.15069848258216312
0.33291765425196773
0.15132751530685984
0.6160428744419929
0.3818831295193388
0.1189110252546891
0.6142556892553466
0.711169645605401
0.27272746358525
0.3393336976080711
0.7383673620787795
0.8358574379521043
0.7684035167511208
0.2313419756629722
0.6366955361559383
0.14827790441487632
0.5465855285718674
0.1405763510358724
0.3878021771616055
0.08408871540677931
0.8118002364726861
0.1496801444518947
0.9140963758197667
0.5234838333814834
0.02283847786321347
0.12363901279446732
0.5852171651918803
0.5516984665933828
0.8778325976663482
0.6770314666953704
0.07454675521783971
0.8947609368371178
0.49672353055430263
0.7179960701401065
0.9426914226964904
0.7504845398589279
0.6848616798112563
0.44138439436269716
0.8438732347785061
0.2596489914276747
0.8760340175776536
0.8667812949937607
0.15576126430668036
0.7761361910463294
0.18218661966853944
0.23681804480105595
0.8943665105139459
0.31583332902979366
0.47051036039557637
0.7452882971144953
0.005286870991116577
0.7988399988740316
0.4894627204444415
0.5502724811253972
0.6302413937069499
0.21326896753070956
0.7675814073049372
0.8871959864360311
0.6629142768896982
0.46585951349642807
0.6093404933372379
0.10031510681960776
0.3168503928858405
0.5162966980950556
0.9084781163943334
0.12219909357606362
