1188366
0.7146979769963757
0.9466548315803799
0.8185464660282828
0.6155616221090704
0.28704986807646815
0.5651983637312299
0.5571596044972155
0.7126436814609751
0.8787504366565579
0.7636138017568521
0.8589794143355206
0.7254957276644745
0.9217927095759999
0.9029155483487293
0.03912616835555993
0.18503259201119227
0.9003642680097891
0.18776115064495869
0.748288510513206
0.691846415761664
0.23195267560959965
0.09024030567708441
0.1666435451308531
0.6592276293541515
0.6715276669574777
0.06869921305701177
0.5664838423702364
0.3825599265994998
0.285825087243489
0.08968116566552486
0.20526856300092888
0.622670695793932
0.030192767251366326
0.531133642039642
0.5691013404611555
0.4686396590948969
0.6118641603367738
0.47554825679200685
0.6873013817042608
0.6906500683295107
0.33365521052300473
0.5869710270765193
0.838449079562809
0.5295212697997295
0.9262282311138652
0.25519809579932595
0.6042395850055601
0.4136943042210093
0.28626763089104423
0.6122210097764567
0.03348064368969372
0.8128620674126619
0.8993298004658952
0.3264935228752257
0.9397630370694342
0.23426930735220564
0.4913886562955446
0.796929734641341
0.20853482348649555
0.4015869298065602
0.23907468352351013
0.6581246037096301
0.025710968763479336
0.11421664386804964
0.09814022329899641
0.07255330677590865
0.0025503215144537794
0.2716956446397746
0.3932417751637334
0.05568912572507312
0.6683107377280568
0.9286958699920758
0.4115178445230375
0.9295181217823678
0.5641187512743725
0.12898464919531683
0.19934298303543818
0.7992438592207297
0.12221196448810645
0.966574798909731
0.29218933072042375
0.22392600441373367
0.8747766286004077
0.15545118433359528
0.15142622465690259
0.28704866387086514
0.17238442138787857
0.2685724384080139
0.42525912098767993
0.8017402340453295
0.1929695446635219
0.7236566578437674
0.6238547879597023
0.7274905026051821
0.9194049823980551
0.8213070129063135
0.9502244380084501
0.5636987267017443
0.9280969781888699
0.9502022376730633
0.2701243085551376
0.522923551524832
0.5173189590195306
0.5463070399642674
0.5029137596396507
0.07545227051145242
0.8414356125630428
0.3787640596739379
0.7358200557695183
0.866634232837138
0.09056268676975576
0.5776771077799513
0.9980408834193775
0.11318295724943583
0.3894084461108964
0.38322952089594875
0.2639551793913204
0.39139398387963964
0.8985611055424875
0.735654279754656
0.38181743834300963
0.3072814288202844
0.24365818047540855
0.7565106754075439
0.5944449863826566
0.7696589004861399
0.2126729022547612
0.774533359402321
0.6193204053005216
0.8518270132738885
0.516088803075447
0.563569598393097
0.7660588505968307
0.3602551089804835
0.03710009186372165
0.36458219878124454
0.008815343458865144
0.5190148713970008
0.006858272553860845
0.2692260807350184
0.36884151326807046
0.5980274833238686
0.5213296618270857
0.7694356891349825
0.677520610836699
0.4302760586097504
0.372738425309349
0.7433832337680634
0.42234290415898146
0.1968807435691423
0.036942836684335845
0.9198711811741686
0.16261633448577117
0.2729403581924579
0.5119197155563742
0.530320656600374
0.8473117990115816
0.733440978039064
0.9870955157454087
0.7614210403356334
0.8470958249853049
0.23238157374221058
0.21644629244066327
0.2422103616832575
0.6779400854721194
0.4697064908775572
0.2969131957424077
0.13682624558893286
0.17319406976583207
0.10171581040833644
0.818924371477144
0.09531223593326743
0.024898458342971108
0.7444756063973686
0.7843836441284243
0.6910914341507176
0.8294217211814824
0.9671994109824998
0.8593496384208005
0.33332747423532105
0.798600831379973
0.6644872176290331
0.9017690597313774
0.145338098666294
0.7390884310012245
0.89200954509939
0.8655471701160469
0.8997364599701839
0.1895064223113685
0.8806043730161249
0.5131201175337965
0.9927905076096291
0.5652984746445884
0.5885969021534164
0.7512645027273672
0.2548291595218245
0.6496587246062722
0.5132935244665717
0.6072505443123256
