1178379
0.11544108754000715
0.9309002931418897
0.6822156086676586
0.31747646458127865
0.42690416085265626
0.7199873001999306
0.9082383557821339
0.9500148571976526
0.30618517703073767
0.3107728033300111
0.13395813598552875
0.5387511009769546
0.49136737170193145
0.6275120889526683
0.9851562075112347
0.006962210534527169
0.8968233074147425
0.1468009256785302
0.6371310048796361
0.5129495298821146
0.2471005083195006
0.9857201844487951
0.2328608115883387
0.22812660844281385
0.4628967054717974
0.3030540076688236
0.8459452146116054
0.8009959702064875
0.6158567369952683
0.8360245287278514
0.7213197580226931
0.9410933237408873
0.6076933528335737
0.7863765416378782
0.9431597003851739
0.4252456399470035
0.6020625052906929
0.8979094792774318
0.35923219092417535
0.7623061797968753
0.9134612083211251
0.3850501978859139
0.5469411749650942
0.36922079750621695
0.16565277828305702
0.7179309035844776
0.42549277376511185
0.6758177154277512
0.5694648393527454
0.39648507843450365
0.6458846627603163
0.5821720354923849
0.6035256741114244
0.7797690778291986
0.17014314342189674
0.9535949652665276
0.25959890297321164
0.8685275295966777
0.4211520018979221
0.2604749199512214
0.2820654831343804
0.42976248951053997
0.4672514213631206
0.30610713449597104
0.2878920414761931
0.4891164283155698
0.5440984597715164
0.4364550015219063
0.5786181303731733
0.11853317953345499
0.4463651113518703
0.2467033952455262
0.23611240880399764
0.661844272528876
0.23983017069674495
0.6296789328026564
0.23319859242193253
0.2788321277054159
0.7882988641363093
0.7144409663801736
0.16637286330344547
0.7977939474518081
0.09634901428898013
0.06375878299547189
0.31508683832075457
0.11476866802836627
0.2547050001015586
0.5402707773398535
0.15272706379911405
0.5340369420129206
0.8700422761139653
0.7628838168037694
0.24330204485332052
0.8456022578414258
0.9998024114867856
0.08635115531239335
0.27957026130042684
0.2552832257590598
0.8975054336774625
0.35262655551727107
0.9984605264364539
0.9265240306513577
0.5018566378967483
0.681772344516565
0.5862529278588225
0.03467375608195167
0.5468684828325242
0.819195813881553
0.4469301294847783
0.6352148616833129
0.43645211139137574
0.2634357549460926
0.037398794976080896
0.8432283175123614
0.5750967865995934
0.12903095934550546
0.4063345951292463
0.5563776914620749
0.7783980666563909
0.432802796473856
0.8189086752975212
0.8923500837390747
0.5249204102826074
0.6744257659523626
0.7015204435732848
0.3190397157008411
0.2883516774005602
0.7973238152403006
0.9701362671553659
0.6895300011429204
0.4454155852617159
0.487723305953523
0.923047372437931
0.5364008038978156
0.44098209764743534
0.5687545030278949
0.4398630892521721
0.8953575590986851
0.058370672134428814
0.48804583594672324
0.8503089005245256
0.8277199199578419
0.9819165380918747
0.23777893798437433
0.9351570986243124
0.276954247381343
0.6769088489050296
0.00547712817659618
0.007450091539667247
0.4844600837677555
0.5432521199743854
0.5427812992432038
0.3316352715520575
0.9366915232255254
0.938809755036871
0.44875134012356765
0.6862127015066571
0.9879820829510872
0.9418723940792887
0.13578437347607086
0.5958060756648765
0.5668946403468977
0.5997763533150305
0.8515495652532543
0.49870469833569353
0.6363375413020588
0.13618338098162397
0.6293742827840684
0.9648073783828269
0.9212062131462772
0.036025821037714456
0.739326675822082
0.8495572891991763
0.6659914642547009
0.19497482394816457
0.8572998608888197
0.609858797463282
0.29040063914697156
0.37751253086180403
0.7074517088855348
0.040297212932346116
0.15291120972588546
0.4236801079779191
0.24449265333237036
0.9065409743725112
0.4018343499363166
0.22671494779712387
0.9274247332072268
0.6940374574547099
0.8134593035075471
