1614057
0.5137397028995009
0.701105810884169
0.5323576380968317
0.617003985869999
0.12720273905551427
0.8587526247743249
0.7136739186578435
0.9161371966689762
0.49389317230417373
0.37923217479094185
0.8538598475458656
0.6131719791958969
0.5714823969997777
0.7521879873622687
0.6281064157568953
0.9049704852253979
0.9807135414005106
0.30077820039837755
0.6612623572617675
0.015212397734552519
0.11874199175216427
0.2941419559033088
0.05982397432688913
0.14036669613691255
0.3711705374599015
0.9581500049832873
0.3079841793594118
0.576652789981622
0.2837245869278091
0.04742146450823148
0.39716260191890007
0.3457768461514663
0.2032882255278028
0.7094668179170808
0.3914212490656105
0.4078001826555233
0.5988475907610665
0.9994749740201847
0.4891555424523225
0.06572377051764011
0.3892118270149524
0.32124459809435546
0.8824458591292853
0.5042479183637967
0.11251529258005899
0.787259095401889
0.8460582426816815
0.8328078602766235
0.9761004624498245
0.42773093822576636
0.6027935647970349
0.41054013075343554
0.7915308384227361
0.5389928673980776
0.4359228865278335
0.4090491271719806
0.6573961742805524
0.42510634020924887
0.6207964451359425
0.06595697080967577
0.6314033674059578
0.2866226096836998
0.4805575008734151
0.6294360223644072
0.6573906081894741
0.7536320868474837
0.11483982300516415
0.4032482010325029
0.7535419864522441
0.07769374612777069
0.6820503146101861
0.5720784224791595
0.5432322042422391
0.18564126980824103
0.5020435884945424
0.49315812652893676
0.7958180272701534
0.1775548466990764
0.9942632438367146
0.8494328634954184
0.7270772417460387
0.9921581993853151
0.3142513204751183
0.13183654404696854
0.15787398697708066
0.5779274656249818
0.8049866828626843
0.15205149007664465
0.10111407349177604
0.42533929007339155
0.05933336630604358
0.9487367015087791
0.3388617852408671
0.4497406938255951
0.4604303411218107
0.3921005718901309
0.41171912013068634
0.968135451543019
0.333735566925647
0.6818479231388188
0.3562842705785362
0.5382470434953527
0.7727258792745604
0.3207841094943302
0.43356955235148054
0.9782687499857294
0.020008880779534777
0.7497592035067182
0.3444382323512254
0.4698029235259784
0.44513120541183515
0.29529543485031196
0.723665928791704
0.7474561340133957
0.6050718733747852
0.9333752261031849
0.02393710525140036
0.9140049836295171
0.0981874708831042
0.2730149513267267
0.8517634595908715
0.1250465318720857
0.7944557139858986
0.840797547203286
0.9505188337973132
0.6627152899206405
0.1564392453628176
0.6499598275396682
0.973114118445845
0.4609607185755108
0.034263555405540935
0.769347685764402
0.4883304358888888
0.9172025360686159
0.26108656709976563
0.7215743712504236
0.5506815697389306
0.1954945977183875
0.021022200880750797
0.08873300911751614
0.4358073361814554
0.8186659103533953
0.9763946306672918
0.6512967722935182
0.570145175204357
0.39813120639004995
0.36967375064313157
0.05639953850765811
0.6126131946013135
0.674855446202451
0.015553841680019276
0.7645110515329832
0.12958030050115832
0.37637302722742805
0.3405756587218941
0.8246724826703026
0.8863508633767195
0.001857716383418806
0.268553900436039
0.9860060272889711
0.33348282622955727
0.5873245038927832
0.16762664737663813
0.41803154076529414
0.6470885312698149
0.8952420932868803
0.3938305560142801
0.8834969838245647
0.27157496029261896
0.25445517300844855
0.5269325460716991
0.5235692848602248
0.9275170365347408
0.913755293946911
0.956079357988676
0.21470095183651416
0.2125749243656092
0.6762816108736219
0.2843160020109452
0.4941950958273382
0.8544925508775714
0.3944591545538625
0.22939364068927548
0.7026632617914071
0.16049171598028034
0.7764739097870932
0.5162607573405544
0.7172757205081284
0.9856311200936726
0.13922430646901962
0.2293798234407768
0.8275983853343207
0.5911890332980826
0.13557531181423144
0.9192395126089806
0.6460292179188384
0.7020591491962593
0.8554120954573939
0.808983648936043
0.6217372793969509
0.7837018584176224
0.877163931594718
0.7673890240835166
0.5839086675163748
0.7548007959519212
0.6943152447884852
0.4853982528604104
0.9814898506204306
0.3459639163382502
0.16735853967746817
0.45780728910232005
0.634137586744864
0.023521367149483274
0.2932052500281772
0.9283603746357342
0.6579501104729099
0.36611329349769905
