1773546
0.49270205438976644
0.3232055592530556
0.36927812617515676
0.2517683805373133
0.42768287945698347
0.570820516208571
0.6884580746602812
0.3038311981426818
0.8467325816561982
0.7890078375926075
0.15919447084655225
0.10998109385510413
0.4547176444835297
0.8220063441811258
0.7711288838398871
0.5563297282238243
0.041497730982150816
0.3863663989885552
0.7268915965028265
0.5741356428121938
0.40613708840092455
0.6337645230081718
0.7881746058402116
0.3431584721744265
0.5190206818282432
0.5466366744624429
0.7647805762842873
0.12693401725935083
0.9772190511173708
0.49612574885777927
0.1874831675865587
0.5479597886383796
0.8549737895486703
0.1941278404957295
0.9648655008105578
0.3489620048549221
0.06707054180493965
0.4936804250682122
0.9249128094997918
0.09364674126573702
0.10109534517855656
0.819698919757532
0.17282135596911508
0.9236269025003037
0.9210003343075525
0.6686994391952878
0.44741623851457313
0.8677346251934942
0.17201521659246743
0.6732596829467422
0.058900807164818936
0.841261922805166
0.7403798477566143
0.8069490619416362
0.838931311514649
0.5067464213563484
0.8865586070877782
0.03205049681996175
0.8807747749914276
0.7653989440212693
0.3029505300683617
0.4893366458853984
0.05647283597496988
0.14107581740145536
0.0930815150558143
0.6943037962189171
0.9585736291996332
0.285071128412288
0.7801852340526187
0.4788334651001699
0.5483096146689583
0.6840700080968326
0.5811566099997836
0.5361849810687571
0.8961899724754184
0.9835645480962427
0.5954770574633562
0.9327992151247637
0.06048228065469441
0.8102575107853619
0.2848682859042676
0.23549249301041242
0.6702698665098219
0.1464341949142015
0.6633729634342046
0.04848812652646084
0.029325553078761057
0.2701628287589689
0.09106390098295891
0.027168593409199082
0.6463880812837763
0.2704973741087622
0.7669976727868231
0.901043296464752
0.10392171910959214
0.180524366048038
0.3288253529911045
0.01250903791678748
0.8124250403959723
0.7851853038380451
0.7985499537000585
0.004883171086268012
0.8768905780956605
0.34459925520909285
0.6487811673078961
0.16662449105542065
0.3568261276006941
0.5013998222722802
0.6075621653762031
0.9416316825789542
0.3824388310730378
0.17804577568215463
0.0929914078593348
0.7962303342489987
0.9549453474901979
0.7458546709875278
0.27274048100089565
0.8295995812275458
0.4758354250956427
0.3677638104445471
0.6439124661257221
0.8847815703336924
0.888781177013625
0.3950837958319112
0.8065208160095766
0.8280336099071921
0.46594006258541976
0.4322070832731141
0.20845142579696685
0.5616402927691043
0.6009175757171981
0.3315155554526168
0.8819465635201408
0.9890487571274081
0.6272500348618317
0.9465334346237396
0.1314826827883917
0.45886182499406414
0.1089162108209274
0.9084285930505549
0.9970590279894738
0.38487562161971056
0.7031331760487455
0.13944207150085752
0.012756960917954085
0.49582898910329576
0.6114715059111832
0.19813436208952817
0.6292736207396201
0.2777081984878217
0.9238285799643398
0.8782297783283209
0.19017954175025698
0.7492700015052164
0.7909074940908019
0.4844248593709979
0.4238128295179632
0.6033698150686823
0.43983614443505614
0.4892027059073589
0.3651713524850041
0.7436525887802262
0.7517773757615499
0.1641991518945467
0.7353613867896638
0.008139512829798745
0.9353871781928568
0.05162688371782731
0.7905655552995707
0.28112002952256687
0.5691927953090277
0.6779300869568586
0.7307442899954034
0.9961595029050403
0.587164461262282
0.35691920352479034
0.2971771474785043
0.023876248097043695
0.7249743300765052
0.933339027384552
0.46761905337986176
0.6737377570700919
0.7133349020721613
0.3234656933485338
0.3427538519060779
0.30998688223882
0.32158710402638113
0.7561439832172762
0.6299267822592889
0.17556336215739865
0.9709010789466869
0.5707601396393048
0.5882953207295496
0.11434623886250816
0.2404986733938408
0.2634420818614601
0.4117114567950294
0.639948858929415
0.6299675917390969
0.5295620493839602
0.1946742631243923
