845091
0.7256127890882893
0.5592484957063347
0.712401238184373
0.508803730644906
0.23314945226199402
0.9177393842290722
0.8265817540239485
0.05143341248767508
0.058176556590085915
0.6489109687621507
0.063589113290906
0.35697541167684554
0.21693625071422773
0.4819142525720427
0.09478291250360249
0.9847759705374929
0.051061635160391194
0.9826524764855483
0.6277847440226527
0.9287699453978165
0.8202233414327961
0.18334504549071595
0.6451163101055228
0.35899244215527226
0.8989452303236798
0.49236049894872413
0.3866079703282974
0.28679746695163655
0.06435028761216433
0.7069192180648723
0.11788889006452152
0.12652167692775496
0.34908733245159185
0.4676749760566683
0.07157009533417014
0.6522991248160623
0.16606335872641032
0.4802145864489914
0.9960581276725726
0.42940452627406145
0.5156593673597515
0.578053335808575
0.6605304566328308
0.8118499237467036
0.21285711176899003
0.8542844668260865
0.2614693409765334
0.6468288317031193
0.8613741222476033
0.529293537110901
0.6984437828691435
0.5938661196777167
0.4957260392332794
0.695872257115284
0.1190310211568103
0.3324668142506737
0.6849487623318032
0.1277743976028599
0.8730301210384557
0.07933417224534622
0.9979726958208271
0.7379600578276175
0.46150461040636614
0.4507307361050611
0.8620733597780351
0.03930743784535373
0.536321558146616
0.41861803092187444
0.9984206007687569
0.33841888930819597
0.8906162516453237
0.3308733051602579
0.9701890205381115
0.10292635687328033
0.48608101946914806
0.24668905854243894
0.018775143719389598
0.3989301274444451
0.6211491030016645
0.1479797944938539
0.8495464047211171
0.4480752614472342
0.1105698997715937
8.920890725399033E-4
0.04729787893430737
0.521360151266364
0.31404758372948915
0.5508518708172436
0.7652332350088719
0.488561551054718
0.32001469400075644
0.36370891906177805
0.9465930311389014
0.030631726695447337
0.45133726284884224
0.947608634832435
0.08243250810138036
0.990861853633682
0.4038311980403678
0.043655965042637024
0.08185196643556569
0.43391922112859216
0.9907769927886162
0.4559763256837529
0.018297999093957684
0.5594622981288812
0.6093479527893095
0.22795751446804502
0.2402290138765747
0.1678764251009891
0.38919291551698476
0.19018804742122453
0.9384958673763628
0.048485825903752944
0.03501984838124783
0.3136539319682359
0.2781587427938026
0.19380693154674444
0.8067166026158198
0.06861932123845327
0.5904849186731578
0.27396905070521294
0.27057299865478446
0.7917315636557979
0.056732922750669657
0.6186481009351799
0.5457601934956297
0.7624165218881134
0.8586536805607519
0.8287370703197312
0.45613319518126016
0.22667471181601262
0.9200426546967062
0.8622864404654819
0.4900986207724394
0.49361934577220634
0.8562640056447505
0.5641800329821073
0.11998190731854164
0.3211480162761854
0.43549885570553315
0.4341904182515559
0.05681774290230168
0.6907090123699443
0.6763924346943034
0.7672110332497389
0.8429411395748002
0.7695048074476716
0.17632916599081916
0.25825584029351334
0.9191574188241594
0.1798021221596391
0.35851286011699246
0.6408656827139941
0.02659034161318019
0.4327475831312424
0.2058925101952438
0.9775930440985494
0.5305925155050539
0.9144073933126244
0.03775707200824974
0.37875925198004334
0.02836123690500081
0.6736081648429775
0.37304040718977194
0.9924984313434846
0.6747258623714056
0.2799260408202262
0.19572241818352998
0.8934887445299458
0.3892044088588572
0.4961257250158908
0.11527292954734014
0.12024873355268306
0.420759904574175
0.43483330354603156
0.6348446791003193
0.5658124888186571
0.42605666329609404
0.28446917048082276
0.46085807301087034
0.7376634611660425
0.6633440937358045
0.19144953317043345
0.6561274623157396
0.4189996007933259
0.5621669396902164
