1111445
0.1874509898461839
0.18766524077345248
0.8211705141112176
0.7895943181841197
0.7444227766058552
0.4885601439913333
0.8073141544841379
0.39508078474282116
0.620564253885293
0.2590820807569698
0.6569636391309294
0.704004760420768
0.784649908743253
0.42654869894545044
0.36785905435922195
0.3479521326026981
0.9502304608281191
0.22330901420158644
0.5719222935704351
0.5680169096142118
0.699147185973688
0.49020562249459776
0.2570011627143892
0.5155671183033178
0.6475247160046481
0.2368213527345583
0.3776643041879917
0.8134125880432576
0.7383347509794677
0.9365944557849389
0.4807157534468115
0.07997937172866953
0.30579878767790325
0.5260218917655395
0.9991465844560833
0.5459413508572771
0.24310571498041011
0.6534660030914263
0.29260396494736307
0.19261475543602147
0.7100181646167671
0.002499435350424628
0.8996499706023339
0.9479601135166262
0.6605483472876669
0.28072689981697474
0.6232672148229882
0.3864808661504866
0.7407684947438581
0.6799191535892636
0.7989836225542998
0.6728714289272383
0.21799972174459437
0.39766516814945874
0.34987029404297176
0.7155174993878143
0.07154563440637784
0.313799719998915
0.594645905447036
0.6887765306498708
0.46545202312118694
0.9028221506063931
0.2532240154988975
0.09843644740976165
0.6023812525759024
0.6701624855181078
0.9488245676972449
0.36654442750428085
0.45292904045444804
0.614547927317092
0.5841059471173295
0.4004307939992283
0.17368524645563033
0.9647550692847207
0.16338676024081078
0.4579867243000628
0.008574365267389195
0.38403628343807805
0.1187284661026824
0.5811432527079397
0.8665665114317119
0.9285487836152017
0.2638889917602757
0.8093527722144152
0.006218906951925951
0.2575318015890916
0.5848374954063731
0.38769410557773054
0.9285323357387281
0.33456091088486317
0.47828891493061165
0.6439879719749811
0.520444297468018
0.14419628440684895
0.7784499772368141
0.5743240014035306
0.9539276607734768
0.23959479652359394
0.06461836742376115
0.1388562270570517
0.680031957600448
0.8036760753523252
0.12166017230948523
0.7660223091069351
0.05118611146151153
0.6306177636922728
0.2704392410459636
0.816491356900239
0.9043240460247196
0.06212043838128245
0.6353639964559407
0.05921957749064488
0.9348084774668312
0.5841664228045775
0.3215829278998823
0.38979751947204877
0.3325259798494402
0.8020999596975394
0.3880033772339606
0.05023278146976484
0.15992029850271017
0.6819337833170539
0.34522007208409056
0.31675265932711993
0.67682706944123
0.8428222971536673
0.9978868736730311
0.5989015831051372
0.14333309170135644
0.7398205946131876
0.26357427030438296
0.8686135803747663
0.02276246906092627
0.496256574526051
0.7475408272568362
0.5281756326444724
0.3477966218693711
0.9296924609578612
0.31697498875459085
0.40965406219847333
0.74276352245747
0.5573591383718172
0.3291907958249837
0.9548378638478764
0.42671829135571426
0.7490894607370943
0.8954019470157469
0.8520130748575978
0.15352839841826127
0.02489150948049834
0.7945486906268956
0.18618576709290957
0.9508683256039692
0.7517563453247261
0.4485000206996477
0.9591779006395067
0.7758227288433337
0.9372637460683164
0.9754134782962175
0.06530962689996611
0.5688292846300708
0.31427863663748756
0.24168230800160195
0.5564876241793686
0.17971576830546854
0.17900437679056214
0.4528935116093171
0.433473279562971
0.5857999384820564
0.18271611593566162
0.8573478941963765
0.7653782579083117
0.7021428980828885
0.24443426582181138
0.723790370560451
0.5653016848555077
0.9612403629512584
0.31864884511597535
0.4304337033111234
0.3790074642814182
0.010556554901575033
0.11902157895359144
0.7574161680957447
0.280128353110904
0.03554362522646015
0.6878781119546403
0.11622737829389973
0.01644315175441491
0.9602238031759674
0.3952623508058535
0.924980111079429
0.08287187786345329
0.16086503417988685
0.4652905338901431
0.42727580962125
0.6262582301961661
0.6206478171122941
0.6990762325569894
0.6356479113609618
0.32949641469571034
0.4833218718871728
0.9302116343149719
0.46261918955976944
0.3806370733939832
0.7273732669589861
0.7433327955365339
0.5335433847361273
0.5257716087097168
0.5948090537432379
0.7160357824816435
