1538667
0.49628483442107707
0.37686549685301407
0.37163751128582945
0.9624643966551796
0.0911417951427076
0.5950116319404024
0.34281667319606746
0.2563474790976642
0.5718282511673742
0.8718006299860065
0.3941295091214838
0.7117455646649403
0.4252991020035948
0.04274593146008432
0.4687973564253104
0.009000653379894197
0.08023332587396048
0.9879271471778079
0.586730888892361
0.9349164227520941
0.7848488794438594
0.23089125368185293
0.33252080059146594
0.7684730999486294
0.1759246372695492
0.04548224040224602
0.5470449731685639
0.09687221679036828
0.39289683056451297
0.2908970883776677
0.7411854012941097
0.17072395884024405
0.9622888255997973
0.46030351327044683
0.9408124824649582
0.4395141140922205
0.9914960019217743
0.9415374310246947
0.23346104808656987
0.03025389906435838
0.14946937128784188
0.9164318974952819
0.8870785607535047
0.818305922105956
0.7449432931496224
0.4134521306274026
0.3525650139351111
0.1725704379040125
0.5470840688655109
0.9257781125613259
0.9185459398549166
0.2446692518617467
0.7660481513441026
0.7499190381683543
0.6743464886705214
0.9434443646391266
0.3728950170469103
0.529663365088069
0.7571345361370252
0.7069612184905675
0.4572871419604454
0.22714137107156285
0.3637480268291876
0.9563428591362473
0.9340239707719742
0.30891467243714765
0.2230949436626103
0.9603524023132777
0.5780146891795888
0.637069919622254
0.9276573600542647
0.5510529349354854
0.1340068102552442
0.36828219999711687
0.15348491709004797
0.6469793711421364
0.2433848087686139
0.2020063595485082
0.21181936416020863
0.7525403300917538
0.3540718842143523
0.8376522363498657
0.0031734111544176047
0.4606649055659884
0.8582242439926804
0.8229282396015947
0.35850907280224764
0.36688852728724264
0.43408739421417797
0.009521968184316165
0.48586845135327306
0.052886764441477
0.8886153021709067
0.6295159574864171
0.8994847346919881
0.17337163967760494
0.5319885241485242
0.2193726861534322
0.15889180983259532
0.7310996260862594
0.6125027613462865
0.3752714633068558
0.39133083737514884
0.1702395722019866
0.6964038073438065
0.2940563071289767
0.8373901660922612
0.4856199632415076
0.9254419907872291
0.3499853201515313
0.5894919735183985
0.23720327428134602
0.6953731333845204
0.8570001536067605
0.6881264336628539
0.1661574014523658
0.9906502343450421
0.5751080469589368
0.9195362611730342
0.6455192178953998
0.056703174857186234
0.019096030776967643
0.22295062550262423
0.7553057466258958
0.9477298326921133
0.3958214045901891
0.8680056369031717
0.3535556467091764
0.4431157074887252
0.29087633163710613
0.8769355662492567
0.8397572127656905
0.61146474688343
0.9436074610871523
0.5070291188426862
0.9578138793083488
0.20983626889329166
0.007889597730033171
0.33563470956502084
0.7585265179726237
0.13956826360671926
0.29797654325873135
0.34213039284525015
0.8396429526486493
0.24429461666371877
0.5238603025084091
0.07984805633489678
0.005097580835179749
0.7421236448049895
0.14907852220984152
0.9495049817228337
0.21009769750647633
0.07103901482582953
0.9661677680873478
0.34527837691905916
0.7156628706224168
0.7280682997953751
0.08510111221389227
0.8956756117206327
0.2057002220684162
0.4981473606363147
0.3554564397433899
0.4514593836290035
0.020827853419566722
0.6389139653572881
0.8767067053379743
0.21499783939874062
0.39590034907657856
0.764800060225523
0.7443363596074511
0.7379154231602565
0.3237203582149406
0.7410272748028911
0.9033421798092266
0.1671148604243352
0.6807252638851877
0.7722137005407932
0.5699525107614127
0.07433397266815278
0.11232997192114491
0.18392358683503662
0.5926470951256537
0.738493433559946
0.6559680852313208
0.2159481008570343
0.7985205482147313
0.8288319099544114
0.8856011369261989
0.12749388022410102
0.8797415081549518
0.38363603792716594
0.5788132440520413
0.6333262344031101
0.7234836098163475
0.09281783122071297
0.06831500588643591
