3249592
0.2279277287052368
0.4764485845816476
0.7702704296585452
0.6228782915011736
0.3242218852513201
0.09612720995711477
0.9327975539654932
0.11308065569477321
0.02854897983366267
0.7106522184293289
0.03088956235461693
0.07809199191005267
0.1412145663779617
0.8543072784188434
0.48962194070245313
0.78565032586046
0.019863736436447677
0.6113720549484412
0.6983490563983938
0.8907468461298781
0.3698711007448592
0.1930909419852539
0.31915350047012736
0.6405052687426733
0.9358472418258981
0.9897703432575234
0.8144201149738101
0.046637498245809206
0.7832568521516495
0.270643644110102
0.2736436094253327
0.5150077286412615
0.7741830321577715
0.2832421747442392
0.9252421337813878
0.016563977974823563
0.7875612051141058
0.3643642372063608
0.5560639640177524
0.25987287338122367
0.21174536284270662
0.8163341461843483
0.4294377086743194
0.4827196879576888
0.24605784445385026
0.7250958182527005
0.19203134969043945
0.4187122498722762
0.58801393892799
0.6007865186512694
0.6904487399869307
0.7145544423129503
0.15420034269915794
0.7067881890613695
0.5804067247833089
0.574630474283617
0.5853269170842986
0.20985511226272247
0.10450003052986867
0.6917689799699707
0.4197591663551664
0.831768384282286
0.43897489181673743
0.586531470454858
0.9848785528886956
0.5120693146466846
0.5655966736435212
0.322096903186193
0.2519065734549615
0.7017751476993175
0.7116109873541957
0.18779036527313353
0.1273677218088375
0.2995823463155983
0.01896114399627158
0.3515305765243719
0.9131553718888235
0.9149140159603969
0.2533399806646458
0.6699473620879403
0.9572036652279319
0.09626998946771226
0.044316827103350054
0.8146470633548119
0.8380580034725232
0.3986888977480315
0.35969565825278893
0.6240798722570661
0.779174929145081
0.680734258680622
0.6604238331976624
0.12269049359732842
0.372572169121112
0.8192667404766282
0.4567849193994469
0.9625090843341341
0.10648810766087002
0.10936795924556764
0.792273585559195
0.13706694721855273
0.6379990801094848
0.977131105467966
0.5184640758469982
0.6934972584417002
0.22908232162993447
0.2746365892558157
0.09234830460586041
0.8259082099463892
0.27340084135880327
0.34928145975807756
0.027033196838991858
0.17159203709913806
0.3811260520409454
0.2837337621656796
0.05735167668670704
0.35136059747595816
0.06040305918063926
0.18813383412351548
0.5438547083611199
0.7962738737847359
0.6366020275377486
0.19276646437247624
0.6318170449471924
0.6852552418817346
0.6842888888452816
0.8372796182273629
0.2063025336618305
0.38156311637039764
0.9118870017089327
0.881626287285068
0.7399991653382852
0.100815820443379
0.13529091987987174
0.17425843304560729
0.7174482446700845
0.6692425710368929
0.7042322760217556
0.10470295588186929
0.4374560067001275
0.13806023235868015
0.5039869729017787
0.3405013373841762
0.6448899823973161
0.7083522700725599
0.44505151345506255
0.0025964049806777023
0.6237266901460851
0.8905523600132966
0.1747063027504293
0.16860079293499208
0.09513098101954676
0.07361232131747342
0.596921631651896
0.6099836581679792
0.5075119200180477
0.7111601148069153
0.6708520805573239
0.9670635329226358
0.07991347607845722
0.14543028698449834
0.8732036410213999
0.1447967382583495
0.26576303889171116
0.6844761947781536
0.6560469102877777
0.572702557624301
0.14091443661659542
0.9241492154883986
0.20918920916013684
0.11386776737405291
0.5880860663532815
0.4635575528621507
0.8450070065249581
0.8308245284744978
0.04920947538022802
0.10119279636616807
0.3636793327346808
0.52019776118694
0.04786687637807718
0.31864011478188203
0.8280519752942702
0.913368851092414
0.6459109969254067
0.3597635309517512
0.2799014271868274
0.7070050891482339
0.4915239847911773
0.4954847230553996
0.06315589175389047
0.1351547114928109
0.14038693031017413
0.12775057515283628
