1534414
0.5846711036445755
0.6237100679954012
0.887294766364465
0.23101068965784155
0.5394461173605969
0.17839213975152712
0.4324662328683515
0.2555031544434698
0.8547047422345457
0.5490116678122794
0.32496181889937414
0.02387325419537878
0.8660563028453376
0.8856136112556234
0.27503751919841246
0.3411260658591425
0.5289891833330527
0.5562129990973322
0.1079254354107193
0.00764115876658733
0.7902393565060142
0.03118229706214737
0.34344705401695086
0.6759532937679673
0.5961148918206591
0.25595135895052823
0.12902855158362958
0.5242304501039001
0.3986472786373364
0.7315331233182629
0.5281020979317973
0.03285620205053452
0.43547864020594407
0.6014894377784898
0.9715403307846416
0.24525098094094833
0.5056833957360646
0.4043030865428491
0.016686373775512964
0.7700423518138054
0.44126213273853854
0.7917237701022118
0.42670474634839317
0.43892175845134773
0.9828338729497567
0.4365069772717338
0.9823933370805135
0.9730013700187286
0.3080928324440002
0.5570667700966758
0.36926031597039055
0.23021130623093622
0.03288423957301101
0.9719146831951835
0.9445839214790023
0.6072540448068094
0.1072929289128407
0.36335850250188484
0.1823373404767108
0.9518595080439842
0.6629276943006114
0.477786544664782
0.11827477788509289
0.9045607823326731
0.5326232526686595
0.31896441777593587
0.173138749647049
0.933936883738546
0.8600709026898274
0.0011226580268349773
0.31886331316385086
0.45524590636165707
0.9444277833750564
0.8202155821092648
0.6708109297137128
0.32959786240902134
0.22374395668372538
0.27458283062743405
0.2384959271242454
0.7292938981865693
0.09108547574988957
0.22034717668526593
0.7479107320705207
0.8246841000686443
0.05852052902270988
0.08223298608876828
0.16048537356113024
0.9988738420558128
0.6366753559203544
0.057092072477901046
0.7568750005613055
0.32883407163384104
0.1813545720211862
0.5452746715477521
0.42818386025008137
0.8849483152280412
0.8737613215148088
0.624085158113953
0.12289863061746398
0.995755379363944
0.9471397052952716
0.23791353251178426
0.23471777636730928
6.231145054187426E-4
0.2502028142916567
0.9212351451341545
0.08462772858225165
0.1703158510960141
0.2464976195667038
0.2935233101651582
0.549990759096019
0.4138937677880056
0.5888974782262484
0.2692198336546474
0.32407383233720033
0.11010974375838745
0.4797018869980356
0.9112615620570659
0.25136078672576134
0.9024454534693378
0.1293624561438501
0.1232611827833956
0.6771557094142931
0.5791552223602431
0.7606429612918794
0.9232931022111694
0.7743980025555672
0.22316234327095252
0.7700601025435149
0.8713363550575219
0.36627473096217744
0.6613796609088116
0.8547413317039958
0.33277777136961695
0.8501293666893412
0.8690025070481856
0.14037462413987323
0.6519811612125772
0.4463302557936638
0.3915484511637791
0.604714249124544
0.9827785408620573
0.14517628124076154
0.035895117871310944
0.38114589515425545
0.4768420223956479
0.40558111974033995
0.05129418605547209
0.8481031150371534
0.7662462851410465
0.8711915766088063
0.7723154626149987
0.762666668309521
0.1931325259560236
0.11275968689328764
0.22790214954553956
0.08046701856536342
0.03723747234356256
0.6800021011987009
0.5341948614386111
0.5190493019001351
0.07115129542235865
0.5518445356039925
0.9835082570503973
0.36814935595389775
0.1335210557659553
0.41086307128140653
0.6178209343350857
0.5278684846621893
0.05201693042508193
0.03589801975759477
0.7323659369996977
0.264523189057672
0.17073065914985663
0.5062304755205113
0.1933851318664116
0.7139859968585207
0.940776670117767
0.8413751432710217
0.6738382690134419
0.7336218972063926
0.518218554733215
0.1624579218276404
0.9118332141326092
0.30646399675420666
0.08004455820795475
0.4543098318659572
0.8787710571567147
0.3350616209332512
0.616767474809914
0.5318238708979599
0.30767551313582897
0.32747266973191214
0.28932605372378684
0.8697847643977056
0.3769039956712644
0.17416097160138877
0.048316584388787054
0.5422958005490821
0.4704126104324182
0.9420990644984953
0.10518448564733063
0.6360914065834528
0.8429753150702657
0.3711651983206268
0.01785793136696956
0.15143743147946298
