1445206
0.7072331832781856
0.5479628865771227
0.6074064072996614
0.584986014530207
0.7291766413123938
0.05348030853988128
0.6576594410380785
0.10086520839231139
0.16964004604048133
0.7335456190508821
0.36632143487310087
0.4394481689495382
0.9416143574617996
0.12482386432118198
0.8139709129111934
0.48766041297025986
0.6666606259922623
0.4841394783596251
0.2964334099288368
0.7403479874390073
0.4084332096228964
0.3151984498696102
0.22636922822215988
0.7191430802950753
0.1372981312297612
0.26432200142132
0.4515186267175181
0.7834282702436001
0.13725915436170166
0.2655941374443064
0.2598987418254506
0.6674139238343044
0.5048797764887958
0.855862958144163
0.046347703370727356
0.508007913141573
0.6096170180392934
0.6513262675998271
0.600163610740488
0.09007065665597203
0.8859581830403068
0.07996954206292128
0.24018709859124687
0.5288125522953809
0.6099796597953185
0.5979146995196493
0.5715278318749882
0.6335048171356771
0.3764222215826145
0.7827762276919491
0.46723700935221435
0.752339184494028
0.8371046630925302
0.8934108101381958
0.9885795698358774
0.9851854793666248
0.8874736750813016
0.712985478296352
0.3491610179337288
0.26916055626415647
0.8953148526795194
0.7510784350660873
0.7010157485160136
0.991335949086359
0.7541257446050529
0.170565610717352
0.4748648422051983
0.4635757150989286
0.5133790269610665
0.12633527588415083
0.24210355442249387
0.8064098476824746
0.08887990176823113
0.5554120382062319
0.5826794457232773
0.5320130899767214
0.08864889715947488
0.8418604974343127
0.24087447525748962
0.39077264783817234
0.10323714808142004
0.19487807124304213
0.9301053176613023
0.851592308154174
0.904108675410375
0.02477536004787484
0.5082079314993221
0.9229952496444498
0.8696999240503951
0.079081772965929
0.8862742147707774
0.8902507652283199
0.6159936086501668
0.6098027519003295
0.9569598786255648
0.9431653403648247
0.24692119771133014
0.38289468410882066
0.03228410995779207
0.599841565234277
0.8596334310520106
0.9123118480350243
0.7662935047811061
0.2936233129439003
0.9406565954630883
0.9035192344482934
0.3045641984684694
0.48360887012496834
0.0711772777366938
0.5251545137534722
0.45036745368702535
0.17352856840205555
0.923176037829183
0.7925604395905181
0.9664258478273556
0.7794468060127705
0.872856218779799
0.04319926913268679
0.7415384964275387
0.8736628058442151
0.6837911676933492
0.211498782055496
0.4429557092234999
0.4503485690165896
0.6194395166572456
0.3694693802132699
0.4482343873846726
0.007876207181369277
0.03315462385937784
0.7894701064574815
0.3044076587990997
0.9234514087076839
0.9535411312290794
0.6067911096854732
0.697653596989924
0.30758305323757373
0.43398776785412096
0.012258764637129715
0.9332491830384283
0.7690843033610896
0.4674325083483567
0.7888585361547664
0.22344773851894895
0.2957128795067744
0.08089253684470887
0.9214105930529042
0.6600190331741158
0.7612242359739622
0.8190178856223557
0.9546210567705194
0.6085433592467989
0.4065234325607058
0.20190442546965814
0.7523717422204476
0.4031520980846267
0.01076735626647285
0.8996285611948918
0.31990001955223624
0.6432589802449723
0.3676816769332394
0.30444200868459137
0.39055938171390503
0.09792779160877951
0.11302149642011461
0.9012922473182626
0.5501404437347529
0.20887385397212277
0.9110191954388168
0.3383101499832796
0.7742712169393151
0.44969822412612237
0.500825886184801
0.38113369381327966
0.3882044607313554
0.34680473372162535
0.12836810609047544
0.9984122102371792
0.6233392227958715
0.7965524617795866
0.4447047660776138
0.6705630235608736
0.1411122328705502
0.4235465503831365
0.03888368211290605
0.6398284089647552
0.12243452298458746
0.11657300162820305
0.39146087096445015
0.2269077490568978
0.7796371091653153
0.5515337897702479
0.18426028250379156
0.5279157948347956
0.4379292000597763
0.4648408331615279
0.582615132570139
0.7751451133392907
0.6546609019304355
0.6760783542126629
0.3182464443627383
0.39608674624700657
0.19722177871836677
0.3753452815187873
0.14409868496698464
0.33739050825238326
0.084195797637588
0.988540366388867
0.5068654836707281
0.5339216748609348
0.3094319364544674
0.01295480167871299
0.08860381215995294
0.49779879962203055
0.31497883797784765
0.5758881386819765
0.20574804433527016
