1784857
0.878272696454312
0.756371429943358
0.11060522443688126
0.9219996312458125
0.5005341856464804
0.6125455813788252
0.4668035648690627
0.13098268141385971
0.8300140239382534
0.2326970371514816
0.9768613626662083
0.7952189639999316
0.02846541062607799
0.48368888839668855
0.48448917977837447
0.9898907022640853
0.7690958990644716
0.7641517510279764
0.10900851593031491
0.3930228683708795
0.760242191304719
0.2852092549657652
0.566333121373017
0.38813164210563456
0.490557646288583
0.682800866689927
0.1968299682099307
0.001048589832534974
0.05340919365841179
0.7228630318067486
0.46058821854376764
0.47954548598383306
0.034156657874087615
0.5881686987679753
0.5522267709428896
0.44254759033836755
0.35121406560437085
0.9944143504791763
0.9602215359271326
0.17513805087286627
0.6302693779888375
0.1731825633738887
0.2498361073035632
0.8262198395106868
0.16076530467245864
0.580697623370427
0.08409050217377978
0.9776156026554179
0.7347203870734197
0.0438301115340155
0.513804313855448
0.29655033290553034
0.7001966821792366
0.9385962816447107
0.8656021392479658
0.7578750546616502
0.37519600441055445
0.9114362387682916
0.1358711013719106
0.22805456587837014
0.5624941743097931
0.5998445364879121
0.6590111541046423
0.039855993867611184
0.28189866663713015
0.7864659780336931
0.9599209690024212
0.5548386969233078
0.9936417714703244
0.42955783512234424
0.12351370089750335
0.6101608143807706
0.5250982095553298
0.05275942934844757
0.718158167314764
0.176881091758036
0.6327422578776655
0.04839881927901102
0.2952927613291756
0.5188491223563816
0.6322363631385363
0.5511051258653149
0.7540613906550722
0.6344411980940758
0.8117695935190679
0.6722847034705979
0.40767121368933124
0.7878126547194678
0.4072408776611137
0.05105792696315592
0.41727469591720434
0.492002181594243
0.7626086700734577
0.8735423964650505
0.3695293801075341
0.3931371366064548
0.9247050618565299
0.7399079945872923
0.16559043328253853
0.12315342941904772
0.32903897606992016
0.01741757387560161
0.06214277238931187
0.3378571038344056
0.42158965022181827
0.6077066379340688
0.659180916989703
0.8378193295122391
0.031318382458901506
0.37784418172930057
0.8645965353896196
0.8815101078613008
0.059102638811810326
0.8572558285792838
0.38223483776215306
0.543240439477778
0.5810233827061975
0.18638018404913415
0.06793292669037831
0.24289642640287012
0.777413671365013
0.7179669997825453
0.5771546308630525
0.3801132967362588
0.19380161860560874
0.11821633978559654
0.08818768333574167
0.3424506748176741
0.7158592335027507
0.2924960140236019
0.5264712111873043
0.025295348891511305
0.29769359961503905
0.9691637848798939
0.6384721582841579
0.40063132966723314
0.9212946482475772
0.3150602328776757
0.46763223720612346
0.602480861114633
0.48467933515320627
0.5275269291231611
0.270256801659398
0.4587348352343865
0.31724945097754575
0.9503436866667536
0.6758201587118023
0.39225436143256864
0.8031063033740049
0.8947678384746462
0.9440126682939407
0.13853990952590478
0.15654214451292237
0.011897283822243532
0.49995620272748376
0.7829278309057758
0.7386551389573623
0.758868515645692
0.53936718974856
0.20718904091750523
0.43001069638509126
0.22893957310821478
0.38704681329991175
0.15356774509667703
0.48149903875053324
0.3742969292375067
0.4649302441009925
0.7637127994178738
0.9540150546557224
0.4404647378703087
0.18002843876965335
0.6306183153744679
0.32731336465622307
0.25248345010871065
0.777946798940432
0.11360355882907247
0.10936784317027248
0.845564087968177
0.22426738340244012
0.9095272972283036
0.30979152455787085
0.8167138656356178
0.47393268985195436
0.6478447529688335
0.45434947536098647
0.6888669909490557
0.06787028169999254
0.5827802447478552
0.41232345421629
0.5253449525384042
0.856449385144524
0.29280200146180024
0.6844641529572753
0.01000779869297741
