553458
0.7909622624512667
0.6657500180275124
0.956493041698318
0.21724920361921685
0.14717421715029722
0.3473822059134756
0.6615926534425107
0.3360248526482579
0.2490883980953883
0.2617671767840666
0.015050496896707788
0.6833947859429225
0.7464222810261649
0.7738671531396089
0.4851984545714991
0.445597922722085
0.7658950817741197
0.5578179998889234
0.9470162088675899
0.7184669160246155
0.804276235516088
0.25882736118633853
0.8282433158545122
0.5840301852965891
0.06024726292125138
0.5922762036889352
0.4025720860941536
0.15643707973187593
0.01248022895690959
0.6105231145957517
0.010468530046009561
0.757881222095091
0.4429382061185053
0.4860744804187118
0.39539688514997695
0.6439862303118292
0.7772543265472307
0.3091982681899845
0.531698225314253
0.9881569442032307
0.568147577405473
0.07872236916275666
0.2901014558154268
0.15568825068996883
0.18318546099635502
0.27667356466285076
0.03782077466775402
0.6509631241353514
0.27480445571794776
0.16057636460344904
0.8024205049781058
0.5048598805060193
0.40835149863972864
0.18164536562708566
0.9421048795792684
0.2845283880967746
0.30301120030204687
0.7427690367835388
0.35981681482135075
0.35398344618786315
0.5008341823675586
0.8470963700428404
0.17450610871179983
0.4915031054631833
0.9206849431418344
0.056202746744210996
0.4201544356753689
0.478608512572425
0.6767777744210338
0.5762241973237732
0.7816206449518401
0.8154405715201326
0.7455721380589414
0.22101478342144942
0.5960968858925684
0.2886389359355659
0.5501491231499314
0.46329446120043294
0.3499421036106921
0.720366287184552
0.2977933751061511
0.7779198866413674
0.682886722659473
0.8609113102800119
0.9543558054226764
0.00582427869251112
0.4750779440311085
0.05234212663203286
0.06807386956170136
0.5228363482978841
0.9371627917782627
0.986971115380015
0.26587835935528215
0.5845027583132693
0.749581479021122
0.6119312487058283
0.136816454166662
0.33620230475392676
0.20447114035071823
0.9899530129171895
0.39007295357643335
0.6272543746048131
0.9920559074947516
0.716470163051748
0.6291729383975577
0.9483879133606365
0.7431262058714151
0.31447133843589814
0.8193006045526893
0.5238517209734606
0.6901866355117817
0.8810542017356482
0.5412705069543999
0.8326102273014353
0.8420782880146885
0.1434270193857945
0.42353953406022715
0.6074839279034814
0.8803580056224959
0.9971425614185385
0.7227487753871386
0.6667566181176231
0.5804436111484095
0.545637376761831
0.8836364430509764
0.7696867393295573
0.9365107071601411
0.6376893084070374
0.05076452521798591
0.05552318014275326
0.32635318502476873
0.9081948245424982
0.9273533312524677
0.5250407801154007
0.9908962183550017
0.3677064595001348
0.08061968432855882
0.4542743312809042
0.822776913242142
0.6574608573813822
0.7783659889265332
0.5920440744741038
0.9593845603634433
0.18916537448779913
0.7081692694954874
0.4860298878939019
0.9579788663555886
0.5226016611277696
0.47837032073960883
0.3065651471119831
0.3939812446992238
0.49914296810316094
0.6291652517242078
0.0929857015727431
0.5682603256922494
0.8455711629366827
0.9924528442366076
0.43428290849252116
0.635210312558624
0.19011856750187672
0.6306927855931046
0.21397441122975436
0.870646462595133
0.6914485186457457
0.25788167933330897
0.19851972305739407
0.9870190420528906
0.7713281391372417
0.9998548899175921
0.9292723163303499
0.3731734305149085
0.7630354145950108
0.5864740807465917
0.5898736308331914
0.8868610057727044
0.6400816887529148
0.5848619985945568
0.26415860432595917
0.36043138449590706
0.3736202337212077
