1209340
0.08069703094312863
0.27405626282184703
0.29361362839287597
0.8819503124926635
0.2936825508931369
0.09263339259240289
0.3020205407520764
0.9818147685763506
0.9736567741625193
0.6643425025597719
0.7659864275530783
0.2287293659506665
0.06541074947961933
0.8327006465719343
0.7815757536261883
0.04236994250630166
0.05313398045883111
0.9750382181768737
0.9540761547780457
0.053083402147333536
0.5995079907185553
0.8746223524668378
0.7940162979449475
0.17687697414785897
0.5798204873717507
0.3223724079130965
0.4767252953445309
0.5287798146407597
0.3780739539768446
0.9335500434357058
0.5086771312754295
0.9182597535759783
0.3599138536859
0.18921971834521278
0.4073400470009003
0.3354168442093546
0.7663038619234694
0.7679400203873814
0.8459775119822059
0.5329652005358224
0.8822262465842251
0.8200599837553101
0.8408237521589231
0.5365526543477614
0.22628795070569285
0.9551586866986552
0.465283597767877
0.6747576189604041
0.6799636507848515
0.3625807086408007
0.26428271557691607
0.5101414394854161
0.9293094459275658
0.6656837642559966
0.011621220971333335
0.8740230955022018
0.32733166019699445
0.8223289257305556
0.7041598680637404
0.06018296569605386
0.301797373884199
0.6273082944351455
0.7188948022047934
0.11649064918350827
0.731124369676538
0.1468185377715111
0.8724532007722328
0.088491664269705
0.290090377317776
0.720753049857817
0.7172690977928409
0.015276023431698538
0.6274522176349416
0.005499597802087641
0.7846746913818856
0.4554917002672326
0.3791678725993425
0.8980940593736666
0.6423695712311515
0.33015440292108444
0.4437654386431179
0.0819955244180619
0.5722063412655554
0.9089441140772097
0.6505047250529297
0.365411222284055
0.3939580468752337
0.8379686095892137
0.9363289991356805
0.945014788703618
0.4617093355126578
0.20951230163299517
0.41420556325920965
0.2210644832877645
0.14173956273673993
0.8080785610603824
0.26330556359849966
0.8143430022779924
0.14424287784840217
0.8320722516847738
0.20057536354065542
0.991003536714625
0.9259569688389663
0.586758642701765
0.40360253570831717
0.7883219058775373
0.006748421748881461
0.8716735152117769
0.14628217959624668
0.752517598582425
0.45042924016316066
0.044448947908285685
0.08163962494980859
0.34922147849625895
0.9485561552653736
0.03305740732583151
0.06026841751969214
0.7878313566040976
0.9156899537797085
0.8897669856875713
0.6081929161236218
0.21291121201924013
0.7555696471221875
0.8326385583124906
0.7045669707534672
0.9589533014044329
0.9898821152626553
0.10418563877775389
0.2974719742271653
0.8392371215492896
0.254784818697412
0.39185603848940753
0.07517823523302691
0.24518276514014015
0.2650655530136352
0.0012840235235296316
0.370586133485028
0.16951042460252141
0.7217998423548961
0.450800434298529
0.7181645800438123
0.1346819825412212
0.7965931922535346
0.6644773849205292
0.5055559740195834
0.40751443702146295
0.2639718699665018
0.48102310776235
0.366118286394832
0.81151923979716
0.5732124198573821
0.7671320745563771
0.4440267980403313
0.910435596429654
0.1518770207295994
0.026433606938871312
0.4301592396587911
0.3295895231634344
0.015547740032081037
0.02897228875088098
0.31483969926059896
0.5061252430327221
0.3217299269996198
0.6511919735955675
0.13261863315171152
0.21481878486591988
0.8506211480793154
0.8126842793475989
0.5846169852660883
0.8030981207439591
0.5214188127572191
0.12350175927480844
0.3155651099630462
0.18705829033275811
0.9600661912752484
0.6146247815144528
0.7955179265235035
0.30967387826209913
0.82281279831064
0.714210250101887
0.21032932583774733
0.9430750525725473
0.04969233037385501
0.4535395870724729
0.5003212564776186
0.4286681067740258
0.472997145082504
0.7391220169818987
0.7031832029591021
0.19204467616739818
0.2380554143033191
0.4111986873353749
0.05499043367792067
0.6440386351165666
0.30709324584032827
0.7239321052721099
0.8823304164273381
0.38495299667932326
0.9116909635187226
0.8288541002435711
0.17887821704306006
0.4658939394450661
0.1953191114729057
0.8206851966429
0.9013640331055247
0.8293126218716639
