820862
0.4446661565368413
0.9134267685224129
0.4427264981490182
0.9502694701992832
0.24694698830848616
0.3546667517401073
0.44434780737487023
0.1306005593783489
0.6301070139506009
0.7573286361976864
0.09461797890212509
0.8600781946207601
0.7438141327483796
0.6306325781205756
0.32767706092152005
0.151823521510427
0.9213567862077171
0.025826312549898867
0.8840356161310978
0.7836419697254907
0.026043041935794764
0.3772831226463724
0.0238757777568277
0.9326166969518951
0.8304222108144259
0.8158524382909602
0.7941861904912325
0.7772095447971403
0.8026274429050131
0.45888855282986485
0.14248595335191183
0.2592825278802001
0.081363265269217
0.4401710810884092
0.8427445098107873
0.34786759223780295
0.6095401973696816
0.7329709486668694
0.15320538950421592
0.827175692045371
0.3662832974543152
0.14080335717717551
0.3611740007756631
0.8432512140420615
0.3880196108598398
0.18294993022037842
0.8864303686976561
0.1868406718809642
0.801575346054338
0.985619539128803
0.4127804002480928
0.5644599874552121
0.40568989358453056
0.7046579009310502
0.5963593474200078
0.9153076556953633
0.43208116765142235
0.4520040029803156
0.25965453108344594
0.16858560220064334
0.993172611906899
0.1756311797629022
0.6218138861322823
0.7039537565136452
0.3808190289354111
0.451499148132784
0.038660493761248804
0.17725790534587338
0.8188450789743038
0.6860831649074889
0.9299331267170946
0.30433519676100484
0.49193662421619877
0.7993344420560956
0.05662551946484762
0.6576149666079806
0.6744018304863519
0.06046607782648761
0.07789813195832362
0.5233970643783408
0.5645453629413417
0.38274717769540323
0.3648877637717506
0.39210395781618845
0.9938757078380854
0.048527109981007954
0.37784216691106676
0.7094666089359599
0.5250921713391954
0.5320008646477588
0.5233581748303678
0.10351861579453336
0.5787745828625219
0.8147656029839341
0.3001033186705757
0.4204366609842606
0.1359253136610039
0.34800756633292174
0.7142529014496998
0.5516799557225053
0.25199010484874773
0.6051973005904536
0.39997555675091934
0.21554503144864423
0.08771008656956347
0.9904607077238787
0.615652233416661
0.5681662054022669
0.41313467542311855
0.7203319828881168
0.3031148168465725
0.7621566307697074
0.5733510635112355
0.18038409216635864
0.6950425916216556
0.3454983220165354
0.7179628457052499
0.1732707371684148
0.5347557855045861
0.698953963430288
0.6910767947729973
0.42100394242552197
0.8329974634495425
0.5471873225760552
0.35453342328274173
0.6618291087859985
0.22789622925085584
0.9469428493291263
0.2743434388956302
0.6908497864454954
0.43715403198460523
0.05504973748668007
0.6387687292854768
0.7335923492346232
0.9956047915673036
0.4096790797967793
0.9962134472115688
0.6129906229803204
0.45664120822214893
0.4201972917751233
0.9020667343098927
0.27280911650464645
0.5026084828653028
0.25412279265832294
0.8458656356174812
0.35431267186972515
0.957115688175472
0.33410719045862025
0.8936230871687757
0.6880296884889752
0.5213163456457044
0.21352620708325598
0.32489278770184415
0.7587446896328722
0.16656224325973112
0.6861792988620755
0.1701185193478124
0.4293952307668041
0.5074352890227951
0.6037617037928161
0.9610432052939722
0.46833757983658597
0.15201423254209867
0.024186169684847658
0.1954283783741294
0.7144839634652019
0.9803345226484834
0.9944956454959615
0.9870622387960533
0.0361039734374069
0.5373509699228254
0.4840226770073175
0.12301039137624614
0.5916209547924044
0.24331481518204112
0.7266150199817771
0.28229026551871406
0.2845244414987512
0.9223278677813804
0.5051610227748813
0.4836268383459643
0.719557289085322
0.22893861246092428
0.7173125913122033
0.924673245239218
