770069
0.4136265444737467
0.9129957889866075
0.8982175555745482
0.25105751205310156
0.4924253593168635
0.5045776950034195
0.2442369635400079
0.9508420157290116
0.6125426577487035
0.9236658193777108
0.08103777073881024
0.00845962177185089
0.38887608405964746
0.7233341045248342
0.6501140098057048
0.17191686725165678
0.17845326192553157
0.16057566164701165
0.5497055367111947
0.18803084640632073
0.6743046870929933
0.055491145757845195
0.1592454826424723
0.1426933129087038
0.3968217045932865
0.447414034094644
0.9008829986645531
0.6066320294501623
0.8350709216061508
0.385650081500018
0.2472915936188984
0.6318656161862861
0.6868265483724514
0.8028590591192905
0.971887032943141
0.7700254456963578
0.3736202952282741
0.31070943893781877
0.2557433110933841
0.19094386592011947
0.7658981750838094
0.9302872558831273
0.9149091131014788
0.6683850799780132
0.8434124088060964
0.22384267183000073
0.1924910226489992
0.6695215698136211
0.8372654404505476
0.029809025157532476
0.271784289747692
0.035735212934676186
0.2525626447848449
0.01963058250962757
0.9098954674448144
0.7745492363518648
0.054418907624417256
0.59278720353482
0.36571575008354895
0.29597329959960794
0.21510351927903204
0.20550497099393195
0.10176753289843932
0.021270729981572534
0.7663968935288443
0.08899459736429871
0.576361233043604
0.6681337561774953
0.47877179212762644
0.4546592967630837
0.8106628432875331
0.6734784579957274
0.2978003869232404
0.7065671108508215
0.3146875051553375
0.15354864825861114
0.7082279842963689
0.8855830812673844
0.38689765272863064
0.5207435853971377
0.2674433329517264
0.5549084308281851
0.7639991208686417
0.37756156056278445
0.6526139275351612
0.6033760825931251
0.09069208187975863
0.5902777161591521
0.699544425036906
0.9907025622705833
0.7035478587410564
0.5084509916364744
0.07635515211548105
0.28799838175075554
0.7788471735722831
0.1410819763875315
0.4313664741988086
0.9771906613422126
0.9811287517532988
0.7262194120352795
0.08211419204117043
0.8646128366986947
0.3673617396632365
0.5380402432754817
0.5712101150578278
0.6368682737837148
0.45106943841761926
0.9639044262727238
0.7048008461477492
0.5411761106216587
0.011395526467630201
0.8536121647832122
0.010667330005906805
0.40775904545595
0.444018656095979
0.8940680057042962
0.9055459438701778
0.7484343953007074
0.193984708314904
0.2947827064834426
0.24504196058673033
0.4634215865344865
0.08494041692606658
0.38312025497933
0.3445446764459632
0.7674802521607231
0.16491619933611457
0.8029242355826701
0.005842516205822212
0.3068453103061429
0.025719829333180733
0.8861339250988542
0.5616759007724993
0.08002659497497477
0.42116678557543386
0.42422749858001174
0.45925435235375756
0.6983918312034223
0.4087872321858672
0.5048058749416852
0.44380348413611936
0.7265544528793204
0.17031354518081965
0.29835762923330345
0.9744968190360344
0.3279378398857187
0.12816641830881959
0.6812217315497936
0.10766598527304039
0.20749029180653877
0.968321625822652
0.36299156564601154
0.7159721759213307
0.8913760921572028
0.7043535771580329
0.7500801223985673
0.5772611199592872
0.7125694808392798
0.9731158098422955
0.12189300569405825
0.5631120015615614
0.48163042207968554
0.33943291963623146
0.8220324244692018
0.8846309713136516
0.7135419870659305
0.5053418990264796
0.07418134666134235
0.11182781123907604
0.4543412447070111
0.9688355477983356
0.7207947833284495
0.4729544004613533
0.20537672897569104
0.857724386762358
0.6524504179280904
0.7614718268612467
0.17837757055798886
0.3761474355674417
0.9466880564603152
0.03085277420464927
0.1311204559103225
0.5444265910301714
0.7673939964732039
0.14121426328050157
0.33133219842009287
0.6873731502663043
0.8892624564066712
0.13681538339167487
0.7755680082919543
0.431819336008765
0.3065935191539664
0.37974337993385665
0.6501557584236475
0.8110612928435043
0.7616627342258947
0.3426506909815038
0.1628995802752522
0.4420647506316554
0.18512486976556475
0.972194565322453
0.29708641353975995
0.6406979960266485
0.9793904627596635
0.5748697909472881
0.7434416532788211
0.770921130307867
0.7956402434396597
0.24821457656528256
0.2510310479039134
