747140
0.08577482336023423
0.9561195805919783
0.9829080754544386
0.9047076765295597
0.8111753183865255
0.9555812138758153
0.6950674772190921
0.38455456385396325
0.24793717739252552
0.5392211973970022
0.613091767127186
0.09187481289755328
0.22310871004161792
0.6991796392643762
0.6396880305201988
0.13663304902922613
0.3086195078150099
0.557654380353332
0.5372551573782913
0.572852908111607
0.8434032979030067
0.5119021673161526
0.043589441417494545
0.9413276663874036
0.9445736140832978
0.20487867645212954
0.31491494684492516
0.1331020537870723
0.3738937503513978
0.8549949976092408
0.4145310331890193
0.8225349912331257
0.3376962811689693
0.22944508292615062
0.9179081771059956
0.23535489490548678
0.04157212806786259
0.07778496714214889
0.08885269985731736
0.8149702830364077
0.09556241631136086
0.1559212727811613
0.4963995462269172
0.4294000596282602
0.6712511328980696
0.06539313301581196
0.38838189155930913
0.12154006433531728
0.649070096782148
0.00880775040387638
0.6151647686704541
0.04708275032522047
0.8622923381596309
0.21951738752024552
0.40581975801905423
0.16725993570760056
0.9436035698718492
0.26210079638197537
0.8390559583841438
0.46767888115082956
0.21080571913581392
0.6199399889757803
0.42251245314830144
0.9598741406665954
0.49012072686981567
0.9871587349492978
0.7965555242395814
0.48879918102849607
0.7687264485962848
0.46441653615404244
0.2125140247575219
0.4173330255330179
0.09257096558695932
0.42152771846790227
0.10032447467768535
0.5879790736810885
0.18117547725380934
0.1346025453001084
0.7368469445563864
0.5722846175653072
0.8180499706433675
0.43138307807234877
0.7536518815055441
0.11011102923955551
0.1935100949655777
0.4856737925025464
0.9818667843827715
0.8137366824669523
0.026097557038054164
0.5902427999663413
0.9217112134344494
0.6658753853322752
0.46947059770730604
0.20729685610425752
0.945636996981704
0.5760454622017422
0.5235448305515129
0.8466091392441868
0.19653023715065354
0.27632589260278273
0.9118294274921356
0.3536059697467636
0.026220314723911176
0.1353871338604008
0.16131683285006448
0.003194759363851052
0.7345804125752912
0.04878645194507625
0.9269490816258348
0.3898424195751782
0.31579289594874205
0.42386868969844504
0.4395971707118239
0.4803895209027792
0.8958922789393285
0.41921503763382995
0.32465476358955603
0.35331285696683035
0.5544873523415125
0.02143409282421327
0.9377605066706363
0.08662438967964803
0.2636028998910118
0.2461910277695536
0.7948285115259051
0.9763227230578719
0.7478712117131349
0.7357219988749713
0.6354795520588379
0.7682882973005731
0.1728416928983223
0.29168267382350743
0.15213045624460997
0.8687409254628433
0.7019667335252511
0.4300316059651971
0.44141249189925436
0.5618548041925481
0.12786085272494363
0.8737501483914493
0.790254056482258
0.10785219442952243
0.9797185942758214
0.009552513463020884
0.4958772665604583
0.2208742566216103
0.7363168358032786
0.7263413127229541
0.037121075091093636
0.8331532960769382
0.032815382440133045
0.7260150103178901
0.06391904940762827
0.24048799718586433
0.039608720402250164
0.3513357250917707
0.3524227937140605
0.6937492244850689
0.5127717106548243
0.21091708327736636
0.08517674186600421
0.2521207598651132
0.36818008077677633
0.39799354728621705
0.5589137586123011
0.2460059302637133
0.015176370749824364
0.8974842006376784
0.6969553541205039
0.011007593050392783
0.10069052547278179
0.8549654439797838
0.5488641007168812
0.6491154764010609
0.7610136745919356
0.7415185269443849
0.29691002581326864
0.4492114788880619
0.9559629791810916
0.09001987149062807
0.1570768790331465
0.256230156667706
0.9689634734001792
0.40129314000003236
0.9617481153784497
0.516787910405355
0.6966132829971623
0.0226437389314168
0.14187654262354077
0.948821579135339
0.9225865887147012
0.2866483302782574
0.28835568607070905
0.7837526916095999
0.37326799131431976
0.9646729947203948
0.4654749230443904
0.3119213022399263
