687010
0.9863017213740659
0.13744553174947538
0.9737545118529392
0.025509214577427497
0.4882768582510748
0.9141091289057178
0.31512084501190596
0.9978988843875792
0.07406017680195942
0.04153552463335097
0.7002958939467754
0.2643915457813977
0.707826301622116
0.3372781666256668
0.5564396554141938
0.8764338078730547
0.32462443570523014
0.052396973173251316
0.14249750806895356
0.9899792850977291
0.0013598083623294066
0.7244878376829796
0.5603691235229795
0.8183376372979865
0.9873570947488025
0.816601752683366
0.1619296700146301
0.5308408650186823
0.33721194939305577
0.4543399520413327
0.5950974835306139
0.21088231446524552
0.7724263180681
0.8712630470073052
0.5065571427531748
0.800361156655734
0.31336170706961275
0.7518535097600165
0.22441049694915594
0.5522912554103341
0.1693339889083867
0.521622707891763
0.5809426119272285
0.889309953199549
0.35221213337658197
0.7755551504917432
0.40385314953491247
0.7230491589967898
0.4876729034173396
0.4589339393704467
0.10371842230711614
0.22780721977462481
0.338301617326793
0.11869332787639808
0.2161127783188408
0.781686961768509
0.6240191884296808
0.528795746507792
0.7187325605303747
0.2893418070144873
0.8278539361926985
0.25973197204006837
0.4370295339788387
0.3826981539597679
0.8088662331161173
0.3100951594436012
0.8762751265011979
0.05949942043776635
0.20907277880800423
0.7472803906106075
0.3736405047477508
0.16424264548669176
0.8375064578964481
0.4147137391433514
0.5507917779684594
0.7420564609946397
0.4420870885538012
0.1546154471305502
0.6656638764796909
0.7032945234808217
0.5387668454106386
0.6681544726528564
0.6114901000844709
0.42509583433778175
0.2574536667757057
0.08895216378161164
0.9918291942981903
0.8858898976391077
0.48550504123545957
0.5812452140847397
0.912245302506752
0.6798007853937589
0.9421230936736101
0.7906191821823546
0.8724601526028367
0.790131092994594
0.2007717628759763
0.7730752634231444
0.4172116354292206
0.31458348908835954
0.09177520624487467
0.10729532603080594
0.009715941605008216
0.42960342363502535
0.3635459745421973
0.25532079978987976
0.9285454130150236
0.757204163229157
0.9584306150056563
0.878463259769352
0.856897688928078
0.9548608293253836
0.7679491399348728
0.7381159773252682
0.23264625168425113
0.7875373077389229
0.2722442084985621
0.015236896825627233
0.35822604679443526
0.1606366011110033
0.039844645472305595
0.3676256610972134
0.731322568190947
0.5936409181995771
0.6663871049595816
0.810718424946854
0.050496113157409206
0.39643547040669336
0.36472878813854914
0.5554758735842737
0.8742876245676939
0.3737854939671267
0.0839231864170008
0.2660414755214795
0.9680161917858598
0.22816331000025625
0.7308195321435648
0.8101986220502593
0.9593924405436668
0.9570984876516065
0.795586592638864
0.4672565353735656
0.04223639339500662
0.4484506097171229
0.4412491827065531
0.7308470208939402
0.11700176365688641
0.16548096406840906
0.9073662580476243
0.29821488205461655
0.9374735455783542
0.283326116735526
0.8992673525163863
0.5729371185210675
0.5449192761055349
0.8894522570160449
0.48680387646912826
0.02460728267933443
0.5141383614802244
0.8928967958483488
0.9203605405437093
0.046872588691453165
0.3102684893293852
0.10057922062337188
0.6869114736921229
0.5343138341875322
0.3608714467224624
0.5136904624081701
0.07519427407554102
0.25900864373424315
0.2847353936074989
0.27314630320558675
0.4966148460455616
0.26922101371534224
0.08699423608585521
0.8403171016906099
0.8172843646149459
0.9555113072323926
0.029579157201050088
0.9377223325668607
