952835
0.9966292014320881
0.1336622201004023
0.31668102967790035
0.4941054434793348
0.39930347438576297
0.47916836631657234
0.6968171434931073
0.3392807398778146
0.24967308966162371
0.9146381210733157
0.5762586000670725
0.6763707981572473
0.8319290299949027
0.09930822312590126
0.262990563005973
0.42252920792326054
0.20392696597401516
0.9989731840176165
0.5160393538507104
0.35397050704037847
0.3891390152683276
0.6249829730263164
0.6619168424833949
0.6171049865606684
0.23864278006847373
0.42256426526627966
0.1580945116860909
0.5748033038116542
0.4138617468684481
0.46157174287945835
0.6328351843804455
0.145292181559749
0.230810375735218
0.5368778816861686
0.11137355102213486
0.76090863431725
0.4278858145317659
0.5209608777232058
0.3503512722885118
0.8249174310269671
0.27178771180524164
0.8278522257829739
0.9455758912735724
0.07682247745186
0.7999366695141048
0.6454568377933836
0.15258766269341528
0.5900797465941524
0.41280032443516756
0.6723601829995861
0.16518146055578287
0.22084564734037593
0.47582591642239
0.45558849110532573
0.9339460495621055
0.20237143276392144
0.06821682537627294
0.06738974771658468
0.4750461460738794
0.23688100778358878
0.5245794716453526
0.7819545815684288
0.018887442967046364
0.8752456306230822
0.9555065640498044
0.6170977911539791
0.2789683575023215
0.1944957952422458
0.5044511725533406
0.0912729609948324
0.5831366792117364
0.7841873769649909
0.7007856147783159
0.3128937937497237
0.6026331301317185
0.8348651907544361
0.9027278293162609
0.5667878343619397
0.9387177432507371
0.6853440007035135
0.48885740325966376
0.8917095026647232
0.8823398853603983
0.5302536425344382
0.1532319235302224
0.7531909435882385
0.24922549385320591
0.11527118882602072
0.386654141083972
0.8076109258241709
0.3109201933510185
0.1546898784823273
0.9854284893942875
0.926213348964072
0.491740816195691
0.8944511323639323
0.2189856431505235
0.1019088243106171
0.6822514840664399
0.7134921625065418
0.10904209105526086
0.5970437856508825
0.7317949636965354
0.9072388685614027
0.1255010932878622
0.7069240325622203
0.9257736401010066
0.8292997264381249
0.4880903797078573
0.8117299638179333
0.02778934636785091
0.38089305835731346
0.1777709066287665
0.9685637607409979
0.7724137991232641
0.43226699849406525
0.7082404197396589
0.15571893139106496
0.5312773843141747
0.13634750162567477
0.6853940975811875
0.42286524597743513
0.24332641110496778
0.2520765675190352
0.1913940067378842
0.623693054247005
0.5995141844648693
0.533379651641346
0.07003805607765323
0.11166288450452289
0.9028544369459566
0.9594271835879824
0.2614081591967976
0.7648574422551437
0.9866806517187997
0.08283234925979088
0.43631643151687416
0.972535174134683
0.06711784705065704
0.05465327809125986
0.3148572377107809
0.7638354281543603
0.4301882470737636
0.9485449563213895
0.21841196002482632
0.08818766614787721
0.4096360291721065
0.8511319090039765
0.6007427319308635
0.367328024524359
0.198470340817535
0.8116503099347006
0.5313498375915008
0.8304282783960971
0.6553899288031354
0.15113366661531713
0.36305710201450825
0.8166941521036147
0.4166668427395761
0.8198936249951307
0.10582846726001371
0.18389102713150407
0.30473052398001754
0.46177361678286943
0.3501078266051584
0.19660703572216598
0.2366080201873748
0.5946295505265662
0.9355135480027152
0.7846646262209616
0.5785396589439029
0.8487186456243521
0.9445080217195988
0.8599439410809628
0.16750396985962246
0.5181537977750691
0.015701640556997076
0.4589821230129375
0.02604962245850584
0.7753073795693292
0.4177397155244157
0.8390648647128479
0.13374585532586947
0.7740254040811614
0.8022598111547856
0.29712774384803986
0.4867276665927156
0.5247388584187908
0.0631962551383135
0.403636597848237
0.07622518990035654
0.8630360579103786
0.2697472574504244
0.547717438854125
0.34763162079860543
0.05298648551247198
0.21160978888054205
0.1751586482385048
0.1635774631241722
