1207423
0.5674825714203582
0.6976254058222223
0.8675089339387954
0.2876431472707941
0.370093201683793
0.38277050126787115
0.45834679245963417
0.9297563979340188
0.586398784383115
0.5634625259134027
0.7118981446986749
0.9499843975368627
0.7975042804424215
0.07744334301468736
0.6995310929264199
0.9043449058037367
0.3144034403261834
0.17203947824760057
0.9012576036960855
0.23442495154091147
0.6990939667358216
0.9633889109869085
0.23222402547991572
0.5520091983002228
0.48681962580728333
0.8992621266945809
0.6482735695579983
0.15058465760892514
0.533542259872245
0.45939463014622484
0.7200155592289971
0.5875021446916346
0.6637228575785743
0.1797876947230005
0.5814379536356216
0.4237390682935168
0.3257179511978163
0.971222214432527
0.9569509164651138
0.982622252093131
0.7755733116976056
0.6172703066432395
0.5498510844789883
0.2945335002686533
0.9047244033746863
0.28337819192038083
0.9355475488573006
0.23153448444791047
0.20308895896606172
0.8461326425998407
0.24449201955960975
0.20401213760044823
0.5062639806872272
0.8606131359212817
0.3426076761447112
0.6908590360584743
0.11401565954695592
0.023769596717093222
0.9211121488240765
0.30536816931172306
0.586977803487759
0.06305635011464661
0.8929822008274237
0.06093455163736228
0.029450362743182246
0.08209038286955772
0.7599087771599322
0.9938214625228107
0.9484166244500716
0.5288920442600472
0.16144288896516656
0.32466176703125416
0.842373934174655
0.11730529785603949
0.6471346017200537
0.8960300079554588
0.5182995071928137
0.22848308547196916
0.8228182804074273
0.7103342041487158
0.76104955517127
0.5468632809749997
0.4137995700211884
0.010441065387603587
0.38671617199623753
0.9438489949089527
0.4605504942360732
0.4948616036728404
0.8999432687729828
0.9124466511432641
0.8166212508297187
0.9399888344417375
0.9449295774156603
0.17740399918691607
0.3538282511829144
0.7137930196617073
0.49082257990133316
0.45792921271008524
0.7963798982765001
0.40854415361154706
0.22443478877964973
0.743861739313293
0.9034530776376645
0.09454514785920054
0.9366895574338405
0.8612039844485478
0.7988347062922924
0.5025233881856732
0.7839304416059698
0.5492126476174601
0.6065946165057559
0.7792427745662046
0.1812048598356638
0.7487868546350803
0.1933572326399532
0.3290617194006241
0.741859081891295
0.31068029000028285
0.7405913017263084
0.6535770892580745
0.11625840937362886
0.8721022751380313
0.07443840767852994
0.032158107240404354
0.8021725646478591
0.2215631086613491
0.16595265698583683
0.34808835291762563
3.4350164546836925E-4
0.07435733467897876
0.9812252933999299
0.35819741488637125
0.3709788000936254
0.8148674975482693
0.9087196766036691
0.22827919426076493
0.11039042562666523
0.4269107190685012
0.3202439110157599
0.21225619982508037
0.11172615552901621
0.5296387872476441
0.4323391840462145
0.9399647054490393
0.09971561355794145
0.16404205666446936
0.526464429294885
0.8965987250506583
0.5365816905480805
0.733896049210337
0.7592086782001163
0.32626552750983895
0.7847428503612022
0.2950289540667147
0.24786457744387946
0.9727687938492099
0.48165940695726417
0.20807740778936068
0.8520477789282647
0.7826503131253691
0.33315289718310226
0.022436855217682572
0.0886483570418849
0.9386843713837327
0.5637549071165019
0.3429015688173397
0.9152527745881263
0.3664338389675126
0.07611721683843764
0.345529066175828
0.6962752388192119
0.16214057421530415
0.9662427389333427
0.5555523500594056
0.5263900328590762
0.22713671565544258
0.4172727294472346
0.47770227989704106
0.22745709015455606
0.7621279090226252
0.15179235183824846
0.6780920787306788
0.7579851426366379
0.17411337729504095
0.5610934126976109
0.9568543099915059
0.47827832455396657
0.3793714832167211
0.3495594560618407
0.32201024653342303
