773474
0.6997633620758031
0.44785429122640086
0.03331514603705843
0.5775903289161795
0.2135960943033467
0.02749771853559213
0.9145084040684299
0.4728136971849589
0.04149832249772323
0.011368749563502312
0.21607003790731405
0.524173611765137
0.4808762485256225
0.4662347746033537
0.9065225280276341
0.818564654935035
0.6266246750006531
0.9280544141203398
0.37038638945631086
0.33312719287667825
0.9436217958779705
0.7880529676695018
0.48695797022203335
0.5662725337676181
0.1367712197075055
0.6424601327697814
0.8687108393161809
0.5643926822886018
0.5195498101870798
0.15965123505064716
0.980297813612798
0.7500462455677315
0.3173706738774764
0.23034774434402272
0.6101084629011884
0.30995241829254416
0.8586731531793906
0.9096962061618378
0.6985625784524597
0.28491286499191826
0.4045023729449375
0.9344597999048487
0.8407975719802433
0.9188212701740143
0.4464431686711199
0.40421978909878276
0.8761332290650896
0.2702090191456704
0.6631241277682827
0.5523988057338564
0.8526750848354228
0.5673143046419233
0.3671097298255982
0.4010818709109988
0.3126430025522108
0.2964515229080713
0.19684946509669965
0.49302475940865953
0.28248896689198677
0.553496592781341
0.012454801293309337
0.8249041224835787
0.5715944494138725
0.7595928754983554
0.43942652669161686
0.5677768450855503
0.9843138580004782
0.44472142318733643
0.2710558009846076
0.15388123049612212
0.8323577966775345
0.4365686383135312
0.9880749956718295
0.8333257538808322
0.697986110584912
0.4571630714537691
0.9832349009387636
0.8598758528503315
0.7432067925561912
0.826042376686996
0.6888369902429259
0.051962860549750856
0.9861546603114457
0.6962505630382418
0.6968508277107959
0.5932035231772664
0.873048493405672
0.008254567199099894
0.13409846474337317
0.5861324168814307
0.16260379702934558
0.13690839341256222
0.00908887705664363
0.05351371885937295
0.6095032041566119
0.027881890797067266
0.9824373338393666
0.7935130004593257
0.1845042650892197
0.4725107989821221
0.02940611312007191
0.738173355431182
0.6009906232090961
0.0538129780791039
0.7609544202165437
0.23905474428404194
0.7312485745258187
0.21145560973876343
0.7487871912303832
0.009559093157150311
0.09047867863695414
0.8197467960321027
0.06024352355705531
0.29037808671913834
0.9425273619923076
0.6502638673486081
0.3504677819649049
0.17266433867092534
0.738551248250739
0.09952030137131807
0.2821570762285457
0.9129408429282472
0.5383025115699553
0.6021117686306439
0.7472813857626172
0.5044277521576022
0.7834508554855946
0.22107106548368516
0.35052321408695264
0.7313794639239901
0.29333359866866404
0.009700782851415068
0.8807859420481828
0.4261889417975776
0.6357527795322085
0.8729415333760562
0.04497103329348762
0.6734308448127765
0.08891368751725037
0.8213725698468366
0.5673264766381622
0.26067795478789446
0.2553267983369213
0.707231061214284
0.868019705085512
0.7628410475448589
0.014471023107158532
0.7593746889575116
0.926190124333447
0.26494473094741866
0.9082427719211912
0.4929019403690119
0.6055883013580572
0.877667083686896
0.24169255123096944
0.8591833756112822
0.6750094947982151
0.880634629032842
0.15127620269010034
0.8233456047081609
0.9910820104462859
0.5403777872502715
0.6438257553253233
0.9087899194317783
0.8275710092020847
0.39301663135610987
0.14167033035738918
0.6321154451188122
0.13321149910809138
0.05616063089757373
0.38281487041948736
0.16685643641895487
0.579184227879831
0.44016994194949466
0.6198106373863816
0.020732256635122348
0.6177012565593292
0.56584004617391
0.9369279256462852
0.9886475318274781
0.4147683270987699
0.06373571052878335
0.16246840453067757
0.15246886881483834
0.4430434306917149
0.8298139297221044
0.29153066816603845
0.23864433919294958
0.7248123486851971
0.24263999238157163
0.5542691700222324
0.21601982827885813
0.20045332760201062
0.8094145592301262
0.26566376780617185
0.6187466647220243
0.4643650304227004
0.10119396862597851
0.37504266493547345
0.7129627511116299
0.1581828088910513
0.36209981875883657
0.1970794819270043
0.29096984915628354
