1362520
0.640210759017348
0.2329779765510268
0.15071026453959002
0.572917281092059
0.16034775041065352
0.616881515991945
0.4583940382553451
0.4235426053171403
0.661387773917534
0.8319155011438735
0.6653663568042912
0.8503081894963306
0.5004261768965682
0.8463966090998744
0.5270119971528032
0.5393118101422868
0.838205052024776
0.5719433124366881
0.28220979453104045
0.006638649299865129
0.17958273697661864
0.9020278053844635
0.5814787691040444
0.7953608297959296
0.5649136365047985
0.4266839370312643
0.37098160130706026
0.032180033255299056
0.20997630435554104
0.528479699573493
0.8469177351564169
0.5727473939162225
0.9711894283310609
0.8705271774253854
0.18956544793140562
0.9109844400370607
0.873206660238311
0.12421671276628565
0.16220801943631147
0.005267351712984092
0.07758294299974489
0.15252602558342254
0.8174067938389175
0.18312630538001684
0.09405660320921738
0.7641691712627238
0.4915591603080014
0.32615058674943087
0.7400927306733946
0.5845143623780195
0.98840729212774
0.6080791459405652
0.33968564279414526
0.5511136298147393
0.3531391539834191
0.16159532626346573
0.9190185954915743
0.03485155837734477
0.920950389969118
0.18313388966519628
0.7044318240890031
0.6121338008843632
0.3874118712794583
0.15004696540005868
0.05725072370986972
0.06920119624141197
0.4927146559499307
0.020765011758254626
0.09037741499866281
0.30656824660145254
0.5378402095725489
0.5161279476840653
0.6031513555944977
0.4297494846873636
0.35793084808306586
0.8388504755485062
0.643835219536186
0.46185121735692436
0.5666112563185738
0.47812463584050513
0.9631846711495966
0.7942698913832255
0.8547391869808667
0.06765215183165774
0.8579114945958632
0.7036527564717119
0.8780395654175561
0.6179375727306123
0.4194517257701361
0.006440361942151029
0.8003028404761718
0.8274626489332089
0.0013016748562958425
0.19672440272320657
0.8723051282649892
0.5924014762926159
0.7972861878539066
0.2188190041761484
0.5213341959448906
0.28082480238569185
0.7834754718229141
0.36285660271882403
0.30218182039427244
0.8148809882759497
0.918067692113785
0.6398849251562779
0.7176897403501219
0.11323038976402655
0.4164071716865507
0.39235438096529074
0.3554129428050291
0.9860486473177209
0.12240828495225531
0.8265501821946982
0.0066902956251087
0.14620385018646975
0.483007735260366
0.6154371337541322
0.4353899890590561
0.6027511434030391
0.3988690811131832
0.7135490510078095
0.24582236235981247
0.33667773048708016
0.2724147109362598
0.04996914686602483
0.8627908772590716
0.823870316807454
0.9033626452257294
0.8211112650798688
0.9814772225508538
0.6665657046224011
0.4922963329550669
0.6919267851708746
0.970833874849559
0.3220849213102027
0.9043978672781107
0.3323248557916185
0.6213838598534047
0.6764397020537687
0.5183261214054762
0.36500888707106394
0.3168035373112593
4.396371282542333E-4
0.43932322561570325
0.9815954932024631
0.17839187870820294
0.6472172673394305
0.5909840060686811
0.1957963938211139
0.9825047918310628
0.7026273161069504
0.2167249457308793
0.9456080539082844
0.6832609948723362
0.683765425907559
0.6198404469858958
0.030867500802043923
0.18630164348104283
0.29589098187013285
0.5501360900000992
0.17819702529078496
0.6141127944392248
0.2043272602007331
0.5054797005256145
0.3622747556644481
0.6793964040203875
0.7554517090265884
0.358213064283911
0.8805317035484497
0.9402016840537417
0.5896776127240053
0.13921841325510265
0.5777901594505707
0.6490060773161626
0.12936844965028393
0.5165354498855086
0.048022742670950636
0.6276606176491875
0.9959138445156407
0.4907760723726109
0.6023245242460484
0.10109186855188534
0.5127365495294137
0.09618593735614367
0.2853559893953441
0.70487852986264
0.5847882369360031
0.44405311502518974
0.24692743404424344
0.9452981755483645
0.410130597718637
0.274265950268077
0.3310602134599482
0.23516500930133444
0.6754882409651568
