917053
0.2911734562365922
0.8317741592313825
0.25475733483958596
0.1151982699331402
0.9515038024985888
0.9830144670285732
0.7943590151567197
0.5717704391983376
0.04494714091259644
0.8995453572853659
0.4234162945635883
0.9863113979147708
0.3621112826195404
0.36630200297596116
0.30103771423123293
0.06835501332573302
0.9799099467034601
0.08560639438420004
0.19354155386633165
0.7471802324048806
0.2110450246482659
0.7348163443460736
0.29698153406928063
0.8904866642421099
0.062095680443742585
0.4613919491535635
0.7760585334279213
0.19133749693257474
0.1238289536350583
0.24802621860724605
0.025551948841723737
0.5705681889768609
0.1776977639812074
0.9174027108977189
0.5363817391609357
0.9193982373059071
0.44409403868315955
0.41430525448965505
0.9056379819166457
0.5157731607789112
0.3207761575888449
0.4022199005985049
0.9683918166349917
0.9880017436397542
0.6639914258096806
0.14223314757853345
0.24882794921628137
0.2705438345906678
0.15016594110024672
0.08394427056442966
0.9292158210243937
0.5993420340956448
0.022635607926455692
0.5912739912829045
0.3174624198423064
0.22788056778326093
0.5757438915350147
0.7504655717849193
0.35746712050796714
0.21019282698998976
0.057733339270806594
0.2632384570015295
0.07122485101413745
0.29332894544248655
0.2842091314852766
0.014968899002584357
0.9476007736301825
0.6893333190826378
0.14555516763205967
0.025935810678481053
0.19992606006696045
0.2555709522317605
0.3645341646782483
0.14308410372423352
0.5030410742241535
0.4022813300015504
0.31440512034043777
0.01042227820668451
0.29013875958613655
0.8675264173744002
0.44324275296552584
0.5680844691166588
0.9407373055712905
0.35223964632778193
0.8667455887275219
0.5732516947177745
0.22333847488689562
0.891870873615866
0.9896704370639876
0.41054099347011697
0.16980374919768237
0.756161983735529
0.5951328203650357
0.7651349129637066
0.1532071071688722
0.6148763323797599
0.7013644160693081
0.5688384687249488
0.31690075739178736
0.6848449595049794
0.6271200861428902
0.9974141218953091
0.6597551411794255
0.582480870109055
0.12977880413380138
0.19695969329367968
0.02101255486389797
0.6459520989219523
0.18428413265891663
0.8477584239833421
0.9279192599041993
0.5624935801604178
0.9564214801406982
0.635943849211852
0.7702783029604778
0.23887617102451164
0.7905314281876804
0.19648681493667208
0.048291029842737365
0.9868410758157398
0.5796088989438598
0.11542562871909356
0.5035326953508614
0.2603463316959632
0.7148406993198952
0.13492475790093406
0.7876333523323827
0.37776158468867715
0.9219849980486476
0.7916610434461215
0.9492122684221298
0.889685944881321
0.6835973650195789
0.3372009651788662
0.42684067975440576
0.5118532298722518
0.6189606800616605
0.9384463746493186
0.4242836431455882
0.8326276716853632
0.14767678987356203
0.8368900058609877
0.513999371710622
0.32588239654427875
0.9982297589158982
0.35733638393309464
0.06584993380472104
0.5525918694927174
0.639432253853136
0.3999076727827645
0.6302043762689604
0.8182587719260911
0.5105178874519672
0.32356813114296246
0.7180918309206956
0.9683346599000964
0.004743941964261977
0.9350648538568074
0.5157885145086952
0.4500829647619119
0.5217207492426582
0.6340966157270881
0.9471992435880012
0.24687181935983293
0.5452851416787696
0.6336864761177985
0.1546206354201871
0.7996733145660835
0.6265874287444827
0.5741484019847283
0.9069498520941021
0.5705849034789003
0.35616216758980423
0.779701453793202
0.6641288225323023
0.4744777297502779
0.8941057120500766
0.8686997350719613
0.027591148939686616
0.00741557260805048
0.39408383610550357
0.42161032049616765
0.08870495657525557
0.5342772766366096
0.7047451205663491
0.9352849878081568
0.750681596427074
0.8630547755344162
0.06121718098751616
0.34773633529265
0.44414692731075434
0.9295873510181926
0.08971410951731817
0.004542131418104334
0.7825479036164534
0.14403261735118056
0.33988534430704886
0.056166690585087165
0.6107946572761621
0.7091628786015806
0.7323877625877347
0.9249011671107964
0.5890138496518419
0.010615441657786495
