630771
0.7632640132500944
0.660789753125695
0.9230162231239735
5.138304780497593E-4
0.04206212403379206
0.7178218465513356
0.10405776801514499
0.34841631824274066
0.7572326577194877
0.9248349586511387
0.5527003043585467
0.017337209385518637
0.9601913580159923
0.19998710241469997
0.8750540814573025
0.8376250715217127
0.1385368125055747
0.8633211647917677
0.0344112526019672
0.5977717556551618
0.40926418195427106
0.23885813709822568
0.11725593510967924
0.1487642867521437
0.8044176217202386
0.6058201050989176
0.5298630186415664
0.027381744671350794
0.5444756071982582
0.45799767273792813
0.4001744590857125
0.14387733243951717
0.8988648967166466
0.46094100961378714
0.679368178236907
0.1507758937709769
0.2183504412633579
0.458567422364231
0.938511611218431
0.21205493281405408
0.9906500914539793
0.37394256543481463
0.1379182566858549
0.02576795157646905
0.31847463707959
0.8734062927928011
0.7103021386944354
0.11820612762730909
0.04829509635221563
0.21887870739015625
0.14355173468858162
0.6239849057321736
0.8884907870416816
0.8200952226238697
0.8749215272735698
0.9939803543131053
0.24713348556423553
0.6166843154146439
0.7156657790469231
0.3318292702796982
0.19251407827535205
0.5694152031986398
0.21361578232867862
0.3497465270151885
0.8936202602713434
0.22060697346169744
0.33092825210129373
0.25570154510408327
0.13312488024840774
0.49560458705183563
0.5652095006127447
0.23653548244758926
0.002046357851026137
0.6603913955407907
0.174445886980389
0.5853892714334962
0.683094228987527
0.6248219113340292
0.47964836756044693
0.9368521364766489
0.30881414088640236
0.5866223086324986
0.31384510060948745
0.5195288130772169
0.24099853549154415
0.348220646216604
0.562032442173886
0.8132634308180574
0.7594303668341743
0.5066324502257872
0.3939218307414878
0.5070460862189344
0.07087959633759688
0.11604184988383048
0.22979623763964563
0.19366845099076146
0.7533724276374469
0.3533817160987336
0.6995161760524949
0.8084825835169577
0.23610639053313998
0.1791313859940752
0.8556923844100313
0.4221569960867656
0.6819845612658989
0.978713646700763
0.6842686204468614
0.6311129674824273
0.6875946735549631
0.6942873946419721
0.5192342952997886
0.4543626462225585
0.5445600405365102
0.012395801847647103
0.31291374727337073
0.3417603330179704
0.416540800474152
0.7598448440669335
0.8392550142119134
0.6262167497922201
0.6777656612177194
0.7783498470089033
0.8147679042225007
0.5112154364396267
0.83182590086684
0.1979030255031834
0.6102376307909527
0.4750095775536155
0.8835647359358902
0.20947802755871014
0.6960667171558749
0.7941663112394546
0.7722468597614308
0.14960234903011005
0.21507427125405598
0.7416648943043783
0.4907948786340596
0.9524919511275254
0.10880926381512723
0.8985442624378407
0.8137299665518166
0.7998568020070242
0.03690929356733508
0.933134008914576
0.1355568680582323
0.104150153259845
0.9237647088037396
0.14819271193698536
0.7816839170952757
0.7979481075761532
0.34272330233701953
0.07381582914423923
0.2955707632624861
0.2703105527798064
0.10529768179785692
0.3927649686809739
0.6286482022879231
0.190388071477824
0.3613142448823181
0.5249090490678758
0.8636555372564085
0.8892041007067195
0.2356689081847938
0.2687572842751985
0.08739306914749811
0.9324551025076067
0.5283315109554769
6.026304557003037E-4
0.29548848374251857
0.010335900485581306
0.28646717291956336
0.06558348393737645
0.759627482577139
0.29481141721111015
0.12101972225903834
0.16001095180285974
0.11680078972706398
0.9704199320113068
0.984828746818531
0.70059715345332
0.5504711471800526
0.731607055707232
0.7553280969728899
0.4037599428185805
0.8251651936757188
0.6577539179820506
0.37210085526942294
0.5569680966927967
0.6088471141562799
0.026476854157107987
0.46804179976962346
0.754130123581098
0.4715323231632498
0.3064400999819029
0.4026050578064728
0.18831881339063805
0.183950801683467
0.7828368807491712
0.35659161701621056
