630804
0.9476631716441009
0.45667174344738404
0.011858708697494502
0.680157140881677
0.14402759998972614
0.05795214007735627
0.5748862944530524
0.9991980472655497
0.11913819707087125
0.32767412465143364
0.4087999627240203
0.6799994444350065
0.419104433032948
0.4650868265961
0.3257211706656339
0.1280059902736984
0.7058237153825015
0.6096706111399709
0.20366111959489475
0.05380220224280352
0.2825457238106871
0.6572928572917287
0.7289662455514092
0.27786665363756735
0.45091180387017527
0.9579257337168863
0.5021145997550623
0.8653898091966318
0.48807445392822957
0.5265488646652589
0.7803310859475562
0.3834225101116021
0.6350406771270505
0.16546014939579978
0.12365368476043581
0.8548486476458713
0.12117178795023509
0.9440704359793523
0.7354967781969085
0.5471517384337147
0.9148119809852192
0.8113593780088012
0.3444218029729066
0.07867225929645572
0.5863063524116844
0.7265202927845019
0.06073942671239552
0.4510284352044077
0.39720869053599395
0.5849249023598795
0.7597317624723646
0.5236005767554329
0.4882676871343863
0.3893891696143287
0.19269672699948814
0.1344547996813532
0.8288204106078935
0.5708236596279836
0.207681294632463
0.5418091427747742
0.4115096930600064
0.09770323515305979
0.17368391139080308
0.1111214821758224
0.028781971831159603
0.03039244718826828
0.9452708732007935
0.20510474071147233
0.8514109625183113
0.47421446914767984
0.47896514595488726
0.047452513980065
0.9443315618696337
0.46425330780936924
0.5184303436935589
0.9257835058183844
0.8013574212608189
0.17523009913814835
0.6023868183943655
0.47529083814868134
0.9578948437423691
0.9913962311307484
0.01736042480295985
0.9418080526415676
0.7495543544430636
0.3942375475310741
0.21677896675882802
0.26148086651366664
0.3246011443536131
0.3298852885320155
0.6585954601651867
0.5139595614786957
0.08947343215018178
0.7034810303431452
0.9755308194010629
0.8070042834218452
0.8691381279006352
0.9143447394639429
0.8851935492424604
0.9326212623167542
0.19784138196593093
0.8936460420728686
0.2717470908827819
0.19832529060637727
0.3208509106181644
0.9353810251874068
0.4264604282164336
0.6818495795785704
0.6840763488629448
0.721807964884463
0.5213909968078628
0.7836015956374424
0.9159922177934247
0.33609707623125895
0.008613251998135674
0.3583889663144414
0.5650782695393702
0.7278011334200098
0.7868203864200997
0.896417316012039
0.14602960656575936
0.05085512518684532
0.6577905811965479
0.19328702644454265
0.3692795622500088
0.5291646008742852
0.8071231869114802
0.6996941981855532
0.7809160648721896
0.021444458600758942
0.7868148220085419
0.27376581212735196
0.42386218358562777
0.25482070668037793
0.7516583571123059
0.37243725654981175
0.5462302112185728
0.7758100090108966
0.5071133111135577
0.8130058576068653
0.8290475842165613
0.027642892606194902
0.26320867116904656
0.11197113480272147
0.08309250249525668
0.6044983475472778
0.8572044499979453
0.06549894837254866
0.873365592702526
0.6560689197640223
0.6071516714422727
0.6743233766705999
0.0697633988454085
0.6199771346048897
0.889154864725511
0.7356261199295796
0.8938085433179314
0.9449156129582771
0.9930548206579164
0.425411109593974
0.6338300194647883
0.23398449215246675
0.8044141520413856
0.9771168328592553
0.8347769675672566
0.28555185856832443
0.38510124469826856
0.1256870079629856
0.4338873500998558
0.8380641987222779
0.5804332846833004
0.33104585572002565
0.009722964174095017
0.43558525968517814
0.36775234193512163
0.9209010171614407
0.039620454166588326
0.7224434463163103
0.7794729015112634
0.20002404833818688
0.8193976938783086
0.6482196738878581
0.8830533748199831
0.261634204194538
0.48919365139935733
0.5184087697012802
0.48100780119888153
0.7062390778497954
0.4306089275603803
0.5614391193346087
0.9059884909971253
0.7242605530576438
0.15285321280978448
0.699337207702827
0.5291339917571907
0.031002669824769624
0.6693952951930798
0.5071747306623706
0.3742912076980075
0.9559934953042417
0.28164960292015206
0.9255380611021577
0.536384234654628
0.5834602554713841
0.6325232162935986
0.15061076445976895
0.9391167545287725
0.21667304612448668
0.8701856019844523
0.268062224789115
