1228928
0.3353587263766541
0.5961196545050307
0.7712127942978171
0.6197861495424951
0.3529824648715477
0.23994989680823908
0.7122966446354515
0.5966350026673181
0.8195768189357545
0.9948547813393167
0.4509990057071489
0.5356475743457668
0.5613825737583467
0.3865227436859404
0.7785694021970526
0.6668685410497416
0.36495628061429697
0.6410406342037671
0.24163438447324015
0.6027105545086779
0.8144833963714667
0.3120851671683025
0.29460513136484623
0.691910586252507
0.27332619961665106
0.2934759646281335
0.44093952502038625
0.6704846443284759
0.3653055207006608
0.6226381547136577
0.14893376434006722
0.43368523273867243
0.9293798307473691
0.8877497751388664
0.5865074181064291
0.4258190488950647
0.5707989363569124
0.23982449938755512
0.5094853003727525
0.09888241967386113
0.612473703858674
0.980707945750207
0.9591682483958031
0.12632491234248033
0.4622175468085781
0.4489416968346728
0.7775243471394473
0.5748520881146736
0.15467900361140774
0.45767609984255186
0.3321205263844603
0.03503050177473088
0.10119921800772669
0.8522890731387311
0.25795452837344435
0.7905594810202409
0.8864918894699756
0.8500952111762229
0.46963510159395794
0.4664255697533328
0.28795763930908347
0.7005056695329294
0.17489859872232727
0.23775759516541295
0.5616084898039574
0.8612259061711025
0.1292380563343064
0.6040510925521914
0.4379922614081181
0.32455521993361847
0.9114607959862854
0.93753327459652
0.20217127626982356
0.9475780600578155
0.571279004601121
0.49979065961657587
0.6937225946512663
0.6410142927743164
0.6025774579764849
0.3873830813680691
0.05589284291807062
0.053721529272207524
0.8297907432526127
0.9150199125975156
0.587452946180308
0.9533197468482647
0.45986242669638655
0.2739750979251895
0.10646335661495898
0.8481345665447385
0.24854675768021472
0.913769899616432
0.8220741102318898
0.5216322506394653
0.4573531702277437
0.9867531768497989
0.828647829884038
0.05774623044311744
0.03622265577825501
0.36806110820978444
0.9859081124059585
0.6239713666498851
0.2570641077712693
0.21753959116962673
0.12947987763741153
0.7488285684099959
0.844567965371245
0.7855639308498356
0.2681021273433204
0.0812792556765719
0.5032533587963496
0.18129250409051967
0.6669576246141921
0.6518955183533978
0.623494301848967
0.11974211042447414
0.49097816981499165
0.46906852489811257
0.8643090664736647
0.24317456152845363
0.987648402644353
0.878264061962542
0.2569864529266419
0.47263553797039415
0.025744432794398864
0.4883109990526907
0.4511615088945139
0.9870886165197448
0.1746085378547796
0.6259345524549954
0.7337421861146832
0.8504381081269591
0.4079747309540601
0.2182234079537565
0.49112758783496246
0.010837119853882027
0.9470240101189579
0.7224458020818749
0.8564477206960897
0.3820275037939488
0.7192623925443835
0.2236063002389871
0.3860934093797054
0.9830611934580541
0.4029789181664535
0.10236188934994017
0.7435943047175344
0.6606027719227139
0.051454529104993596
0.7393923479619029
0.533941762230603
0.7471158389214066
0.8467573314879456
0.5670461744297486
0.6277428313416211
0.11858619684548222
0.6198731824284127
0.405060508384012
0.542130200564205
0.5070374243479745
0.39208527618744815
0.42437947525813235
0.7041422554413317
0.5959453256217635
0.34192967310728073
0.2715721405216215
0.7123264702079902
0.38075952194671114
0.28271883079826
0.8560781833768121
0.03360839460684739
0.5120919274780792
0.9475380167855888
0.05348517772674044
0.9250072904734433
0.8557337834399464
0.12178466943234134
0.11026877282650882
0.7535692405242185
0.30151371946822036
0.9377340975235594
0.8489030275509171
0.30292661201750815
0.9321117990388245
0.4512793039511399
0.8669749207226229
0.10118288060832248
0.023295260450651778
0.957906665562326
0.7999139499941486
0.282359906962921
0.9886439639653771
0.37313334017582267
0.37417340225919704
0.0024346252361669984
0.3046842403910359
0.40204626030217594
0.4161776077394471
0.9710305594948984
0.6564523488016525
0.15324672415345486
0.202075135229427
0.2311191796926555
0.0288595596359138
0.3144185057601211
0.5343147257397156
0.9216245629873971
0.23583294944503963
0.9999016436743704
0.7132876485681447
0.3916145232300946
0.42705713459287387
0.9050680804862355
