1054939
0.13575620358022855
0.6997999420537073
0.44124418629033924
0.45795909831017667
0.5965149998272499
0.22935337160646863
0.4852100107277618
0.2455593398179473
0.4957080724687878
0.8755969789147264
0.5096376170135891
0.11024516986828992
0.06145161725518966
0.022898788646209756
0.825258741666002
0.9613601681232061
0.38588831990188344
0.31715562522677254
0.9572871737846498
0.5275338931515325
0.5425262776559786
0.061529845540230665
0.47128859295684267
0.9872749420541659
0.3036919068037046
0.9156462160151871
0.5202732692631675
0.6585321405205
0.00915236042273282
0.46224410949578665
0.1606495963428224
0.7023332793198513
0.9504404397705836
0.12031990410848925
0.06377785123692425
0.10127350210361685
0.2301407006799161
0.8300825251768077
0.11021561821249559
0.010540461450028404
0.4313723389299817
0.9125849689722341
0.4953467428066093
0.947326984934519
0.589931353292628
0.515683537600491
0.3979390566745833
0.1838960038930726
0.9000301503111139
0.09801509796237207
0.9672755789440209
0.14022693916697804
0.30430043421494013
0.4739723999104065
0.3698571744693955
0.5340864183822459
0.6197009102915461
0.04519624838267755
0.9032754453597358
0.5395303550219716
0.13319825407805974
0.9778920304041663
0.7327060637574996
0.22925873777072525
0.6645662780720882
0.2503180915084965
0.6345747018706055
0.13190797587001513
0.9383750818536829
0.6910814590934583
0.24229918132405615
0.822280632202955
0.7332179488635436
0.35641620737712576
0.6806128652351219
0.08067519974000747
0.6834508205485417
0.8534085038459782
0.14782599575338218
0.3068938581860212
0.7971955331242181
0.506171545597136
0.9594832646150085
0.5551693562187376
0.7240846719951854
0.5832625748260266
0.8022274094406786
0.7681666980652666
0.5572022282672319
0.157173253921724
0.4632802626746919
0.5313791745701109
0.48590119935487175
0.5505139269083419
0.09880408559135079
0.9436522283253891
0.929655281912024
0.7385509949576349
0.18350773312526947
0.005233231203918054
0.8778290208597996
0.5240458920812848
0.6442138736882802
0.2616583945962119
0.036226908375218914
0.7778833817459644
0.32170461007636986
0.30995318487262724
0.0385083124425617
0.5477657633134344
0.8280147988536035
0.17303587496759842
0.4190324861118915
0.377288347112575
0.07044410314497418
0.47887811833944205
0.2634233900329509
0.7490013610886116
0.19890948821039278
0.8428906706175945
0.4541216605494972
0.16760190616108195
0.49986271405955873
0.8451664878001012
0.21041667582986867
0.033188678411906425
0.8078477008364653
0.518626921070536
0.18592912787143856
0.11955167069853001
0.334875179322052
0.31978170822902285
0.7312402522732457
0.1687575833376621
0.42814291637210766
0.14072668192352666
0.05534108927098491
0.8408311204812964
0.6582317801397696
0.03916764496426706
0.9268012558696563
0.01612138460392465
0.8127593583012976
0.012672825459696502
0.2440336222412941
0.23798111673121314
0.8245741963438843
0.3240203004722415
0.27375742635524725
0.9046767104330893
0.3989256975408506
0.596421049478006
0.6077393980065078
0.6719846255565419
0.12064602513162959
0.1405619889583669
0.9201188174805032
0.41171988606286236
0.12023165589488283
0.749827788057358
0.42109868618586466
0.9864812335853397
0.9568145511307262
0.5057242058082394
0.49751239468240116
0.04718595459346442
0.23636367305263162
0.9724395401982043
0.4067512769614804
0.03750747559991541
0.6250595682482658
0.5276452982609913
0.04776526515815638
0.5981168917936442
0.34063623666663567
0.4760505814227617
0.7713252990946403
0.6036693404130773
0.9085859366600858
0.022889568982481845
0.9114629899346286
0.1367649582857532
0.9554745400004135
0.14643480524502406
0.22097910957583677
0.8056530120277732
0.07821574245809859
0.9017935985650551
0.6761394461539103
0.9462374789821271
0.3760053125518058
0.7126583094143972
0.17915301556436203
0.4139804283876626
