939296
0.06071664645405994
0.763346381368591
0.5317541154744593
0.8675896562947001
0.6719117340102772
0.6903785558005291
0.6791863114986914
0.6739155582980292
0.81422243121827
0.39100938110455363
0.6311131699507492
0.8222710289872621
0.007708673457314963
0.9155368156807101
0.6544565633968218
0.5264279564728311
0.1959021018836945
0.09088273549931492
0.30289089439247474
0.5138324141602835
0.6915946633571233
0.7348497963526414
0.5986970330097328
0.3541195792436843
0.8570337956631592
0.06362400701109816
0.2149072428715777
0.5627993242173284
0.6130368576973261
0.16950697456943098
0.8191484958443012
0.6310212495232209
0.9506396842467516
0.2515253885618567
0.8353180460263885
0.578618137509436
0.9792449591437865
0.6184794954667133
0.7552020386228327
0.10516507393358743
0.6868382357857905
0.35215626044733006
0.7893741511188909
0.9225811262652016
0.5106907445488666
0.917847497754877
0.08518836748922254
0.3928388952187166
0.02106984926714539
0.9399764634942106
0.959405467602018
0.16563698558138185
0.5058291513254918
0.8225513438666882
0.5939708905317425
0.11342914990636421
0.010352533458070412
0.8873273559910165
0.42568665463840405
0.49499267650911716
0.43517726345370056
0.22697381699896935
0.023997860063308507
0.9437584453065437
0.6227233377515291
0.5262064441446975
0.5958400433478926
0.5734131152518849
0.9749075396116564
0.6907588456950073
0.3824703986449707
0.22082389053622276
0.03502231885088547
0.24223196068557395
0.12043277609438074
0.6051247822805965
0.6401113614274798
0.08627340812441797
0.4272824915056006
0.9718425627121402
0.704174832580323
0.4422035911545694
0.44242374813872254
0.612229701425567
0.4278893412014241
0.43411872059952406
0.30438916584649345
0.5005104931788943
0.7471287931988352
0.08666570014359476
0.0781170582967895
0.17553585530018867
0.1304243702372082
0.24309707191233254
0.5592592302565017
0.9083810855275853
0.4146027565593773
0.22887926447362295
0.9772780382171471
0.14371027104919998
0.2281940482977043
0.9210403856794235
0.995068593560741
0.18026959614132154
0.6938015812497289
0.25160870911912425
0.5600680230250643
0.0646613866687652
0.5234783486639224
0.07290680522361226
0.10029066298835532
0.7125895964734521
0.32525529308865897
0.7431298901162994
0.2784544023338926
0.34305626878958384
0.9243190475537832
0.7525518227639545
0.018339982543414957
0.4135279062338054
0.7689380188726537
0.20386560652829744
0.7997518386990475
0.3778796721498531
0.039086988446457305
0.9845796290447624
0.28192521658366065
0.753964132755634
0.9048227116043455
0.025054773946148634
0.15995122976853382
0.18394075751846484
0.49181353870540767
0.12268167456178158
0.7847680045696177
0.3980410598493832
0.5030284809438382
0.4308615596422082
0.48449238316163323
0.2512336759842968
0.11844249531042983
0.8608679024493607
0.7133436653289233
0.2922922076805008
0.7487160052449094
0.32533055970078095
0.1241369132744703
0.6460586186829411
0.4541585959261498
0.9639975920326961
0.4113002842489717
0.3422327548233415
0.35688821889689315
0.23559471312349334
0.3035973811981414
0.6078091896994431
0.17194892937017758
0.03401568289091872
0.3992119903793657
0.05532003226967219
0.062251609773193994
0.7927415936498261
0.6305791496952156
0.14533270866897352
0.3825535879728903
0.8783007659264643
0.022323351738051223
0.7791900264129942
0.5192951342427207
0.4417448562467624
0.06289092226623161
0.38676930826458833
0.9559616398252063
0.2965314681032636
0.4489403307241763
0.41407592942383165
0.8977424794259611
0.32186678448176853
0.1812805798130307
0.6867765001492234
0.27460880065922744
0.352476754247519
0.992124809887933
0.7283150026738522
0.7085341213584435
0.5089382910499682
0.865652172171838
0.7450450671304982
0.07843305472146378
0.44711719294857155
0.9773483162249429
0.6558502014058988
0.6454954824380098
0.06092259334120875
0.7223206407700323
0.24001285823792928
