598750
0.4007823667736553
0.5332002012201511
0.3863266048268993
0.03745780146780808
0.734420156093064
0.45353260750269286
0.2300693214542343
0.3167208483914469
0.7568064787775944
0.8441951634524645
0.8593133808586175
0.9878329131485521
0.05202153758816053
0.610609615363547
0.27307037685902447
0.6341742426603113
0.881419313304881
0.7862629766621003
0.0670219037367682
0.751751951691895
0.30325058074392697
0.015437536083270698
0.09631391118391097
0.7837262482173281
0.3729600610360049
0.032607567496505285
0.25566163957232557
0.7874833672349205
0.079705837558668
0.17417824373102597
0.4507701505654702
0.9579180912512268
0.08187564923537549
0.21703051023948583
0.5079272368392409
0.38000337610991275
0.4928514168829864
0.128375111169435
0.7227268857712515
0.0643888077696737
0.9379996555516198
0.6327082392846528
0.9842332155564789
0.5316828674918008
0.8548421426238695
0.8541999998602979
0.9274961681544913
0.9542392301130703
0.5405878560859266
0.6766357673241017
0.365181827815902
0.13868007740380017
0.7646833675198722
0.8780703319896839
0.3281821111790658
0.4380546827343492
0.858766224023151
0.5436430538382531
0.4054196870899155
0.019444829146498366
0.07238129789766234
0.737541534544195
0.7146658214943364
0.7809925830534352
0.6400478097933001
0.9238905745294235
0.7590402575941986
0.6117410519117613
0.44374041870238357
0.16638198153832628
0.6279640535089549
0.6183412512284584
0.37457474374121225
0.7077499755147301
0.4866875999737563
0.4045935778123859
0.4984641945870697
0.13273608910317136
0.06511749968457337
0.48295611720180454
0.9127415166005625
0.9519762958656751
0.9045182634219411
0.4215653106906849
0.7442150328565352
0.1092822500521391
0.44976515403633277
0.3859798449299292
0.08385599481684791
0.6110779477838161
0.6851773388988697
0.3217715343467302
0.7792902726468445
0.20429137439264156
0.903561026139526
0.1422520033614757
0.913494095047489
0.7877907070318704
0.37094472164327696
0.9350369990640248
0.48656980615617274
0.03249284905928873
0.1035892929520199
0.38181528836035983
0.28720471644472545
0.5065619103602412
0.7092082905482265
0.2976024572157834
0.19139219316570977
0.45465363118348556
0.2609343222140239
0.43892402199591196
0.15822096680815745
0.263951224307021
0.4704198514290432
0.5047868456231345
0.006015150337901898
0.5647771466139361
0.005561662185373573
0.5599613000973886
0.6468339310353207
0.859854100155074
0.6586902015766021
0.9470110478409448
0.8333166730336538
0.5538279836744313
0.2126663495255272
0.12167120739893722
0.6290853830355944
0.26345428687483463
0.2751797959236869
0.7455899630338034
0.7523933789409427
0.3288887036961381
0.055644801439797
0.8011121955008457
0.6624355181724789
0.517811568990487
0.04444079852284766
0.4546987475626387
0.7587117128582783
0.016655093586893877
0.8208463533243726
0.8887377822028407
0.3460620999489603
0.9369910490440971
0.7638673349395975
0.34591972497650847
0.08146901170739229
0.7301759957102066
0.2692609986063004
0.18601104741487484
0.46344710545157886
0.09964005963897993
0.18640967710531353
0.8417759273875838
0.5508199424587196
0.22774403288588663
0.580299235548782
0.17895918105871444
0.5049073601254673
0.39291930040835044
0.5967089154633625
0.9146580097930259
0.7376252151865115
0.3428434308402347
0.16282068947666783
0.4290738801629356
0.4177251048349452
0.11069394961441681
0.49080837894403606
0.5175500905398451
0.8383783149051371
0.31406130807177635
0.8685672587303134
0.37296457327095633
0.681535097540641
0.3598916213954476
0.019597813709434364
0.3629615798714053
0.5279667297203217
0.3938685088005973
0.3931574602532566
0.9721701129025203
0.05662414039366892
0.2789326724968082
0.10614685687536574
0.6164704975976003
0.25292403734506574
0.3651763415166892
0.899798013694527
0.9045354299005225
0.6027994781156357
0.322139871064533
0.3970837788984951
0.32128494694659293
0.6878287538192907
0.8445754105540696
0.15086897485259476
0.23855948330758525
0.8164825172585495
0.6140331176019416
0.45817603828639286
