503659
0.6202290279511057
0.32750664175907895
0.5011629702613106
0.6825385840016419
0.7821204557118946
0.9836835299024456
0.627415761281288
0.8742686446704573
0.09155913472083743
0.4376922851170071
0.5698646688202751
0.8075643261916774
0.5469849374886353
0.09651423096905498
0.6891585816905631
0.16373671743716844
0.7650172105266362
0.8368065309218937
0.2881573869551751
0.4814360039847302
0.020506699699247788
0.9308941236773287
0.06758788234988977
0.6676084371233253
0.6345269870043903
0.2315057465404894
0.13509910563897898
0.3170176251924459
0.18592197043820002
0.13310692862443785
0.6453837437258899
0.823514694814335
0.7339396100409149
0.07865950038001424
0.0015722025654771876
0.28284389862674064
0.48264695595052665
0.4128632964918676
0.43189480012207604
0.48462156969598236
0.09223467119921291
0.19641257732116424
0.6706462232527398
0.8702278200538716
0.14798411152789737
0.19052630612474042
0.4187759085486126
0.19370212626326289
0.13458335271919486
0.596987720733656
0.23696684692124448
0.7643355064420279
0.6316434026953666
0.2961555829055358
0.5328545151559552
0.5725033707640635
0.3456792653669801
0.26388543704702605
0.34407654912002206
0.30438469363757614
0.024484681716954837
0.5680266956325347
0.6901326759315789
0.23656516385508042
0.26174394793918454
0.8461368896503036
0.36857413572951636
0.2681228096909034
0.6928875316909244
0.4482818232863507
0.20483014236353336
0.8956468023878849
0.10761276415750964
0.4922664043577881
0.9300184342476673
0.7657412848361522
0.5601548597250913
0.9233679550141014
0.05737565503455033
0.5499178661368546
0.6453075026583662
0.29661963556629267
0.3554831754268829
0.2783819879940487
0.72635627108807
0.406919113903484
0.775251818597538
0.9420695117734565
0.05050233223426026
0.08071358006495788
0.9776689844677598
0.12639232414224866
0.36801787090524385
0.41273848789669765
0.9306005446339961
0.6755022958085363
0.8832888443369673
0.48226512092234786
0.3954784792065147
0.9024850835880782
0.10906433903084145
0.11553704037286272
0.5084948456281182
0.6587470440832304
0.4696466934381931
0.5745537147172264
0.07596138542920672
0.6549591975084831
0.3044196191911067
0.14708464021107215
0.6497834077645707
0.7862748271784119
0.2600262303594195
0.48877504609875677
0.9265352420666179
0.8561380048821252
0.9276728801432301
0.2254301274005336
0.5224141951692923
0.015852343256449353
0.9814488717568313
0.7620414790093613
0.7163883456325513
0.44118084990231365
0.004215322535225607
0.46484628695471086
0.32514325253098386
0.25259893906854336
0.6495321596665676
0.38368579327985575
0.47597108035412017
0.45242463734744987
0.7812545264643241
0.46415651227437305
0.6775351300859835
0.6999015482896793
0.7568451127351644
0.7625245053166734
0.25348179906904933
0.07441123205289957
0.07611260632306449
0.5210986613298816
0.9001608222327169
0.5873438896731681
0.20400047286314082
0.08773671769841007
0.8572537515158482
0.09475735231271432
0.4942142495324615
0.5703830581709792
0.9389000833426736
0.43580594341649415
0.7898901119882695
0.8060151018753091
0.46294893451923613
0.07602279120104893
0.45817079399272453
0.6931004784105367
0.9372536171533242
0.2698900705821832
0.32746961414061904
0.18764495133833725
0.2144654277519028
0.7737336528946027
0.23936700944677292
0.29513643789116883
0.7105719809581913
0.4378302335496652
0.7014984986615816
0.20416793180321213
0.19746440994995074
0.5857163262272204
0.43345637250857205
0.30224822667820805
0.6261072299707091
0.9490401682517832
0.43464227108232945
0.1902862348080342
0.4144229200742032
0.06789911352597966
0.5711712993858613
0.9694606425094943
0.6427934650742506
0.48945704812830926
0.5783425067835917
0.012664081644848224
0.6401188637685277
0.8017370208930641
0.8058547593486469
0.15243685839488996
0.5146628383261806
0.5248368854308926
0.9948612060862595
0.7182820977592745
0.28645433705794
0.1484166205321671
0.8691190102667139
0.13848071377210658
0.41180273984405713
