874415
0.15215768082057468
0.3469058866650331
0.885001362977501
0.6555236260766075
0.6749967520540483
0.7360383486541086
0.3848265286356236
0.46276111532261144
0.6092868872672658
0.36124125705384424
0.14699323138948384
0.20983199202142
0.28764171258966387
0.6912815931921025
0.7618727672981889
0.9723054068416316
0.6030691321370908
0.18269418300442986
0.6176908396285572
0.7385716969787927
0.3571027249972377
0.7375907992878179
0.1490157927627147
0.3184421481697649
0.8659908007299006
0.8849577979173708
0.1829192094895835
0.5488613872709521
0.37160440104691794
0.5380124675324103
0.48074007561695997
0.7826026401691396
0.6015772686906673
0.4546012232378107
0.8868595432508797
0.06085504410021114
0.9022921751339009
0.3332874530433443
0.5906208376584913
0.8169018045610466
0.7286796324262156
0.8146911747182627
0.8835043717728911
0.43562678950083267
0.916396985819413
0.5258056820924645
0.4508956804268295
0.5023756491081619
0.08480644927952963
0.7044316447692384
0.6762596082242656
0.11473797344383052
0.723273516026558
0.8715322480828493
0.655261201202017
0.20210430091251974
0.9986574930552796
0.4812276909309471
0.6183499365402999
0.40039256933398504
0.08846830644332437
0.47131079211047155
0.24255103488780094
0.6631263314573589
0.8920151633086749
0.1615800794803418
0.8966834906068635
0.4550870280729369
0.3009736580789871
0.002950613513783562
0.20895151060318407
0.07105095011244378
0.8211502783198097
0.2672165385352808
0.4718324544404485
0.34966129593047446
0.22882419731974568
0.8855038999349913
0.3064110261244126
0.8112741846117532
0.11789810623244279
0.29286618340556625
0.6967855170057088
0.038656811121750456
0.6481915202409301
0.31713879958981483
0.9748996493761162
0.9407052303423663
0.5405610439044124
0.8620832187299143
0.5871284915661706
0.3918877596494481
0.3811341098965837
0.3780152542607227
0.5061750724654119
0.6239094818342121
0.5947943865444959
0.887526174674816
0.9653096516076687
0.6611322919277242
0.027157861387368643
0.639569352963343
0.7867110772804013
0.03757409301338299
0.9346311282963354
0.3020990872081474
0.9516454897331607
0.010849287842954136
0.3237441774596027
0.9716127150191026
0.21744482441138446
0.49720275097203337
0.0038020952832097388
0.17736054444736038
0.5247236080306668
0.9918273792186864
0.42100137921830694
0.48865293815527977
0.6579994149888637
0.809945502366984
0.3275079696724632
0.29560722516195137
0.12385888589724292
0.08667242083686089
0.6055962084425581
0.826841702321911
0.49303762741473145
0.10747033955179441
0.1147989772821485
0.49203794828758585
0.5162589856202217
0.7060394707821849
0.25912097982151094
0.19295631897757493
0.16840331583361345
0.6627822439933907
0.08171887924508003
0.33340446465080487
0.40155566207359616
0.2645157320320428
0.08605331606157496
0.8768214133910421
0.7947066777945693
0.4448964611332399
0.655369435133629
0.9495554493459469
0.47635797408368297
0.2150605980152217
0.8964643594592391
0.16857664146952434
0.6660095575751535
0.4152719650144777
0.9690512702552977
0.08427972479753476
0.9314838414701972
0.1709090081926664
0.4786315509744219
0.872197061605284
0.7912671490802342
0.8199112982391115
0.30863788821711124
0.6818550313887293
0.6045259782616529
0.49384459165967376
0.3467128166225746
0.856671921490309
0.7861823169416359
0.9810334384807036
0.9203388434252504
0.5757086662617436
0.26040851943134824
0.977748499348937
0.3986377381303554
0.33624863685300466
0.7231286985653245
0.3422253928289183
0.3400081515162906
0.09559618051094887
0.7225907516324612
0.5063305890983628
0.7693723614085864
0.8211478338253151
0.7867989175109149
0.770979223345399
