718509
0.6541544664765335
0.6597044032205017
0.8275739300023892
0.8139486480962356
0.4147138083831786
0.9301558072111361
0.8332341827089252
0.372520436075359
0.3528092291056628
0.6680849602154818
0.4253676734712424
0.7284227416507456
0.21077093595580398
0.5065007804544901
0.19989150704301006
0.3188343102344837
0.6844088312934755
0.26382469753940063
0.8985719429963673
0.5247498736075545
0.6042871852832584
0.728418969401036
0.364404648439244
0.4467960476614602
0.6728473509432071
0.7783591253730081
0.9227312218176817
0.26862624852809314
0.09896208121413153
0.15581702191590263
0.29969528266117074
0.6293113118051546
0.20685574554800867
0.927335195549708
0.4406166562865357
0.2786826711295507
0.11292741331301748
0.904436693890386
0.6230904736997839
0.1733731033919771
0.8618641859139646
0.07342962524005703
0.07309284341810518
0.08633957588712804
0.9925346253661095
0.38892837095340027
0.8871027348903192
0.7489416389000014
0.36450338078330713
0.12252907251007827
0.43922529939151855
0.5221880642151212
0.21760921383041354
0.32623940817893515
0.6095289478106999
0.6025530076220283
0.8599013428832174
0.8696783092706393
0.10828488536578484
0.8078029131361845
0.08332893779190476
0.9407238300501805
0.8905243501371275
0.05956316168544851
0.3919319463427676
0.8612028239824941
0.15630545580372524
0.7818941042186951
0.39388160364196
0.5623792214105415
0.7143079265668874
0.568933484197671
0.256571152308691
0.08941187297436992
0.5498509684190735
0.6397029037467923
0.953059025871714
0.05961761243252728
0.2831553618297947
0.7944639459925924
0.1385176326821419
0.08628840528811788
0.8296483879941726
0.814548841737337
0.8869432773709605
0.7979760765760241
0.9813358228431256
0.5063804165218364
0.19123364645539187
0.23257205127166125
0.8167424518200775
0.8804337474282358
0.08384127183770129
0.06617352419197275
0.8166489003948139
0.27718225112494743
0.4705626378003047
0.34864144337156866
0.3138287854686854
0.6046093304134064
0.28662442498431395
0.16092016325160208
0.4372177911452422
0.23565611672524034
0.3820797903671439
0.883602096598889
0.02442130998883474
0.5290142638831513
0.6226291465737999
0.571885357348595
0.07119528130040631
0.3829629455952931
0.052331597163624455
0.2689859755590428
0.16251060059934386
0.7094871026830271
0.6062746343006002
0.9582305983235019
0.9870382625694942
0.22470362906149277
0.7841210455512119
0.25346943000482436
0.4753690262122262
0.49166149183887153
0.8995543101453085
0.8581136887362248
0.3220076919369458
0.7228700353178198
0.005994215958258664
0.2850151117132488
0.6521592181003409
0.45244964808379184
0.3655569604358345
0.32257021823653786
0.3765496290044875
0.8215875220118258
0.3760850503091735
0.25684471110748885
0.34100198761535994
0.8860203986714217
0.200173942596091
0.9151789282473674
0.7222139867617269
0.05055531170615102
0.9504740962197952
0.1836482679856689
0.24715993579650652
0.46317836350827646
0.17714857196882128
0.7689168180427958
0.7207671734331823
0.9600907146140226
0.5762177072866833
0.6244368873271793
0.034993016336977045
0.943049886886683
0.2916242677604757
0.6416106089872597
0.30215474717027335
0.3916836486684666
0.919203930203592
0.91844438357028
0.006342481013016266
0.06598268483072223
0.3373472511197918
0.16139051687545025
0.09897040279717917
0.837967716995157
0.7869912982625187
0.5504847960903669
0.7779990592606236
0.006564970798853098
0.20268039674972516
0.7035528224795156
0.28508768805057005
0.39601404697947384
0.6567868290278175
0.21217156004298898
0.43091207667634623
0.015670392456306192
0.9205844110439979
0.5902373467052685
0.7161103885425116
0.06785402433782495
0.5687191849704516
0.37540479101325075
0.8537953417753905
0.1304353096707176
0.7577223942555281
0.5543260447925166
0.21929819495338243
0.4121374020552848
0.7945639430513831
0.4445328774176236
0.25378646853060716
0.08107421745286747
0.8778443545687784
0.6589692059408264
0.1306235693323633
0.8008318058408964
