1036677
0.942076343445308
0.8035946826376049
0.05681553108080706
0.7734399557547033
0.3646075900222554
0.11414513751971389
0.4266162526489852
0.7848701234132698
0.40508842614083396
0.3250484688748638
0.6703394424604793
0.9762347259133503
0.6389895583072632
0.6816599916079263
0.048651710452904506
0.3226517769160815
0.3195265291053351
0.15639400116950397
0.8310983784224644
0.09177827998180721
0.5564490982350777
0.6099936204713875
0.2673394893988158
0.8753043285232056
0.4355054383523913
0.8510938467135352
0.5105504072376544
0.13923945919722025
0.7189925111399361
0.2903979771634403
0.1846681018686347
0.622611500489468
0.5656554690738524
0.16020039495640936
0.6006404602787588
0.329237321167565
0.787300701286136
0.07565417882495895
0.7215624636019263
0.30351405225617256
0.5198386117122418
0.05109451677716481
0.8525602885599458
0.8587182480944675
0.8280735482705107
0.9528944731964801
0.6885100470812959
0.43508961821913295
0.6864103127081816
0.769742410571777
0.7911551451586263
0.8050151042496378
0.981747866950768
0.011895456887924483
0.7869123790807447
0.9139178221084898
0.6701826438189463
0.012876739794771552
0.5776337865371278
0.24799482757206814
0.9857451055392165
0.9002486890605115
0.6388175906382914
0.2537367492363042
0.647245511699211
0.5265083341322209
0.04323800207710182
0.9992005757575336
0.33840512994178784
0.7068150416158574
0.1926908490265382
0.9632974278373339
0.34680214592783976
0.697174685505046
0.3665277209520261
0.5668947595534825
0.13876214812433074
0.9648689071951172
0.10287844703770799
0.8183221697909847
0.8201747199596603
0.9523315185303264
0.11693822602561554
0.23590937420349745
0.8873195174668543
0.7163387476441918
0.9304220289795426
0.03147307177255654
0.40713687217728856
0.03629371879360466
0.6372656058578868
0.3912094476643545
0.7829788257860263
0.8285498881810253
0.2628792576898118
0.5742372349269323
0.5597290336760138
0.47813175699885757
0.9877365051201131
0.46407627731018
0.3012805179778263
0.004876151679720664
0.10080693257924433
0.15463454962741274
0.4337129499772008
0.817930004107828
0.9243187440846701
0.12981653451705533
0.0891114366089153
0.1807064245720149
0.1085630790774692
0.6046545810611027
0.40782157897469873
0.4078130382824864
0.6339289494473951
0.6359035139617978
0.4610360790220458
0.2461323091965858
0.5770840567446821
0.6813287970843266
0.9409606405510054
0.8541463163905768
0.19919323815723922
0.38945661447884516
0.032407617286907886
0.2867633489775042
0.19629304996142927
0.5353439811854802
0.4275181864321915
0.4173174077455606
0.015417491391605198
0.18296563378278186
0.27441489496586835
0.7840758397012717
0.9847961896249031
0.3511038096062754
0.9609381453433669
0.9355040957856893
0.6324234168143441
0.687165896845204
0.02622176740096327
0.4667016164162098
0.9745224387961433
0.9121441299849835
0.1657144430016937
0.08883534419784411
0.743906377461258
0.08997040535269207
0.24935499204102174
0.7540631048951234
0.4979635875840831
0.0958086001976648
0.5079617339651137
0.07035187277512744
0.29697159517201477
0.010365512322327741
0.5594968045472817
0.9837607068100378
0.17567073607999584
0.5510908878626652
0.7447189350918619
0.9801720340400398
0.9445048633755153
0.06617609323468421
0.32083860326321256
0.8641188597139976
0.9516631710440268
0.06354951548966103
0.42214212662015715
0.5092697284716479
0.31303383325523537
0.7246067252113095
0.33815198954561665
0.8432972507606584
0.7744062759276842
0.3612017231018858
0.5827427051493355
0.7292701760284457
0.8087363880811922
0.3144649126518556
0.4317331171561434
0.33637289195730924
0.7710143277799127
0.3653027536877874
0.09182718316846483
0.05467021475009015
0.9342522069879622
0.3289726696921972
0.430377171904996
0.001799945663989888
