1226988
0.4499152996884319
0.7433733152368335
0.26078317592868094
0.34358230537943657
0.11621984439398136
0.5133933744350925
0.20176529998899395
0.19748870331721025
0.49856235130823523
0.5921486066600142
0.6375801278280976
0.43960997141732805
0.2565345678587224
0.31167512465831493
0.8873766397743235
0.4078851540284032
0.42854203633613774
0.984099242591704
0.29291542954466987
0.1272853785793301
0.1185323976699606
0.1296674719909161
0.6562799031442552
0.0613270578559576
0.6393313127419876
0.13267287469478128
0.04668850591693807
0.3952111318345629
0.01337295706351449
0.9212405991558558
0.30536353817296347
0.5054171345139409
0.6342518717822347
0.05776907978426615
0.7903298200744128
0.900685070285518
0.9997325467938635
0.5257948724873833
0.2759692729318981
0.5335164771649239
0.8444664319052031
0.585908227837916
0.4435654344936091
0.08432881118113822
0.7363584767241751
0.01010052842223752
0.8792537820777889
0.6397186471586682
0.363529610738224
0.1202652605473502
0.28732927125309315
0.16536134322522622
0.9273938539401563
0.6586156225681878
0.6651751990003381
0.704908113552653
0.7664479136610294
0.47205947073356713
0.22435457026092476
0.9068425076378607
0.22240836421095778
0.5379909655056194
0.3674543703068197
0.6241614434049263
0.5837973826158328
0.591867306155216
0.30468344619334686
0.8039406489734697
0.7766891453971616
0.06990037653892944
0.659770309990839
0.21893482833487476
0.8251380540912633
0.5774636063696275
0.5283744626638303
0.9453381073530338
0.2290425086387078
0.662886631949314
0.5518828674898703
0.24620599993567815
0.3674436867588037
0.4611836896246292
0.22438280535013932
0.7991271529723952
0.5147173574478654
0.8543657432920632
0.9936694466878011
0.1359992769882007
0.49825016161206137
0.10437076773024778
0.7638088905329997
0.3135060081611766
0.8332797756044273
0.28916679136144063
0.8210456177170705
0.8962411665641591
0.224589284472417
0.594074172802422
0.04505719239699946
0.34083573392098776
0.15096007944290035
0.43131720434389587
0.8249658656976744
0.15615827033563034
0.26857940196258523
0.5851651424066856
0.6382410564430407
0.153490147046641
0.3671235452407339
0.7835180296269276
0.2682816416967948
0.28601417328936274
0.3717008009595604
0.7325040804101882
0.7240741099158265
0.49031875668777924
0.842773242897068
0.2450185913252927
0.1119282269175712
0.772615991304368
0.13723136242175016
0.297399745752871
0.5689075106529454
0.5994705074572915
0.1584441186812542
0.2161559918241529
0.7774613419435473
0.2499720741201038
0.29063827051944513
0.6202836296613954
0.19046896339763908
0.7997449648603785
0.31014464841219813
0.17058794274473732
0.4382654233083274
0.7012802135238279
0.4796221831683727
0.09228156189527026
0.1933716247052879
0.37723413678675244
0.9284920206371712
0.5828484688668861
0.3358815994614145
0.9718081856634798
0.4880121465309999
0.2578340738645688
0.028643483399444336
0.40721189656684664
0.7707551609397141
0.8606754082251116
0.14305322512381047
0.23233027144421692
0.7180257400250015
0.47382968183602714
0.5940060117172704
0.7751424643410729
0.1300202424159489
0.9445359940165146
0.8481275310868777
0.6309264433806601
0.343992084960407
0.8865948202041181
0.9951912660920204
0.8387912124671277
0.022264070030450167
0.9965557919209165
0.15351384108245403
0.6330514544761179
0.874369939498562
0.5514738171809334
0.5940865798206642
0.1888131832076808
0.8198025301728578
0.8919648319462058
0.09690770738770838
0.5016917830281966
0.4907092120734484
0.9829123591075234
0.8188679348184531
0.4965917216369854
0.2761968461207862
0.5804178768738645
0.5879652542657415
0.8277041817184655
0.8142380830427587
0.12746255191087008
0.8633938191511263
0.7400038995907579
0.7591878759167433
0.24043460006463824
0.07340111191904697
0.017528921650052598
0.549644561119417
0.6566252589571859
0.20390499713188404
0.6576979796643875
0.9594638414512688
0.005085583533003812
0.5686830151833648
0.1673974913255748
0.9688078255558611
0.5170895362651408
0.9232303742649227
0.4367475762596932
0.19875493535693456
0.8102046510326137
0.013561413433895497
0.9584525666349666
0.691187672217979
0.3400742048474573
0.061789038486646186
0.06646408690122196
0.9876118253830412
0.35289028228150277
