750059
0.22374331775751022
0.5312432011100742
0.8689492737132419
0.13590916504122696
0.5468856234525822
0.8850393910530294
0.7954030881890708
0.40814044194815924
0.5258449542938927
0.6113534747963247
0.8991760403074128
0.5510094905711085
0.5576228039601208
0.5110178471385082
0.572198575721739
0.5916148271225105
0.25475926937159876
0.6758906968358523
0.6243622688785561
0.056321028454208166
0.8213416611739318
0.160900157913198
0.4488908960519503
0.4735606638764408
0.9471270583759401
0.4393152714144303
0.30869359068276625
0.15739734755281398
0.5883466002326183
0.2595748459995155
0.9799402492437584
0.15818880299292715
0.11074500207812832
0.43641063425905235
0.7109001882239105
0.2870207201083398
0.7251712567998873
0.08281930627708878
0.2655486068071835
0.12193883469358702
0.879530242449887
0.28856133508203263
0.34774586166978705
0.24527145881351187
0.6706109901056119
0.5532002631199431
0.19015523377559473
0.8138479909439406
0.9022883157949546
0.6346001074102138
0.497067405541034
0.5412726452254201
0.13764000323222358
0.28628220724591236
0.5975637327672829
0.9513622981210155
0.24977468216940946
0.3028310788838333
0.31187702478984936
0.8759855830245985
0.7239595595354308
0.6875321104097847
0.4879543579556911
0.24696920510047027
0.8511206201759445
0.5188851908893897
0.8503409136028423
0.33957718103886225
0.2719838393804971
0.32042934545985113
0.46783703830988976
0.0025064974649908756
0.38226316835278995
0.024853484703906137
0.8593059693120987
0.6654290593742637
0.8597326340622774
0.8205805168197696
0.17698142782978699
0.5598697915027006
0.7956631747627892
0.31551628595380143
0.8458748950631556
0.6837231647782175
0.24583993728333597
0.7701581968452874
0.2337352021950021
0.8893954523856737
0.13335664957434878
0.1201017596717685
0.4194208771423156
0.2512457432512395
0.4013497031183735
0.8174402840355485
0.4196295828810298
0.10708977213253534
0.38926592348648437
0.6975053214536218
0.2826310337587661
0.30435008619979953
0.1897455346587037
0.807396215343205
0.049154038476936
0.49454157329428505
0.27563298768123123
0.9429520773332607
0.6655493006003402
0.19080868637140325
0.6921611762794485
0.16933887258161984
0.8986101821265425
0.41983725558112894
0.30863637127928656
0.7778164155048503
0.7477932726663131
0.92812452836859
0.12957324815593596
0.4364332654014633
0.17624660640090672
0.25600973885919676
0.5710724332045841
0.21981154409135462
0.021524145928897065
0.7943271574169318
0.4109486155377928
0.26123452153860693
0.017698533055812926
0.9799224352170297
0.477710227605768
0.49160083121885
0.1711903347930489
0.35705512447180376
0.31516236324060665
0.9808663502485095
0.6016703530880931
0.9166721372770106
0.02732947752999748
0.12645803084215734
0.42767588900597175
0.21975245890626594
0.886666292679507
0.21605178299598804
0.8905285605560974
0.42705955807033713
0.20169913188725808
0.4271953118980595
0.5781117409627923
0.6884061726470778
0.9164836651735219
0.13392066323686158
0.6258439369140175
0.6525487821397263
0.7238947399880972
0.7307599262283674
0.5774057284906474
0.2568197439591735
0.7583588457577243
0.7796585931207848
0.06313892175373192
0.2933752593310903
0.4950381520022976
0.17639164875133884
0.7741099634860917
0.5997184773815389
0.5524678761763706
0.38232892659824713
0.5883347955510637
0.17376367369644752
0.2749256763459208
0.9112120516922969
0.9800628868712146
0.560486720311524
0.4111714996481397
0.4687725768928974
0.9521618403809284
0.14395270321904552
0.47375619594189333
0.19726193652822588
0.8439455344051924
0.2729472917077117
0.6434644891813315
0.7427273218003018
0.595479970075638
0.6111323025663883
0.43477099203836866
0.5343261867833099
0.9067664504738856
0.8748913564823441
0.49553227278737366
0.8964309686135223
0.6364739137171764
0.26961209255968843
0.29517391418316585
0.8616567841642498
0.3345099027389652
0.5689698766458098
0.6836048842850376
0.09683119372616389
0.8470383555324461
0.5686988199895272
0.33322739364169396
0.1883026333255895
0.5344780133796109
0.30316434264422487
0.0602384432669365
0.19042088727808149
0.5809541217265323
0.5353898259183223
0.14532613762357915
0.21228847937587325
0.31233384549055476
0.986228834119313
