1803218
0.5210866632274271
0.4490188075839958
0.9336895479658457
0.5827924102655507
0.6150971114508477
0.3538176987171635
0.10980952707953784
0.9449280526258602
0.4558675864540376
0.5158906828742303
0.9307128204627708
0.198340070642529
0.22089703384918635
0.24730985384021165
0.5986306848816412
0.986721020192341
0.5163481519433974
0.003146093776615122
0.9711916464499025
0.9847608734939923
0.8430449719523639
0.42123465145599925
0.3070162616355475
0.4632047200537863
0.4567966151374391
0.1651277572123827
0.7055382328042256
0.6313989985975013
0.4671577091582747
0.4778290928739979
0.024530197606239867
0.8821475799572059
0.8273484055173767
0.5078491001893125
0.6391484866657786
0.5881779708766138
0.05376698292247484
0.3994020030208141
0.10105201858769686
0.3907951242545783
0.25063314414337756
0.40748975238546414
0.651910112361949
0.16385096887216843
0.47702781895665536
0.09097316278645173
0.9723523720963415
0.6336482968270974
0.889780933233912
0.6942048991584908
0.32708693420016444
0.8248422491356455
0.2782569404429809
0.5641281441300247
0.16035716619274631
0.466640639196954
0.6498424582710605
0.5834523445786619
0.08564095199181088
0.30568858300943125
0.350379004588913
0.09204244961808183
0.31681879864635465
0.9810377436264928
0.6616298206825943
0.566240730788489
0.6446565681823703
0.6706871077365074
0.17606354659096712
0.825965524046338
0.12838930043068075
0.5214249295280705
0.21757645777474988
0.618074497842207
0.26403949484277556
0.0579594437763189
0.6083714637243552
0.03777230781288743
0.07305355385926071
0.8578591784326632
0.2981190214041747
0.05745229054037648
0.6088982184629775
0.4019221352214706
0.7082192620625667
0.7397533315612109
0.8754448624516707
0.5698578442732353
0.5846887676544544
0.9009743825509435
0.7300734941702219
0.2346306106032091
0.3906266662306416
0.7509839152367299
0.8890306197381184
0.05298138096773741
0.969536253159964
0.25315445455101915
0.0019199865166129593
0.2243075769298728
0.5808209531597474
0.1435439195336753
0.12374073127858565
0.9502746316857836
0.7706550681232106
0.4899863360897905
0.18660387293245861
0.7191469591984048
0.6967596547502655
0.387000662653761
0.39521887216515006
0.28454271120262375
0.33750665726805074
0.20644517941737361
0.8091013309561595
0.05708982444591304
0.2079019525735365
0.9163323073576506
0.21031178206886925
0.11926967155404578
0.29608666103615533
0.02448074667756439
0.9221582488952415
0.9531963452844191
0.8444790354410354
0.9568080849311256
0.24410789150841838
0.42307989755623976
0.2645182893275947
0.6614918852193423
0.7102587812517739
4.4187237633808163E-4
0.25697105566485956
0.6167579453119612
0.032709097597640624
0.33292342340781433
0.42624215232039486
0.052003346635130066
0.5054768640966706
0.9938587981318106
0.6104413444690047
2.748534429118932E-4
0.1025760434940366
0.7971978588047813
0.8105419893019864
0.6143401524243299
0.13785742498392906
0.9040559605230046
0.6083538615384948
0.7164245135186299
0.15922816609981982
0.568301615400143
0.01874791843496193
0.4085592009106266
0.8836749798347053
0.9016911042063803
0.47569489922288266
0.5272406471177253
0.32761170896945313
0.7201117491609383
0.0988964531353631
0.9994448197876566
0.0722986075317753
0.5242348621472124
0.09324029975751469
0.47313090263009006
0.11455840986897692
0.5723590141167286
0.34807896087557366
0.7179645883902416
0.9292749993109325
0.2677167573574395
0.8175955765610151
0.9637611471440469
0.7467880582318016
0.08030824432404882
0.1895047939194633
0.5461932917886362
0.8450791338055476
0.1779206878569547
0.5692053206308959
0.6408134037190422
0.45966991671856006
0.06427401461278615
0.4228494796873662
0.3525689165673698
0.2929805121569675
0.21285048441181076
0.39827178884277803
0.33705109700032776
0.33793065878771344
0.8569650642144538
0.6276327999295449
0.0314374355299053
0.5295364413261223
0.0228297504490792
0.39726356361558146
0.11348055142143698
