1425453
0.6861532858107575
0.21172160373886606
0.02243172238914437
0.7371201233118185
0.8357223882117086
0.1471475284118866
0.5926267776483227
0.8511548682032277
0.5685922624998597
0.22770333452760838
0.3088298035238688
0.9477911435136814
0.15857220944203376
0.4874032183240834
0.2833356378519265
0.97362762323281
0.629672230630443
0.9045175478159916
0.8758862975009297
0.8587115302268049
0.9324748490917351
0.6239303780822069
0.7954971388051534
0.24268958540836494
0.5219918979716927
0.2365039580928432
0.38242091763435715
0.6859436691879338
0.5733556969755175
0.8145553572636398
0.8713686277406943
0.7324846575296228
0.8006333291685428
0.3548084960570276
0.23183899322391588
0.8056335053453714
0.7200410094414136
0.1906485353370463
0.14823370982781114
0.469780922049036
0.16829648252649232
0.8787543469266889
0.08233778544965864
0.7606902195658928
0.3583289521141282
0.5813547381631898
0.4961305215630417
0.2848906186648642
0.24683304312545074
0.7398065500086085
0.7609920507267374
0.9161934830026706
0.7192983197752985
0.5114117665986391
0.30023207562025966
0.7841928007841579
0.4847401839176755
0.8361708036739055
0.7340150341791669
0.6743656695008042
0.3572802183486973
0.07164592487898946
0.9127862503346698
0.07962919957096226
0.28569926613742846
0.4805946265117841
0.11309155926689851
0.34228458704393305
0.49874945253114156
0.8572865307252748
0.5798458532531479
0.24765668721626943
0.9950843726815454
0.12403845223846632
0.6387580084106902
0.8980122462438724
0.8355865366512263
0.11952076226154129
0.7684996089747359
0.5805678581510028
0.3719950761389146
0.8173662458342739
0.9227552807366753
0.6590633811501736
0.44073742622086665
0.5662895808324075
0.728093082985793
0.4685064252357457
0.6843536664978089
0.09903183503754576
0.48790371934613364
0.6555100989666001
0.7570960221798714
0.0721927724784015
0.4466921255773373
0.9032927001850976
0.2867710248128805
0.23354556438643626
0.6916743708839502
0.6047105298475015
0.76326619495927
0.31714664013323435
0.8550905928887899
0.8354745737029973
0.11014355336070436
0.761417493329209
0.8537510402003726
0.1354934829737704
0.27121775137600057
0.14650454613350816
0.640464675475936
0.5576004697066005
0.04617580907724783
0.31182364002927776
0.06439426182532426
0.5751720370114833
0.5505390128335993
0.32150241311098493
0.7064682486750209
0.6632903857334143
0.5504180177814413
0.14986474217679824
0.41403892642208195
0.733710266114558
0.4790646679354279
0.8667747502593518
0.46649393776753867
0.0036342192942748763
0.8111297904574453
0.11838757441699777
0.8186490850518351
0.5878113749859754
0.9995387428269972
0.7268131406173501
0.09664213231105045
0.11263208489812626
0.6504153769864767
0.020393061610720742
0.9019455261043264
0.3017640625135072
0.12660702885393582
0.16078711508856003
0.36219678751419204
0.2424563069948783
0.3327208343073649
0.17561200576438796
0.49781871319945203
0.38995400216105425
0.7002852821546368
0.4280556188899164
0.062086839014070305
0.23228051751750822
0.393808993485383
0.5124198237640094
0.3942749136622642
0.20673733685777862
0.5589531109826907
0.1460493462586051
0.9882804632000846
0.5964431888824147
0.9777210164181604
0.26092321209003033
0.3367272131063491
0.5893106880821175
0.1120889515241269
0.1569105085769006
0.1890052658538508
0.27283281490479483
0.4871082107055149
0.3916049754242449
0.12366381789661296
0.6781518137952868
0.2953578561610428
0.07788863214615771
0.5267445146672424
0.08642312310708022
0.2840389091982185
0.316781348900944
0.10903210953543963
0.5938599853779677
0.7882784151401447
0.07249496609021466
0.9901161354004087
0.0403572491362062
0.656718807706386
0.8578159408127152
0.8425570567222789
0.5471781432139634
0.8439959963476547
0.00502048057824811
0.136276841099904
0.6069723702719239
0.16446359034820224
0.9629377992744947
0.39844088431408575
0.5977347004950315
0.7316451089628973
0.7447532419014538
0.33293181739629496
0.27914437877400344
0.2827797137175725
0.20403284315054748
0.48859193724750904
0.2556116182464441
0.16741619066216162
0.47833036633581616
0.10653497409026469
