768500
0.16036059233446642
0.26044649407737497
0.6141581190334316
0.2859195113701185
0.43538824553783984
0.13031453069347043
0.6295612417546022
0.3742961185670003
0.1784912690303061
0.7780246685354839
0.5346149779498583
0.2929839771142395
0.42802086533456607
0.6969736637548024
0.198482242068599
0.5415142242475314
0.7102222352883267
0.08317122567644997
0.9178772834060114
0.8374408384275659
0.8863792476965636
0.016378946099619762
0.9172022082940731
0.30776262484840433
0.6228897704539753
0.5021636905063053
0.3564167190713301
0.474663609641508
0.7052897723710818
0.9652922522756512
0.9088708066945469
0.5914655775199665
0.05959630125639859
0.4093580862583366
0.42773017763307986
0.7115186094315448
0.8417186150670833
0.87430900780136
0.7108081128074129
0.8702874532147683
0.44065738662081055
0.5054765587067634
0.006078272200520596
0.7236837075971658
0.12447616184796417
0.31669528277916237
0.573091375871529
0.6455466467968493
0.1679501472572541
0.1440225059119017
0.006144818997748214
0.16195441674509548
0.11539475471758198
0.9541927897601893
0.5535901735204843
0.05592473127828823
0.35769540875621086
0.5498777104422524
0.4522317814924828
0.05947972224983422
0.5376830683791651
0.5683186491210518
0.3587966171249162
0.7497950717658225
0.32864198563186175
0.25594457951983685
0.9442083590275744
0.9278672015807234
0.07788281500286887
0.328735429579573
0.22634548181191516
0.7795085782881227
0.4568749414195399
0.9756273932912009
0.9533203835454129
0.41012119343248277
0.41930690983291596
0.9287181992995696
0.8708537867415254
0.4465009807424326
0.33466104800592344
0.8705397369429734
0.31009345306767655
0.8164304989912745
0.2966795525495296
0.9574458224361726
0.8425105463111968
0.44509114464357913
0.012472853179725574
0.8439683333142161
0.5328809973350105
0.8043793380754996
0.6706142559580341
0.0092167066124631
0.252676185306951
0.35697630960400106
0.20616846269114486
0.2403744769608196
0.7632188381390306
0.46845704175337155
0.5994094352600013
0.7579637949807251
0.2629409386866822
0.4884871252095989
0.9800364338324553
0.0786225817846119
0.8337926018085117
0.5415864603992838
0.18521737276071648
0.5703212567548787
0.32607579036039924
0.7567462063473784
0.6314916881345758
0.6090031032098685
0.33273497026317733
0.3944349744163006
0.9457801852470732
0.8631200743874748
0.7193152997125891
0.30550302709304455
0.3214116327591595
0.5186289194512658
0.030932350331703384
0.9619890230224135
0.6600356469937095
0.5074197262403627
0.8664760147535546
0.5093827410041192
0.8633825538286288
0.7531766092903657
0.8223705221396969
0.8220955103544514
0.34948146542569625
0.8357273372996367
0.48923263789444305
0.7616025413956488
0.4875904238094101
0.9663458876295692
0.4192323555361004
0.3008702092096601
0.1877018640711886
0.20199497354916573
0.44884725975478323
0.17363029871977353
0.3711717131509056
0.8166773742752933
0.7275936134160272
0.5075765339742212
0.8803551995853073
0.5829779623871226
0.5532392674813771
0.06521661158552217
0.5061462281977118
0.24634723014551596
0.9835900829167681
0.7035521792996866
0.031742452983063774
0.7236495968645347
0.009926577914357693
0.8606142888070589
0.5218726667539674
0.2859320578208637
0.20003680562889237
0.611959737965489
0.012197313582431035
0.012495597588380813
0.26471320288115774
0.6019883154673671
0.2093911268968739
0.012444371846446534
0.03323778930268906
0.200057143335289
0.3269377021052562
0.008545206601082267
0.42536183027968155
0.9355622544959223
0.043132017281375834
0.8657566776957923
0.4841557234782802
0.7101971118273728
0.6414083754213827
0.8681523681683518
0.647655612590279
0.30287102318532677
0.10795474618737066
0.14566450666977748
0.8997676685785372
0.7937730694497291
0.8052476299382836
0.07243246281990401
0.040653026136756254
0.25249539143711
