1007659
0.45333172087274864
0.743739347305793
0.04469682218101889
0.6604841075930893
0.5961402835349047
0.26836789863882293
0.9372460021614875
0.9911393605915774
0.27125641813316104
0.3942695681884333
0.30126061372827806
0.9980831578313446
0.18020685513094614
0.6044930619013207
0.8782750783869302
0.5607053233691548
0.7099059181919991
0.2881489525716251
0.1642712374494032
0.3667435996816132
0.39785018784129944
0.927887090605201
0.5910692934333993
0.35131525808825714
0.7900100893648193
0.3825836047414576
0.6158715730211805
0.1550026813916936
0.018204957750021733
0.5960791166471086
0.72991429808197
0.22741420153361358
0.7793404873486056
0.05758284319025575
0.018161108147692784
0.45029429152941647
0.30897298144102936
0.4314225587383186
0.3924727885663729
0.6717482250067612
0.5867521282731921
0.8740950278619338
0.15146890880799724
0.41152422723408033
0.02409641783008687
0.795604396788573
0.761505909679912
0.06792516733487208
0.3230755010983152
0.27439465450698286
0.014623170880502245
0.3696569853633659
0.35202259265422764
0.26816244409478274
0.5506375393452977
0.0755835114706428
0.07424429971337632
0.5576408224875776
0.2612883646008016
0.425153119274593
0.7306497732251894
0.2554943878608046
0.33255834549827756
0.48312289445153256
0.9979041745752024
0.2949737908373947
0.8739233676206748
0.09278231875725185
0.05533875880100392
0.9650087217664465
0.708300140119854
0.11935549159610492
0.29305493837443375
0.8629368709926138
0.8321679397935206
0.9399106069465186
0.11967470049533968
0.601620298194712
0.6290389478660632
0.027638180331543638
0.9302498671990946
0.36415964742596973
0.6825815613080776
0.7763785612870744
0.4997929937326189
0.4536621687166025
0.18457298599866678
0.8513878231549742
0.8430197106908431
0.7868375850921917
0.6774711451267983
0.2687725152066356
0.11668620598528956
0.9863237097487172
0.5428583138731942
0.9390652471101555
0.4818676051724058
0.04265152909056036
0.9629532940361019
0.8094282429170313
0.6416410348627911
0.4123652427920875
0.9603402749574679
0.3986794112844526
0.6444549988938919
0.10787410363643313
0.646221610832037
0.2988091545381335
0.43031319234426046
0.05800769566091024
0.011619537716560213
0.018739961904793878
0.8718186850019649
0.3976503567206433
0.3459411574961718
0.49210249210885393
0.99186742245609
0.6909885969479805
0.13597167861100534
0.9033658634564217
0.048239790456376275
0.06251020781162453
0.3312121816680135
0.3590147202435039
0.48245837732737495
0.953377554737243
0.9242604485651864
0.7651128941873534
0.10464941582668175
0.29596341993826913
0.9307706184926203
0.6401034449081789
0.45913210627058454
0.8115980720650801
0.254190565248804
0.2677590612142169
0.3546533546665135
0.3309271972565545
0.44779297764307424
0.08085453902676598
0.8956196102564874
0.7043966790354834
0.5703240680408489
0.8962808694521718
0.24682896160246903
0.40426112339343334
0.5168733470859104
0.9997676432129046
0.3933560792255061
0.32591422046130836
0.4359644535593067
0.09051098451985384
0.3018402127176456
0.5666879942092876
0.08145144629654755
0.5885137311374601
0.7501003295193454
0.10780869483227273
0.20877735308813405
0.2686036022227348
0.17591763193165144
0.883377186678035
0.6881798372842203
0.988963365711043
0.6259112700554821
0.5674532107132626
0.7733735647811472
0.18229302491427446
0.9727619246392901
0.5513075888457838
0.6824734347792298
0.022476726443670825
0.2544950731860247
0.2447270783656863
0.595405675606996
0.019345051576595607
0.18008411726175866
0.19636031496513007
0.49433687037880536
0.9493393526546691
0.34360665769060184
0.7532902186089651
0.8433958963278558
0.9510234989017643
