2665265
0.6268506809661449
0.00826018352749891
0.6905742582768188
0.6815430913032137
0.35230163260377867
0.31687707982666735
0.9344602411668035
0.4257910781978079
0.025475346063142723
0.762164924065722
0.4580339841101274
0.5516707816596687
0.136177649453752
0.09959309522096405
0.6237154056045747
0.729171581851412
0.8466380305944955
0.07453091395050715
0.21014995430216665
0.39207767098223467
0.7550209639148108
0.9578794996202241
0.06279574223115947
0.16001123526785221
0.6706947438490561
0.011773893230699106
0.5608324579832245
0.7321967936412626
0.8043592744410604
0.5538851941637425
0.42766943281877845
0.013171872171457877
0.42802863715262296
0.34888228555968803
0.36605920019166915
0.4947267359130284
0.48630370375890397
0.2210470591391379
0.6489821546563143
0.9388896340498556
0.040502849666036345
0.43920291461541683
0.033730901883159636
0.7153531135708429
0.4901471701004283
0.7052628738662234
0.01499973350239403
0.2987731963921715
0.1042668029710162
0.07372646250744097
0.34325040370897353
0.2895450561869817
0.9900836399433524
0.06444388890900732
0.1063536227168349
0.8396768530503301
0.6565776663595586
0.8344694271351073
0.5060177692823176
0.7424714666678983
0.7461625900242234
0.10139266359767463
0.752995078900918
0.8619453404404626
0.8704099146022061
0.978708367710058
0.2399973085733681
0.4476808458980346
0.30304958404616344
0.1512319997781678
0.6218894129159298
0.5654723161142078
0.6205603047179316
0.07866206121090424
0.6196502932489752
0.7434106067512896
0.4762791784886776
0.05823068357333505
0.7754138509177415
0.9101205050519203
0.7680796698626863
0.3680537971646659
0.2054517013871443
0.7156329044706211
0.32746018222509077
0.176505582831038
0.4554214197106867
0.0328689791046749
0.499275888036426
0.6870700067719665
0.45876276383284453
0.11067462487057378
0.8304587791128695
0.3807393733901988
0.7818788793607981
0.28662020972457636
0.6735310873737466
0.3846129064730459
0.8366361667120207
0.27168390591227576
0.5384649864539215
0.8160589873276624
0.20435789242643898
0.010569464957677854
0.9766965058064153
0.9226552283015896
0.0031210509923286223
0.9967127212170046
0.8893818165752286
0.017985246145830636
0.8887381221661593
0.6134925559168223
0.4659263181152361
0.7404820867991985
0.5378429164223643
0.9200389034531007
0.6256574085626246
0.5641189268655936
0.6181091129865002
0.6574573531130811
0.2899245229882128
0.7596824985388275
0.8641022842941969
0.5362552149954458
0.6794415571905746
0.16102894542273294
0.5455135959419294
0.719284849870263
0.8369567019727081
0.23151812048344478
0.9380782205579602
0.8094352285069554
0.18615845089793437
0.7444146904370614
0.8637962180617286
0.6927698292297431
0.5584233644815495
0.573823256523776
0.6474506586330139
0.31220144669915717
0.6767004575380027
0.5407413191597041
0.9148443905541964
0.6605908850834028
0.4111186204552617
0.12338789174253617
0.5041681107034192
0.04202103428379844
0.39281462107659204
0.5207789341911158
0.4450377753588346
0.687194717977446
0.39944906448700557
0.6419847346791944
0.6643548856469625
0.3123360465892935
0.06261421648834109
0.7930888221128966
0.42107317852143755
0.8258417520734529
0.16983136331773308
0.9099113615489632
0.2114749472424302
0.39836710086429294
0.15463184285468612
0.43585372738781836
0.9203573407503142
0.19327623019562912
0.037955517433081565
0.5404374853285026
0.7262300446435171
0.15778538412000886
0.7190562789847182
0.4324577010391888
0.07917047875888861
0.14236510522356138
0.7777581801458159
0.5876475908906031
0.3717252347832912
0.5015515236307222
0.7586215324682638
0.2926060725450641
0.8941248589360399
0.12284024807400284
0.006432127465868631
0.8095781415583437
0.43186302031037727
0.0591630019619811
0.8305995658510352
0.10226965273175703
0.32703677704645107
0.13268001422489417
0.8955160244865654
0.721869091364528
0.19806660750092198
0.7247804082428035
0.5630738636283784
