917389
0.07036717425459871
0.6505412704797089
0.6940431923172343
0.25150588394997175
0.5618252386514321
0.9282741475639792
0.33829260995338084
0.9876499822743302
0.8919842696034238
0.18945356368867028
0.3226044351301621
0.5195941599574542
0.4777864014642552
0.35534098551597604
0.39156694448537743
0.5172828695362114
0.02322613934110096
0.78477863859873
0.7849362344954134
0.9154076191560315
0.12351476177231269
0.22969312252474505
0.2850804712188407
0.3300464927874385
0.46746190137072263
0.07142228386769456
0.4759371425137582
0.3651905236415789
0.7911553381042203
0.6178770551150923
0.3093380240961494
0.7711929601870593
0.6075593750043673
0.9307865120671314
0.8409614857581793
0.34103354265255104
0.10152734347940329
0.7679213818234445
0.47123201849847995
0.2782430140800133
0.7453794286111083
0.32083531793390874
0.7853469914402481
0.7614627328986099
0.8933894961926625
0.49776200059888864
0.7602527138876807
0.8343028339871467
0.2805471832413705
0.3370790320417075
0.24278607962636845
0.5578029891918611
0.9458172716915538
0.16760638820954266
0.5138918946599004
0.9039212192179373
0.6931364737116104
0.3882260642535791
0.6846889612142711
0.547661871196982
0.18051742650699
0.23738195343157653
0.403346090970478
0.3557460579864954
0.25416291347922904
0.8309425335783398
0.20374868307535576
0.12037467977846616
0.6403348527027497
0.8879663911802052
0.05008134821981303
0.37775443155358146
0.41683952252165857
0.6910240905644431
0.33066367166503374
0.3088235274955927
0.6479830913722489
0.7792672656290043
0.28206987933567707
0.07489791057515349
0.6479381534825112
0.5887805982873895
0.3682631306731109
0.37084138266753996
0.9821166464703707
0.059267734313580456
0.6368776309794297
0.51844059370033
0.4583711852654727
0.09594545819574551
0.6989805841047464
0.6570780560093461
0.10152445096694995
0.8368112351375562
0.887423878845252
0.7571493678759033
0.9333842437825024
0.6960565620631306
0.43733680967346433
0.8392228714425299
0.28111732833740444
0.4099555774380391
0.9321089359762965
0.20852594739245844
0.07131581563901923
0.6044218935165353
0.5562655971165889
0.1934774523095093
0.8805327132108344
0.4412414006108438
0.7068336766355872
0.01003016278849389
0.6036702825881635
0.5088065182251759
0.3540245552853837
0.935206735617145
0.043388518083092964
0.327350059756075
0.19154450106690235
0.6344688140883646
0.05642696529062352
0.5154283993885082
0.22786212041070764
0.844548200566855
0.21770959873681417
0.5729373210713449
0.22651956951772279
0.828355985104984
0.37206212744095923
0.8264897987522694
0.7761848815761404
0.7444686647171743
0.33119071779208653
0.9065651799852664
0.9677779799356832
0.3922218414854045
0.37834307519616106
0.22339834805042924
0.7475140147526999
0.48961850091567494
0.812169707020914
0.43799743828021864
0.9689152644837742
0.5017058333783146
0.4093749167260263
0.5613596151924314
0.25656753465530346
0.7024643884895792
0.37730288431179704
0.3803925813533713
0.24908227640811476
0.35311456056941926
0.638350130291144
0.8990499247947484
0.5162583390922193
0.915116258419262
0.9733114522361255
0.1638718269129752
0.3343875203774036
0.05332172971951721
0.4860285671147808
0.3572055412860464
0.370140519878446
0.06348233114785562
0.049348387027910556
0.7260907094421072
0.13881998771566184
0.26711263393557305
0.01098117869699744
0.5745141191694141
0.710362512976008
0.7860349193791469
0.8356891300177893
0.8497404697554031
0.5299315598019607
0.5892295633138408
0.9859062498180307
0.4130401265486605
0.7047902818799603
0.5784085934206528
0.8093663319925616
0.9008493895598679
0.21862794541750796
0.4467489982192894
0.9679971632621337
0.14068818971019126
0.16785296018555862
0.199764050323476
0.8800182197030673
0.392373570890289
0.9054518837960108
0.8643144276791355
0.5235505745967283
0.4816497428847535
0.9832538464238392
0.40510431273339054
0.9413647702620476
0.3335715248803479
0.8260752761896997
0.47919001305480213
0.32004625088602456
0.22673976419518793
