934722
0.6910180208535867
0.4914082113070354
0.3168834618355897
0.07801728797074026
0.11546491145945126
0.028256789726775366
0.4470411224918325
0.24879349495850112
0.37376257993062145
0.7092661834759396
0.7713757652313697
0.7066399312186651
0.2841150604121565
0.48232509244809163
0.06569607094195651
0.3019295883266686
0.3459198753022159
0.7652120841593085
0.45596131484486313
0.5832065256841272
0.009648640361394234
0.09485579960357848
0.10137332506878383
0.41897543867496323
0.8759319620604972
0.23514967980673485
0.8296890603872419
0.43260719122676705
0.19091746571605528
0.22635730196235282
0.6427035629114686
0.3546979819766851
0.49578718728830073
0.7448214753222335
0.2044102631045588
0.5828293723460317
0.05943038399215084
0.19582788864712963
0.695884625052223
0.17646418434127675
0.6254792953979513
0.817034293655953
0.6596052159439435
0.06192184459988981
0.6819876220983662
0.05116645395722719
0.3666945799526832
0.7241612858071854
0.16693528664370083
0.2724802094092661
0.5752949730478499
0.5592493497467405
0.9633578467896187
0.20803937963913355
0.39584031010737186
0.23655120425815157
0.32491322819806134
0.10513065152195611
0.5105480974612759
0.9411318732150795
0.33031027014186487
0.7981955463499784
0.016436970306794696
0.14494127159457515
0.42319716499491355
0.9419277875655201
0.8412585645799948
0.17267968517489196
0.5385403423040278
0.9041321074173116
0.5183949011308077
0.21191835366212763
0.23595423878529476
0.4830995504520641
0.5311766369667348
0.6962856786424919
0.7627169380468258
0.37313708575595017
0.874220023380788
0.8496007409977188
0.3403928299070894
0.6444460804639112
0.6700377139932835
0.46052483074980843
0.6834777443284884
0.6683066938664298
0.4679501736615863
0.21449814744193285
0.5439652062630721
0.21493337406004298
0.11963065060784317
0.8031917027808215
0.42457456361969337
0.9977325689695609
0.7485834209712422
0.1313792894030732
0.4269224421577489
0.2659884457433672
0.7176482286848745
0.08458638474445612
0.22591276752654377
0.7366252765579161
0.06746145247929436
0.9680319827172974
0.6078732360749193
0.7687210632319063
0.5048939477060137
0.1507456669512649
0.9208958772964084
0.24442435091153025
0.02463549354257022
0.5082131178299383
0.040049677531278194
0.5006044269094779
0.865800844865448
0.5389733333980176
0.1620041974894939
0.8793834661713948
0.40447439042774735
0.24436369638001465
0.0370366649891426
0.5395155561289116
0.14717463826506239
0.19261826229594403
0.33237782641022695
0.10054603952818186
0.48715945379161674
0.6940333696907979
0.11447284738001517
0.7511571204790036
0.3206512709261239
0.23779009571524323
0.9739762783926658
0.43570219659270315
0.5094044478357125
0.2152710829505069
0.94673978938928
0.7740779921438465
0.2020030475276704
0.6022582131890437
0.6943623572036893
0.05903347325688546
0.0011050907296301649
0.32202574243269444
0.2152428717957442
0.678323523750966
0.25854543742184677
0.4268549531167666
0.8589124145855662
0.7774948837910363
0.47028199669063353
0.5228389812522483
0.8274264299008592
0.08246552617597036
0.9031235700701841
0.26168161609772345
0.163088565773165
0.6737676337925723
0.6583984727805111
0.9826941740441048
0.49527709523405683
0.9507333548729728
0.5363521568138797
0.29260400266382225
0.530209475857954
0.5597430389673141
0.2989045187242747
0.8536876593356603
0.4387011240979559
0.1659932712007609
0.14877299938096977
0.5005598012632708
0.06115271140802769
0.32236701290310266
0.29291190000564193
0.9449093426859513
0.13744717944282991
0.02665501166281281
0.5198511186271544
0.06626256548896914
0.8277194722387626
0.9143470679843674
0.4078645254317078
0.3043749323132766
0.3994247377207909
0.10110300790601323
0.4047824388458139
0.3909419065026347
0.8083741620010196
0.45856246508911425
0.47823734494884806
0.7943679865254385
0.6345124902247723
0.39163506025050443
0.5373228811238226
0.8351464610737728
0.30080726253582746
0.6876902280009545
0.5947993385026782
0.270122159046044
0.9588748686595496
0.39642938160601415
0.6890146236320465
0.9152320605380787
0.8268317129241614
0.96618902410438
0.7850162587422232
0.8640251334552655
0.8855879606920694
0.0980688665489019
