5423716
0.03205946044226238
0.9604768008496428
0.41986661767919387
0.05215016966011177
0.3040423583561932
0.31425503010563793
0.8907671453413158
0.7942242103641113
0.8064354217049104
0.4281555054123609
0.15845214723143441
0.46578071448121594
0.8984759963289897
0.4727267261083631
0.5828621891898236
0.08902904502773024
0.9444205204690533
0.6959008701042714
0.6887835736840302
0.21528104773267687
0.4740695184365312
0.6901115683373102
0.6668896302266998
0.37364318599384394
0.21211458930118543
0.75986314201363
0.2820373504492222
0.4300420609445863
0.6436150876913832
0.9168939842030146
0.9919616026195063
0.8053983858127952
0.5351286371451621
0.5750434967915129
0.1328481013388062
0.10159273327182738
0.5241689280757147
0.2569872619394462
0.7342190966872593
0.47068877402045217
0.6235533295296501
0.7604498461154491
0.5857161836753136
0.6449010765001161
0.44066166205708124
0.7504093170329879
0.26272874536038604
0.1407991988164402
0.6929909117556896
0.2477898276772169
0.7618692940135752
0.5035292878815157
0.9151580960240524
0.0383034257873186
0.4695513013819599
0.5626172810476261
0.22548015673758015
0.7338298363699031
0.6109091910155416
0.26661344120912345
0.06058348015240356
0.4557149722047116
0.03903672389356494
0.3953503010770604
0.3713203914798776
0.6124430469911266
0.29762984306365814
0.6114362394050715
0.8458210767525712
0.3613577675055528
0.9212725846715564
0.532510226410664
0.30747886959624393
0.08127340188013032
0.7466566263674832
0.769702869212365
0.14582803127645394
0.24815429928734734
0.8491292367752968
0.7804182602360548
0.4921031745844767
0.20677072494787796
0.8911140861071842
0.968492726585643
0.3034307100857718
0.6757876545710163
0.6436413819534813
0.7578081283846794
0.12167220222450759
0.27556348411620313
0.5337112528801046
0.6859740399472826
0.09797337001542827
0.5635095608391006
0.2415373600426759
0.9204585381226492
0.6292687443984212
0.04336789789684403
0.7906418696330919
0.7628570358557673
0.049057862043319855
0.7951179420474327
0.24932813614357008
0.5467511577707788
0.07202675588534235
0.9104076026628722
0.40546164621824565
0.9770409723178879
0.7145580062299562
0.5403204854465467
0.5499146146496564
0.013101891574454183
0.2836651765859316
0.4601007463477582
0.9163216624625843
0.5999189534522564
0.10519396941924686
0.5518096677472788
0.41813502174763195
0.5575765844798779
0.7762262483468788
0.10224523608342717
0.27716689921824345
0.6596907463735363
0.1717908285402956
0.36584795931299696
0.029556872449371885
0.46360857736897876
0.9085406089961935
0.9446166809574219
0.5715563353626277
0.35707381289992357
0.9710449500029216
0.011219195479854727
0.5483147019300036
0.9201768180039628
0.7135599351734756
0.7911452655970304
0.16493672195177234
0.24211564164186883
0.9245458202647175
0.6825313879800339
0.996748091202615
0.5697322522227846
0.13186184140668133
0.8355084339588212
0.49103958792499924
0.2663243548408213
0.351283949692643
0.018334560197935446
0.41693234396641354
0.15150542744072026
0.26280894038494573
0.037963739826343046
0.9611794376410968
0.751752328532308
0.3710705924877915
0.6302022886862677
0.5260654265698094
0.5043077190716827
0.20203004058786977
0.3431777799304211
0.23884534936685153
0.7768542354107805
0.960416165299116
0.2958484267291702
0.7515419600436076
0.14297926880090617
0.4672527833133303
0.60930508721168
0.9740052853502597
0.6985434325599492
0.04204496036603833
0.3792836268445713
0.3166624182699287
0.37888794571936024
0.12312524687208926
0.7453812681938939
0.7043376722582154
0.7308080043655967
0.9097680416071369
0.6185648670706074
0.89154171741894
0.045123391132189994
0.04942278922781829
0.5087027495253137
0.3207654586386074
0.710819038153954
0.8840878015015864
0.6558374936373347
