1183405
0.6969383837276154
0.7342398692080581
0.3214852588731302
0.49402150864066774
0.2913930107292907
0.7770464988109869
0.48266647955983755
0.009349418785323138
0.12916945557054527
0.5987236997546168
0.026170248043612343
0.44223643253004474
0.6801675870473264
0.06837007076637203
0.23237114261885883
0.76575200829691
0.4801500402198563
0.1469768613136666
0.48646674260175926
0.6351363920125906
0.9778873265724138
0.14685031010516736
0.27403498472567733
0.39952480350725283
0.3244582172650926
0.12139110817476795
0.4585310287399593
0.08047058360351733
0.11532638712313936
0.5528403606628767
0.09061776726388082
0.8464231745070888
0.6781562025536724
0.4034894739058347
0.26789968578275014
0.31702387415249234
0.35655988974653996
0.24350513289046172
0.5965273611059563
0.15084484163856127
0.4467094648400657
0.974521511961023
0.40690834814238386
0.1606606836818999
0.5407369367316549
0.618240897457722
0.09771243693576914
0.1879815645761379
0.2768445477712831
0.7039980349931324
0.7626888609284217
0.17783604899387473
0.9050757102754738
0.8399332114325491
0.15238821391482882
0.6702141407622662
0.5574494922308381
0.4763795463899958
0.1425179785887568
0.038322895038413685
0.5979903125936721
0.1320086790099081
0.4188845694105945
0.5164187728766424
0.3782144387224897
0.34596976672564317
0.05420883080314853
0.3090871182551259
0.6034121670781518
0.48326497122957146
0.13815414223886813
0.9852861543369402
0.6135404219413652
0.9686489028260011
0.1929042053493143
0.7255471970984023
0.23146693162516507
0.11307850288128674
0.7452667180959747
0.01917627772722197
0.7406463978823563
0.31128222460507793
0.5344256386103885
0.2500630146185664
0.6072687543575759
0.021289028754164274
0.8474377901392711
0.6034431117817519
0.9744071989720906
0.1804818418943509
0.6878512882237577
0.2626793631386445
0.5498520084066693
0.0998175156470178
0.25913112683903516
0.36446657048228803
0.21734675753402455
0.2979724442524194
0.8781199921774175
0.44396899562308656
0.34932791791239515
0.9670010043044404
0.8453728106407074
0.40189594043437027
0.8885865769382479
0.7794621297488796
0.2056322408528125
0.192921136856831
0.21662292402976113
0.26059973629218747
0.7054093989937973
0.27090904335747634
0.7757824515205951
0.8953225491838599
0.6794928215555032
0.9575715298644881
0.9274583867227707
0.7505440412092567
0.4437782909799035
0.08307256976368071
0.6846127209682349
0.16526187475658505
0.565004825802234
0.47778652206196714
0.1657588920972567
0.554782972762711
0.5716467533533424
0.10239154761544567
0.5626866135925255
0.4374206008437004
0.4592777352039279
0.2593249282491573
0.5004020357603189
0.21437398867769764
0.686222453486358
0.8036404405532672
0.5679610104463619
0.36024649537688347
0.025000253504227965
0.6966050287776387
0.6009438576397741
0.19946348333980313
0.5734432718805706
0.36099850533953204
0.7412303733698652
0.5667127711587697
0.7518334163554706
0.29431142496667173
0.43160606048804007
0.3933613112346389
0.2634007170927909
0.09666645957799525
0.007405421812781587
0.865706968432377
0.0056793482878843005
0.7339470450189991
0.667805405256436
0.6581811952385384
0.42844019304274084
0.21967539137706593
0.18322379245423526
0.26326514372501775
0.21510322293024786
0.1644904091508641
0.47602970976364467
0.15929833095393664
0.8555630492614194
0.5686419986904887
0.9438644758075823
0.6549206893971695
0.9168126169038083
0.5601995035298326
0.562512677218627
0.14200821329834623
0.05152547597331236
0.6052945781119927
0.6012991095955734
0.8132944334474769
0.5302959736627078
0.6362947979402553
0.24935142680443545
0.7947347781062977
0.6706821875175022
0.44039109629201734
0.5615123164127059
0.19424023173102434
0.362009391412524
0.5960656263102432
0.008599704964657673
0.029882861450389542
0.7843315774293964
0.4514587695967941
0.4306400581686798
0.6153322159692356
0.717804506414024
0.792129932105061
0.4057492133590216
0.31703686631651384
0.5263480574996537
0.30336348691397486
0.7336806499504082
0.3665976028079434
0.7634053782083507
0.01005645259555854
0.16470137391236417
0.7538939909186068
0.8378506263988511
0.6832248241731179
