654129
0.39305092516378404
0.21998447306110935
0.43806654864164196
0.7604288732784605
0.9726637215084445
0.848797139405012
0.7637982303361417
0.41283520549433517
0.7721465968373975
0.6550045322300778
0.4433737249375237
0.17790577231048899
0.6089781294305824
0.9998996447403097
0.6180772052730741
0.23665979535275095
0.7314099429835292
0.46644566837627666
0.6914636384555135
0.3979856848861436
0.6431938681372367
0.4461836567321832
0.8380249519216766
0.758275340533071
0.4685718478351556
0.6247796832466072
0.426075174130645
0.9808074787697376
0.7583465054151783
0.2306420651562313
0.11489604553990806
0.7064692572647745
0.571729684625264
0.25610493199626516
0.9294924224866528
0.7292103220487178
0.9534880035174158
0.21366396707191038
0.17735450004970854
0.2560224206355445
0.1511018526297414
0.4155833042345547
0.8329147549777856
0.6650782150719352
0.4129829950280063
0.28305334584262754
0.02291829006735968
0.4542007939483713
0.7416699377858177
0.9970172955151668
0.5226192183480098
0.022618901135771807
0.17292117593540812
0.16554914184100267
0.44308656980581895
0.48275949380997885
0.9812545464940307
0.9974943680002734
0.22254851846100054
0.007460116680832685
0.6902785619204247
0.4790902279351047
0.16155262060952869
0.5147295871465033
0.4274463620108022
0.33236820169142023
0.6289260117808188
0.0666990629305505
0.622099938243628
0.5192728753510834
0.6251198327587529
0.6122100873739332
0.5642505739265231
0.46191326133112187
0.7485291147230514
0.620409122707161
0.5035583112081116
0.6218651080744008
0.9396579154911637
0.6663804130451608
0.6611635906065644
0.2532889030927359
0.026268801338541148
0.019308577255250703
0.28382794164920533
0.17900088880244203
0.10009852721115264
0.3736353077471273
0.9389281207418403
0.31260803997275133
0.8950764957039256
0.9442607810237817
0.923108185027175
0.6414356793658291
0.054744315768248786
0.16035440643247034
0.3319641671564394
0.19564923700977455
0.8624782534738482
0.20479757933212972
0.3010019663955207
0.6963610824551716
0.5520683440014282
0.5656354147307433
0.8706746639523251
0.8319677064989781
0.6819764952668625
0.8420133508513153
0.5957241432985908
0.9160133096970028
0.38362458458371096
0.3507619802161511
0.9892598164344464
0.29878270826820486
0.8084071926472657
0.48360857917802114
0.3107072886048814
0.45149540737754124
0.023523510929786773
0.845182379839998
0.71116889763176
0.9625697364181008
0.974247129795777
0.024797474370967465
0.006421957792425714
0.4511168238626305
0.7430806802039615
0.7562671553299775
0.27168891767843073
0.17727994562809235
0.7904012340729233
0.5714083049052101
0.009634386922224736
0.7687404121019411
0.3470062836276605
0.7981438811913169
0.7538445571655593
0.9679637973366672
0.9985304964401441
0.338893351469594
0.9974800920097882
0.8279505965503053
0.23369661066331082
0.5036499208031393
0.22206448503676235
0.5265964051975065
0.44500402195815825
0.6638642726327219
0.899948555022296
0.34458627895623606
0.560592862167257
0.4589409852133327
0.9674730314622889
0.47231382453755033
0.5737102119534639
0.5291673223401091
0.5247157757658547
0.30497262975100137
0.3911030279916453
0.08381575171104694
0.6509248229092442
0.7788378649111565
0.566752666484088
0.9629165441947724
0.741123710053307
0.07945208065070186
0.31558514670266546
0.9884482970164834
0.029769037349062777
0.33924775767920057
0.12306691366134348
0.8721328092302124
