738521
0.2738635935525138
0.5523376208310878
0.8470441325211435
0.7036274570063072
0.49282379127344134
0.3167979959377978
0.012993984567947647
0.0783836718569304
0.1771646193947819
0.14327458364866807
0.1572518963785029
0.1073801204442808
0.1165273060794414
0.2569717882977789
0.5873066620308337
0.4014098942285421
0.3955580418984591
0.9251228952412679
0.29973351412094285
0.14331296982191255
0.6928007384749373
0.5058988476405444
0.4542145160774258
0.15582998170692408
0.8443835230917803
0.018913826368382458
0.7279073623527115
0.32363312028769875
0.5893356186536977
0.5113046852806203
0.8439391783626028
0.145101229481704
0.21784759015397548
0.41215946251016267
0.26808907393136494
0.1767359453981031
0.5236410671854005
0.007621291431427535
0.42115949193195334
0.7290292558182406
0.8244342414352218
0.41243668827977087
0.35697655850585175
0.8702729707970465
0.4450584336415554
0.4575115238805997
0.028882015674725925
0.5348756866158008
0.4097908774470792
0.2797625753796499
0.8695454733355242
0.5206794067979083
0.7467740339329509
0.28012715923751286
0.14026544143326602
0.9521067436359962
0.643717278701674
0.4371006884170756
0.742198827102588
0.21664828389769297
0.5151614008310288
0.07351454706406513
0.9925803488113649
0.18135184252233483
0.4873578172082004
0.9014295124933698
0.3938087651585488
0.3253004326827167
0.8620039569587448
0.3721482974966561
0.908791297960496
0.5293117623942055
0.742625880412145
0.05173716781980653
0.06927375462408658
0.6540052533483794
0.2399937542262276
0.23927134170224673
0.19295123625033384
0.237375238266481
0.9723745861941612
0.1400584922271737
0.18254488018176873
0.8404328871846724
0.5587827806200117
0.5744094361107951
0.25439435487175543
0.4269358317589189
0.8716312092686456
0.2593098419981621
0.2240108873029708
0.01876715200106227
0.8113723689918747
0.3097842225459547
0.2852193833732469
0.9639015996547184
0.9635468113068549
0.5603533318751773
0.26687372776604434
0.9744670653815978
0.2233075055447823
0.7945946558541739
0.35026713976633006
0.25483144847575834
0.13485221873087294
0.1433204708835467
0.884221893872826
0.8992893559843631
0.2700617338019988
0.3937075923874941
0.13947000031498302
0.5171075475535217
0.24449910318197998
0.9204055957345216
0.3362996682572068
0.027207283496056944
0.14470181731133835
0.8004458717483643
0.4749229428388124
0.22884308530778286
0.7983929452449088
0.965290183326388
0.08892123335169966
0.8089606415995606
0.23320927352734233
0.45039111579136504
0.6024327566282428
0.05983975993589119
0.4053356542609451
0.08924036462172413
0.16035387858931205
0.5522768812705439
0.0629152458233202
0.18449126860527398
0.9020335241694181
0.08218815583559091
0.7491964832227116
0.9387755705225599
0.9389964862634376
0.7774185099531847
0.586043089709521
0.7943916279767518
0.6839068951532834
0.40052835505623563
0.6900601127032161
0.2973934481113173
0.8657230487182765
0.6500921565134458
0.993770957346201
0.5499164171031723
0.5089321102457599
0.5338640802727861
0.44842572226445165
0.837082573163028
0.08159207851309924
0.15964225518726582
0.03091731440375456
0.9866968507143423
0.8076368868924929
0.7078062325013439
0.1213371847539122
0.8077852654794734
0.671965809860053
0.787554930118123
0.416478088194459
0.38007293888757454
0.005669664135679708
0.026625531177868367
0.49644107026770246
0.9088312262958052
0.28225036797867264
0.2223574295212326
0.42110017941002387
0.7412528404843218
0.3067031063453355
0.08902187541135176
0.6233237418320952
0.24558672614101185
0.8985549992938412
0.5642699384773553
0.6775454298069971
0.040672265319561474
0.5229371142087269
0.3508519649919214
0.31551811871597024
0.3341562446404579
0.5059526555852715
0.7316075268141866
0.877182949949738
0.419928516444547
0.6238785505789722
0.30335971211838886
0.1817761643138035
0.11083519468687109
0.2450503639088324
0.8804279716792712
0.34304314604878117
0.02838539842388954
0.03762397816547769
