26438170
0.8821585572711766
0.8202974152308573
0.2969013159657591
0.1168690094839715
0.9669646686356811
0.16231480504423668
0.2870502153635711
0.11683834998720677
0.4906452116120955
0.9537227548165155
0.47411002069193464
0.1650875235551753
0.5062292736145693
0.4012641176066347
0.35204527733476754
0.06567352283923011
0.9182451649196582
0.7431967881072931
0.9436345936469502
0.6785557624660712
0.8413282988663185
0.3592348224758062
0.3364206381763377
0.948506681150572
0.4079301484938329
0.06094115102686748
0.13250886282283214
0.4049047552610767
0.5808331970645355
0.13227655784536996
0.545019119434205
0.865079137539723
0.4648465686296289
0.7576192994970006
0.40596586070494767
0.5496556907103589
0.6129266328106173
0.14869808181199518
0.0032090633851634687
0.48591490480889876
0.07587471321727879
0.42657326624618397
0.6382422525552446
0.7450904657824683
0.7552767081711398
0.9394059972105399
0.9430394152933858
0.06080753647637427
0.036299378518142356
0.2770473115130806
0.35293763837302805
0.6261541620037557
0.7629594304750444
0.40110580695264364
0.06777567814670193
0.9618524551456088
0.06713370177666222
0.3164849207331101
0.9809188539713725
0.7100421014040098
0.8024976442363143
0.19360649472090252
0.02727378314360651
0.201983577342003
0.42380560552722213
0.33849377914429557
0.745934340148202
0.7942756565501484
0.8864590499789724
0.7271761765372313
0.8665817307872377
0.2525610245461958
0.2800421840487155
0.5099542080763108
0.2060944977075453
0.5636880454863156
0.9404824395992538
0.6044064843241752
0.8832963844358022
0.9297019640436942
0.9506029908650881
0.6941270264795452
0.5224586556627799
0.006549433541245819
0.37501787748427984
0.5959292802334148
0.9983276535212849
0.6592185051835153
0.5191633657042856
0.016389850020997354
0.84768230008688
0.49111864197282273
0.21550526179564677
0.7149809344451344
0.7500581057431415
0.970047380792994
0.8183346851444158
0.2787017334265185
0.40787594881968114
0.8032390399061129
0.6604731396231074
0.29355168498106776
0.6525301333751583
0.9768937801227872
0.050030174588924003
0.14553231677838074
0.5964834286923422
0.6599677841152533
0.4306129634730578
0.4501962692527747
0.1944592905033391
0.6898851852551455
0.7003327494428584
0.2458398987414523
0.9648124467241417
0.40166156781546813
0.9553576472878833
0.9121207333161269
0.38697166744361045
0.1597476225578024
0.10319276650704956
0.21949840338449145
0.500497206531108
0.7941153245370319
0.5225853221991369
0.42448676044397415
0.482334179366128
0.8789949941815131
0.3191261747271349
0.617566896492293
0.37256709644584307
0.1047317015831768
0.6866266062594137
0.4914626552299407
0.377699818149526
0.7941486370914566
0.5211777998808585
0.32571630275815455
0.8193057858186874
0.8321183232880826
0.038233930124012994
0.05428076166977169
0.08172558352973947
0.5152436816030034
0.18521021652632386
0.7269905920708932
0.09469883107260846
0.2425210010378478
0.03572931585832839
0.7853350724587204
0.06475835545661535
0.3472498410946586
0.24832688062989827
0.8361855557852398
0.9642366732286242
0.4378268265546351
0.059049693726572094
0.1218558038608114
0.6246188979688032
0.5492838435486842
0.5071660161937507
0.6907404490644339
0.8124918862173652
0.819072387014034
0.2071532985380269
0.7742614949015931
0.9153049229551204
0.6551081545559918
0.22121076727394018
0.7341445653204337
0.03876001586800537
0.4982019176458937
0.024329187248861905
0.8798598245298684
0.023238791923157254
0.6416547048521104
0.10997189630674675
0.8507936274961045
0.13711545363065258
0.34514876999424315
0.4651255082305812
0.40173868334225493
0.30447382526297784
0.7596988573506799
0.15460713649686386
0.7160098039328401
0.7214448709832597
0.5695905615922067
0.2122806204018295
0.6687585639454551
0.477629597551235
0.8842484150709294
0.5715452164350653
0.1612038464383928
0.14998285853496163
0.9415299415814368
0.015044433174650762
0.2595951660246859
0.7525488802219628
0.17233946987001858
0.06992229560941388
0.5263935605309629
0.5357405148981067
0.45021564952108495
0.7509176772901097
