4268669
0.12936419441488944
0.3324975836467876
0.13447781276211246
0.9896968966565464
0.6642838399955607
0.010835788901636723
0.965822339511965
0.6163894691952762
0.7512341310391947
0.8743793917770579
0.958278360904634
0.5869054153282137
0.5573198763011411
0.8392050091358062
0.5451792997797696
0.7828999688955197
0.04766186201381639
0.19840512962946422
0.5095152829495454
0.09138388206695403
0.3790540077385539
0.9284007243709794
0.06621330564575012
0.1152206921354808
0.9164693462938077
0.7365258836458622
0.06947757721651726
0.4008377976149303
0.9548993863397716
0.7528595260508826
0.018012440530152052
0.09258728438690011
0.04517553356598192
0.7438259234900128
0.8069649540006597
0.0889477426714399
0.8472291978742336
0.7914833583252704
0.07596677557542131
0.5916485652183877
0.05255483020253082
0.7014679119738442
0.9571096890042701
0.17668103863188545
0.6282675592626561
0.1716265310831544
0.4514980122389195
0.37542988522655407
0.27819645695321116
0.2990557778224908
0.4604758302658897
0.571580309257115
0.3347014018447757
0.10220274058386425
0.4467774639565375
0.3272329072993776
0.7206409791186964
0.04444168713966623
0.5897873469463366
0.6554911508833483
0.4183469612213
0.02442376862854867
0.7883163382003919
0.4884287573888527
0.10065612643755806
0.44912806324749743
0.9387010602322111
0.5389645387499638
0.07941112042088705
0.7659347699611286
0.7031865905325184
0.5299100028881921
0.07611121907420493
0.21559153657640973
0.7638749076824444
0.975663120824486
0.548446897294291
0.6305867189934314
0.2519997249533057
0.15736084581283072
0.6272141421875455
0.9938376228699952
0.6440547226537893
0.8690285966769565
0.9665843575421421
0.6724655784496398
0.3477000664177662
0.011397074207300961
0.2703322215225177
0.6055612288269847
0.4906640017618167
0.7922732500840565
0.9044563707004809
0.612646979063663
0.4656779991833023
0.2731306987223596
0.05670637879633644
0.8748568266028771
0.27782649984814733
0.6336128886681563
0.43728895055713846
0.9283149318930106
0.9955182932048594
0.7393030647059979
0.937711766092307
0.9542622989525461
0.5022198744314246
0.3714256879352369
0.0396416266535623
0.46647619901908044
0.8113590535828106
0.7747595821782318
0.7620725879761422
0.8080659883596362
0.6827300790757155
0.4342166678254099
0.7677427894653404
0.3044812496648963
0.21062032204040215
0.428849402571148
0.06332274620449352
0.32370713440534427
0.835949389246309
0.9824416115167659
0.8344764924541068
0.18937204144104047
0.8830585167379993
0.9504312255079863
0.5588831004930174
0.15220719054876708
0.7332349717227143
0.18384450606137137
0.5510643092343525
0.8382763808127697
0.6595476081952377
0.4251846993236196
0.30861742856992025
0.3919180792877057
0.7856658578215161
0.5462200545503811
0.06442793467139951
0.5991767371587544
0.7242841429856637
0.5469816156731729
0.1513208204567893
0.7912880818070793
0.7829622342655589
0.7576718616462942
0.05084236269174336
0.24662027738083536
0.03573816365317972
0.9489655043458395
0.7672141564752681
0.9990556222500475
0.5002986242151986
0.6097966027254976
0.19412607575691332
0.9185890318462313
0.9160667674719081
0.3640178183758014
0.9838942677138393
0.3309488791058267
0.028678663625692935
0.45158853791406217
0.4957803681037931
0.7010425950020437
0.28830514605911384
0.20787913950292325
0.9863931707051209
0.5184359908792294
0.9746616149759005
0.7176299726928429
0.7883986885893165
0.808975646390307
0.6161765483036078
0.5778222491997005
0.2621004395424468
0.7534524940615522
0.4521409241842248
0.2747892937358306
0.43260120122570755
0.9402888297199765
0.3723671050461195
0.44620096866146175
0.9517333216830061
0.36629484729206596
0.6567509077346555
0.5890405034470034
0.8054320503949447
0.43796814828650077
0.4684288956478547
0.14344518564489106
0.084949435638082
0.40200981632806454
0.49292245557430237
0.8870373518431268
0.0509672877348305
0.7998056630424895
0.07301683154194227
0.6191421050629617
0.9755260704200923
0.2859995459350132
0.7356840249011121
0.5595672204239017
0.6950825734237089
0.8895190252562039
0.6014618931941526
0.07107263907594463
0.11048719896540093
