3743492
0.9471056247853434
0.004683173940240093
0.7619737211233297
0.6636511137122859
0.9981782735835475
0.17839777000405332
0.705190216108257
0.8941108624180671
0.7472916872850746
0.34595352050324757
0.5477956786063808
0.25902209299984413
0.7349641751624361
0.11087803825794917
0.8180456442127856
0.032336092669928984
0.09384961690543736
0.5369484225597031
0.09601326460850967
0.012354426164278287
0.608158900360836
0.9871455269975155
0.14632628110139878
0.41332812955734777
0.8256163411089923
0.47299924669466975
0.3191527984222967
0.053831872263612746
0.34732227939051563
0.1392826785636877
0.8821231447120695
0.187779511271863
0.045726140967789375
0.13772561400772954
0.6481302083423494
0.674608907254323
0.1793778474593999
0.9204920045678607
0.38632301244186285
0.4795408713555912
0.12258968920215385
0.41956993755818284
0.11790346989630918
0.27893178271124786
0.317339293741281
0.08078538682919045
0.8718055461226122
0.7710869763909927
0.3645211325337304
0.5168047877943176
0.27676556915927286
0.45543888301229263
0.23669991629567777
0.3882110511927137
0.723819655693004
0.25452722268902817
0.061648241508650226
0.8041442617254823
0.742423246373691
0.9456391434307033
0.34394802049802453
0.3378155837191067
0.8929551864593004
0.1203716667884589
0.7618497267404833
0.09292669992156533
0.630438599556457
0.4339165805140557
0.10230904204816249
0.778577403086507
0.4356167190559289
0.43500284564194847
0.3439731103270499
0.7713027929724885
0.5506906934907592
0.07146233299200055
0.19787305176116177
0.5007739473485496
0.7489864485748396
0.333741030772994
0.14367307581164535
0.8109594282701073
0.04109237012538358
0.5348274186267248
0.7906765364609132
0.8360623171872205
0.20806433016534553
0.3914753780297149
0.20011813800736844
0.053917510638337385
0.9858417448054204
0.07937702401681024
0.22808436626440276
0.574093199863693
0.7924123630383991
0.04627749382862423
0.4247426870755432
0.10312390105780733
0.6594456912747532
0.534892338616974
0.7344618122785187
0.061188637210285
0.4975841055739595
0.4524817619085023
0.44196521927122356
0.9160895912548715
0.43829224629133634
0.5169324517042745
0.8023185091744904
0.4251935617354645
0.09120691317047536
0.4899210931370125
0.4327948656784478
0.34518185580548955
0.45069094175046565
0.7259047373990914
0.770297899816001
0.7687912034848075
0.12721807865625945
0.8537314453159255
0.20126487254059278
0.8860545354412389
0.682213016352804
0.32067457235211405
0.15698763838287177
0.8485663752384491
0.08834793647135553
0.34083632774901895
0.23153924658602054
0.09207273945558259
0.009641627235935646
0.211766704701441
0.6016217224169662
0.322348103492054
0.15152652966989022
0.13876634544361977
0.7580953420598999
0.06580043946054948
0.30051192516467196
0.29187923442063757
0.5152694957223142
0.9712414999842559
0.3461338190395338
0.975102824537411
0.04634641908089676
0.37557314862064217
0.15949043290459786
0.9055251511776736
0.9903451265009711
0.44876203325944675
0.166973231502605
0.9192435802926153
0.8586459264155778
0.5995323921177489
0.34426976520549835
0.8813419668683092
0.9937412176159954
0.9461705791589672
0.693144297631598
0.7701525656538174
0.6443585621124742
0.6987534327572977
0.887104175094803
0.5094835019518082
0.4912003692301854
0.12012243973648273
0.49795589619608993
0.23995015560200095
0.13620375274521357
0.7781887907103329
0.8983983357168732
0.20567754550701978
0.010505211685716387
0.4025472954551158
0.9567871547410305
0.06165521935181362
0.8236420103872252
0.8845696834243819
0.585338723446479
0.5856466803950089
0.9219919505380917
0.038914506865301735
0.8810524849722204
0.5665598939635994
0.12906069789890107
0.5351654643928376
1.8909798230415387E-4
0.5722348306555215
0.7180165711227905
0.7288185864803635
0.7709254212071482
0.5458439389475096
0.6915333614500707
0.10978080100517762
0.13219611883963045
0.02172602318984629
0.28779019561346386
0.967534796200932
0.9414038878842008
0.24387873182162623
0.9218055888887582
