902394
0.14723872414935768
0.4742037796252895
0.5488903820678737
0.9091969547727164
0.2804668357987792
0.23197872921100826
0.5098806027179783
0.8837943752001743
0.7212328889861822
0.5974830835414018
0.5165162676778104
0.5465510256991953
0.9865173821871518
0.7924691514020343
0.668124646147097
0.1887582071402658
0.6682278655083884
0.09266379436125227
0.6038957526144063
0.32278773573655195
0.9609165011966123
0.7662502406564016
0.9606062728118223
0.26360854444098003
0.46040102116754344
0.84760563967155
0.26291206517164756
0.10980391597175698
0.4282710261034173
0.8483340227551419
0.7893669627693649
0.5544703436199265
0.8563605661162932
0.4620560449789719
0.7694787875589069
0.036173129191653164
0.7006606864354137
0.5077645500791614
0.8376513360758986
0.33974881623350384
0.7629888256069453
0.7904890849082812
0.44218170736202567
0.08736589603975498
0.4430292632392272
0.13830330237978328
0.7677461127687162
0.17930658668463983
0.4565952468278297
0.0077986265559499834
0.7757209294112388
0.741032539763393
0.09034593313457118
0.5170853549384007
0.8473145056198238
0.9220381474130445
0.40603656438617264
0.8127749632028325
0.7110183652304007
0.25443952867521136
0.0091988215983827
0.3414065011705605
0.7113654430934419
0.7478328188693343
0.3718662999166773
0.7237676805670986
0.52181409593664
0.8969104111478794
0.1883789325877413
0.3372577934515997
0.8361440752177223
0.6934693395860678
0.2892201313129791
0.05538581592636649
0.6619872599280407
0.9641991632332312
0.15434702293356517
0.857714406053446
0.10632623969971722
0.4100961688310282
0.4866724481641752
0.6395740701870203
0.39092099913798095
0.08886881301010352
0.3518705853682266
0.3386138392393133
0.5053764877380598
0.3855008893930947
0.34690197020271174
0.7354391240663933
0.9148529946796271
0.5372894884001068
0.9332648877258586
0.009793152742327393
0.3782278300302271
0.019971532264982828
0.2599438656805779
0.6559150201210537
0.2385164354677607
0.2718149435556467
0.8176429900820917
0.13175583894989262
0.6886853340006632
0.29906457799399333
0.17395548738399524
0.9127886021181459
0.8449849979587054
0.5999359000541263
0.5889522322110691
0.9494050686445817
0.3872418260289111
0.346982463067694
0.19028389337063256
0.41264111102089795
0.9246338943448679
0.02103437100036276
0.22953930263340572
0.5125617304634943
0.15863885876488504
0.9692824384081672
0.6858084241225674
0.19205705584103094
0.2706263691420825
0.8176770747739525
0.3847546488006921
0.9888561496808432
0.7098819179357219
0.48402392854448284
0.4412518659937571
0.14935965786521177
0.3806536310858182
0.47155143354264184
0.31586414615406067
0.9574422968553726
0.41679966637990395
0.5269020951632553
0.10781063390132639
0.6406187987559737
0.20339185663060377
0.15865647164202112
0.5670219982483999
0.07989288023940033
0.8058180895018218
0.008264669214187448
0.37735970394066
0.8524362933138452
0.8462069949385472
0.7734108572564292
0.36799491006803664
0.8181994352467274
0.8604099908159957
0.6443558173092212
0.7342082641522467
0.16495792553279054
0.7616457098649267
0.961719718527136
0.9099042469721371
0.5844327207285068
0.9427704870773808
0.4787777655662109
0.03907796124193963
0.3434558836897289
0.5465298896170697
0.0247440732233436
0.47683123060438315
0.8017056458671399
0.2810198237814485
0.5669530106580445
0.5615902158211665
0.8703115887404752
0.4151490727815801
0.2756126742249374
0.8601225678577465
0.016562758152122048
0.2918374969975288
0.5113864756225528
0.7699713957365257
0.971293724988047
0.27092896548255596
0.461442667233835
0.8736544190823171
0.5011296245604154
0.9205847632718989
0.543909202325255
0.49460066394212476
0.6666782749971565
0.4606384485092563
0.8867245223246003
0.6389541209044493
0.1982357511434567
0.09579783822214016
0.36205679190926077
0.3499221090452709
0.6425819370864092
0.6716484280152577
0.20884071173525764
0.21781299957412514
0.8916656424879664
0.42151356077382385
0.923832774205465
0.8675448774101565
0.06335927076324022
0.879314857750011
0.6570782577681714
0.037146278066814475
0.6187582563501156
0.15172645456132638
0.22167811270939064
0.4785012142775408
