1408839
0.4197976644697232
0.0930475817041021
0.738288311934231
0.32859106969745244
0.6072014224333991
0.25720874515057346
0.1850045666319201
0.7199950249861593
0.47680423839218433
0.33494218974183587
0.6741671850507704
0.05767401128523464
0.14054001567094554
0.18218114487174442
0.06965902829853932
0.3179123880675231
0.6214121444370757
0.3320568789275369
0.7706024254172398
0.23636286690635988
0.8954635914030743
0.17221388476743182
0.010014586058312291
0.8598937599475321
0.5039104444929062
0.9408530946076158
0.40482049225946015
0.7153129883949882
0.08509007984270756
0.32556620739719033
0.7719314444809261
0.8176004096317889
0.29301861400783746
0.8005571918674528
0.9996655463055245
0.2816246504948047
0.2531553784688946
0.6919543110320594
0.9387961501498311
0.7211750559966913
0.5065309019561115
0.8546500817932603
0.5551397359220819
0.1646506971562809
0.2797524599027732
0.19992138278162774
0.5656536841055668
0.7597698818033114
0.6865529755686687
0.47353114213937963
0.296951448316187
0.07031110481275804
0.8899575505693017
0.5018481820735536
0.7958924003702974
0.1718210982936057
0.9732023937132049
0.892938413919501
0.4849088385900935
0.8864409281777211
0.5425296194905607
0.2804392677616123
0.17880856486241847
0.03342998399175445
0.22805260447978315
0.5387111047021728
0.4231756891968449
0.2612789196533314
0.32503284994794823
0.02076534918755113
0.8867997055970943
0.09440876138040255
0.09494724022415568
0.5943836009919384
0.22468841653511407
0.6269048235676674
0.3077990019307908
0.8656595497353297
0.5397848209072863
0.8060563920611007
0.06381207116939003
0.9574337224491591
0.2963357473571653
0.6922531786364178
0.12497240867379977
0.36683737863550037
0.12067660192724317
0.4975557622151655
0.7836866050300397
0.31360353338563374
0.7884571272386754
0.502873716167623
0.6498063198532913
0.6699397620159481
0.9761999218229774
0.24846018921298818
0.7920686532547486
0.41773485531485366
0.7514693541697508
0.7853197710032679
0.018770688407010017
0.0870532955272042
0.6523665044813434
0.7148921937047309
0.6430173716550251
0.40975255763644014
0.996247762953212
0.03722723231763769
0.26570427306014155
0.5656317245980836
0.48298019453560737
0.7091449282021726
0.0430939424464436
0.5300599453955664
0.9567389012976557
0.7710929173035513
0.746161791407317
0.8238654756585849
0.30949070731707706
0.14344011010456725
0.2415429179442693
0.4731393636514687
0.2474751055012292
0.22839662625712887
0.8351359112360348
0.43700016612432613
0.12823692779596463
0.42090142606779424
0.49707708417777396
0.5883570495121407
0.7911223037820292
0.5255857852491305
0.048855373002247626
0.2141572247016431
0.741612293117329
0.8459653173424752
0.22815615830561953
0.1919307778100432
0.41155225684826413
0.1441183356150224
0.7128123808062812
0.5866990919111225
0.8887181559996183
0.4898126843131555
0.24760095030246299
0.23439536618577528
0.6659439994103584
0.2937083185454825
0.15752076134930815
0.7643273632528874
0.8672071924448345
0.7000040260137628
0.25690476321198563
0.07090643221010484
0.20362931500889736
0.9634377017712981
0.22578203835306465
0.5322375617146262
0.41847203421593193
0.06945545705887501
0.7892892663285432
0.9274967184830876
0.1357755836444261
0.27278304799594555
0.5227160249099262
0.13113209354843536
0.6237740422194947
0.8678439549720879
0.5674985116455395
0.13575874696489265
0.17075465852260963
0.273454360813135
0.09616887376336059
0.24927843397909333
0.5717824101153576
0.8730211138589403
0.6244764558348068
0.7240547959033773
0.8493140504680986
0.8149463082130964
0.80461994378814
0.0808623824928214
0.9578572706077569
0.05265333531765537
0.18137573360503023
0.13646618730702276
0.8582984166772869
0.9128058436200452
0.6257051540934693
0.6372858706300051
0.3504368676847629
