1599964
0.5860481282170266
0.6385394209416421
0.32817266120378596
0.9587666303202499
0.7355857130218537
0.9331631770569409
0.7924687124744273
0.900228820372119
0.32911797044399727
0.0794551766612438
0.9239294999514508
0.4749745703748335
0.6250927480304728
0.9133803157449459
0.7969990970590846
0.6995576924219858
0.19832798829007214
0.45995477156579767
0.5203249261273667
0.551973946708329
0.19564042942195736
0.34708074253535004
0.8580338933754024
0.6686551623658158
0.3184572711758563
0.534725801902772
0.6564935564223716
0.9816988858803843
0.6805512126650729
0.4761313996060742
0.48818986352162486
0.4495185094437628
0.2917950999857044
0.7154942863648927
0.8576258100293666
0.43047593668383066
0.9246713102215801
0.1425853638762843
0.1891627742383457
0.9793234456870396
0.8652767647365431
0.2444164302536097
0.9866145658290592
0.6802991229869542
0.8404238041016846
0.8294262059897648
0.46243947721969536
0.10155479323211214
0.2421015641906923
0.980194574827432
0.7580118881723599
0.7736188264260598
0.1379097592911961
0.9110877403557813
0.6052672392417415
0.08515956523016188
0.2894912021942314
0.7394061021645816
0.7180270865808221
6.330502713735031E-4
0.9775974624810956
0.6385047262918842
0.0733118687873634
0.7895581649274304
0.698108727478432
0.8677729675237251
0.05451250615344483
0.0607909815132921
0.1509327601701541
0.2835658295813057
0.4546882470794398
0.618342416246972
0.4184751613104777
0.3636571063906857
0.20663878974143413
0.5164145115477008
0.6973421837889086
0.1920455103042049
0.8305926024565043
0.009382447537621963
0.08914921314673463
0.3256785301380183
0.7747788745528122
0.4386062644746358
0.8646068567858485
0.9379975307748164
0.11090499722381109
0.16842767762806476
0.938223583359387
0.4180076310552229
0.4600097740311617
0.941328889302639
0.7391849276700442
0.5092568596387357
0.8382180773887784
0.17860381628364919
0.4758282961242618
0.06853866494314731
0.15034517436738348
0.9932217897758517
0.009395059627846036
0.7975427937422103
0.29735130455807346
0.39521046520422143
0.48398307143894437
0.9408946153658639
0.3251501967568783
0.05104634337386338
0.839855329327366
0.8599159332660539
0.03889675881539356
0.9802965231721876
0.7922525914907995
0.9576855203951488
0.9312440111054618
0.25385103167710854
0.14045445986561633
0.342436090504458
0.07118226035279562
0.8489499034085997
0.376062294395231
0.37090468254482767
0.812612729392099
0.7992538453382695
0.2351415791934207
0.8841629618816762
0.5982055859275037
0.2874346741227598
0.0437730053993447
0.043962943334214355
0.3766360139029271
0.7005811623243093
0.4884225284449135
0.4359969679376914
0.8902088987020493
0.23346240085422287
0.8415317996985014
0.15557479806637786
0.8960130301660028
0.5730978874683607
0.15422822016874005
0.11078682301488085
0.6927115795453405
0.21032053443861642
0.8314555966802633
0.7611353831538774
0.49195625150043165
0.09412482951157575
0.18957617163146756
0.15950203212226588
0.8356309226321396
0.2590874196607641
0.5203875147516869
0.3288991574325033
0.10583164460101802
0.4245244303783696
0.1730226055950025
0.37153163132049716
0.10862578724775684
0.7890021655310718
0.15742142076100096
0.7360685891139863
0.07849110063355125
0.827741535766128
0.9055356471486747
0.1792932966864922
0.03149350496097836
0.657081508353896
0.6357822222329487
0.35000109008711955
0.7717236734632569
0.49071047175302507
0.15139889949020902
0.6271822823008444
0.666699251411457
0.602057971262438
0.31988465580003844
0.3265437029063222
0.9816010689271792
0.9513495963131956
0.6451087278476538
0.9446930709358026
0.3400980530176736
0.5936403663519694
0.7129309522353124
0.21612190711966284
0.8039006922211821
0.13896760913674544
0.22296976572881821
0.6137566928782714
0.3850924090074923
0.5758176201507221
0.18472439111456285
