1410418
0.7041287161158636
0.77269644292391
0.28531768925319245
0.25312019890014636
0.5467498990350498
0.4776553960425636
0.27001827149016444
0.9411334868831113
0.6324068708581502
0.8718731313140625
0.19121934207113267
0.8720081435239164
0.7519578010161518
0.18978092347407183
0.4383907903584068
0.4998687480978675
0.20670456607986776
0.7065599564530699
0.7073671291478351
0.9067977036271317
0.09476865077352936
0.8682367128599751
0.5802511183281936
0.4821029155126769
0.9417009972142525
0.9790683809019621
0.19887248041133243
0.1533415707991146
0.9043409190201583
0.9689253201970085
0.7543801656025252
0.18337437921599542
0.8739005712117223
0.6705126339043231
0.08263688465100605
0.2481740308561331
0.9698928139894951
0.30906460454191076
0.6484367219781461
0.9678355167827827
0.4923537928909629
0.3369250506217245
0.939591374286639
0.682278193710934
0.6650770328729381
0.04530098381631309
0.030597805919911014
0.30737201957055804
0.6184404866889697
0.5716037757800501
0.926859130356585
0.2982695790219918
0.8189860529630949
0.7768613732915217
0.8447946421045945
0.3742319761995051
0.9951219375674293
0.7873006710854974
0.6798504159158263
0.3792935354646343
0.6630830652980335
0.07940522161827357
0.6433777681587746
0.3395217781805798
0.28666693635039564
0.7509967941443484
0.10819279184643793
0.18577705818613022
0.2382258114708392
0.5835086321471332
0.6887900462622535
0.5593161312057368
0.46853773766494333
0.7553108223280286
0.3604442565091852
0.6952111127637015
0.5752479612471303
0.9295729799798326
0.5646322335053633
0.9972600180370612
0.05762361534864313
0.08939231674433001
0.17249806965950853
0.29125042890703867
0.7020062480206575
0.2650286369436584
0.3620475196674644
0.5855032709273571
0.9829510766824266
0.7899353402094047
0.8465202912913042
0.8834086906347833
0.27531935014033593
0.5435167096037293
0.584375441064466
0.9804272391067614
0.8244610608237432
0.4654370411618356
0.44989818013874405
0.227726479078331
0.8377822342631412
0.03145527340798415
0.67317533958578
0.5959551180050443
0.17544917132851678
0.6464230259864356
0.5038424158916947
0.05776641957967332
0.3511600250431528
0.749948431087039
0.21675331428789324
0.5475046977833153
0.8715431601672053
0.04081194617688433
0.07134598447098406
0.18030210689155057
0.8771630555415761
0.34198614919403614
0.08599900683255413
0.4244445264484459
0.1615622958231343
0.5738087072826662
0.2636329713989912
0.5243900197077157
0.2538814419327795
0.7833892945718939
0.22783882898559304
0.9577356759163876
0.1841102402411996
0.49199046871499774
0.7003932998302778
0.5061229459534397
0.2553004330071561
0.23344398315914183
0.5005699440584105
0.9595826589257308
0.36003485420611525
0.13313898750164532
0.6025907689573834
0.8229523322850699
0.9233565205491966
0.5474906118466805
0.7899572625238565
0.9132385073705468
0.9947776734717166
0.6941287443491377
0.61652639341481
0.11075558301136113
0.5085854820350102
0.545087768175009
0.6120328549825824
0.12315229937250938
0.6818124981749157
0.09673246216145026
0.750251514707862
0.6930569937726243
0.5793965864481503
0.1122442459620564
0.44986161350995557
0.4471772360473618
0.7413334332367514
0.6969016488726907
0.3921474947563185
0.9064011406413945
0.18962460313070373
0.4337892672838407
0.40385448483147834
0.6323933420380056
0.07089011081658103
0.5032374384371661
0.16277429163792378
0.1393658796019127
0.7443498457314778
0.8632908866880881
0.6274895389792643
0.37725451408799215
0.06855145841493848
0.3767383699949852
0.08303361801038767
0.6352545156184677
0.4718007965642489
0.58317072056227
0.20265844019211798
0.8900680623458682
0.8643611133494333
0.7742767432737815
0.08480479415208575
0.4560722846411742
0.5128444545857065
0.49730385750646056
0.8660359480713212
0.8878093860635836
0.3706390943341238
0.0034397653746959245
0.30009622369163447
0.9236708146467426
0.06541555547612321
