2100740
0.8067125577569364
0.1706973992679771
0.2969768559432606
0.8780838510003568
0.32099115276894896
0.9653222097851842
0.9423056799241384
0.8420583739148205
0.7712618789233392
0.5432150851031483
0.37658822378415746
0.17665285401827258
0.6930655909118575
0.9262957288898
0.09688967565477713
0.6630700490839257
0.7238140711558367
0.598661685188422
0.014977502843623314
0.5167678361884618
0.09903273723001793
0.6409527587522865
0.16157895572399983
0.23738653033164103
0.13914267753447107
0.08965122505043965
0.5811440103639335
0.9756210177429389
0.367454703466373
0.48794059304547843
0.4940840294418608
0.5829608548793852
0.9760216161542484
0.8172467650209333
0.0021167780197348662
0.6535156955410609
0.6704111513145418
0.16732952791616584
0.5004059017610633
0.5079026208703917
0.5230132803161751
0.6033702787767958
0.32470893580958304
0.9245504533029666
0.22200109208489005
0.14130108559893972
0.1940534551635249
0.6085500548402943
0.9987491144745514
0.9345523202472752
0.11436711415197653
0.7090165691669994
0.14305528720314276
0.064084584642767
0.9261937059153591
0.8318833268499575
0.2319083576190739
0.4068162050030617
0.38761626857018716
0.035011988104318714
0.5649717304109648
0.0410280167356174
0.9090646425864287
0.10304954384127896
0.9258129967171276
0.4412657141690812
0.0021409371359935037
0.8252966566679618
0.09992791984027338
0.20804704354400572
0.5931955936976042
0.27017587331913273
0.1899679916803777
0.6856346314508176
0.7957027305222635
0.8198824212272812
0.5345257863886079
0.005867906492443065
0.384592799172616
0.6096990233576085
0.04400511699008414
0.24213652616761883
0.36900957220795505
0.1593345228533869
0.5571768144894887
0.9052834691862579
0.12802403840984478
0.6300302372733562
0.08439181669974283
0.9672736775722742
0.5474963928095686
0.7199098970086921
0.9957178531071514
0.6736817917819415
0.9780138232719059
0.5435696416415973
0.44207628634804186
0.5573242123117255
0.8216654457706954
0.754617485505437
0.6516393278411455
0.024516038098421622
0.48682053430177585
0.6097024420779162
0.4195015773441654
0.2879441849392581
0.6366545926879172
0.8119806146788576
0.20310228102180683
0.7606754763165549
0.6212676539177415
0.050208013656006245
0.650085902305699
0.5920047415155897
0.3487019224300544
0.7268629094471699
0.36439374436464356
0.0020156770422469217
0.4004690733997158
0.3421680042880446
0.6011272152414737
0.19149333256278034
0.9636512814062187
0.6309592394357556
0.3425423329736491
0.006189593297133533
0.942521799957598
0.8074948024387607
0.847978114311873
0.5112028601028393
0.6056828490374976
0.53349683487528
0.14396408801432603
0.5903184039147686
0.04713635380483072
0.6136025857143733
0.9633503731695355
0.7565583256073912
0.885066221955984
0.9595209391295939
0.5624003272709794
0.09895897540318943
0.09527919090297088
0.261237682203343
0.7623343009743715
0.6020002277276667
0.9582618414812939
0.03707766558181502
0.8412076950385011
0.13759587860781997
0.33141882604521045
0.29456086479664967
0.5874429349689808
0.46441174589503154
0.6901326757830942
0.13581434895803335
0.7414350110146071
0.7222699593863618
0.38081508006803055
0.4286365384711205
0.49478483845652566
0.4091603477008291
0.7297078518349281
0.27397068653024825
0.15249742853974757
0.5638749141647145
0.6246181333852429
0.13903506388962406
0.5302426023570584
0.8571841392514624
0.44227006126616364
0.5255467640240178
0.3381847259264854
0.8613219276636668
0.3674153868148118
0.35520225175164255
0.11212933422325932
0.23879560844675907
0.9854852132233944
0.24707704813690268
0.9031068438573382
0.7863712456760208
0.2895218878171435
0.9408020656793349
0.6296184876633244
0.4303289566866515
0.911974713443749
0.7328285544907482
0.5549203491429721
0.04167164200000617
0.6317611992967311
0.9189680646120171
0.19554411446911446
0.27908620610324364
