1273077
0.5203641562812137
0.5112656070653602
0.6914161079781526
0.035311813642092904
0.6102786170227509
0.37991815618833735
0.10684121044973982
0.9554789944196792
0.08014629384647198
0.6740086382732833
0.8418501187171682
0.934101593572752
0.2742720796041185
0.14720366887641279
0.7913785914889171
0.5883149900668536
0.332823291279184
0.9777573019685805
0.2610095986801714
0.3549422598577764
0.3292718762344192
0.8726479267668369
0.6422888265945174
0.18142776472365174
0.9999194793780152
0.021688191770942056
0.04441528317450172
0.9910231195889663
0.7518219136696083
0.777758122466532
0.48339515745996287
0.5778253185148701
0.3501168852135492
0.7609278229726409
0.49505422796251575
0.6762637524402297
0.44516907552850427
0.2873694318447485
0.36988710779132183
0.22448182738536615
0.0061196222472776896
0.4886274476576261
0.10672400654604863
0.6590221198896001
0.8266218365753583
0.8049695193999559
0.7600424436197776
0.003910163676294265
0.9236902119586062
0.9661106836484827
0.5685972726687526
0.7683455531963379
0.2275714100809907
0.9369658312142788
0.6185836689555436
0.7568109422177919
0.9522864079238004
0.5930860377841731
0.8523391923144639
0.940108019449841
0.00853944937080342
0.0568911070682967
0.2500576198561817
0.9531439389460488
0.2926125045066107
0.5267380828238458
0.2362782630280783
0.9153655137313657
0.6626389647454042
0.31312057620049116
0.829806103039876
0.6026359486891697
0.37121856579465007
0.9248450969745028
0.0071832453495411785
0.6947982790667636
0.760184459672851
0.4235555617811454
0.370047940760892
0.5310549979901681
0.15496001179274888
0.4281519001643074
0.9675469370981157
0.8248802811166168
0.6345309417492795
0.9286550512362759
0.10745595024564814
0.31464836355105463
0.5804045093344963
0.3998173833133447
0.5238882109773517
0.4953638203944214
0.9559924245297856
0.5506805651301983
0.4929616091481527
0.9909941164101048
0.9286530535662808
0.6241398464153153
0.6536500186486078
0.006712965639025681
0.16084069457838635
0.630114083352001
0.8228064434613874
0.7821658769333115
0.04233700107415517
0.9659752977153339
0.6956724071514448
0.37468204974200625
0.9620132652571778
0.5481706811907144
0.39253160645931107
0.43413554418836053
0.18750246464284137
0.6139233653088338
0.9461240381884786
0.8019220048782564
0.6626488526451396
0.011960440477159606
0.5521486507513036
0.8462606774512105
0.04769514058322921
0.4892829083749677
0.06878417624739919
0.9915907275942191
0.9948659741515186
0.6315019516131878
0.166221694547401
0.6421081918890462
0.8116452925656654
0.8285087863486229
0.26392772424519995
0.22403440597734092
0.6749628079479615
0.990277656830395
0.5261461413600141
0.14068271951746936
0.2884852449317863
0.19292966133568423
0.7844197448406287
0.8439684513000093
0.29679721426990646
0.6250450477267337
0.46280612399250975
0.6270062518428011
0.465940100240149
0.1909227529291061
0.030208935223195788
0.8205823502308246
0.8283799376387888
0.5181965149782318
0.037222900190522434
0.6161489655691755
0.7901893845949921
0.11809199363149958
0.4830629651174979
0.489364699365051
0.2420079503853414
0.316616191242742
0.30022855112327773
0.9530699184326924
0.4035515594009288
0.4209488845542524
0.1506810859022566
0.3543270168297389
0.1575833589950859
0.3616309152560696
0.2848168667027229
0.03745790225001144
0.4756015165104518
0.8653375886086305
0.6499544939796792
0.21318732651027006
0.8604316735741757
0.3629204475184583
0.21223330767269977
0.1150564779878982
0.8883751918053734
0.801464778106158
0.056547282633755414
0.792104233990823
0.7429520690375144
0.9778197626062369
0.2815782127614691
0.07518392272095764
0.8554230982090516
0.17652246503293034
0.19069551693087716
0.5361660687358484
0.8241172791916724
0.27906681209914497
0.2730183614087911
0.0168559058299661
0.3479440868106607
0.2309385458661174
0.6858680082353944
