1795210
0.6955057289544897
0.021411662836430145
0.3735182213196889
0.05236274099040972
0.36494405576219346
0.7503858593538072
0.1486120069409691
0.9318418083398401
0.15900357519790898
0.4783516214904301
0.6672103413480823
0.2707213938201183
0.389790252298029
0.42791668695922824
0.05076844657662383
0.5609317905170528
0.36511292067176004
0.1822541526665593
0.7618560305225244
0.79304032255342
0.6959376719768848
0.09091556619735175
0.394074407844734
0.6097199849272981
0.5778703756589463
0.96288932334097
0.20057851502365542
0.23599938661275133
0.21272011164681903
0.5884135686582381
0.9394159475452486
0.1963305688166832
0.3906282314915842
0.6736682156450382
0.5792399180481844
0.1349071757610909
0.9152795999073853
0.741962318799308
0.20577154428418265
0.5392439724571724
0.663334395134278
0.8083848490193261
0.5278186615600942
0.06015658431585291
0.7418298819065886
0.6094589028419645
0.9515089188069767
0.37608978342588884
0.1415695923507
0.4719049897237696
0.28255237723049653
0.15807504200330202
0.6278591705748633
0.6060670214861238
0.4942570651223136
0.009225906194321287
0.7009236568578633
0.28208494218861446
0.37214825654127837
0.01745753978785769
0.19947733237779208
0.8486903433072093
0.01296223113091366
0.5800667610051435
0.01990903560707702
0.7739265735487908
0.9864662046275607
0.6554059757949486
0.5285733316962877
0.720123705236832
0.5757224868786495
0.3288405548633728
0.5053978925287921
0.9258553099202075
0.4381022713162279
0.8435930119860957
0.5425041509360022
0.4990681725396968
0.8547301898962543
0.6359182431199819
0.5418237329470594
0.6893748162480698
0.47625588857671086
0.17098620645397344
0.19535512601640181
0.45610138266392175
0.7192340850109654
0.5244859070042033
0.3854757454830168
0.9265175066113317
0.37664282187748455
0.38444247635267603
0.8134531268173294
0.4334218059703747
0.7749507903816277
0.9411728214163056
0.4662332677885419
0.6930117573746062
0.6695431330737109
0.6794089501247413
0.2519680163474476
0.5571945968504549
0.43382982847342844
0.5995071972425607
0.18792717495785083
0.2948555835724378
0.5469660543054368
0.5545151389635543
0.4610835931868488
0.7283571695667839
0.05238717496214873
0.9380452102791106
0.12957184010926215
0.4334422229406274
0.8245890261807971
0.7841760381830258
0.14970108130142679
0.31090327875848367
0.9489827802271107
0.9303540027595638
0.8836008128576691
0.782096927789575
0.30318726658562223
0.9092081483099961
0.39153603580705654
0.2841080394908495
0.6508465841484254
0.6201063313165628
0.3911039468353751
0.1998219263621569
0.3803969002271782
0.2985580526968383
0.4000091983488485
0.0815227429361608
0.46834369171119583
0.8740878526291674
0.32828707526221823
0.40011097110972826
0.8848749375512616
0.5632174943536435
0.03267143111000237
0.9662454851347015
0.6516885895619169
0.7879705052144687
0.9148111450898976
0.952517668149987
0.9451123769835406
0.30088069939658546
0.5404226869621573
0.42987398724086245
0.33390818444839077
0.658658336989275
0.8231442220851627
0.33857794902160976
0.42732912100582865
0.46158985311922895
0.20025125584240533
0.043437388438993585
0.9910540340596196
0.8338577258785915
0.07259499396077318
0.8002677192045105
0.6958086578406243
0.7017246929502956
0.6410451506162612
0.14135342304621212
0.2292546046957531
0.8485619451207228
0.07090567335946896
0.9323236103769572
0.6750318951955147
0.7731766549406579
0.4063290765410068
0.41262305740157945
0.579314600306918
0.8506040259305133
0.23880683121802326
0.2896152742102014
0.8021051714799107
0.9949172462019139
0.6808513239890508
0.6521132359114281
0.16069563127935083
0.2030312379790271
0.07251820359433547
0.925359944573718
0.9995640384275899
0.11005166768727603
0.6146366736155666
0.5069330423630387
0.27079372937138535
0.044536875999143244
0.9785929646835974
0.49832168531490484
0.034340190083384514
0.863701938882516
0.8471037428493279
0.9196683513569
0.34717630205485295
0.9003576544825084
0.5600758300109356
0.28995558054546167
0.9816965570632656
0.22581915553167498
0.9451428295753921
0.5918319056365922
0.35573467781271295
0.7533433938641839
0.3623276781860001
0.25724857869524187
0.21189534341124705
0.9284745840752543
0.41428781380899216
0.12147930745862845
0.8603267508037128
0.44488604704273293
