1065084
0.9408098352781311
0.7297904679292394
0.3775925079168231
0.03262496164425621
0.8866598245726945
0.580771553326452
0.3030339844539851
0.07500450843756723
0.06240686876571355
0.8977284927819097
0.406103572901822
0.7669030670432885
0.9418476713451708
0.4794588709847065
0.40837111924507496
0.969648726782972
0.3649791670800593
0.724774273920947
0.7765778198152972
0.7205032841271463
0.12846445323256628
0.7029242826790438
0.729815713652178
0.06920018806374773
0.3538956961702884
0.36218935237351546
0.1820412507216952
0.2389451445302594
0.036075255484785296
0.8663418249717668
0.7641467093021841
0.9320959246643806
0.826548441591831
0.26174718848045286
0.7377010967020311
0.2221608170562921
0.48326410718870383
0.13883376517995005
0.45143890135423725
0.13558128225005128
0.7746709649534674
0.40292771798163496
0.667280167021771
0.9138934439935249
0.44109997623285047
0.6515104125764047
0.250384586231959
0.9380593074788598
0.4594298863327769
0.8792350117916543
0.5429872926607787
0.8214132459760912
0.04019565888856258
0.4474895870578346
0.5166590526680431
0.46203996326539243
0.7401842646005663
0.85950386677886
0.11956780520795085
0.5060574622104076
0.8989171682119481
0.25922921409517197
0.8104474487639067
0.5785146290942976
0.601237842021545
0.5547476070871632
0.2900643768486274
0.41478497707357187
0.012842267841427946
0.637476720202316
0.685331545792388
0.4310600365657523
0.7551804497660533
0.6269161973465851
0.8849704614034276
0.3358256956788316
0.9910199373277075
0.9899074663025302
0.32905960293973446
0.0932681471099518
0.24154008486221767
0.18168556018500948
0.8261855627779171
0.7460848254349042
0.619898301053636
0.1631276067774564
0.6090235734311629
0.01020799812008022
0.34355922395721505
0.9843486946166219
0.03203425143128902
0.4357258897532472
0.009456538645548851
0.5816603583072265
0.7942662365825731
0.35162168647735237
0.8531886333354309
0.6229684268332158
0.11915891070451079
0.9265950473861465
0.18180749081864933
0.9774367814504301
0.20113583597972362
0.42879276520638865
0.5708424026644412
0.9479813487497054
0.13019792210926484
0.8035254653326985
0.016155446166423948
0.9216784009227275
0.5400859475602937
0.48993255808734104
0.45412032546365577
0.45538423638572656
0.7660405175867172
0.938047220839687
0.8570895671899427
0.370722925527317
0.8878861758174857
0.6973903491110591
0.2027709119456711
0.1473857586049232
0.6830069705897758
0.8870148936927837
0.6148987286515037
0.20377710800461246
0.7069154291389743
0.4889850207961026
0.7144415442181995
0.2601937964270282
0.2349182020457391
0.18651604409505684
0.10072152280101321
0.9847588997851674
0.6874953433015187
0.48829315188857136
0.15547067171526985
0.9283032823309546
0.9307031576340422
0.5845116930539972
0.3969003502487267
0.6920410025135563
0.755214826838346
0.5717370554747625
0.8508690919933596
0.42060429936505417
0.5661719044121207
0.16606515813780354
0.1492209743308207
0.097266731414965
0.9912407860665299
0.3459053478418618
0.8128869072901287
0.27127674422702597
0.7651206331905902
0.8345862131440804
0.9195701452047702
0.9034340786809639
0.6199149629172248
0.37991340225197656
0.7174441494781354
0.7324739300652449
0.35692759755731085
0.9245570811283818
0.6835709256332377
0.8719798057163757
0.2923559350422028
0.8385966810406229
0.37312640326167734
0.40171685069921426
0.35484075485647115
0.1751848881313678
0.3378393614742087
0.13746543165714997
0.5673680993088969
0.5434240432337826
0.37338756984339816
0.051837559195314964
0.8306458030024071
0.253961274830213
0.9362166954890936
0.45987516970255804
0.43878959912813875
0.3598149121853339
0.27184833760937965
0.03555472109616176
0.4324932690502332
0.04325507282149377
0.900055404068343
0.9727935171167954
0.14943018555294652
0.1356524914015893
0.5011823050386978
0.30443394842040195
0.5058297819075345
0.4334841565524534
0.004962044699651669
0.9532063673671627
0.0150863871651028
0.8419606760420406
