1165449
0.6596174301054971
0.2716360574049762
0.13029631758804094
0.4951265427410163
0.03300100574300979
0.11466189067524768
0.965156164850385
0.7704735959557367
0.5062816813267585
0.5787018051754297
0.38828776738992843
0.5349311854030782
0.12312634011744827
0.47385509079267885
0.530133012346062
0.4287741224206453
0.4144177883509923
0.5886748756345851
0.4119532577436159
0.10803864983875044
0.12039943911795714
0.38592044590128893
0.08819121856517198
0.5697734270722562
0.44700509210025297
0.751625675671814
0.43430682690344635
0.20558328932156833
0.7759080762614506
0.986935287684068
0.9467622659666431
0.5608932875868138
0.985195424063727
0.4269890916043717
0.034123998244433906
0.7310492577386983
0.7248854511503048
0.7707162253198088
0.3341104886851576
0.6998087482254448
0.39643859520706026
0.8460090707901146
0.8225529073077297
0.493700741936558
0.7580437133403345
0.7774462348872084
0.18266380329604548
0.8391688874134878
0.6559241678515486
0.26798096231401025
0.10969926217208026
0.40896774268684577
0.8620071232011912
0.8858767274249142
0.3845103961811429
0.9758203845467994
0.3023755644553069
0.15266363887992362
0.0668197518883441
0.6398790169698908
0.5955257895384999
0.2808531682256301
0.27329972919486734
0.14487808666376656
0.5299210129008916
0.9065273895031546
0.11953758759527577
0.016991342682093236
0.6811177161188197
0.9618495455082727
0.41201557111820797
0.6697738445185762
0.295642041640479
0.0848503337484039
0.9315553650931582
0.539645399105853
0.12254041936885773
0.018546583236956682
0.44207468717510123
0.7208539469729706
0.5069464066465348
0.10385589898742709
0.20347247337734253
0.3258057576101119
0.36297127096972615
0.8246890329696899
0.9151377889896407
0.681751609080701
0.005629816523407882
0.5392302476309977
0.29252622497312386
0.15579734515008292
0.12251427748066446
0.8210123130078323
0.8167590626127852
0.9162431583490898
0.32691602187938706
0.18204421050234731
0.005008551144845663
0.6623352434161859
0.3970734507941992
0.671575601922253
0.38329370803880203
0.4606002143773429
0.45477480136357706
0.34306580111858764
0.8364450713417165
0.6928882793343984
0.6387317932748926
0.9251216640198898
0.30456850657138423
0.4513754552501713
0.8568273600415788
0.0026733925747537413
0.9467378053745039
0.38527437270341935
0.0859192252618266
0.7441939995844205
0.6680588662711604
0.9520739619350175
0.9049312079636458
0.832558314135941
0.0438091000053934
0.2407055735457614
0.03574029828651404
0.9865034973551766
0.30917020305038123
0.5621212771556447
0.6564525275264257
0.6545193755414243
0.0734788974160262
0.8786672830159401
0.19900756037184042
0.9197278542438889
0.7941125652671122
0.4559582659865584
0.38790694819360183
0.8213159823274038
0.9042742900309115
0.9555365570880038
0.7657956368071064
0.5586103171523238
0.2873941122394964
0.6646657690011214
0.5963855309659993
0.30879644329964817
0.7796846171650154
0.390549821508522
0.9117661785264778
0.6436246578193876
0.8569691044182705
0.09528792586360413
0.9954580365739807
0.06505357976573067
0.08910749504281112
0.11735799353233978
0.08684447475939028
0.14151429892399303
0.20802794123008794
0.9225868396480048
0.036584328523361576
0.9217651391557998
0.6072322497554552
0.8471043007112157
0.4067942195738927
0.7054785038644174
0.9669504408793093
0.328971108971327
0.40846525413729184
0.9523160341988893
0.2080167002394977
0.808045464149094
0.4948386368696679
0.40372734137076216
0.0647769111585994
0.3453090306720419
0.0859562934101924
0.3190476992701846
0.9542363890670255
0.05030344507047013
0.018431532464234457
0.7784051820310864
0.668150516729047
0.1529217590854589
0.5595167462587038
0.8021540697078484
0.5835535430081794
0.7459159122243897
0.8297182028565434
0.6969993485636631
0.6998123229633855
0.32204118417714545
0.527717376934957
0.1986759225434923
0.7743740769251591
0.16529973479190097
0.4952914779659148
0.12896281321839465
0.3475511712281101
0.7193470761589014
0.13708689389401407
0.1887142858906582
0.37565231881031
0.8817840810279342
