3109594
0.9058772699858447
0.18391960362002358
0.2668655447518018
0.9629971525281925
0.6186537373351016
0.3015615717607001
0.1068896564784646
0.18830995896553437
0.940906455389175
0.2004512716155854
0.44352876601436864
0.14124069612065848
0.03131989452565487
0.2721036442258905
0.49503788764664536
0.06954366756690333
0.047681825251072674
0.5791065199087995
0.24644523292088238
0.20068584352399865
0.658157272572948
0.8372217918404236
0.6865171807363362
0.6913117749481805
0.30287206856881477
0.9734876747242935
0.08783431568663791
0.4671171138229149
0.394191603649665
0.3063731261487387
0.055960828005715
0.6969354225772508
0.695837282654446
0.3286060050365124
0.7035729495656314
0.2825388642362381
0.5789913385387727
0.6641160330273097
0.8415447182411863
0.5395980521557044
0.7177985390175912
0.01760531445804403
0.5213720818727399
0.19544191997687643
0.05718111890208866
0.8385779924221115
0.6119493071343243
0.9357040993886662
0.5626406254078257
0.9812320111211884
0.34859435611030576
0.9946369521279651
0.3447292274559678
0.8574357758485913
0.9533530495564491
0.7028201497412345
0.2401294045302773
0.45208295683371613
0.49299391585058205
0.48118620377071253
0.8267902200118509
0.09843892246638763
0.1147391766227337
0.5017298751576107
0.15232499525484489
0.0956626091313153
0.6796600045123181
0.12296461698176486
0.16288388746005733
0.09150811352206512
0.5997963481573606
0.2521339850373169
0.9339719709635487
0.6502803030222571
0.3774454150462976
0.9863813425373958
0.32519196772140224
0.5794393385215291
0.943695056001044
0.24152648809284172
0.6076478479116226
0.3978191338927146
0.3981610111826932
0.5897934672533056
0.945753837701408
0.7942453015620335
0.16302068875204723
0.1967784164267269
0.35445114020325064
0.04740786206297121
0.8818175605195608
0.5731426502246915
0.8983421805885965
0.15616541567086262
0.6171445149838231
0.8379603159030125
0.45101026170813663
0.8640265330531521
0.031196257567535746
0.32834631663086056
0.29080037262169267
0.8523753194905382
0.26931402452162634
0.6839348255144084
0.17359440995877906
0.12407792695271036
0.20902912487598435
0.9849743611393685
0.29362226429225935
0.0024275100267937555
0.5857436240509081
0.12925049335791805
0.7201077198052221
0.22995506156572176
0.26107048409116085
0.39574285311176005
0.48055606285469266
0.36745401834858704
0.5609872085962262
0.06186805506273296
0.45074812734095726
0.06563692978144942
0.17834076702801138
0.01635580740460496
0.6070133114850617
0.810162699604648
0.6078736274952227
0.5412505532511234
0.9981118369959744
0.42534313542648394
0.46182401506836346
0.8242264012091983
0.0020643515857585726
0.9626581611033839
0.3002863801418899
0.3063484568209185
0.04752497387167076
0.5972788853416026
0.8029001507026307
0.6706088124823247
0.99980139023731
0.8091186092479945
0.20706891030096175
0.13301103197043007
0.8383835451816142
0.4345015607332001
0.9427934663853185
0.7106719635539092
0.08585056674489844
0.1403599892509072
0.3053365138926877
0.3103552951177686
0.6872828085851274
0.49494018398140116
0.8243183474662339
0.806046412519179
0.6848141626326865
0.08731851215486996
0.7114763110062109
0.7556235984697274
0.08371758105962668
0.0825988623936772
0.3992037414229127
0.04437559404477387
0.7644241478678148
0.1904829207330696
0.7181163640960359
0.5370613795578617
0.15913454884577738
0.27197563684478565
0.7042774274090678
0.7704027788562982
0.6821886472514231
0.712307715455485
0.375345475076192
0.8243461627498414
0.5801179258468829
0.2477279583528854
0.06979141208005857
0.7731248715803641
0.9503120205696661
0.14963850582932625
0.10446449739741803
0.5360989342717695
0.1664895284671517
0.541615795849554
0.5731696025677319
