1196202
0.7781340882863399
0.63868022066294
0.5326074931300477
0.9075185719991199
0.932943826744525
0.08525422274428684
0.7744651969150492
0.5314220733632729
0.10794722780873967
0.4078171849933234
0.13062726397611513
0.7911503062409987
0.9108681098562795
0.19713219890487144
0.039864636400619435
0.8920448749293426
0.90459845589052
0.5495173605329516
0.3993428735590635
0.8623053563023158
0.6917145954220234
0.24001197126734364
0.49000683483514595
0.6406362788077142
0.930890556174652
0.4014831412141433
0.23323082331791878
0.9863168690321948
0.11055653737602944
0.26182742626183897
0.27058589049705395
0.9967586979373781
0.27722056110489113
0.05880470913267277
0.43377168250563125
0.41312327149386663
0.9441919625356322
0.7256746620206393
0.4032049059472611
0.6963303749991193
0.09101563457649597
0.32068864151181453
0.7414525453080956
0.06379488646997777
0.5047458175400342
0.45962286805574415
0.031642453761752565
0.29148826431953645
0.7112593890427629
0.2029214723491254
0.5511801430818488
0.10642836545661016
0.39812805327077416
0.9476508370351785
0.7675451040167938
0.42145916700156194
0.5401396664121316
0.8793494303988357
0.9556357909881388
0.4971898562563978
0.4043790802826116
0.4499902129642651
0.40507762680079185
0.35522039588238263
0.2338492032261037
0.1656554894610408
0.011103545741439125
0.4122885710644769
0.6869334215512629
0.6911566732103397
0.5240619652114686
0.3567314294588888
0.04457041061840383
0.908714945179981
0.3703027164972017
0.7466616200035953
0.7878333760463564
0.10395032004048976
0.7511360780222924
0.6735173023903286
0.39567542877530515
0.8948110194010529
0.6767560832451812
0.10515157483643811
0.11592339277617025
0.8677066057706693
0.6984641870610875
0.19938564620371013
0.022172798156259277
0.13999152002432413
0.3652248678755744
0.9619578885818189
0.8850567527456831
0.22907905974518594
0.8495295955399939
0.11205794154711579
0.25843200405229705
0.6758476774245836
0.7627420581534675
0.9141437475215004
0.7093457427622399
0.8436348953757552
0.9115410833884735
0.03649684346240578
0.3052169312675387
0.1939969676866633
0.6347749435043215
0.2049788927284275
0.31248638953914254
0.12654490702014853
0.4039844407093086
0.5347104315951187
0.5580599101843717
0.16255047003135625
0.5710483808896004
0.9429006209024878
0.05818940741804213
0.8506487870836941
0.5028503018714777
0.9728147178218232
0.3290071153261548
0.277846442020798
0.8555599402479162
0.6918733153800668
0.2587480779831559
0.48017736998120686
0.4100694315779262
0.06613588161091966
0.5437669306227794
0.3647313379214697
0.7153181870104751
0.35892839672854815
0.46877470743760785
0.9784126129676377
0.767686841488951
0.653133036605923
0.24629231816442887
0.08866933541549982
0.0923353480237451
0.5546655280797632
0.22113692390729378
0.07756697693721326
0.8863058067828314
0.4989233787268341
0.9928286481866773
0.09296178230293972
0.33340573014684083
0.8524967038432223
0.912124603725806
0.2491632928708376
0.8073333027954565
0.17919030321179608
0.4674578557089094
0.4243576954409136
0.44220078767925475
0.6224140346013866
0.7928793370663286
0.8631962778426271
0.46855792366999993
0.34525628874057823
0.9011707615488183
0.3603367310128991
0.7882126474706883
0.36506281957491304
0.2741172294246196
0.2743571215414772
0.4925914082776236
0.9211015458440156
0.1264982070681241
0.0013456764176529301
0.41707675690061274
0.7219011292420628
0.0011762564149940813
0.823602255064467
0.36770546863960696
0.03310965404624222
0.3497326243054305
0.24126980091465033
0.35680538162292585
0.5872268562008544
0.4064198699036784
0.9933476558827772
0.04059468103343844
0.7233215798246165
0.9727712347437496
0.9794204058881978
0.5644627747255282
0.9978538964424075
0.6960275588513882
0.20456986779214936
0.1905968593417824
0.7469791135696631
0.04661196937738643
0.6873196361956035
0.40781379635424797
0.7262183967723185
0.47820396603195137
0.99409502269334
0.7049024680389809
0.0051392889932829755
0.18853356409603683
0.6935639754179531
0.8264765744829414
0.7526963803712237
0.4898377929900518
0.5603570206628546
0.12428371206304256
0.4131407412111685
0.04499096030369165
0.8000475833364225
0.5671111721437102
0.042914259926096654
0.1286414462044042
0.9159063563250894
