847515
0.07887521114506446
0.25570332107851734
0.6322572338222024
0.09282672708932083
0.1371747847438397
0.3058330362333771
0.7478031709094956
0.1349505319193307
0.9835368734922988
0.3294424360950421
0.13684345766858474
0.06090663569615162
0.3717753657281735
0.6583877140572179
0.9201823498707205
0.43420755252332055
0.5123308987485511
0.42357893626946874
0.007727550392559679
0.3862318580405276
0.7581545841931372
0.37246338134445856
0.1290797806212749
0.07535357048670688
0.6216434580728972
0.9396263803379722
0.4224235528163126
0.01816161046042275
0.9123312453013277
0.12998861186168453
0.592613645708535
0.3273461819866683
0.14148286950169608
0.7008361952529362
0.4589223476100669
0.3957111269823709
0.8524369041173249
0.46192806203907266
0.17873296710654585
0.9769042564945176
0.2044852113156571
0.2521828102056438
0.5555353614030004
0.9308405057986746
0.9632743492282282
0.2969550934497358
0.6178992965952481
0.1254258542196368
0.03215872219036264
0.20166924084638738
0.09067225641251975
0.11607198306784827
0.7966306793189911
0.7955859117296586
0.4704681873939093
0.26062544759567585
0.8478981767211634
0.403735003799924
0.16458402463155208
0.8697172244949041
0.10187586513289593
0.8955563439395782
0.5558016533348036
0.8411715175876284
0.9363006223537497
0.03554705320660312
0.9151024841062881
0.9819957073327397
0.7313783635250493
0.24422249930474305
0.8001428106873182
0.8826059271492328
0.11831352475028545
0.8669555672330307
0.9494079554224844
0.7753254330839464
0.3152687430944636
0.4437667259065483
0.7102839908749174
0.2828263288738241
0.1617467895787955
0.27489525393085223
0.7238556038426985
0.3420671851053282
0.8500828061462217
0.7849898027881747
0.9300594670410786
0.8754127185954446
0.8966797003051109
0.8030139373322948
0.953892441279403
0.973003817263609
0.5958152335245125
0.8954710259173885
0.5866943732792724
0.44907959314901424
0.05529421762332143
0.31730927942556497
0.38609573431667066
0.6398354972719777
0.9259152594197788
0.9778770753145684
0.3840404602942046
0.22153469738649645
0.10566576206042744
0.05855515302958292
0.5143643579799622
0.6449724132076895
0.024755425042505608
0.564201090821115
0.6497307356959675
0.5060259453177339
0.5990427093243019
0.14229875217914933
0.07229404263238448
0.801906023302562
0.577104702200052
0.961713193993599
0.7932834464298029
0.5588574185165001
0.8001460105032986
0.3072098134789917
0.3837682101591434
0.7594402606490422
0.8441372964393787
0.8164036377296434
0.8821872354762892
0.8461559000005732
0.6200200251255855
0.9625630722906924
0.9037952052575273
0.3330637803642612
0.7705083984403298
0.4696999626719258
0.29299844441471345
0.21816924160714946
0.12096588232899241
0.8356353793650074
0.5316234168284688
0.9567444745902358
0.017027887848517165
0.03423926003991262
0.644481820289738
0.7293775238835016
0.1130885252046765
0.7697984304202238
0.5281654752666336
0.6184278867650205
0.06346369781672134
0.3644768975839666
0.4698260230572129
0.09269870139497205
0.6119890143357153
0.4740887354447443
0.11976283438056612
0.8925201619471004
0.776005628377021
0.34791286046550496
0.33496502068589273
0.006069476403368412
0.1771327911085161
0.27503578767512327
0.1203217672776502
0.9326373806946656
0.08392111574688732
0.19271714571423615
0.3600367756414896
0.8396830863672714
0.4004257077861483
0.17152982805974681
0.1538524947273463
0.5379020846454132
0.6599341405722261
0.6375351459993145
0.35101019807110945
0.42216509839461025
0.06452868138368018
0.7435103514238961
0.3094420506543699
0.6560683570107751
0.7488585810449316
0.2592546774322788
0.9985120450859885
0.9139682926019868
0.7404424579596617
0.7152567724981266
0.31069271503398277
0.9367571229469902
0.5390170970403839
0.30451546047874434
0.8508846744053499
0.006268122391875464
0.8438935455295108
0.22406221176118923
0.531656983919508
0.19808210169434215
0.7209770672792902
0.7207427310484543
0.018505892175042837
0.9336399304597288
0.42005283946784766
0.09507205022742438
0.4413002735748922
