1698742
0.919948380920787
0.12813446449363042
0.3124858727970483
0.8164024514242961
0.038799177574115884
0.17611773783521334
0.6730681609757891
0.30852287233480935
0.1273046635594809
0.6036773470632952
0.1988435465434787
0.8021882100062485
0.8776857064797315
0.5312896355746657
0.01198010147200157
0.24977203169132312
0.2766301666492119
0.4884598297514371
0.9977564984090725
0.9163580500001742
0.10317385675994883
0.7036773342433709
0.4729048971872786
0.9512757921859916
0.008937796161954115
0.37431807044409227
0.41294927671301296
0.6819693199297039
0.6156889687210132
0.1036582487740999
0.031416007661156375
0.6479296069697827
0.8825745698759656
0.017359232379638878
0.14930207648314053
0.6707415068941885
0.7190120250793248
0.5532281788997471
0.8449433811833527
0.19086696372891343
0.44910078561878
0.5557550556312009
0.332434157683684
0.6926056540983467
0.26955360181326016
0.10087125106430062
0.881005494715963
0.2857454776209136
0.28552897399373645
0.4265709302723335
0.8582797356438568
0.415734819473211
0.05737816915582161
0.45148105922369974
0.6570744880188271
0.23377942495102988
0.8462039168475619
0.6261618740211049
0.3484380356580882
0.37408663638809525
0.9072601599587247
0.28086431978736737
0.3928562497242545
0.7575502274861732
0.24760512076993957
0.208666731476002
0.6370782090761485
0.5694894584111153
0.23805313697685682
0.9543582851706892
0.1257658565187889
0.7436259539940715
0.34935288532154274
0.16713164756148646
0.9651810040196148
0.1253029926557926
0.06865309632410588
0.41909325356097005
0.5903804094427155
0.9840211179368353
0.7446991839181176
0.09179431856114584
0.3078979401970001
0.6986852240462368
0.7088372461000733
0.2894313076084304
0.912650033543439
0.2485281731827228
0.523784698232769
0.2500600659056834
0.5108093519627683
0.6084961699599895
0.623259573110152
0.3951124929849016
0.41964833238479704
0.2699517407961518
0.9229432165934508
0.9827009902245329
0.16086284630468517
0.8858703793397337
0.20688436531512922
0.31163988989675084
0.11564387576172286
0.47427696131916786
0.2233346105779478
0.560809720214919
0.36777281719840693
0.7044890212067557
0.4601390699880221
0.6424346022301787
0.6252735427357414
0.5378031918689279
0.5121877865478625
0.8980385593517333
0.8816630473014967
0.8975829178738182
0.8020674540486284
0.07229213976715965
0.6545992312854911
0.10327416679292567
0.1699345208500911
0.7626557163554003
0.22273294156822243
0.5186978222757488
0.5097646924226589
0.46167119579843063
0.27082909196387894
0.23703625098845493
0.19651594050575127
0.38394954910097445
0.7487290139753938
0.6532531829566941
0.5223753136430338
0.5013462136154098
0.5514846850973535
0.4592554203402953
0.7401424165540136
0.5975123514234477
0.8360028499434261
0.9379254949666664
0.5979354273745315
0.6969550645824142
0.40379498795090685
0.42922493365924397
0.44178834129815703
0.9239346497554145
0.5999367409597938
0.4948877409766542
0.06134051325665979
0.7029728959949343
0.6050988376588018
0.6177942933225747
0.4587032048218118
0.2254413527875564
0.8305181618349987
0.23793598361202128
0.631719771062845
0.27564355338172053
0.3650369524114737
0.5489512727345338
0.2802196746129084
0.8350013096839618
0.06884450316505242
0.7575343972466277
0.06749866174809716
0.3643997025116634
0.9603146175097048
0.44258779407246873
0.6991407716661313
0.3024409718422316
3.3920707885615187E-4
0.24181004612655732
0.6174305425256981
0.1113031079172877
0.24281652895380745
0.3404813524803115
0.5519863626136555
0.1520938254890919
0.5904605325799617
0.14052860020833735
0.5158788690828785
0.7780360516348107
0.07185493333297688
0.04752288193372356
0.0913812624206427
0.29651672968572407
0.6386844040349026
0.5290821987229872
0.010631054340545787
0.8699752819173601
0.9713322512087478
0.4702225428717841
0.10386539816327212
8.043427457925523E-4
0.6765421742368073
