902294
0.37952095832458543
0.6615254494164481
0.9768797959962671
0.5625995537257128
0.18452449818288585
0.13640762062062717
0.5420330622130224
0.38549507597144905
0.19565892605276058
0.8981724095369666
0.09972366038251368
0.5737921168963395
0.3149620756833307
0.44490457532310956
0.9583654304333118
0.9604261711627005
0.719286190034632
0.07505097761214563
0.48320497161757625
0.4764232221273692
0.05718459974312662
0.5279453778730935
0.5323465575280993
0.09453132565539157
0.6645181195189584
0.5122621556697345
0.22346243663722454
0.050017494489858594
0.42588682081090445
0.3591239149624268
0.9029236702661637
0.5113902645816965
0.6873130820895738
0.26022039372039807
0.17053075761390601
0.4255651186637014
0.06017265017554452
0.6811796574635209
0.9507200629690953
0.21999918421498277
0.04718982571770225
0.5765640948865166
0.895065905560502
0.40857802289301537
0.16838419577166042
0.9752482631262541
0.851094655805163
0.9185459529055092
0.6681758958519771
0.35356665460802106
0.7388717730348898
0.13252937833381195
0.944427232671824
0.9685035332602626
0.9395184291562373
0.222709205638551
0.556018193249367
0.9843293766500707
0.218759342382164
0.34345780960413885
0.03762463306389996
0.7934713080308509
0.2837991256770064
0.644262700085464
0.778686990591768
0.4060372547347949
0.3032695096766592
0.8665170902234061
0.9081289266092777
0.16229751294860661
0.1076851534550185
0.49576600772027013
0.4672046998559859
0.3085589401701647
0.331791125483724
0.05525315833534161
0.14992497208798483
0.16925062080598452
0.46038040226575605
0.14712304943330612
0.5438305669208294
0.7466723685859554
0.5956051169319065
0.274389338159997
0.11345449982233824
0.5847404063648202
0.7765005710551456
0.3097892884441973
0.13463256302729942
0.6441970010714153
0.8503862000614355
0.7169011033803466
0.409893230113634
0.7541341595682881
0.22100311352448077
0.27440939541950315
0.87347780603779
0.9283140261647327
0.279693382215785
0.10616164788851323
0.12911228993062895
0.4646512585552084
0.9636210795751974
0.2776660719374241
0.5544725650434448
0.28235596227665505
0.6789805175730471
0.08393953304193869
0.8533547448430252
0.39361791645072786
0.7773330563460256
0.4241217205450494
0.8398832781231339
0.7553465376117745
0.8796580038251924
0.335029594898144
0.7986588864823229
0.0013627275397977145
0.6053996877656341
0.8388340275301445
0.980569867771195
0.7165725330389924
0.682737099168778
0.7492984327324632
0.6660592936889284
0.982034849149215
0.9914984622632299
0.9765266474640564
0.7559623442131469
0.8934683532159703
0.8215880146704098
0.17192568465913638
0.034596957450596655
0.6356255864056816
0.5174879106619021
0.26309633130921983
0.09061233130380653
0.4810950784743039
0.7233429854990365
0.5426223893084041
0.3781697336602535
0.7744750001288119
0.6433323600047897
0.49523778400538976
0.054350214654376394
0.5614948745289361
0.08847561764941325
0.4746075425224432
0.03825445105117886
0.027544521093378016
0.5937187057138272
0.6739674368658889
0.20307995646486543
0.3212021772424196
0.5580877509017147
0.5741243640896198
0.7345317222707609
0.6557369599517264
0.18589625097360085
0.1978273238404502
0.46724189672879934
0.80519283498135
0.9884351122898949
0.05127719721538704
0.4454450015176388
0.24154515682097633
0.7432709043767146
0.5915504481416186
0.04497560763832564
0.19555252893803055
0.10222299337319252
0.4229706228045298
0.7407247951424121
0.8663104884625786
0.48928511999932656
0.19596882084071
0.007013515737440912
0.8531456614052717
0.5362031436269914
0.35873179320946613
0.8979095909884782
0.6383723951024595
0.06611466977757774
0.4949454014681006
0.570336889264868
0.6105660100256439
0.5546032697096294
0.9701971875397019
0.3848945544342042
0.6853904651942943
0.07271356529834971
0.005111263784876252
