1471915
0.724927943801618
0.9189702677941254
0.3193756004469418
0.042280922903063844
0.3770990601694908
0.9638085756298729
0.8878493252111874
0.8695642168179997
0.07465814854455288
0.541037110603381
0.5309183279887931
0.14087611116616539
0.07477179500719355
0.5928225915424697
0.0027298183249845343
0.38363385716416465
0.1669608855160738
0.4085481643713683
0.8091243092620728
0.4795719013448343
0.03475716370610138
0.8770895052216808
0.46092276920302533
0.11269903770399992
0.9991089232089994
0.10058401731863242
0.10635373110725133
0.6250897242424875
0.6395381759101821
0.21554882235372197
0.7480953132084678
0.8709939758761269
0.9345590530939567
0.045523668883448165
0.47403930514881243
0.6411958186221127
0.11462540591986736
0.6439850269164915
0.26076857721666835
0.3672457441620889
0.3788832042094672
0.8770978966988277
0.9448702800840709
0.10913740288888585
0.9912613864827253
0.9429426480102129
0.8995916977368289
0.2801947204054831
0.041941933561010614
0.1271736166977141
0.8029769982935752
0.169380332975692
0.33700879015696206
0.15463768966298053
0.6385071436589372
0.08393208091088844
0.46208210350912715
0.21230026754376274
0.7303971457828033
0.8541791444498199
0.05500279568014088
0.09089702291538326
0.18308822627745192
0.5175852362035096
0.718139622278751
0.92104996956614
0.5681049673994407
0.23051088722387936
0.8026494561111145
0.6641567471672194
0.08133033861956718
0.8438829028172893
0.5050285744820967
0.8591820498114882
0.6798847378969782
0.12290397126417851
0.3305510696745887
0.12355099343060738
0.9001770525986684
0.29113059923369955
0.9986981318773515
0.5596637653478723
0.15732981294298487
0.4356933795255442
0.29243979638160567
0.5281222137254109
0.3310622509423653
0.32312820718490187
0.1862383551886576
0.2145780921053394
0.35424828987247237
0.34423322063666495
0.8269009311372998
0.03918437710721645
0.3377496980871949
0.6315605429056784
0.5869160164393193
0.23595007611177832
0.48875662463644576
0.8745982383352587
0.46166686034237503
0.8638702581248142
0.7097512195388006
0.9953924230856319
0.5399222008242279
0.10252281557438758
0.3013427041326371
0.6413052129242434
0.14126316485372226
0.9318939178224548
0.6346046927240044
0.4017993414694091
0.48461213957060545
0.19951442910440953
0.007179161574971449
0.7625856556813732
0.428787978267012
0.6375599430634423
0.15229320509809186
0.07316499498728746
0.9090193531880274
0.6083872200964663
0.03096863525443727
0.2227411114731318
0.1826059069244873
0.22905040272930632
0.6050865005773414
0.29467703613420015
0.8924247428213397
0.05366034040609391
0.2626017956008141
0.20111206072341103
0.25873768766601957
0.6770209897135644
0.44608621162114914
0.1870521489185064
0.417762180116207
0.4637970813804235
0.821909863249671
0.13719201165924622
0.03972707599116476
0.10453734451722052
0.01975566275765317
0.8189218474503263
0.8796418070056137
0.8531982071443144
0.5707924057711858
0.5514178112370443
0.8407657904729963
0.11038306661791542
0.17771616756030262
0.3034100125343586
0.46377217114396174
0.4823324209439842
0.861001949500685
0.8911673707908012
0.4938582370594503
0.5677706105855483
0.8430902695931491
0.7734338410084844
0.3235626095627614
0.5030353421975392
0.25586661881054606
0.9214962892911609
0.6608068316523787
0.7304860888285495
0.8866739759921753
0.38025887301578565
0.7296870882309469
0.5460081968131592
0.21423195928375227
0.4301445330039113
0.6757995477424977
0.728499587725554
0.9282185608603094
0.7098398837099905
0.618390559916524
0.9575473525551778
0.9749032986897754
0.2663441254455454
0.9683806341502975
0.7850719221691095
0.9261037114719569
0.26147868456158685
0.21431944291335392
0.6425362968995874
0.12986972026668653
0.9829596993284792
0.3675860029912319
0.7373893384186206
0.6686828850373429
0.8833298533548121
0.6536571861722312
0.7207307346737922
0.6245912331781701
0.6014925738209117
0.8380242999704768
0.6927572318501929
0.5305822690428846
0.3092860415397892
0.7833462179262582
0.4533687381982633
0.17363002838482822
0.26947997784592015
0.44868503046570796
0.9023842032360657
0.1072348313160788
0.19177395998640645
0.562177623329283
0.14713661977434156
0.3299072036327714
