933607
0.8298204627243844
0.625255193087441
0.18478769150464958
0.590930100322481
0.27499205850485586
0.7395297662410141
0.9925221239597142
0.6958663747901069
0.5715568343136924
0.9867251310737117
0.4808525587679222
0.0016616759333241138
0.6031215738741366
0.7375370144130693
0.04358600435658189
0.014825117650065889
0.6816479683217865
0.3170654778917332
0.37257341108178155
0.636053193127741
0.908041760577762
0.912470014177566
0.796183381188368
0.1307957244866037
0.16726054837585724
0.4727559744585338
0.647512798135912
0.34764407576646084
0.57108103114204
0.6211084429245135
0.07166599654404782
0.05505651005386092
0.2681120383711816
0.2769476841759235
0.2410054569405734
0.521816540508429
0.8033346638139726
0.7678879462399357
0.16309668160956614
0.6277546521264168
0.6283962788567004
0.7010396439621139
0.13814070545396429
0.8586449123357344
0.939080916232854
0.7586019719241474
0.45100738373341787
0.5128223004606245
0.7478227880148335
0.8844515445305663
0.0675538441215654
0.32694848079029537
0.9868264636029346
0.03644027481733669
0.9457317025674108
0.514486678503638
0.4813010750357398
0.7933731428222631
0.06905785915783047
0.9028294575765899
0.8325123965242001
0.6261449313117489
0.46334357370232904
0.4536557999717111
0.6068012625103587
0.5692722606123006
0.2671467102247236
0.9559766462356915
0.7394122557821792
0.3620653767073022
0.3922330266877736
0.09246088970282818
0.7309222287848929
0.8679421243510621
0.4324015037880504
0.3970168837337944
0.03925301887886279
0.7258935650602512
0.2573505440971908
0.8452368254314413
0.051698455142359157
0.7398696990951914
0.16283066344272945
0.9491948572199111
0.15909071677132558
0.46986053371373093
0.5391509112744617
0.2642217867479245
0.7481769601172212
0.85270591314966
0.767175525147821
0.1576628417058652
0.3784715136437443
0.45117576273244053
0.4542683143910601
0.5382573161318059
0.016295498358150806
0.10661924001163103
0.1822124314095559
0.9996615654202861
0.9614097270137286
0.3534903208576562
0.6549532858775119
0.4927703583010028
0.02059323498157728
0.9433138397112169
0.5060827300014421
0.20887344311593126
0.5577140605829141
0.221165210556572
0.054303441122676266
0.829317968676058
0.2812852292932637
0.8994934951718383
0.9796818034137519
0.6772293170268123
0.018193147153123146
0.982126328465256
0.2343188215714187
0.5929764881696001
0.2662319164688296
0.20555261274050485
0.498138422862762
0.5474503108328997
0.018271726172106817
0.3850867012905782
0.14381293129742945
0.10585618057383317
0.20733488381755338
0.4802755150601439
0.9844157393165636
0.8596054967446304
0.1345488438028163
0.02691815107787532
0.043211526428714175
0.8550225262592462
0.4108901376709567
0.8223252283790728
0.20706506380678125
0.8649671375271828
0.2688290648040913
0.3959526699301009
0.9032692386741337
0.07310547393115552
0.5814301351687614
0.8493031638330971
0.874163786735924
0.37044444944590493
0.5641581213696172
0.10699553142535478
0.7147364425058037
0.9998781347299125
0.9285858589401075
0.4851608128389404
0.08546846178983425
0.7268772679732478
0.20739415957639007
0.7538309925132453
0.41600667821373283
0.06308572123249045
0.07650023130436545
0.5467447443757801
0.47481475434224774
0.32447076340426806
0.7628460905459297
0.055001830826017395
0.39577654119860783
0.466806416806958
0.0453238256144648
0.43025606154649954
0.6247948999813195
0.708652640375115
0.9315097226817407
0.21864415978076646
0.7777489681172952
0.9256250747351011
0.8243246407536509
0.44840588086691047
0.585744544408482
0.6796337672658896
0.8804336365716778
0.7021586844522832
0.9444110330348447
0.5329012760925097
0.30614263563826927
0.6190476414972698
0.5810697220982002
0.9889539302526127
0.5367455459739411
0.7924995202178857
0.0069180857178129385
0.001412817164742508
0.601720692879944
0.9560677408091185
0.2309454053847344
0.496293367417045
0.49087044337368335
0.6828620575287484
0.17811471192334594
0.7646559393220507
0.00544308843935748
0.5633159069987962
0.8764170891696321
0.8998319937459354
0.4034721750492093
0.971550868149215
0.25572438507174
0.6770836329015942
0.1300126074337774
0.08235620164362822
