1023249
0.8359362394190306
0.4034370245825035
0.06064918534120234
0.758809277779635
0.6727387585434963
0.3015629480400208
0.9805978672182771
0.2948200703627222
0.6763611078973962
0.9339605134809597
0.47191588879944424
0.7673912651280846
0.8220378644915624
0.02233312829307954
0.9877817122313117
0.9301427740626255
0.8304542851991644
0.7719281155238995
0.6555012220137489
0.1626576625238011
0.6122726675986738
0.4717451200055306
0.26884235348330576
0.9794643134559742
0.14290790592903946
0.7088999736551852
0.005494872678678209
0.9979771467743351
0.4620408447897193
0.009064474433697622
0.6368979905190456
0.06647623148745152
0.17692804945577234
0.09478544887008378
0.38537335609695045
0.4612140624144774
0.18938750009936323
0.23961803912173196
0.12744676009588485
0.6759953392999599
0.3634093618488833
0.388392658870499
0.3424365335286572
0.3480835585983828
0.5036616931554273
0.8125665076879995
0.06183274195797561
0.29104589193635566
0.3247314051702458
0.07449404683816829
0.08768591557675431
0.43815591041959556
0.05676028931259225
0.9855835150953027
0.9171695604747299
0.7392311774532645
0.9552077075759344
0.06068932491327228
0.1356763508443205
0.6992908411865236
0.2607900620509839
0.6947228036689655
0.522252707404495
0.29917597858710165
0.09021901294967194
0.9173471704935189
0.7488719587663123
0.49628338116193993
0.3291797866422025
0.11775455671842561
0.34899198299061673
0.3678211165179739
0.8460616960726965
0.5739066250603795
0.5810377056856344
0.2295023549655426
0.2482730545316849
0.9692522983664922
0.9188951284968088
0.7393512154966215
0.9625429836124189
0.3348196705050859
0.16419795246282776
0.07930283198247245
0.6364334058789262
0.0157114191890102
0.5941339803337778
0.7965370692434316
0.7303538053736566
0.3284161785302273
0.13369308211655362
0.7819936394274019
0.6976929194863831
0.5489808976324438
0.27272442004969877
0.16527375533526234
0.3352508043361053
0.7519724622303933
0.3358655283335963
0.6131414884739315
0.7269754626778151
0.8062889713383146
0.7573513385777801
0.63309591574201
0.701078754604932
0.526264662680607
0.21290651451123666
0.003992626834393609
0.8739259266213995
0.5751445593100063
0.8173698219582889
0.3824512379699522
0.16366438680692352
0.22288832629586497
0.10939454849923769
0.46679345644108816
0.1223766422077962
0.47139527100725864
0.21351399299511198
0.8395134879185717
0.5576132947421725
0.3776252791306559
0.39505724347461624
0.7547913201866951
0.6924823094290793
0.6287234680277338
0.20484442549158133
0.6893163449747329
0.5480406024487663
0.5531390421230676
0.5482873685554095
0.432696829319664
0.3225546428192909
0.7878614901324615
0.30746570708666976
0.8579893680991733
0.2892672666561379
0.7642803628389311
0.5949446623337081
0.2833885852750342
0.13762777532989245
0.023807488922803488
0.3245453430077665
0.5128771869669877
0.742512805543255
0.12928351912474356
0.546974469396357
0.22664221142887342
0.06178621179673449
0.5993229287716803
0.917164913659469
0.3813232543676519
0.23461584448956407
0.8601353204021089
0.7353745318479185
0.6756641983794975
0.9812859347875663
0.6829929822498628
0.23553532656510867
0.9388994252896138
0.08981382852841202
0.9553974694630166
0.18204121197113876
0.5072123962872727
0.11550035712915807
0.9201314086412944
0.38010682971128895
0.26786251263048466
0.4166130314205433
0.20876387522257034
0.4050263215773171
0.07108412726274183
0.3027222379931177
0.09481067340166804
0.7121054256464779
0.6366192414200522
0.3817801141998448
0.39663412318087254
0.3017359012370445
0.9147532372448152
0.15785275765057583
0.37129893440712747
0.2830268078693481
0.10098077384888915
0.553486519571128
0.7579843140710651
0.0046020280861660545
0.14893723172211915
0.30900906894049673
0.853184973222283
0.9026189894713303
0.6779878470101677
0.1456370369685117
0.12981635078536125
0.8537591220573
0.6298759861025982
0.17008152801236942
