557437
0.6103385996370215
0.44334898579286997
0.33378546649189245
0.8123881077646756
0.29596607845012834
0.07123767005984005
0.9890228626489656
0.051958708375254625
0.43167823052686793
0.8023140649882822
0.050377117472298116
0.6875404255042841
0.930924225344925
0.08014181124215791
0.1164123046328408
0.13349460023580073
0.7311683878280187
0.1123064718903184
0.08958427957734383
0.1582647743833102
0.05323920615998334
0.9730493292052788
0.13298743599826135
0.5519047823093601
0.8011173449163522
0.9759256630775702
0.24185992012311885
0.12498660680068308
0.08913179644341729
0.588856445761032
0.29425774352322787
0.6926054142502304
0.05247825702084885
0.40320119227032447
0.0673784627894155
0.5145810818875398
0.4221694687703137
0.31398648799090234
0.9843356280096832
0.38658942078497693
0.8269725208331924
0.12018340884022494
0.29075493882449743
0.20683817443708707
0.42258320735520327
0.2119341826665414
0.951384341313202
0.3790362654388184
0.24223304662746903
0.8758866062902319
0.8039794108883851
0.8547875115073237
0.6131200283074596
0.02030264918253122
0.4110467958945929
0.9671722709119028
0.08949882892126892
0.7983650740166242
0.6095979968926399
0.4621644563727172
0.6159625338189294
0.6911141571233975
0.9748865910151994
0.2956626500163452
0.053392116027818126
0.10070398460503882
0.2861718249199199
0.8312984118832548
0.7752464001647139
0.40017621005048243
0.6108725736206568
0.04781647441483028
0.7733092590566372
0.6877060095565471
0.8080448815028363
0.24470490015986346
0.5997074183790483
0.20128405888357803
0.09293797256108682
0.5208860803477782
0.5159565630640977
0.46405487298944337
0.801452360016868
0.9936622789259101
0.41998906944358605
0.7510407519775142
0.6466456551604849
0.3237416841044587
0.4785624965828562
0.39473739931441965
0.5690004938186055
0.6170548078659697
0.9051421112890026
0.7800762350505344
0.7479904181234124
0.18520287778840716
0.9922974257693425
0.6185048993503535
0.4645492350149193
0.9637629923667979
0.3328470923920013
0.2364466155152346
0.2823698841434916
0.6113081879144607
0.14543195372679996
0.16515557753825116
0.4505291434739368
0.44188240394163447
0.7578916641494068
0.27699475419160935
0.5207550279605229
0.37980377879189897
0.5957655006296331
0.07741876746767062
0.9197233924780054
0.06805262739909124
0.4734330182155615
0.5324537087349134
0.6200916275592395
0.11013259498971883
0.5918559593374011
0.9882226709225868
0.1135464418940415
0.18017707957233664
0.4095776711619993
0.3220739160864027
0.6049640442361326
0.39720531541116966
0.47258206957479076
0.4541264896174094
0.718850680142214
0.9268153422192476
0.3638091089101263
0.7435556457302409
0.03755230685239341
0.24723433131719208
0.1645693081130064
0.595698468367924
0.4752919227366883
0.8965290146795619
0.20779493960117612
0.8140679016372808
0.8329140455604377
0.8039119196602101
0.4470110795899416
0.8456209400335408
0.8752854486589918
0.5004624830305455
0.4651047155546836
0.08813496940287824
0.9266222875749628
0.6032138166173415
0.00341592344818209
0.8553036451064657
0.2885834250848224
0.9714398422952015
0.9043695737908425
0.4281718088111903
0.7517904591103252
0.8451096979605996
0.529812469474143
0.8607866174498499
0.0935052899661517
0.09285906297073288
0.04241504203250668
0.8534497938069218
0.7325159413313167
0.42046151038283197
0.4189429393737739
0.05871397611576079
0.6468522782655731
0.0206648693992868
0.7018983012232319
0.6432737393366471
0.2507731891630002
0.6813911678675519
0.7899768449117496
0.7931595943700656
0.17453705784771656
0.8116814137981073
0.01798100560795679
0.120151605281965
0.7937879768735192
0.19339857957314666
0.8832758812152566
