657701
0.6757935138277835
0.6876349160486714
0.8434935669732182
0.8655570177063282
0.03590798516864324
0.4053401019474596
0.8915943569115679
0.23789216864485963
0.6026534724994015
0.8041033424147692
0.9631447763090667
0.9392814846442097
0.41980979508039296
0.1273861693412771
0.6032676987474165
0.9320074559004984
0.353418768140489
0.7105552713394713
0.46982182109547466
0.10193329777142779
0.26649273967042963
0.5165759942232078
0.3942287332285289
0.29976453578449336
0.41863475834832986
0.06135916661226404
0.8680933954781513
0.12238192929459601
0.15566449830957896
0.20425535138549744
0.1481537739444444
0.5410876482236617
0.6232891020358571
0.018449152640658162
0.29416527617414234
0.8009896994473135
0.06405370491027862
0.10151302731076706
0.23264582801915745
0.23938217162696684
0.23825147128182012
0.23813884122304818
0.37397827946745055
0.8008618534919343
0.6471683664695418
0.28507277370197615
0.401186415532943
0.06305449530180318
0.5309833288936141
0.5125367519407626
0.5957717260021256
0.5292066946854063
0.06383970832373698
0.4069279376385563
0.4693183029099477
0.7925325879974453
0.7750489043943355
0.11634525469600865
0.529143263893643
0.9320867266411449
0.988083132032358
0.303499804678393
0.7220905539979797
0.1610680837598233
0.987958683684851
0.1598239682699033
0.4726367388697147
0.31584214967439506
0.7028071112658949
0.7301014847121645
0.25979676985041844
0.2476015295709436
0.916876671752313
0.4986991336453639
0.36188901411541863
0.5584680296414933
0.419901629658595
0.396487922404299
0.739038360520929
0.4099718171227924
0.041722766027653124
0.001799814012662715
0.02036715286230406
0.32422638700293527
0.22123718716690155
0.7292737353671904
0.21614351871522774
0.9967509738124626
0.6152012985978078
0.22720247745531974
0.08472723147480987
0.14477412973989157
0.2651057926298416
0.036999856783703655
0.04997358214839276
0.32598598350885366
0.009287092325790058
0.8076652389172357
0.18682587569869002
0.48008874095574716
0.15263488711576767
0.0036305738659024867
0.07114768541996108
0.669128298087625
0.8877003647558434
0.09613271395170908
0.22441601879277773
0.12247224991153749
0.5987059808301711
0.6862616780947095
0.47471730629892306
0.22843273263649289
0.9739016087899532
0.8720931259316878
0.8025578922523986
0.5569151812600196
0.8019086426951682
0.44282159429991197
0.14332158487911173
0.34610684491180754
0.43413767225424515
0.1595684627597086
0.17777659138357105
0.14110176373588967
0.15806155832015178
0.4655462566792897
0.35785496834303376
0.4334920225619222
0.14507054532115293
0.45751949612022813
0.2869975617124305
0.21833720644779608
0.21183166055265923
0.8460091741331831
0.10267826096031751
0.35855759476512783
0.36551971282743934
0.9334463475540874
0.6932910728175354
0.5266788381197207
0.990982668349338
0.34748799690566035
0.4224044308931464
0.2799890800389586
0.5818496326080149
0.3809661536274964
0.5304571075258753
0.5175519993837616
0.11778431382754107
0.31044870653363876
0.5372903353912407
0.16615214763895958
0.5465334576559592
0.9921491477746294
0.7784817107085
0.4471320736899608
0.3421133175659542
0.36692876344685954
0.6742656190912096
0.4872129796206288
0.7794243173595294
0.24539425660080028
0.45189641188110385
0.35377388221133343
0.3907777868955562
0.8896003267694887
0.8206301332673485
0.8186969760610763
0.05126534268178795
0.45962528235615097
0.5330713262612274
0.28476965694639156
0.2775956576650598
0.35129508183192304
0.8574510934958027
0.34476643836004495
0.6189695791702783
0.815589492073139
0.732474062577475
0.38571697385950854
0.46875908519013354
0.02077157387673434
0.7796910032042076
0.49949891234651767
0.23220150165360343
0.8950392603946631
0.4079248411167321
0.7157776292934203
0.5480155315304218
0.6705065611155888
0.9600980597576227
0.23444705707855207
0.1807906412129865
0.0385782811123081
0.2248796299298147
0.9021090724622088
0.276197134428697
0.22229151658907442
0.6638898395848752
0.6507617881177941
0.9025092990559878
0.07295370224670672
0.389772291277404
0.9967493698084808
0.18962933602416054
0.5064156057217578
0.2712616437200017
0.9841594792099241
0.9207451335519401
0.2085752303029197
0.5384471066524417
0.14923688934999546
