1076999
0.3762875448434323
0.14613338619429772
0.8823239064258023
0.18349755462189887
0.679973901167273
0.19956913151890998
0.4979630274646403
0.538049870457617
0.5606538968255853
0.591056896193253
0.25092050118302034
0.20105068932227743
0.6371514694093791
0.9350385084554983
0.3326985692663934
0.7940368788049729
0.5394675898217913
0.6308482714299395
0.4680661529944494
0.5608540536201931
0.36423457131745907
0.08581601422442398
0.4225745104539782
0.3348113323989298
0.07936328539729143
0.537717639610964
0.7701335088091988
0.5665630646464772
0.7664637180559273
0.5431311156761521
0.29995094928369015
0.2551553995628255
0.7976271298560068
0.5390781181559892
0.7282711589414733
0.16862096719984165
0.6574153959305502
0.8823997293969436
0.5727310781915602
0.4406996115165046
0.14141164072806556
0.4246368452432051
0.1457855746335417
0.4867092894634738
0.08944358842290834
0.9897548118608844
0.6285360351036828
0.19428578613620273
0.6445990605668461
0.08787300281692834
0.09742941042596054
0.5136558182174104
0.2684107544777772
0.8202298869481134
0.19367732130440585
0.8973029327922032
0.3880953207864355
0.20893456683459788
0.8488782330408852
0.520331338016963
0.60348970728239
0.11962653271342283
0.11020779144841653
0.8505276081146012
0.8393351377691164
0.5359845402790899
0.6446760732795341
0.9310663080269532
0.6928174391704864
0.19209738945650678
0.9443324038419788
0.6889998386349303
0.49677986988371825
0.4720282477514268
0.6029318402878998
0.6891190562581537
0.29578234434069073
0.04547550981235238
0.2894602655705758
0.015466117406892965
0.015189365449603587
0.9242528420505725
0.20504716605512252
0.3817261657067953
0.5927259073738649
0.4963817544740802
0.8771789296302177
0.14692029998130496
0.737448975801709
0.6229102364769414
0.11875742892597962
0.6442668482103723
0.28284025708491756
0.06714115112427921
0.8594322625728279
0.11877410800417154
0.8087328219303797
0.36677476972850764
0.3427669486750007
0.6130722859944113
0.3210427505512594
0.7565396147133354
0.8751832645060641
0.34118816267055396
0.2987849433368336
0.9022067500709122
0.9112596325370808
0.4464112077322149
0.34460884529235725
0.016452252134604883
0.7648430034957949
0.5520949508293382
0.008099365423931637
0.39285338681613313
0.6465664447217166
0.18318308887417334
0.09034452130012294
0.516374463170416
0.04574684504590931
0.9614448918407261
0.8837801701707033
0.6870178907126697
0.6982708521458648
0.4588498630890516
0.3530795332463328
0.5278872470232667
0.511959295165877
0.7312068558274941
0.2208631354015287
0.8397286461625719
0.8570333730433872
0.8481381082685472
0.2862626875115878
0.011087680437039782
0.5716888388664091
0.1856543684770674
0.07488000504668424
0.5965389611967875
0.8814168505726624
0.8540419606381742
0.09544040201026749
0.73501604377783
0.18559368281170485
0.3964685028581665
0.5614467545394766
0.7960893800805456
0.32599321300187767
0.8126589513937713
0.4253998701158599
0.014110836750687028
0.5192600894424415
0.037189207499133126
0.9686568317902858
0.8984631017331484
0.6090134096488053
0.23338951859558643
0.991758034507054
0.892722795043418
0.6731341144404418
0.6515457657178905
0.8580611327635133
0.09636648138331205
0.3079215300237389
0.3440313382073723
0.2577774761721421
0.8597192464313032
0.10318830818930569
0.7301981130989009
0.5800153270193069
0.716165136292687
0.9209943557681355
0.860300262643148
0.20719077456940416
0.42521008899722024
0.595604617785039
0.24041986456927034
0.8791763891036068
0.8658074467041805
0.5833876583114478
0.24930848171784004
0.5138143026199927
0.14142664804464555
0.9087544467539332
0.5032546066060084
0.5159290927094146
0.5366665614435827
0.47587066320204285
0.00653158260574771
0.6587329454757631
0.8997844037853849
0.4457574890113405
0.5626765518957508
0.0795240925248315
0.6163319766247997
0.9145294650434693
0.7157956973977517
0.7958366843868258
0.5861613306672391
0.570900376174986
0.4412868810109589
0.41870850715296204
0.5193820725586745
0.35972113436693687
0.9118157517595401
0.4164906165676545
0.42642263925778245
0.4331964194903335
0.9270768311709964
0.3656306354698067
0.39316899769066993
0.8325595164381058
0.014816353459055298
0.11411959825568396
0.6042233411744932
0.4103677760542902
0.7857890876200972
0.6787996974535002
0.10564690468777937
0.47721394923899063
0.8567664311229864
0.9994884187595584
0.9831200910790872
0.5365311641325731
0.5434085600423686
