1535502
0.43672405414448545
0.90722921183382
0.11707798775238776
0.5366903320556566
0.4855872689693972
0.7147531848443697
0.8240225812175187
0.7318899561934736
0.40527424069419726
0.10417651140732542
0.8300148839133995
0.7075675004986888
0.28225386815252085
0.10130436977918955
0.9173010420744168
0.5669416415669534
0.9664816345195
0.6325230484866536
0.8600188888364199
0.8572412971039255
0.13224254461560847
0.8589499395975843
0.6217296430321987
0.17926583245559802
0.44380008527132386
0.818430768655713
0.965265988093438
0.619944441108303
0.013381759675081373
0.1442130564215165
0.40510267997207494
0.007680739324266828
0.5821954068684008
0.6613518619892648
0.31624529533696755
0.2881207433133951
0.6295855324021619
0.4753803920653754
0.9286712013205486
0.8970836412859939
0.9211017140515741
0.7625041964053273
0.8826465856623729
0.8677465777970065
0.8431664118632555
0.8465549096327304
0.9977818086177853
0.5507757524802077
0.2401926449206614
0.30516547562010554
0.9174768692607813
0.2489482877199959
0.36941652963910565
0.7861055586567279
0.33044757106651634
0.7719106326703151
0.019373773295955243
0.9344426309041608
0.5423121872014097
0.9020706532756639
0.7998628818652598
0.33217028308677965
0.2727573048181735
0.02922236720598015
0.1044024290647727
0.6341724827266682
0.6875908894132312
0.759353744025028
0.2706032917849006
0.14786843222509882
0.8400293969724395
0.13218976012187544
0.0195412676080422
0.9486099207161525
0.8918547927716478
0.19237373815073633
0.34212916480367817
0.24887892176166926
0.7126167603230417
0.050792907079267646
0.6186517692144344
0.1465601968180955
0.7138441440839688
0.2454040846492077
0.9070411964649517
0.06604040637455855
0.06526859963707121
0.16501820565770253
0.01613382331251134
0.1756109765807785
0.7613530168473575
0.5348534627116771
0.19206458491933487
0.8156296247796441
0.35895574686400944
0.47926817715373005
0.9891179882103334
0.5041210042200714
0.5907511187271115
0.474936638642254
0.17076966243779101
0.39997420104840464
0.47406564094251613
0.5868322989549658
0.29231614158874375
0.1986211679555666
0.9810783480562966
0.739734324386384
0.9534044006846257
0.31105623444120156
0.8138730166971639
0.4195752290970106
0.576937373208089
0.8342846052019287
0.33661842648188456
0.12179868191020449
0.9702449501687828
0.25976280511250815
0.25719298199020457
0.06799843580701026
0.8550747978216938
0.08612182037237537
0.22185770018925877
0.1974603167338651
0.014870571732242488
0.5034397204849322
0.08912216764093894
0.20683165089427846
0.7009700577994626
0.09855700039274351
0.28273548898430045
0.4589931738913031
0.4637690385375438
0.0944047712095204
0.28877484534461406
0.9113104801667327
0.6305613052136332
0.9810422084882111
0.058092217225949816
0.8237938129188968
0.23867890366612865
0.5220766054423515
0.8029195565423884
0.8992960160388583
0.35072121682321855
0.027365231559198566
0.435221445118136
0.6807307226368462
0.32807485335056463
0.4713757362240699
0.6844232294306748
0.4843933443034969
0.8195912712934187
0.5063075456416808
0.7534322951242899
0.8838206962180886
0.9342023248855061
0.6700536342301711
0.22440836431430478
0.7752245294628515
0.30941835779879734
0.12130873356198013
0.809528295155786
0.35338783045104916
0.5620677209991579
0.047606294018819995
0.4570300633261489
0.9060127843264911
0.9133000720063773
0.48679334989469203
0.2691089619341732
0.19486175990910137
0.6167904816864891
0.6784286805294333
0.6657789094007303
0.33363392236180955
0.18724507406125313
0.2188167684994906
0.23760042185002506
0.49537144244167874
0.3257230994168009
0.23186590006642016
0.770215792521629
0.48629137382162324
0.8689544696901028
0.48768603009720835
0.9949213256630405
0.20829030948778926
0.05174559948721835
0.9018178974020854
0.7220453661330545
0.2989707821779797
0.8647308498155198
0.13021212830338835
0.1476901382993906
0.7858896862227385
0.31414048947832185
0.038553247561607606
0.28943400076738046
0.42083097597692165
0.9459207188285463
0.6692497888326066
0.7028804102682311
0.47025603426849427
0.08345452822013322
0.9553891046944157
0.8584785676017317
0.12968686325670076
0.8462972225838125
0.838181172841182
0.8168297170726018
0.40262885492327394
0.16675363859964232
0.6328927499350092
0.13073247778896513
0.2387412150075393
0.701788779604792
0.45799965597912085
