770387
0.22350923821508406
0.9613151111145882
0.7496770687489248
0.2932615398872208
0.8456950793081328
0.5307208475625312
0.023960235990936662
0.7646499427555573
0.5959595206124056
0.9883366558540387
0.4116970886921363
0.06753733093432057
0.9071705019036439
0.504574267255329
0.6486528702205154
0.5342808242507298
0.34479912234788235
0.8149666818602936
0.18099058776075427
0.22831160731425393
0.5424026404540805
0.46988622017898085
0.3511890562276382
0.6040667419212091
0.6077123744798799
0.24631174718376292
0.4453287033931592
0.7105775148222805
0.37289216617420684
0.27416600921589096
0.0695483058280606
0.6362543686738686
0.43382215962306325
0.9150953542464974
0.7853907944738644
0.8933851994436625
0.5258017419010682
0.19816553526332703
0.9269207447414095
0.2230907499349224
0.4168543548025485
0.6647994508663152
0.04690886747674128
0.8649566155257654
0.1648562472891295
0.8043832915250957
0.4950443037001703
0.6802888806133949
0.2810000533645626
0.8723201361524872
0.21804892502974482
0.6439160016265446
0.06964346745903394
0.7739107967850362
0.9897316118378499
0.1266870893219968
0.17338163974901954
0.8702937386763063
0.9284354122207096
0.07929234511097027
0.14222217758480127
0.016777435762628468
0.3399934773436868
0.6977587390541187
0.6670292267883903
0.8792496019579372
0.6362249098867562
0.4019501751933996
0.9699435761529458
0.5909501701146255
0.32216445828858087
0.9906280121828881
0.7282736410969841
0.10974561801300375
0.8196353172621034
0.6501045957155138
0.8233922170673723
0.215144185040555
0.2004372670485839
0.08824846034435885
0.15246202663076203
0.9446431941775933
0.7393370979099203
0.44157729223859954
0.7183529819293938
0.41060094250657864
0.5652122190357809
0.7604003478410966
0.22190254255444608
0.36167741828365896
0.5881122576183077
0.8154493725857298
0.42071002659989687
0.5569896538914918
0.3106676421484561
0.6891631189509407
0.5899443223535902
0.00647890623781866
0.09418800816565287
0.11576745503765795
0.523184250823575
0.39758865051993086
0.9429579419381122
0.8165192189428854
0.6450988946568951
0.5762037154737238
0.8946506440744167
0.1399592283964286
0.9728152920774829
0.7789026872383138
0.6604452165534965
0.1617454278215037
0.8591093146628205
0.4239271452293232
0.2453464894010493
0.024614741658326666
0.6780944955662846
0.6598726053445182
0.8973709003923636
0.7062480930640515
0.8728735121095809
0.5439582616046085
0.883675776957218
0.59128966986191
0.07465486897702744
0.6758334570820447
0.272373486983321
0.19349859173502792
0.32412756079019367
0.34823081188897986
0.11068592212927553
0.12498683620448947
0.7784245409710421
0.79237749565793
0.13325892178719734
0.9417248792511076
0.6707957406301168
0.8939272543551041
0.4088703144614714
0.807972035827125
0.7051498437845082
0.8342781702480618
0.13942933546066827
0.0170158500619928
0.5139132686924974
0.47249178407524317
0.16207891780647898
0.2815809107480781
0.28519417383683676
0.9246313883881256
0.5733770882511905
0.3644944792788083
0.17402784742225053
0.720188849988927
0.2939470033744209
0.058672451958215466
0.6525191306980208
0.11937028207138534
0.3226497737142362
0.745216001129012
0.5249868527177269
0.6603633939552364
0.8912481053182868
0.7593858856088798
0.9367538573461042
0.7723098964137202
0.7236926830353027
0.5764475328536975
0.3390156321383513
0.3375588525331539
0.1285776051433123
0.3928571377039153
0.03725919382463072
0.4158776870298304
0.7089750263481999
0.02298522856290841
0.646993758188736
0.9536494725982131
0.060773176139246377
0.1575507476072726
0.5080925448794834
0.19268661005948573
0.9488061664629311
0.9371653195107762
0.8678353849904826
0.6661428250767124
0.09947811414346475
0.4828639835714239
0.43278000662974603
0.12310635571159956
0.9292477665138988
0.4952251923613278
