462089
0.7900360126297276
0.026178038497494227
0.08792595268720094
0.8342746832998756
0.9119406625681936
0.16242676366228703
0.2156824283047355
0.8221701549305382
0.3403817340742279
0.9835748300543459
0.1521415446616169
0.8590982135876618
0.9233674422532344
0.9863994841933516
0.5387233301270223
0.21533574804813105
0.939665625842827
0.8509227699076882
0.3078255739750678
0.6696100959921132
0.22564088664714244
0.649271891804611
0.9827267227563624
0.9379494877711226
0.7491831326797801
0.5523277068728415
0.5836528857346828
0.5295364152214159
0.14638249130009584
0.25611612004122297
0.6483400091275596
0.7324752732578671
0.479770567424074
0.8821232528196661
0.2592116741773205
0.23023719142474364
0.7513614497674248
0.4191916180004216
0.384332002891447
0.9286466263057522
0.509390352540445
0.8693814956242744
0.28558224976166446
0.9336257405843175
0.22456144351520835
0.13615819313396038
0.22504811754540333
0.2615141486194925
0.9797810549663521
0.3504921689680306
0.2093952232708859
0.7866333659713277
0.4167656131531453
0.7689358488505688
0.05204759922954927
0.13486653121502812
0.8135788012390565
0.5974673097231915
0.6042745586078034
0.7173758349163996
0.6290657261267842
0.0958679205292009
0.6088292774627383
0.8651815050171321
0.8433159781388291
0.09962697707603851
0.26357235039891413
0.07317771144038554
0.947702140871779
0.6598436894535998
0.2475518796840761
0.6912626336958
0.4937036642514072
0.8463227437518912
0.658301351783931
0.010610827632811626
0.696640366495421
0.8850366877063106
0.036655182708410616
0.5847185389651977
0.7086040925664935
0.7083548836701389
0.414171266591594
0.7977031505882735
0.8242907360317259
0.6849149554890539
0.10828835243533019
0.14644052644546746
0.06409912012883856
0.7657398695361337
0.8116357327986418
0.4384744395468215
0.29077743191957994
0.5341796501721088
0.3744516629637229
0.1242351650582666
0.25906136993715234
0.6794840078405334
0.5628553632722
0.27995458497018066
0.7721631954857134
0.22728791836232587
0.9907578048904065
0.3367677060999501
0.4246338497440303
0.45501972791538936
0.36948382284653636
0.5118413594759684
0.24803553439890813
0.7962167208650656
0.1967191006047514
0.038972976919659286
0.9440246906003992
0.1949608964099524
0.01518276221985504
0.7189534053065354
0.2888613484730732
0.310123410070972
0.41146684380838383
0.014089672599131187
0.7240228768528916
0.6888328915245288
0.9967721183355044
0.896634927484269
0.109515646224569
0.5295596825876515
0.7138090289178319
0.9274744793958133
0.10964164769055895
0.9374342926530976
0.9479218476024284
0.589268312210755
0.7053909372852825
0.6378949972198124
0.08553266522745717
0.7273522290175817
0.8832954493999121
0.959486180543343
0.35929141535472164
0.06205092359480302
0.6374933083529627
0.5226055968301921
0.04685699364459861
0.12765840573193787
0.03991681295089444
0.4782250170057215
0.34902332397195557
0.6661922610138254
0.28293177523089963
0.3290856190656033
0.5629439126329817
0.4581300340146284
0.2794194905581938
0.33559592629466417
0.4874968465979439
0.8076877674464801
0.6172067919785851
0.2596364419310039
0.3503716406036752
0.41680154441204464
0.40791402467482074
0.7317021907313407
0.9302483159348387
0.1798256871479026
0.8447042936586016
0.8402903394139902
0.9624780629506811
0.5100614739589933
0.08908195640249117
0.6371672536998643
0.36296411269848494
0.16958286812466827
0.4438017870007287
0.12812509233151903
0.28248008154308135
0.21542662117793687
0.6371150479414149
0.9760657801938416
0.5124527702671496
0.5980661089464839
0.44299215766335653
0.5817253688309345
0.3032748262749614
0.15218962376000345
0.7926256888111269
0.427079628460893
0.22750213894387694
0.2051552210232327
0.9944321927009332
0.567447422859562
0.32282956057509593
0.7950964373928339
0.6729345698923186
0.9405352754714653
0.3835282424314228
0.5385038023873446
0.5613212708506999
0.7241433050145499
0.9340659095096161
0.5162096614838229
0.33814239851833416
0.31897879562872355
0.11492176248944108
0.15705437839785263
0.2855172117968606
0.6590006945029713
0.4381452647313865
0.9901143765083394
0.6643911798727452
0.45894465977436105
0.12899865771300312
0.3092237936473996
0.35179496799343546
0.6971547626907015
0.5600609874587319
