666399
0.018409352894652287
0.5706956032858161
0.28231258855718655
0.7981710586816363
0.5370661661508344
0.35498224801794553
0.13201123756439181
0.6352879309073586
0.46366976037531615
0.8358457919321474
0.20067722408866917
0.6109436243724793
0.6189185580968579
0.2618715147554286
0.08192966140502844
0.40390540208130266
0.18298569816708632
0.8717086156379863
0.8645862360610717
0.731117002177726
0.14455837356475187
0.7718086487357312
0.992645315705577
0.3873444952763372
0.6447681699257496
0.6981063041776361
0.8323076712773096
0.5459773899269607
0.29953866075334223
0.26006206882645744
0.7331782216396937
0.04879852815504748
0.12391628354546635
0.46958745764108145
0.30145124220829145
0.6322631504496412
0.25323874569127247
0.8427250749586855
0.06479737382752082
0.038803932095776705
0.2585352575995884
0.12855744761186527
0.7018343799656708
0.743905351712054
0.4873411123432979
0.7676699661484929
0.5334777918582134
0.5931675674660618
0.5261487894900064
0.5115950917860971
0.029131771393363537
0.9883058993108915
0.5770061735317948
0.2450161920266859
0.667594307969451
0.38700969912187266
0.2683125352506276
0.9441114322971534
0.6107150529236568
0.7888094687736565
0.1786507978626405
0.8772689287974784
0.2972585046220849
0.5675790724135018
0.14253460530968454
0.6085071222881688
0.2450884584005134
0.4810255382483458
0.22823735563957748
0.09928434016170873
0.061704891607815227
0.938495922756627
0.13040941637454184
0.22098469058113146
0.906327115867641
0.6406569003959702
0.6039790222963471
0.28821772786082456
0.4211326842739812
0.5180798731394514
0.4808711986244758
0.8021716450923003
0.4549239022826411
0.4904905144841114
0.7573680650778051
0.45361085472896634
0.7394094140643952
0.944418187545999
0.2174734462210265
0.5767109605142383
0.04645126058216087
0.9842075468816477
0.06643293345568702
0.667774697063444
0.254042531794625
0.44983114840195293
0.08860042405688417
0.2869752461903068
0.17944434254477892
0.41466811077556187
0.915130737449209
0.6466237676399045
0.9998254509274906
0.3773907487294309
0.08951705600581372
0.45606035739095097
0.573911367786491
0.6443277544756393
0.752781180205329
0.14111848224932444
0.002564064607314509
0.46214864010264245
0.9351634342544454
0.38521540901929685
0.3218778082046815
0.30544121657855017
0.6374482235350489
0.049471614225576666
0.309290027256495
0.34972999647739644
0.11260029733018107
0.9208648282955189
0.0013706234815764606
0.5677102663891261
0.01717584333322919
0.41027506397154356
0.6713673187806815
0.07494922753582534
0.3920115450426892
0.2763790254678864
0.6952483448497789
0.321031498047611
0.7529839077091325
0.6867035765483961
0.9468978531948997
0.47310400045361745
0.925170085799173
0.4437498778934955
0.10628400014068151
0.8710005018799272
0.6375306316127187
0.0019509712343375174
0.5388328657837438
0.7466036899956389
0.3102735091939791
0.9803272116558214
0.20990644635036182
0.49482867630050775
0.9133478717519061
0.23605591099819945
0.4351959970701723
0.6595885295827211
0.2520553950449931
0.2057725431173233
0.13600681217110955
0.45532890261905823
0.5445552611004031
0.14427281304709627
0.6678244426275795
0.08319578440117226
0.6960789976465495
0.09438639123410719
0.2212159519993191
0.32062617471744725
0.24595964795700231
0.9071445335127521
0.2560345712974169
0.864129122340242
0.5661190344549143
0.39796546028378166
0.4230596213184772
0.6872498008288596
0.523446129428585
0.7724329862292507
0.9516179114604569
0.23918745167502908
0.4835383701301318
0.7843455940515791
0.5373969843953352
0.654262934109284
0.22956680902160098
0.6990638741814061
0.35157403458384573
0.26840952793993766
0.09756539220552174
0.026787374820583798
0.910549410057156
0.6460862802014701
0.38823333724627196
0.1632417755328922
0.19498655606700277
0.009490442447974923
0.9053786234394562
0.5293599925396566
0.5875252335433505
0.43167152241458573
0.29242014722924736
0.5368920533859713
0.9104483281230966
0.40612642156086676
0.6909046278910237
0.7234799222387709
0.08774698571397721
0.4376814542807429
