1378945
0.12878370663148253
0.6985854661035111
0.7304423948964427
0.1129440268135441
0.9612356142131796
0.12076078757399022
0.24968746051241497
0.7033324569691723
0.6331049437362246
0.7871021932142889
0.9390845237822333
0.7296701924485551
0.00957294966718214
0.05733037487709669
0.8358205184676543
0.07455594624076223
0.5304603254660728
0.25779098236891884
0.06963400980881318
0.16719904890292592
0.4836026232734638
0.41477124264732457
0.839293287706161
0.4851348511068383
0.7640284993248357
0.6518801696203076
0.11817866390646137
0.11821219977102226
0.5882093260881529
0.8528410175200787
0.6837256081046929
0.4224715328080618
0.7664381781888284
0.7388965243651273
0.08990042115256891
0.8550082443237441
0.3014349858547223
0.3391289334088031
0.757543268295314
0.9256431988267431
0.27756394897533665
0.9423483061417672
0.44432782999446363
0.8271981758547007
0.23258825265662186
0.010804429183394637
0.9742512462324379
0.7134012130978645
0.46267604919133576
0.20882867088576662
0.2559813742520325
0.78192270870402
0.0014111378988239665
0.6536144286365527
0.3000530038442426
0.2897704986931454
0.3348503230036175
0.7306957020794801
0.1568184774972573
0.3792478140531522
0.2672089381656888
0.3332852894648165
0.4402223370509323
0.12490532238473095
0.7355447659118597
0.18248552477194502
0.3768836871274015
0.5253947334081576
0.7868498772510766
0.9644859928616131
0.12563382422160974
0.2588576350110957
0.37724880261056737
0.38121441282725177
0.4495709994876702
0.8964607275130967
0.13054060535869405
0.8525082996787483
0.6908582774946845
0.9259141601941984
0.7021115208569051
0.5307263548279685
0.39790403942692
0.3752868072592733
0.9342837876029273
0.49282076512863027
0.8852294262980963
0.04715888961821513
0.5604552816018317
0.46024226466340135
0.46824063095914537
0.3741286372767201
0.8179241219738237
0.1636523007307532
0.10828790221815288
0.6889165292183775
0.9630806525300738
0.5172671904705355
0.7278078970974129
0.2657869556312259
0.3476889965447326
0.09676192960557273
0.5110090153235809
0.8347338599640453
0.41126922682738243
0.02501156639640334
0.09247434357658502
0.3958537077638772
0.6721299249205928
0.2615507590954257
0.6542205326546224
0.06855481835486199
0.5583904605851225
0.46448294280611424
0.6011647292553739
0.39873017104118413
0.7103712155745345
0.047672436836017296
0.6656164646960359
0.016745567410129225
0.20701865107638506
0.7914043511640011
0.003324453585553222
0.7900732606021859
0.02157200662020564
0.3812985091388984
0.08677346542460396
0.646626190284691
0.8954665096886378
0.5481155827499232
0.9758394651045431
0.058326300321184354
0.7345078757983275
0.060194687038135686
0.8515758592005914
0.7691647184979221
0.5776414442965225
0.6806136789992153
0.5358179221502943
0.7279906358370164
0.16617840309405096
0.3427645953237909
0.08745557971878726
0.3434901045573677
0.15013090800226803
0.22088871146264322
0.4656401238447505
0.11729402329022676
0.008346724400265515
0.076216704441605
0.6808533397623785
0.4308803501525297
0.8304229215767451
0.24471133543937307
0.8166823837512698
0.7629124165882101
0.21091769951258987
0.8990115197704063
0.7983072201177434
0.8958819005114478
0.6401681041768937
0.7650282325322165
0.8081219081446659
0.7344011389937486
0.9410604571997154
0.3027443332758647
0.8045749889428307
0.20221667255775966
0.49738959534402616
0.4711216505066763
0.6872281352324141
0.31099178618553236
0.24698199278889543
0.5886206493050148
0.26919633249663144
0.9011329392196016
0.6715467334721622
0.47368941647337737
0.3675473215942019
0.7434111371587319
0.3052577821759277
0.0036798949939749193
0.0029012265660234293
0.6598562214611942
0.6053592835328331
0.4660016243248246
0.9113864505765558
0.07337820404737194
0.38062588653374696
0.5919239831609003
0.31527090516897727
0.9277967009611181
0.3572978482775091
0.9612901414780763
0.173002615610375
0.23343591330341484
0.8771505935853603
0.5455069863571106
0.9350572758907939
0.5881690740401258
0.16864733766047646
0.5165273817234333
0.16890427356307092
0.8997732736428184
0.10966197285769697
0.09114199075952811
0.284567543906167
0.1926813225095919
0.9090492573631881
0.10275037747202276
0.991670543444881
0.8206948286672832
0.6743775472442962
0.19688154503956168
0.0495198418896744
0.6269485679126087
0.4044292664798189
0.03208668015876559
0.3336948934269953
0.5933929888016316
0.5476123763370168
