852685
0.8647372310301443
0.12680807681394535
0.7587102831779583
0.9368958392998399
0.33560287211591433
0.1987578624987777
0.7214177130198733
0.711922886522341
0.5770493681732235
0.7922051914422457
0.5163319231665239
0.24983599379219035
0.31667139445571935
0.1994973578756828
0.49332337632986645
0.07827535859250268
0.8222347464629766
0.18123837060120052
0.6778669836225694
0.21639767830178036
0.8681569060253176
0.32438366363223015
0.2809762323797663
0.83706369289518
0.6529772811638028
0.7879471737263347
0.19603100688772723
6.134634883637746E-4
0.497681739056536
0.025218377931892744
0.8948833158504934
0.4636774323168391
0.5150972381101184
0.40830138223631585
0.011600912887494208
0.044011408645645345
0.08217463446526163
0.548951337670362
0.5594368063196173
0.5311314799844575
0.8698283782469037
0.5090986259474483
0.16508747794547285
0.6725649589923249
0.38910420806525603
0.025114468992123107
0.9240310027585273
0.3368218947866297
0.497796909836536
0.3317860196830128
0.4817109555462138
0.5567310107256511
0.07824229092045376
0.16513306488419122
0.7275606056362535
0.7905729721192893
0.14485836358117443
0.04761251438824454
0.05233616756879089
0.4034828006508232
0.969113372706362
0.014920696831546953
0.4639567338722661
0.06788241009306428
0.41994853943757304
0.5305180300371024
0.9830232790292476
0.5092435805702994
0.6092862167636991
0.45216410535455187
0.6464166456698748
0.7822701134670347
0.10510487134158641
0.5641657095631738
0.13585069661275462
0.05262748737719358
0.42866406197940576
0.36970428386346144
0.5179835532196495
0.6806374578976546
0.2878145746860825
0.5495232940456412
0.8336659538563295
0.2558935913885587
0.014929651541518818
0.7364200186939297
0.30613299949338846
0.11554314046231073
0.9758456023945605
0.029400427769233795
0.7514213436379248
0.7940199287435098
0.2953011684269139
0.9770200774068836
0.3690214793128954
0.7983015077237048
0.10471666267548063
0.596347364397867
0.4667499596670569
0.08030309062005436
0.6597556231422129
0.3621503752718829
0.8310542870041528
0.5868101652973682
0.09796294269779116
3.220244419244178E-4
0.3924390193914945
0.3073900633368718
0.31087564691699265
0.3502223492702493
0.5554281759636089
0.31201263352862485
0.3903531430721493
0.52253129994198
0.06345619707040151
0.3726484657886169
0.37547613901204036
0.07236866837140477
0.5513054473687106
0.8969026967791186
0.5742146685439974
0.9318528189414351
0.0011855488558106808
0.06678140889441131
0.5631669374086322
0.40193281489250443
0.16327577606572163
0.2719763077867675
0.07902292996027793
0.5902437585748644
0.6275290492054673
0.15459317566216124
0.4070077007712597
0.2998984049244867
0.6407616234571576
0.841037687148683
0.5444109547154378
0.5235424201556441
0.9515302087102082
0.22681216261520454
0.37141144662125947
0.37766487949217076
0.9350239850061284
0.501265457039173
0.29675575992740477
0.5240693860576559
0.0011759044176264943
0.4518769906112797
0.3624528367562264
0.8685755163879122
0.8214243743339863
0.4714455758722377
0.5894975886916404
0.6014340984345108
0.22303254255789762
0.6065924418671594
0.42573740898350565
0.4496041931807715
0.6945993966477999
0.4322767118549995
0.5173483668064014
0.3479533144926362
0.3223731690412568
0.014561198274165577
0.6669882112810902
0.6046070227040571
0.6342042530583041
0.7326548593943815
0.76454551757022
0.03508755403315189
0.26645135706036016
0.27129771744294184
0.6805059107943523
0.47054534367726497
0.5888811783475608
0.6658430374691504
0.5973073653848638
0.5073019716271367
0.42357839030947053
0.8849303929260566
0.02065869222090344
0.3580859120937928
0.7761094294184625
0.06943264296163887
0.7606466159420724
0.18975776168863356
0.06065998093563563
0.21139856602480955
0.5015582340588465
0.3879849622949657
0.6455927599300858
0.753002424721136
0.18969786805585187
0.776240282940831
0.6718486160507031
0.31305017055036444
0.3600778761050414
0.9346622441320729
0.0038407226795473814
0.5073816141003554
0.6957156076657194
0.4137303458158976
0.8609678985792117
0.6195466897042925
0.567369438042
0.8183709824306342
0.14760010031281834
0.6994230808794232
0.036898810436033935
0.4500248716356502
0.7503651327331953
