530837
0.5199813778120015
0.8240347354448064
0.4373706176672356
0.10379275377108399
0.7061932514844707
0.03419844701461161
0.060812912628113946
0.13884842303138967
0.2651171355014911
0.02410812638680815
0.28150805800631573
0.3236159133836237
0.6924845764588892
0.6422642036402771
0.32261374081605654
0.8813643210870457
0.8086503412381993
0.22300648515276367
0.5186137875171826
0.42846147768528065
0.4855571723356201
0.13568664510732564
0.5479827787657164
0.21307275846841145
0.4664067074334134
0.39460251155509607
0.5951194175354084
0.8553103076165917
0.5510155217260873
0.8206908422039013
0.949392013176583
0.9904748304695119
0.5223755906968803
0.5125779437252921
0.042302496997661976
0.4992579098212946
0.32372686422472596
0.932438189821168
0.9481909101696063
0.07225035535980417
0.16048886170399468
0.7412127989429359
0.9295649526472874
0.7008276680626362
0.39768725880226075
0.6280921323764738
0.6950540932750868
0.3124609751160108
0.35105069719297144
0.7707668452959648
0.6561516827448465
0.17572800902261754
0.32874160010940123
0.2358044556921587
0.6183221829572312
0.8887753422251012
0.570724541123415
0.5826096746037969
0.02271525049783918
0.7347096391538593
0.05406400894836194
0.16977821215049638
0.06664193201675317
0.9383724193320435
0.4849833218402081
0.17925554214401607
0.7741328804688533
0.891179037682546
0.182304588761231
0.1715634837810026
0.3623118396416719
0.7241793841672308
0.9719294628467765
0.06445917225090936
0.05498236727803163
0.7042246181036144
0.6583090801513051
0.7877423853767271
0.8317396541191666
0.8041000845708214
0.11639063247062098
0.5085289709980236
0.46908280928646406
0.4547118550253543
0.5563174127369945
0.24415946014169798
0.629418058737348
0.9258906627087649
0.05319767316762525
0.8840136885708461
0.6845064860037502
0.0021032299110429475
0.00554750008990057
0.12685369860278284
0.42182437719510113
0.620338241143688
0.788550931419513
0.6069188458819035
0.7754682910952378
0.919659836467163
0.5020706868386036
0.5298485046514876
0.24765110713892113
0.7153991780967071
0.3783811682006418
0.4686093331128346
0.7424988683688333
0.7556802533566663
0.11088475410550624
0.5799558170972157
0.12077322990360462
0.24395300063017478
0.09261144233186203
0.3935540849537983
0.9023074379337905
0.018433651646704963
0.31209104882046557
0.49875064354228504
0.1923584270728842
0.4678283070205924
0.4442259604331107
0.908069500995092
0.08874124222233937
0.7324426329105806
0.49508182934307143
0.6118722224108041
0.5385268001373806
0.9907569482173711
0.21205248695814827
0.8552174936896009
0.856246965767211
0.6637726685357875
0.3546442215739509
0.9658080922934458
0.8899660823049297
0.18291256358983599
0.8361642558690414
0.14101466097760085
0.12724124469043252
0.5619839416317043
0.692886617216638
0.46231744090241633
0.8699086034645305
0.3896900118261547
0.814807835872769
0.5471086969605313
0.974795865665611
0.016402246021972267
0.38089454166973546
0.6706496924236888
0.556876496547872
0.6473816306255541
0.9817630472397473
0.8950783961542309
0.4820442413178554
0.7743648405726632
0.4840212942196881
0.7277148620229911
0.4386010114089144
0.8784067244864746
0.7930413299725877
0.09751337215883382
0.8697153355182622
0.619097622768631
0.8047205444760862
0.9863617629524918
0.07352249152070522
0.7887506389151187
0.0018286985977855608
0.8810298239240751
0.33320127535982735
0.1548800487803732
0.3468262696762049
0.32192045345363807
0.026277214886035738
0.9402694701797569
0.3505796460957491
0.2163786418105602
0.28056487542577146
0.09715375415186311
0.4551869858326998
0.257164986551349
0.8935772893826679
0.7205167018800229
0.1591680502854833
0.7408020003612286
0.9128934079946905
0.9152313694069043
0.634560141638903
0.31585294679256726
0.4868896772798653
0.1827482570408131
0.9380015867403676
0.7077947672364719
0.33840470323248806
0.925261611364338
0.3016729501028067
0.2649977699691456
