766368
0.07041280022560137
0.1170436156965905
0.5313970713766957
0.4126295098253594
0.1555851252932856
0.4317865393363286
0.18257095317967487
0.2632074958565914
0.3863484759756891
0.22186481919774215
0.2816255812079004
0.6344632468713686
0.04853520514101972
0.9973793443159882
0.7285375134487371
0.20240822315990648
0.22029327425289058
0.5296089776505983
0.18726985755981862
0.7511972761012673
1.0590987390357576E-4
0.7111287799580778
0.988223376612655
0.39272522128476905
0.41937503812813026
0.7780202249111047
0.005915777699785907
0.7696686566140571
0.23637609766438294
0.3871237652479942
0.22481061663491975
0.176817989689116
0.9734314527956329
0.870386057759978
0.26188080884009957
0.3802710012163252
0.7554379443748266
0.09870501004070331
0.20140591783032402
0.5400362320262337
0.7354242260451701
0.7792781669342062
0.7156669451544884
0.048820952698296005
0.1516013846578752
0.6833107249841133
0.5946156003019313
0.288254382295548
0.350410421131896
0.2550418675587732
0.48825971284879555
0.2735248634103117
0.4313587912515193
0.28839885854780756
0.8774202672189919
0.9083842866790204
0.5219770437888591
0.8741903690251029
0.031679655161377385
0.10470165462193692
0.07501625684696056
0.6186022744296283
0.9877547649676374
0.33422244409109436
0.9950454209862426
0.212859859867098
0.3871925638824034
0.2749183872141495
0.8478974592024079
0.7942731373262759
0.3492001195069534
0.09028791417219506
0.8839513018190681
0.18048222137597103
0.4225845637937571
0.5371946319455235
0.1150266750465394
0.981572644668932
0.06019340073258428
0.5363072883031448
0.2247072702814784
0.7988309059204917
0.9899084134762685
0.05893193987486289
0.6631970054011699
0.20426252877226603
0.31816200681711604
0.18500267590830832
0.8803532885506254
0.9615969501760371
0.19510727044701148
0.9692247172480346
0.28432999788724156
0.9973542211286714
0.39498853639622755
0.31583948160443753
0.17830214680279344
0.9596507113831346
0.22092218721584722
0.4072085893646199
0.6240332725360632
0.812772468374542
0.7302123605902464
0.3573895156810979
0.9085855860307201
0.8071461254755307
0.3944894446629169
0.6691027290954856
0.04926188218449945
0.33718925440753067
0.9583743235004215
0.7609665189434509
0.561907594213264
0.6536233508699566
0.4410341606896181
0.30160224201747576
0.5389900214266141
0.13218424448689547
0.9369108247305774
0.3381894581387602
0.9364111861987621
0.8172662763826594
0.11506627309418649
0.23927674856019887
0.8517994335986602
0.25688834340335476
0.09100337729733765
0.28513065064565346
0.4920646833654905
0.2244710476375109
0.6504853122726781
0.33363190333162185
0.47429018354618446
0.7832663227802342
0.6417899466336467
0.3657044546271171
0.08157390027811795
0.290881859462767
0.7210000403447295
0.8714894481250639
0.10422074914716695
0.3641948339208466
0.5343444993249027
0.9769529053234236
0.936726544976208
0.5290503102023197
0.8522692456450213
0.930342427015591
0.6722833303079632
0.26449209654001415
0.1318308065121111
0.06888463718299598
0.039074904837533286
0.41787448348212686
0.47717007465362793
0.6683419274582061
0.15642047158919914
0.5150555723440919
0.9922366996333727
0.14152331604521584
0.25386316190516145
0.31897416511637355
0.07560001894282486
0.896571163682552
0.6925896496870277
0.10026365302708284
0.2940952928246934
0.7918216305005376
0.8561056554902353
0.47515823403417734
0.09021882745482712
0.5312636462761299
0.7358817356623829
0.33879793241752465
0.7275992876950427
0.5330975062261691
0.3277222347737293
0.37614074667010233
0.5595366181502228
0.7736212020966887
0.2758998266814455
0.8680419507827044
0.9175143458054267
0.8596482869488791
0.5546369670650434
0.02666155253361646
0.6597543922863498
0.11488864055985148
0.3603044093140233
0.8922130480801098
0.6942984119767028
0.7791995234814464
0.8027465009029069
0.9021681764675952
0.5967633222229277
0.514340688881602
0.43043144601060557
0.6043832067120914
0.7798325043693252
0.2858445242662475
0.10166434220587284
0.6272149617731987
0.5397089340578066
