1255097
0.3478380295746022
0.2228893989588595
0.9425453641114504
0.7041697725033605
0.4961307351777908
0.9151471861956842
0.6617355466095521
0.5375265038360808
0.9746083682517667
0.2410415072688472
0.0898814705947012
0.019708808548542844
0.42094954160194586
0.22710968996066216
0.5303454054530355
0.6098538258883303
0.01990870193439287
0.050279473248760254
0.3793882885229819
0.12919751386380562
0.5958852699710387
0.4221338060306544
0.3798302374519683
0.45372773909646535
0.7212254684269129
0.9009951791942569
0.5130175583846505
0.29397384139218496
0.042680197839393696
0.5893790990835991
0.8999766577900159
0.45747062179700193
0.9356682477666654
0.4331560465608142
0.2554863117727041
0.6388494849225377
0.28447137203023687
0.12880005439653253
0.8929015475888061
0.9631729505475964
0.6562137931683015
0.46639096441598515
0.012914158036732903
0.2200430518908021
0.3874556788600929
0.7885769417221259
0.026036004373023225
0.9691784687427983
0.13445626363690022
0.12949245119503727
0.9564431681203555
0.4725686491712151
0.25163939065468244
0.5126661016425508
0.5539204497941435
0.7139779485461388
0.9575201152944399
0.8332418648981528
0.6009971898144268
0.6034863812773101
0.6233284313967775
0.727376285136982
0.04396709740640059
0.8329178611565131
0.6767918141663449
0.8404632884997655
0.999336374399158
0.7474208468853031
0.5520156378740851
0.9458770549755694
0.39134568899063304
0.02913030395442817
0.8361266412082413
0.4372130025657611
0.9615634583327963
0.9507540213409805
0.2643212368158758
0.8195454996965769
0.6581492908154691
0.45009037288620035
0.49718701308995783
0.9590101643985358
0.9602379748407766
0.3008986632167615
0.677642762232362
0.01505772326493604
0.5219960508809202
0.21120721687296606
0.6095680158222037
0.1760154343422864
0.6312545292810584
0.7670585506236625
0.026170730303090806
0.5461310705962711
0.3692230156298437
0.7578549402508495
0.8233672378446301
0.791063548548136
0.030641573909882425
0.5688817374988983
0.3219262587754552
0.43882357439638253
0.3178289428030494
0.00724988060179188
0.5918542941869033
0.054456154148377234
0.05743683827540036
0.13941324733255966
0.6234769705713264
0.8592967548635998
0.7053214266125456
0.4615801821122286
0.6618971208709167
0.7494210626016263
0.7027955453896095
0.9987531486849397
0.33498725680420505
0.08294801183483214
0.8266253240627652
0.7337940055546024
0.2998003641105417
0.05214442342268688
0.03548802439146226
0.10482666092594839
0.008259410268247835
0.9338189420884041
0.9572084020912971
0.17745300283405563
0.8502131297415623
0.02028175799207932
0.08394254437777471
0.4976721376906391
0.3704215481393728
0.5731857990327603
0.946580531257287
0.5620565403785229
0.47576148449341815
0.7138542886038085
0.024989734245648765
0.303653464723579
0.5499190063131552
0.7662382412296151
0.9173226809251623
0.9852436196895299
0.17506234123604858
0.20243685262361455
0.33946525513863657
0.4160030548822129
0.7234648782505573
0.005752817948626587
0.8548018405061687
0.46327862753243365
0.42677517034532797
0.9625434271343454
0.8448262633259161
0.41810150758537423
0.6566066564276852
0.12166733075159197
0.12272838247569262
0.8912265900341287
0.05734726780013333
0.41911671040289034
0.7649384418654173
0.5659005848636718
0.8605644778972632
0.25546215422479523
0.1897118650689893
0.3142250689953322
0.18010928292485318
0.6350281208214386
0.24718980198183738
0.8958951764171331
0.3379978650027934
0.3282551391452394
0.10197160410877326
0.7012582182232815
0.3033771610734749
0.40249395185234527
0.9870871309902357
0.7750511815083169
0.14035679802921697
0.38151609924301266
0.48735840674806463
0.6628396539042203
0.9552163920557728
0.24031464712639794
0.8704918613908518
0.45909492794220863
0.2094736010491134
0.4193071248659064
0.12584343150329735
0.8040102305162092
0.4225255019126982
0.050842837366218974
0.7936511560094482
0.475570824993115
0.2260516491116069
0.6309549258742109
0.37163063441630917
0.6540569963220284
0.45209431376304365
0.44058676800846774
0.07118079754431128
0.8980731909048371
0.43770751959404774
0.12306190155722618
0.9620490711940237
