570596
0.7109451690606714
0.8590895698727884
0.5997053967400577
0.5633938992499643
0.5491314336958355
0.8250684129855118
0.006053098015525893
0.5365916199701092
0.01085038377942682
0.6178500264111162
0.7830901914482967
0.853293319739841
0.8402440652384431
0.7335727388093531
0.1567139412338504
0.562102918054429
0.9386039986899001
0.868242595163793
0.6310921614058648
0.5428771751153646
0.7205414196388139
0.2988356485768152
0.31393485073511773
0.5431362355003871
0.8357361085487377
0.5315063987153597
0.07940562562396847
0.5245643061687346
0.28070843499029785
0.36170823974724275
0.47641838669801573
0.46098835361457846
0.699473480062883
0.3045081668113867
0.20510342283852978
0.3083242022453627
0.9775993862030491
0.9481050938529035
0.9305168394656758
0.7273313701392551
0.07110737867139216
0.15953719868858895
0.18020538198529112
0.28161901832029856
0.3798137828027275
0.22879050668819745
0.08102858439836758
0.25619712490653335
0.8741291617503169
0.9759973348748064
0.7306789206252909
0.9459691875167622
0.6149935003260003
0.5661401078309759
0.07062944930802817
0.2489129474741657
0.2685403835296376
0.2766520844417618
0.22977803697857213
0.665298794607467
0.7102473336709304
0.7455337118677228
0.44184580157938835
0.35214569135832774
0.8377433709749831
0.291079295837375
0.804626830838821
0.7112169989739967
0.2671091197821449
0.7390357391579563
0.34547518663923593
0.09920962249501342
0.6744185912400273
0.8189913757195125
0.08495403509363864
0.6403916502131786
0.1624360427119662
0.599019502995019
0.04936124723031987
0.7947949998856211
0.18179528403236056
0.616077823897561
0.472884596265593
0.28917164563603814
0.2166529033589485
0.3293917233503587
0.7514286284915654
0.2532729980147074
0.6567210611005357
0.27502558961480483
0.0626947038423672
0.9206138524733115
0.020748989276743957
0.8320731393753725
0.9508844865423945
0.05073387605071755
0.9709375049786311
0.8243741886413501
0.5894362993605732
0.30907118128600275
0.36343351311925753
0.2763919608275268
0.8814928196628841
0.20091397636244546
0.9169671041175829
0.5178614365878627
0.03533769597954184
0.7974979239676077
0.9498560539493374
0.48904600824308486
0.7608276958751712
0.4151684350102872
0.035018698100658385
0.5369161046105115
0.7728860638381799
0.612628667165007
0.35329823074728095
0.2122900212528327
0.859411782282354
0.356645373009559
0.987316986139162
0.5789539415132537
0.37349855349223404
0.9731868423505873
0.39124270707027664
0.3280043350404239
0.6436463915313284
0.5488179518360429
0.7962626094440701
0.5541330033394015
0.4606878052744724
0.7762795586487208
0.3672260169693834
0.39530103926128424
0.4964392793924546
0.8485308144796693
0.5128291727829728
0.8632248611184784
0.2366285647210601
0.8971344592741944
0.8698812291587794
0.09932413979666244
0.7694364162730759
0.6437167367229577
0.13160320172795914
0.9792576353108857
0.5610312636653468
0.38733529983978376
0.0705768426863359
0.4588997408032204
0.17076397410836375
0.18593991309257552
0.8188735275636904
0.3055873456599998
0.7112289518662183
0.10671219055624037
0.7110581173647624
0.8906925066624283
0.7421869675133475
0.7179224248669543
0.7701761336142038
0.5330537559622197
0.2023841316762226
0.5740430143173717
0.22249712045366954
0.477524890676736
0.9295905447704449
0.3062095173761995
0.263700917704788
0.9688768522872969
0.2967211281079848
0.07172195524290048
0.667357670500054
0.03851499523601298
0.500690196172998
0.539130539451037
0.7259664566715353
0.559950290621661
0.08069071816747453
0.28955168692468836
0.44548152688277765
0.848689766368067
0.313877419191512
0.5002114330273558
0.8761691009750434
0.5831882281385531
0.23897331491431129
0.04281535611468479
0.9558019389133207
0.1057293650449922
0.19210674290465468
0.6771951861788318
