492759
0.26561262689190224
0.22558146428574932
0.9042264838939386
0.8497844417136086
0.6550909998959263
0.4914991424876729
0.4057304946995208
0.7168263238487077
0.778624751988697
0.526619298444106
0.2114835269861055
0.4038191537899469
0.20514680824071063
0.42602560573257875
0.5181877108721193
0.18555603581773128
0.9113666146922927
0.4057334550308008
0.43610917208480815
0.22521708740982782
0.649826977890401
0.8615722866131169
0.598453134548331
0.7463237405078416
0.8949417695302925
0.7474202816348273
0.844218574662907
0.027966907766061255
0.8133344480002125
0.7144721015853516
0.05415287391965018
0.4115716618068658
0.9792104784804655
0.7666971612766841
0.6344660049126992
0.5865629229479367
0.36116199257049664
0.2823723018148716
0.5892525822575704
0.782648552789943
0.4437159766629113
0.12754991807452032
0.6001094041639221
0.1380369706627821
0.21510189406172975
0.24454814646920164
0.040225008372410054
0.4357589125549376
0.15212890259568757
0.5370271499581016
0.3902571023140764
0.6043638850328076
0.2637263844793538
0.09294179351330711
0.09460239900082812
0.8646136288818838
0.7166157889367036
0.7876375301053747
0.4992028129173235
0.17039663450211007
0.559746010862032
0.0915825782054932
0.14582069864537173
0.6399388176168176
0.5885383478249933
0.47070700167021673
0.3627553541290379
0.0024877322534891944
0.44565128279167165
0.11204467440234722
0.7882613487252736
0.6959986201266846
0.6418894094912635
0.8333513635837654
0.19046921960284624
0.14295258548685774
0.29904458749542295
0.9425988527624078
0.7063971323729403
0.9042884689553583
0.0658720917886435
0.501720911227591
0.4126822612727229
0.8655317202350236
0.8390679909283286
0.9187142191985028
0.9619483659242489
0.3445550822163562
0.633028126368752
0.04317339717091151
0.8712667943814866
0.027007555519205084
0.1853337390434775
0.9725662229853436
0.9329553842481934
0.9332993168726813
0.659321822296462
0.5900313275695982
0.13300027492956001
0.2001323580462555
0.11076335330981846
0.4492074958751525
0.40867395624012504
0.31991801477950244
0.22258588340112406
0.9975801350906555
0.5544618822570773
0.6230233716249218
0.17974156098978578
0.2870571932297231
0.5941996893828377
0.21064164964293763
0.45573520998033856
0.25896310239889064
0.9773612537907502
0.25018153643627583
0.7129916471408828
0.41036588280942665
0.028727635016648212
0.5304232456689804
0.9811551023197149
0.14962977823513435
0.18320553330522482
0.4402900084024839
0.7705779845656391
0.43131127224795385
0.6713533394872355
0.0829354133087351
0.8026699444906422
0.3239936930675015
0.4862111659948519
0.06594870752453297
0.594442544740926
0.009381992216661694
0.6583217986815513
0.6188314869640644
0.22149880824125345
0.3369557363654414
0.0933664154410907
0.08050109798250216
0.2018810043900109
0.4657048976706666
0.48563035995488957
0.47242714067323466
0.5926039585850587
0.31294975498671096
0.11055116243133845
0.8271096151335131
0.07136539228937078
0.49997267949745783
0.6208917681891046
0.17695844428892338
0.9878388871669445
0.23516611632882634
0.32361990856033995
0.6252356665294625
0.11211894312770654
0.10762768854443028
0.7983638991739659
0.7185732204559121
0.08230177305462849
0.07760990749383789
0.1333546563286805
0.41968098716812285
0.35884972302956875
0.0449584439711449
0.5010520715778364
0.33921110610728256
0.8303007511661066
0.252649759987143
0.2731934322073222
0.5273459557247481
0.0830492076510988
0.4397649439695508
0.38379051795256425
0.048529409754440644
0.7473373424665974
0.09671374023118273
0.1886409977228184
0.7668616743295107
0.2622620272830065
0.39524904963230356
0.6412089730939997
0.25503039925778315
0.8645141057705578
0.36678837737112535
0.20726811852919336
0.5062516943093914
0.5987331418246761
0.6847862909804109
0.5744908782466411
0.17654659726327082
0.6717729174363366
0.970377171795831
0.8782050946055144
0.41377989988720276
0.528838742020906
0.8852352541716318
0.8608292861336917
0.9402401585759776
0.6163700505477488
0.4015749166215258
0.11003661444914092
0.9471405589162376
0.9147071323745971
0.5464407424386682
0.2794867343330334
0.5322727799960095
0.9729942736056248
0.605913870087673
0.9860033905345156
0.8661469110821951
0.3594356164554099
0.2445870858454119
0.8983654625530415
0.007302134931477355
