807407
0.1519343712916127
0.24663825267350004
0.3854173036313564
0.3040747273339671
0.3373100647007995
0.6170578445643491
0.9749940550642319
0.6179613205668186
0.7617021508650975
0.5950631292364131
0.7901961912549491
0.1828166819837146
0.5804330736707428
0.726458005091906
0.07583684658776169
0.7744774216598627
0.9925172398979676
0.5176740829255309
0.9054244788511766
0.007004038293044079
0.4131669423671466
0.3514551450728336
0.167832433667096
0.9945854775802567
0.1370600294807336
0.2826238380291175
0.9728460199569823
0.3222520626804197
0.9757981270878933
0.05209559909519057
0.6860672349430905
0.2538940982236805
0.3148988823402177
0.15828209694811568
0.9061951576743902
0.3726849605614623
0.5288287671271619
0.10725200426947579
0.8314907925360896
0.39685909737085223
0.7169979525517364
0.026494830410945136
0.6272725301609707
0.742897069332238
0.2793022929692698
0.6718584740203045
0.6025786461965807
0.5185210985531096
0.9367117586377363
0.4832093680781546
0.23167177403590689
0.0195061834635758
0.42056865713360714
0.751589488331538
0.3148493308669754
0.47716371296156945
0.20367287908754883
0.14912137218990118
0.8630632833260992
0.7574554715450308
0.32689592364642783
0.8426391735563555
0.6121414708770863
0.9480482817145507
0.5869789195408035
0.16300004885542363
0.4249414088194641
0.2862202104238245
0.0943343001894541
0.33425656084427513
0.22355761827341913
0.6783816553603944
0.48408503871277864
0.08034792550664493
0.5087411734934771
0.14107553550705554
0.8692387305028668
0.021693742165775798
0.9699806073391758
0.8536729209739803
0.961808443074551
0.6500512287401039
0.16723109005179126
0.15458139511960978
0.6558565706768947
0.3272226694487177
0.774069095156824
0.7356357061862641
0.7658506828808064
0.19167725812457737
0.4120878060596942
0.4934411687563849
0.5443864296566726
0.07687718053108583
0.6776381869300032
0.9817921865719736
0.06524447993313709
0.546075110573558
0.5645594085803937
0.17589001046138686
0.550914377219615
0.9305763476215438
0.12033171905907569
0.3069347626331156
0.24813101652923852
0.8219356665722098
0.8381232255616063
0.8547691760066387
0.5106339350261009
0.8132853221903888
0.9834922104457975
0.3966021810039406
0.3352741105120254
0.41096745362828957
0.7820444268832125
0.9014427899842297
0.7157559124416881
0.9448702264678106
0.1531348538557451
0.23272583514702205
0.8277173921335925
0.9943444696000062
0.46474198502177366
0.07571288680135091
0.2395145399845533
0.31630293019592004
0.6059317440784866
0.24160293820970913
0.05499082569165725
0.5130821565872165
0.5258677245479688
0.3168895765724188
0.13767593974463488
0.7098723149655136
0.2721125582519406
0.9243523554646729
0.34027278851095544
0.3249979135127302
0.4760052960842265
0.44117190912781024
0.9689553781775939
0.6110580808508758
0.17918811605890972
0.8800098560590324
0.5489140427766454
0.02091227102490001
0.8728947964880299
0.780496264781568
0.32574943747761964
0.6097233772986219
0.6304028339965563
0.3814185938475214
0.8367295818241963
0.6227470944965262
0.2530896101178506
0.04800818035373011
0.3165893050630333
0.1382826631611691
0.4218224939762276
0.9140713311650217
0.6644649918666182
0.13617703560879857
0.947951647432604
0.9653139995053845
0.1917215930501993
0.644500727653553
0.3519634522131042
0.33806052078772897
0.39484331821409013
0.6804903226238269
0.16289123540661765
0.4366684123442943
0.5532228350956341
0.5465793739817218
0.5278697012125012
0.5832926183772469
0.03859869698723428
0.6683154153082823
0.9487576944499729
0.3052545639318406
0.8410538713161444
0.5681881072029618
0.22154379905358623
0.03812270340397006
0.9659031064575418
0.75786956245764
0.9442874002085951
0.9767124762741617
0.0364604549314016
0.30109466496491
0.28063822033837305
0.04156593730624614
0.6495924170598119
0.5503856315213511
0.0185148359427314
0.44507220265791314
0.7741263732951691
0.0930520381576142
0.34731307595153316
0.13924164630903335
0.7565979824513985
0.2553733153336615
0.19205351581457542
0.5062483157302986
