1037338
0.04246848518886981
0.6069473003743575
0.1501024481044042
0.330418278380037
0.22481179572665178
0.870309712256474
0.7585868949564591
0.5240779054882205
0.1307724868095007
0.5805766941444584
0.8688147146070607
0.18494941060818781
0.9190265136286777
0.9974802669733345
0.66384191680587
0.837642712827211
0.831455294224186
0.6292486113432503
0.6842870764957287
0.010673067787743018
0.9766013762084697
0.8293869110150355
0.4366814894734409
0.17689314660283662
0.7687189237686364
0.5536687524008655
0.9630932120885773
0.48952696711736177
0.6457405002432539
0.4292241349599707
0.1481792128720666
0.7630550011966898
0.3154584184865773
0.5151491548012225
0.9314199242193721
0.7663636338183714
0.18644503012359304
0.392851377635283
0.2651437411134645
0.044986492177531145
0.8287135585063564
0.5143841751366678
0.6130488850473503
0.16992914642703838
0.27884684100253965
0.05831230942760379
0.01928324031713835
0.522482427268295
0.755298718721257
0.8951898137809402
0.2947428841063633
0.4675943610852342
0.8817986517640941
0.6485208662468666
0.6651027337118047
0.042783957475453493
0.8302672917026168
0.252112755871734
0.3041934045103537
0.09524477711055046
0.8893767962393576
0.8510197614966034
0.5366906914224164
0.13670009487617907
0.8408667994769222
0.37081514839156515
0.13568517876579056
0.05373529925917597
0.1829527856147768
0.5887182204083916
0.06355095784030618
0.2107474406037788
0.6786410003372684
0.08014170310505397
0.20863457145986986
0.41331626012826683
0.9264899328126133
0.9855147758525699
0.15563630691435948
0.6617140040530392
0.6523351813755804
0.14477494397565227
0.7941575520338131
0.6174369059570582
0.2027214027560308
0.7807118774334707
0.6177400684380284
0.2300537878139497
0.2842609503565694
0.5773853452821222
0.894823739831624
0.02733249320661124
0.3378658922437099
0.6961278028040006
0.5034017058881617
0.1585180864106709
0.06277672507039522
0.999182097101406
0.11275276892137143
0.3988013556396356
0.5125369531690948
0.5098130029874248
0.5684829453526555
0.9724298827815725
0.8735402412355926
0.9277711922241327
0.7912092090102011
0.23257820103899096
0.5065026321957579
0.840276422795254
0.23457050746625496
0.9480075513475267
0.08218925473749139
0.12122672763158948
0.9648521930925977
0.18970981102179385
0.6749514182722471
0.8951284587425092
0.7223618556269936
0.5851441547467362
0.4911066624161373
0.35728204754518234
0.903796174417611
0.01333942543947253
0.503920642106679
0.6880466543428098
0.2651898261480895
0.6510485058303773
0.6429264928604277
0.2765465243196643
0.28663885165586134
0.6483061114805684
0.34254392248146803
0.4779703556003042
0.5628430379055207
0.6111543192502419
0.1934366710475034
0.16865464144405762
0.28761272210494215
0.49996528720791666
0.15977357256046132
0.4344306128454041
0.8858376863657783
0.5137037359913672
0.32653520944978676
0.8302533909883885
0.11301647317738517
0.023636692196425724
0.4232344046066733
0.7829216634900489
0.4902973885860249
0.6444112844105159
0.4338957070969641
0.8737342697805465
0.7720822026232309
0.08608605695947213
0.44786512193437167
0.9342201253872708
0.25359710875424435
0.5176148219038169
0.5319986229507894
0.11561625172984014
0.11743511731562495
0.790446696774907
0.8120035800515188
0.3515581683155612
0.6909275253878125
0.02031934940107627
0.13918467446658422
0.9234857896135608
0.4403017234032235
0.7059873188515937
0.6885720834645769
0.15955697953732173
0.7629360858249085
0.7755403992722586
0.5853861049929933
0.6504002311937048
0.15562270317241378
0.6941323057003742
0.18901917146503344
0.7488266791931957
0.13460098246732577
0.041352702579135814
0.977192833985543
0.5356608892446855
0.3622270055131923
0.7721405922870322
0.06767373899469165
0.8801390536356241
0.7954941101445911
0.712050843708185
0.2909090027175647
0.7008619491935046
0.3132229951544193
0.7058495264910192
0.3841683556910157
0.0420793295186479
0.20158976804916895
0.2378280330008229
0.3162567133971915
0.12012155081076503
0.08176341853029134
0.2728900167120262
0.971587368439251
0.06608300657001343
0.3487746366214389
0.5293790125130656
0.4233828394524415
0.6934011904010908
0.9573398451792349
0.38777896126739686
0.8079965536750658
