960148
0.2527644114468586
0.4382160387033842
0.16383366510495656
0.3758254590239354
0.8018197873819158
0.357763379789965
0.5302954645881415
0.6390102102382367
0.5134429086446478
0.043744052592580296
0.4584273941459144
0.6620957968778409
0.9738687032602404
0.29198756456623554
0.16854700621989815
0.4490523174600921
0.28077315518915313
0.9414041808416181
0.22831456836486153
0.06853236833962606
0.5414336769167055
0.6589297976384443
0.11813171745931483
0.6289674928230463
0.1923854915433416
0.01133677573390146
0.29493134500044627
0.4660832179117914
0.4145303739885161
0.917447626777876
0.02880320730368191
0.9376386048429349
0.8014429970199971
0.8721390535630225
0.06131393481221936
0.03367264070236076
0.353659477007662
0.9126259684702652
0.44004401058789966
0.605266738259581
0.8180212797801966
0.15786668095761858
0.7207787785702704
0.3908086593069102
0.3686875446993898
0.8935316786596866
0.09695395842557974
0.17597022562527254
0.6352170156184046
0.5978304003004661
0.9153708103428954
0.3620874580064002
0.12316024510020629
0.007591622077002369
0.4678598344010101
0.9373584945306446
0.14389220713456152
0.30934465513196907
0.9104859419236715
0.3462509947695265
0.4729536768103091
0.8067505994086486
0.6550523409572977
0.03473757121751564
0.08995948458993308
0.9635837496420271
0.6020741597843505
0.5124541940875298
0.5181705246007539
0.5505652270659283
0.1400569107907742
0.6176029823675927
0.47811544239883574
0.7347025403933435
0.9228294508513317
0.29639775486566666
0.7971870840652207
0.3413900766565249
0.05484429083943032
0.6160765754416277
0.775927906247716
0.19237724653421828
0.4637728814369001
0.9189829987510221
0.5017572980396601
0.3768125190956956
0.9203874858295281
0.9949434091398727
0.9221833871862152
0.547923190379377
0.37763474014918774
0.9001449197807367
0.8420802641627758
0.8544921855780853
0.04397098151757728
0.5829449884892577
0.39340116157408267
0.9141450769686191
0.8804424937951371
0.7905196446634924
0.9407372892453982
0.3145614530947167
0.01665882714124256
0.8249851376891686
0.8324200171617337
0.48907688525215764
0.9177205043533269
0.593602755150971
0.8844050019757713
0.45474338080616017
0.002327474864627921
0.054904718166024824
0.9929639626272802
0.8237668230502426
0.8117076674350735
0.6010544210418107
0.8122503686608076
0.7033430355698594
0.759669992984407
0.13648138811098587
0.004093365530925541
0.5842640384563286
0.9559996132146625
0.613807907033483
0.16991420548672087
0.08526869998784459
0.5885776028363093
0.570310722709695
0.20844742112878334
0.4679633221423416
0.8740212353663518
0.7716374839210013
0.507989352374057
0.1662389236245475
0.6423049252004348
0.4142250179982597
0.07818442445758722
0.1844638897382782
0.20773619643958352
0.4638419720817568
0.45389963252395293
0.11033217153127395
0.29682516181638563
0.6149058367840579
0.9625260834084803
0.6610985905033995
0.4529994359803644
0.0437004320331329
0.736085993698647
0.13603472525324245
0.5187815456526258
0.5983466866207907
0.6708120844310327
0.8832898028246082
0.5079589349494816
0.31935596923187193
0.38940603728945333
0.9059435084993571
0.42344118868350955
0.21682207454089064
0.14497106662928438
0.029888146692433004
0.3509132768355747
0.04378402634081291
0.5206531449507094
0.6352799620372028
0.464057489455034
0.40001912736902645
0.7253144915624492
0.8136505344605293
0.4140306704178638
0.8765014207046201
0.2631015355127807
0.9543710662987243
0.9440477283816587
0.10798805957271751
0.7635594378522031
0.18701344416996257
0.4693363545561645
0.5396722692921211
0.7989833650950842
0.8102541205468148
0.7933916628779583
0.4335678041336707
0.5869866216446793
0.8233179590959224
0.09337417662285985
0.14126733451835516
0.5788042552862763
0.9425610269109889
0.800657668311064
0.9519428127243662
0.06763997750289752
0.033642673864972994
0.026948706160915603
0.8879326426313093
0.1164035187747613
0.7188389042092035
0.7420624380433388
0.6649876908507995
0.3004740188213637
0.02940082453597226
0.9963543086819597
0.660223826120056
0.9886651022182177
0.36446280221574034
0.09897085560646479
