604058
0.019116593157135764
0.12632491950323832
0.0047022628794580745
0.2943495687753164
0.9696534105451825
0.6391589567601011
0.2387833830388093
0.3652688243287685
0.35756676739682147
0.839376985390416
0.5214969912755516
0.8341184645425282
0.7990078700600348
0.21388688580866821
0.8042707591336071
0.6322658768020906
0.15483183905426035
0.4227707997418312
0.4445665205929836
0.9030869648683743
0.028898573104437553
0.9584721321163855
0.1263885804839464
0.8437555102429285
0.3239917779905037
0.35732848599130684
0.7834934562629846
0.7472209419898083
0.3004548425213238
0.15195820433920282
0.8966701118047503
0.9411829127681299
0.13049433119864706
0.777421214297558
0.5999351930198367
0.4859090161315772
0.7702028574862622
0.199739454556772
0.8752149124234608
0.6890320692741962
0.08170499979765034
0.12227642237386982
0.7410616988713749
0.7230017520437829
0.529431457763431
0.243638796660943
0.7481803789128257
0.8896550025361084
0.4473778190377342
0.19017783836393143
0.2830148617373508
0.3664078738265808
0.8283066963734326
0.4268318355251788
0.15037334201249863
0.5898616697333957
0.8212025760041702
0.6619651255586139
0.6570462897966267
0.7851540319207794
0.6398909932892449
0.005023386696721199
0.9505980072460398
0.5331760443164739
0.38358499750124286
0.41023879528204366
0.6809894917339845
0.6828140191184612
0.3492232978448653
0.745282593596044
0.14741641315590504
0.36166515364794827
0.7758161313990671
0.16067717048886154
0.9687228585409396
0.31621403652761204
0.6026167010688117
0.3039430913520038
0.9729779722344908
0.3212469823115198
0.7457870888465902
0.3218713071713347
0.440279455017731
0.9383198392896563
0.6023295107462633
0.5249742975973546
0.05257376928492263
0.4743837060493866
0.9754054376886877
0.05008423143511875
0.905260273598875
0.5942126535565273
0.3817659845528467
0.8502301824954884
0.7175725175657822
0.6740663673864523
0.749869556051713
0.8653407197173048
0.9422067276814556
0.6490592847442367
0.8463633077585566
0.2829817249829397
0.8193939741133316
0.8029974951551371
0.3789571693801852
0.3852540768630952
0.5465890743314447
0.6769834203282828
0.6153207202721718
0.5961392957398035
0.6421761259995605
0.03187733939485082
0.5304841787232992
0.9929956552470044
0.27006656589896194
0.589743897375149
0.9493272230624641
0.7265711962243506
0.7617927014282567
0.10070087204043243
0.8860901898184557
0.5058140241403437
0.8236761023741583
0.13412649849097602
0.29944405929920526
0.5469247656473423
0.9488767139303981
0.8769707703881992
0.779507156244302
0.16050948035682344
0.3676051318605674
0.1369550836345632
0.2622982288869138
0.45635602445200485
0.4635069884418356
0.6947336008091373
0.7274667936818398
0.4822704442995833
0.9602053996342534
0.1266290610600388
0.976743328591895
0.48157434813155575
0.3392131465565692
0.22834466556703525
0.01340378205311843
0.8532780061361872
0.8889036433428916
0.21009250564745174
0.24714380507216416
0.8296083262147557
0.5039559326833603
0.9048683800338041
0.7341103753231685
0.8474845925301898
0.8556654250311729
0.3341419800406906
0.9284392184846083
0.08369903948105684
0.8357388873902035
0.10901991883126805
0.9694990706562439
0.6479734731412273
0.23966862222976537
0.30997886603988356
0.3581442239993671
0.48372705179685427
0.5005074375511193
0.6845547225201869
0.9856293217904765
0.11330472714494999
0.9098423888146141
0.22991259856600976
0.8704412190730768
0.9825792825791833
0.16999205778029902
0.48601210255469507
0.6311548216621415
0.3092546944585557
0.30992839844645215
0.15512095982216356
0.6775211328429587
0.01986219783940313
0.9671513418000675
0.9847189326258897
0.3373471826814465
0.5723543903622093
0.788719980131632
0.20337389302443087
0.6533293278451373
0.20436728464753362
0.23687157117246882
0.18295985037726603
0.3818528600660047
0.42163361762946316
0.3981359512635678
0.4156267772599782
0.804872351189492
