346581
0.7329183797114551
0.3547380110179398
0.9372177814135275
0.2478535339034219
0.4741163468615498
0.5512183604884446
0.46613070167090176
0.9039972223428087
0.31773762823555896
0.13935568505629747
0.2222042656533495
0.2109210137387978
0.763990782894151
0.9149404700099668
0.8983315032999396
0.38547601673499854
0.41650671462391653
0.050091659109532505
0.46803026605945375
0.8591957907180969
0.7167181696932532
0.9022834120619997
0.4292264092353796
0.6481985318342157
0.9206261852501636
0.7842416287384646
0.7660251695262644
0.16114719345983675
0.49986851825490464
0.4989400913181581
0.9007177034801803
0.9843603733053699
0.6499820512579304
0.5464647159951993
0.17487194926906613
0.6763313275635013
0.8709776632422355
0.043304289184666445
0.9462080332652107
0.6283261648864882
0.6488222201606215
0.5596639855656919
0.21706045053066858
0.6033961874690376
0.11114962612522683
0.27668827793977246
0.8205802971623513
0.6530540046669547
0.15649870454798354
0.09301778339078026
0.5824329937322922
0.7290266135535397
0.963602760897837
0.5688944232425116
0.5485979180453358
0.4569126554253561
0.9757318991686933
0.8860681447970996
0.3239784419829079
0.21923563672579083
0.42481605746074735
0.323047076058943
0.8018818657420491
0.9072983186240469
0.21105293826142502
0.09777280601663607
0.08103110710397154
0.4444081008535218
0.48593177286702516
0.8135909693722976
0.16462048502290183
0.4574568470050422
0.6000805659646586
0.15942653713511168
0.11503067833668834
0.27950303822882805
0.17207059415561277
0.9613623685710931
0.6981685310218979
0.8029178356024174
0.9102888818549789
0.16035857621711813
0.19299943613003923
0.5708210236827365
0.4772158233449053
0.799639198332238
0.964691639098371
0.8939467068861434
0.12392173134245243
0.6453121136161876
0.6038929873307691
0.710742587673588
0.0423224083317173
0.6350765066518879
0.9200124896749754
0.37042111809382894
0.3837107213710207
0.9524121815346274
0.8429808065253099
0.5118442343351937
0.6743075859393811
0.1574332280707571
0.33581469389422924
0.7355381268402628
0.9220523554810173
0.47062811390814085
0.7494127975030975
0.8217980777542055
0.053578953409697094
0.001997061232062447
0.6613610555099685
0.8347578097618789
0.4463011271207139
0.4456369987352896
0.1321281372395121
0.5704613667911786
0.22775632480054697
0.518612908728742
0.4848821827019456
0.45639029927725727
0.7028344154412905
0.21299405695881846
0.16926268342312822
0.1905622916943739
0.7392440006971734
0.751221940247288
0.004791650744514153
0.12023194067136533
0.19254580639529995
0.9875167052950263
0.11621112596911731
0.6033881714574257
0.4843089806844919
0.881816972833992
0.17088424801117796
0.3706570353957527
0.26042267592243906
0.587787916743239
0.10750018589522836
0.2108824077193444
0.6513220822645656
0.6427206257939161
0.40567323057446525
0.1405715209929158
0.03186457608631099
0.7246857181279527
0.08762918356322447
0.5855562222015878
0.3358177415357675
0.4510925177430941
0.06602306572884042
0.002634539446984774
0.918398670727924
0.7328446544725419
0.15603391458374927
0.7996218242509959
0.6800290048323456
0.2695717174551153
0.05523388026875886
0.37415443063346177
0.6654483219153556
0.8739557540832974
0.8613306396752403
0.584752779614163
0.634553747411235
0.4469606191650478
0.24573363936415993
0.9920653187370032
0.16481108120590837
0.5908109657037169
0.22999580639989703
0.763878219561458
0.6898086954400582
0.04285674454449795
0.622534741252081
0.22439038872571893
0.5045025669797957
0.3409986835742016
0.5646382271109365
0.6464169371577517
0.17492702660283777
0.39013832163579654
0.3076107928163684
0.03459843053291223
0.9786221912890429
0.8891562348995348
0.29701971101375146
0.32835771922541934
0.9717563267430381
0.8992102994213004
0.8753501395154569
0.66525942765977
