734303
0.3356655630793898
0.8914312366950665
0.7353033039685628
0.8710507702802583
0.5505742764549106
0.08548855740902117
0.18724699047824
0.16686237067696663
0.6236222783091905
0.9350141972758723
0.9095343500140607
0.8660273180478625
0.004744602113213037
0.6366130302286073
0.15318570698380818
0.8026649184429626
0.6581566668186207
0.6064099277740199
0.7114159057348313
0.5151399758043935
0.7277675999916722
0.49365056866870194
0.35341575342484244
0.9610345491847474
0.12391989850829588
0.5297905660619024
0.3345045486899644
0.7613485231541472
0.5058517171574006
0.4777520928894975
0.3520692540628586
0.4656593035857236
0.11962874248929023
0.4079404344344816
0.8176818381334826
0.43250915932633227
0.21789468672375467
0.020778200063816366
0.59801344610361
0.05307813672296369
0.3356407340274884
0.25992791816894023
0.44064022379766943
0.21123937985303043
0.5252961598897254
0.5160384425912463
0.14556238497863183
0.06938303337172824
0.7647933633546067
0.8077641840837865
0.1692346256124122
0.4969336142583366
0.14386271316555221
0.9449708669193336
0.7551325048473039
0.7172749906074015
0.10666379647592306
0.8284548250100143
0.8733560352344371
0.038836169813312504
0.9829612882918204
0.7211675952732788
0.22149830509956503
0.8573802134564461
0.2754052842021726
0.5378510413528556
0.2899833300728276
0.469077404287907
0.6870774837124709
0.9431528770708013
0.027304318155416007
0.617733022084882
0.6713162554455848
0.32270609547943996
0.9540694644201904
0.11457956099576716
0.364934822164212
0.4973198468090336
0.6694896814954089
0.315331212778863
0.12629891410919325
0.3873438810788976
0.5699185189485027
0.7167386435485112
0.541331361088691
0.7024321544297908
0.2562816703839368
0.44367064687733815
0.6833628960251384
0.13134536558196053
0.545709676321458
0.9377881005137118
0.6168498225839832
0.43709690611575147
0.22241416404223224
0.7301651153851749
0.6203308872274821
0.32465942741163356
0.663824373214345
0.782751226384384
0.3705974382384044
0.9416149995675106
0.2602275581950807
0.5173574413134472
0.37790193137860584
0.3965442112304409
0.10963295726359679
0.315887952196681
0.29113202083932654
0.7356150458448798
0.8143062681115135
0.9718286646873894
0.3022289774574245
0.40474535159246217
0.33139712158879053
0.30054259692746144
0.7707300485180734
0.3428774163078113
0.7373100444908407
0.8747110263995584
0.3621669543220343
0.501317210517409
0.4539441995400695
0.6412988416043003
0.44815348939041133
0.7647543012665183
0.9546554474799647
0.997711215869096
0.25134718564754355
0.9614935166478579
0.2187697189736415
0.7573478788614187
0.23507133851822848
0.8935923710302307
0.23570357451346735
0.31855029158862724
0.5352351992615094
0.0920134546493423
0.673224574379809
0.2659763947548742
0.8112922450746285
0.3075639781182241
0.41911048411995644
0.5797260764180161
0.7533271557818623
0.5853096595696452
0.08144268717495728
0.6050802536141009
0.6239643132967396
0.1383134689708182
0.689996389034423
0.9445048315872844
0.636642107041931
0.135964261674543
0.7796657732522817
0.47361049058907867
0.6758985221636945
0.9528244619675971
0.7565900086060323
0.754048003817334
0.8506657189893859
0.385839220409505
0.948621333971839
0.21885756462660433
0.6381719740439479
0.8409148314539004
0.0240042506986472
0.6395805589481373
0.9239019617385551
0.5142871600598241
0.5256101097050906
0.5494801561599806
0.07216700746745608
0.14976518752761359
0.11279941190782994
0.4935070466603223
0.2721889304541527
0.03984929593597153
0.7289591642685911
0.20318517005075187
0.7962027791476585
0.5568873156158215
0.31999043137007077
0.05338169361298006
0.47893502407439437
0.6498460005549774
0.9174971299346306
0.44796438615119427
