748906
0.6819153131558789
0.42293896909038553
0.8701539474037352
0.10263861742955649
0.24143201062998632
0.12426711273469226
0.7577074907808408
0.5457950513255415
0.41554231689928545
0.6157908009491726
0.05429195302779688
0.5419888537354297
0.6434006473734178
0.6703674869176657
0.9212164117148327
0.5577095051213644
0.009268992773024065
0.2472524313090223
0.6041079709612044
0.8353897447866495
0.6639258538616241
0.23437456526653333
0.7852713411131635
0.11914121488547236
0.09779124199521128
0.013862922647124298
0.8993520002565629
0.5844935979602771
0.08293689013960859
0.606713864728418
0.8588665293322517
0.06445258818723765
0.3052523628355335
0.08315287560372409
0.8558906841622033
0.23548160223005887
0.19338960522331927
0.3871589753457235
0.9071717133822783
0.029551260340876073
0.21770948328394324
0.7167838419659275
0.5921586905959977
0.17218900937761872
0.9803062154799486
0.12631188005443783
0.9969204303966602
0.41150117111331985
0.7462860762393606
0.07197124691597834
0.22164786658370295
0.6994283652750269
0.6768295365429177
0.20982028910487416
0.9354138600108465
0.314034226888965
0.9161667004073237
0.8725975527944825
0.3690900313853216
0.6704165968232534
0.8574474785370063
0.30173795580815865
0.8257968594486971
0.35786937646799044
0.3665904267452029
0.8914213721742147
0.25799003671748644
0.7622122853969479
0.47854421416082604
0.413434301664942
0.7112620243749705
0.48474479991198194
0.0969988775770868
0.43478916563743264
0.46716511525755167
0.6530695805805667
0.526434268986352
0.9144596826580965
0.5308382828499895
0.13406997155833433
0.2444953903710192
0.2712555375261414
0.7039467956601073
0.6056148540782892
0.18303580196168212
0.05177233419322891
0.8594203099304238
0.42110349778284106
0.9277714046640475
0.6955185340902307
0.1917016511407612
0.20975221230661734
0.6693392584215125
0.7937335127332884
0.1546947561622013
0.19556300634420387
0.4426565319736995
0.6690761882709291
0.5193273163200965
0.28920448164216317
0.17682771574556122
0.06527693866632434
0.48361986808212853
0.10957350197993487
0.34444819111450886
0.2290102610590815
0.050379614699555875
0.22559549426087333
0.5470050965188502
0.6906587082753833
0.9511143524131992
0.07386041293332002
0.2021774252204016
0.6063040271627205
0.23948738792435154
0.20398028109061528
0.6091885767846569
0.6101941295268918
0.303612248334689
0.7310933332989807
0.059967028760722796
0.7450997047461507
0.4537112491847648
0.13372911157208356
0.33672137169462646
0.18738755268896334
0.4301395626544673
0.8252871105497989
0.8906381016618139
0.1643022354139867
0.14650232291971055
0.2486719942005312
0.23176221869627522
0.6728615685395908
0.7335691863954614
0.5961660670659047
0.5767214642957271
0.3529354537866165
0.48191733473496046
0.6404095402903816
0.5988077927164416
0.14149177183603356
0.5947102425044792
0.5773981614906838
0.2040300131950834
0.14065698776208302
0.7567463893713862
0.22869651436258143
0.6171041574140756
0.46915327654084327
0.40188831614009957
0.4276046477665061
0.7029485630143677
0.7348379809649211
0.21820952496413015
0.922804591994943
0.3721037775335684
0.16548533693803313
0.868672471378674
0.673052298445452
0.12259697892518817
0.3656142094449387
0.12487840377980919
0.9777701940499156
0.25612412937678675
0.129080328190058
0.6124055430480563
0.49093354896206376
0.07302322692217933
0.730314468059643
0.14847926492556196
0.7994339553729407
0.3983641736546937
0.6415032840069179
0.21619397260654916
0.9121416518151394
0.12058249640436236
0.6786726570422699
0.46423356627226875
0.702177793733377
0.034435092815168766
0.16654807361469903
0.2470132818959152
0.0724465475228836
0.1716585233197433
0.8302299880815013
0.12739253794330407
0.37326621905753643
0.9755612814364261
0.7711370191918931
0.9525855356423262
0.3909777440863106
0.12988342470015612
0.06533312201663677
0.5836216052245734
0.04769754325201403
0.5876082227506452
0.23426937285913563
0.609685162205582
0.8049209176535936
0.3620124634467734
0.08113491824462693
0.41089131302912585
0.6474719808441385
0.9400930536226949
0.16042574496334705
0.746528939558088
