603772
0.4393337140069705
0.7576096742136805
0.4540039283177011
0.6405309705424147
0.38918227838598674
0.03533439889450285
0.6638341635122392
0.7119070300839825
0.3409877839398655
0.41770091081096894
0.8997485613193545
0.255100821167054
0.6138333338575666
0.27789761269607605
0.440004178497337
0.3137108190258434
0.1551427631138368
0.2575503428322923
0.6730627613025858
0.7107396343959749
0.8427971816230887
0.5944917319622453
0.29093536896430905
0.4995139558816214
0.8741586855706249
0.05871674586150144
0.29759898281711783
0.5816433980729601
0.31380946889980565
0.864474093491622
0.42040643560076196
0.30186304648322637
0.03685299597432756
0.7555459482394316
0.06807473111478812
0.6743317767014632
0.5009135087206973
0.5711195083827084
0.06575094612764887
0.5209337766612275
0.007508478395623741
0.9912553540623621
0.01581928007428557
0.20935836443797773
0.372258623946345
0.8338094906982327
0.282526355848699
0.8672092952066998
0.21343828906481377
0.22876715126238234
0.27916646935597267
0.9181210035500916
0.3896585618334715
0.23129832243394155
0.948482184379506
0.5368366295840995
0.47001441835617874
0.9514462511010547
0.07009987345300461
0.1524283981411676
0.5038163435382003
0.0762120104364662
0.303233844250813
0.44231771623704164
0.772065642770555
0.7388993518597688
0.6785567880418646
0.35447953979094593
0.6491221103724731
0.0509363883552717
0.5900482929802724
0.5711909903042142
0.18055155294894942
0.2529911209041169
0.20579714003401683
0.48491179493439895
0.49192974259581435
0.3650505906366611
0.6161476541299322
0.19536009423556155
0.6834185471207377
0.41923399966439157
0.9682434612579879
0.2565740290671018
0.436218864714942
0.8444622485023888
0.29793728441753164
0.9037257171811972
0.15954430896404348
0.33870787157869564
0.7631984270543515
0.27168134030576807
0.14054831854722105
0.6124005827667934
0.5075643206401468
0.6807770128844692
0.824676815744036
0.7156656430553489
0.4378461220646692
0.4100071589940243
0.05020730823852648
0.2724235869728103
0.7872130121149182
0.5037985408964119
0.7882743584538391
0.8359811935679192
0.4529430502091225
0.06576926353033008
0.698470767878086
0.7535957811745795
0.7475432970784934
0.1813494545144908
0.6001525229662428
0.38159575239014376
0.38260560992743387
0.08086592359353528
0.7808647014154573
0.22799239457088172
0.2166784742644995
0.4056706492948766
0.9158447256796188
0.6161191953369692
0.541599746204008
0.47211840056801424
0.2563482764902053
0.7606867031862783
0.4561485547605496
0.24167657318941016
0.6595822601168105
0.7267423264695586
0.18153947810014948
0.30017591948632083
0.9793184591323391
0.602376313748962
0.010195450837904407
0.5251876729268179
0.31380020209124193
0.3576163624590123
0.9474003187880908
0.2777396924685934
0.6163438442842037
0.2848050380058078
0.004846162172195134
0.893059782808568
0.21407559928559095
0.619856064546259
0.5357538174231116
0.964761891909815
0.8515335957617552
0.9291363050858243
0.9631603173140078
0.41786682541969666
0.9784038383718564
0.11332268363880116
0.7461295900257692
0.648275952228482
0.13444799414372322
0.4274344655798499
0.45305826808063776
0.0697928994569974
0.44971984648616226
0.7453426940951949
0.36691113576574863
0.2545146274190092
0.47445663286645856
0.4074104639389179
0.13413605747491075
0.4783902061312896
0.7805699531319042
0.38151918954310193
0.5871713960374172
0.8909717436371697
0.03545072376006819
0.1405875995597844
0.019873361944832024
0.7168588073897721
0.5388410469728387
0.6137914766975411
0.8758547326982035
0.866064081511477
0.5348155597542144
0.8040442331396515
0.02164073604053951
0.08150464506343646
0.9634530994588789
0.1808996138653064
0.519711126397694
0.2840496775870961
0.7005696034397615
0.7558892406249682
0.09091262536077505
0.08903217926399376
0.7489211905573006
0.8264100037968841
0.2613892192145011
0.5628586443190662
0.2905761821594227
0.7346267211590539
0.526091946854122
