761934
0.16432747163826333
0.987693548116375
0.6294582436794537
0.7290942782002802
0.4724928650766439
0.42773431046765287
0.14256596251910014
0.2603527992247755
0.7413885262898939
0.14917166907890655
0.09336537918520615
0.5992172346613688
0.5416507902354208
0.2550546578858438
0.823433297107168
0.1969076613016375
0.7500586767234586
0.22431881800585662
0.5272842347551444
0.6833413600651681
0.9302336237638009
0.16452719024364848
0.9943417104247061
0.9081049333153435
0.7112194814435105
0.4147631275897218
0.506031423140214
0.38103245773025496
0.11538894011597445
0.10368630136681367
0.2422745743248832
0.264763409910015
0.913099400851378
0.9953016040684304
0.4432619522490896
0.18981909393444163
0.988748415718746
0.7137802539749929
0.7452399704692901
0.8121497708023419
0.39135433809267406
0.22871129947232716
0.5631422334901413
0.2137689487654506
0.21251545409403316
0.303450604988885
0.12825144729208338
0.9590054618479502
0.6855765325651394
0.4617738120539797
0.8056777763575539
0.8620677432931918
0.9320591579363935
0.9118283372526236
0.6142918919649607
0.29602908968056485
0.5948878216845656
0.7814193544816336
0.4508520961554442
0.1790066222226372
0.19267112009139387
0.9649525889376023
0.3804164724247511
0.6102205611228891
0.40527363295854757
0.8598969460268218
0.496732873740788
0.49678476898124435
0.6581406448385715
0.2794185014679811
0.27915089137275484
0.41149345561316086
0.31131410194542586
0.8678763797310896
0.07670148439706759
0.35253296103656917
0.47880563883460026
0.4171602933008979
0.33534155550812583
0.03796161597714831
0.00496811935461916
0.5843887964538204
0.4509625531176442
0.8609647306393129
0.4067342541291924
0.6452757302243433
0.6786133282097283
0.6563061999203837
0.654067157351125
0.0825119861727025
0.3574893330357981
0.9840611442612455
0.5056945449610899
0.00479859869462107
0.821591759501402
0.7236298406720726
0.743174596364004
0.6197062128081197
0.7575615717310218
0.3891954859436416
0.0535678838483471
0.24232486858861535
0.4440455136691316
0.7272035556584473
0.49946717149362574
0.6117074950562895
0.2610517143025741
0.8371042229041207
0.48486225874142974
0.6083993232561384
0.09310549348428576
0.2685131484945523
0.8762945801924579
0.8188841916564971
0.7666159663788488
0.29111039705649444
0.4709822770875177
0.7765687083260313
0.45971698489844603
0.8080111678553209
0.3170734903345648
0.12396305616744663
0.10194650553781948
0.18900567923048317
0.4859114397809916
0.3870074395438119
0.14148082197509282
0.6369806097213884
0.7721724150316941
0.5300313472855582
0.6992408204147335
0.5689972520976467
0.45496344379326537
0.9686225245915692
0.0520400523858624
0.8929167767377892
0.6914434772442772
0.2577210778238447
0.5910446373356679
0.9911261832734837
0.3342585458435223
0.2435436423103532
0.8871681702918656
0.6848333694222734
0.9650573889841925
0.07048144449181193
0.26162464472111946
0.4455629107096616
0.7185813063192626
0.06790471390079211
0.30771543419068537
0.6448991857084865
0.035297958730260426
0.20684611019088672
0.13902722922908328
0.6891866434073644
0.8252757830611214
0.5128232447983126
0.7495691353838694
0.47281167492410314
0.6519721761818363
0.5486012543059434
0.7629796052451431
0.7018545603360395
0.4518347996946698
0.8394837047434707
0.020784416601919542
0.28931346191883844
0.9940925977534044
0.9037607423324685
0.9137892611163875
0.2037673796205326
0.7548390973533392
0.3722310831827371
0.09604166290378746
0.8652582737069383
0.13048746353734675
0.533254710299545
0.2373984241116388
0.4253371138256665
0.9479030019257597
0.5235810737847592
0.7685869228268479
0.042632376888496415
0.04199581303017763
0.3002378184706479
0.15174937064726202
0.5709637696657688
0.2662825721338451
0.4750528985475744
0.06981134465145455
