621373
0.9139379060601341
0.677902888788383
0.07092326861675624
0.06961715710116978
0.6681268154187837
0.7958026296069198
0.2677311284242475
0.6166261528112756
0.5763441244241628
0.7692727600330298
0.24584901070712672
0.22306585852461192
0.743197928503313
0.013758986435504994
0.3064628760208583
0.2967891567640958
0.5270131830712828
0.37183414827327976
0.5504824344779112
0.6246844956935946
0.5153811370708663
0.13945177218116012
0.5315963820181832
0.9523392950025384
0.016006278584906664
0.3610756046570104
0.46406945763390084
0.9507590879868048
0.05018672651063305
0.6420067197183833
0.7621674230250618
0.9712952586734598
0.9231767232880955
0.35220650540641696
0.9156347606289963
0.3815370944882711
0.06384497256499222
0.5031398573995459
0.9644396444711804
0.947774541023276
0.9754560289468731
0.7676400373985379
0.12603886371384976
0.6837400326011267
0.8200661390082971
0.08252277239267236
0.44970523879668023
0.8206891285013284
0.37093933198639095
0.02465431987361455
0.7249988334491801
0.07048136358515056
0.810552943148185
0.6834038405289763
0.2552520799969048
0.15117424679377478
0.12617649200170888
0.06588809510154636
0.5219785602423674
0.6237449947201962
0.6606716365293028
0.16614222243151278
0.21240363792214523
0.448905982739338
0.7130747520354082
0.705327066934128
0.5598547310041553
0.31458137574947753
0.9516881052643755
0.20731071416585534
0.45553776103895693
0.7074646051813337
0.8018196574822498
0.5124372381169437
0.33026520589286723
0.9061768447786244
0.9009750852184455
0.05202366358828936
0.37599100123019524
0.5588993386520833
0.17622035306109662
0.20710143704731232
0.27954555816451865
0.27495302992112325
0.09159684431714354
0.8571462119957849
0.2747541446572467
0.7076512266796195
0.13788514260102336
0.7880154817097074
0.984160359436359
0.9348521332294099
0.6926776432716595
0.9730411840119481
0.21786570421799345
0.5539899503714983
0.9656342878986042
0.8671997616931137
0.624535334460674
0.7999645083214577
0.8619599619128206
0.7615097884556681
0.8484092089873393
0.16712124651620563
0.24655547690788482
0.9332830958036761
0.6361965579344517
0.47065482762870714
0.2719591079007533
0.7975824307749161
0.15902105362441477
0.018120902615681778
0.14510885556364173
0.5162146536276817
0.6671231378167076
0.5783429601025342
0.9511201130461475
0.5528158370453169
0.4788145121652938
0.132851578208681
0.9266875377871757
0.4760603142704958
0.22021949062384527
0.9740960117672978
0.8813834371520531
0.9077528720723349
0.17862668663591763
0.5750189886920329
0.30203995898401725
0.8885399137281629
0.6098134222068516
0.7961874636926501
0.043565481469775236
0.09120115473914847
0.8484945685987649
0.4195233210199122
0.40896027815543756
0.24996131453303838
0.11108651436147376
0.7017800460376619
0.8519604540295376
0.8939865923687335
0.9512660229430683
0.6262623802352819
0.497653052372109
0.974207756580744
0.43134265079556566
0.797888200783061
0.16956956658774225
0.2548386450473862
0.20625265434307694
0.4745426267862599
0.6361786495021305
0.4044346239454871
0.8820214137727516
0.05677676435355805
0.3453639191869773
0.5660628381811782
0.2068301347261674
0.46825440241589633
0.0023852131598294246
0.8121321089427811
0.8803621626048506
0.25095184940642457
0.9649874171490517
0.29665732678199286
0.025892676503821876
0.8719676014356597
0.5787338618343909
0.10620957297047728
0.6596253539488579
0.6929001919098489
0.25630575612224216
0.7805294246354084
0.8130677588984957
0.2881038094996389
0.31642331614433883
0.2247583610586289
0.31677723545589087
0.3147333823714925
0.34120800626754677
0.26746856657094853
0.6375972780293345
0.9353416509774962
0.08521976445898849
0.43214904102245266
0.576544107649447
0.8728931802855441
0.7750666598417761
0.5845318628561272
0.08079159316821094
