370779
0.5384110168658904
0.9753988537368905
0.9941192355530394
0.9007425314495414
0.3130738910744395
0.065262859526792
0.005498468065648021
0.33196237905872017
0.9894329068858247
0.7682056083718057
0.9535086067359464
0.8217915942636856
0.5805186080905745
0.1101827090156271
0.17604906500821538
0.7917408982706373
0.19096080357479972
0.6412386200038468
0.9792969452654876
0.6293136344130146
0.41084487427108307
0.7500909585217017
0.1923266786117389
0.4366877450435037
0.7408800363497415
0.4251649592868392
0.511601737580337
0.7887295591662666
0.8865566777697174
0.8712885255154164
0.18053512779996794
0.44910023500759444
0.3693212098117795
0.978171772589925
0.6752915729701959
0.7207549549842498
0.7943985671269013
0.7549598378805304
0.9752312930084343
0.8659239616225085
0.28774417662058516
0.49456096247040016
0.6848713391960449
0.8207035648317491
0.06870839052006039
0.6121164821463486
0.7439674850209986
0.25067450745711894
0.8603485770552822
0.8138932501719335
0.7132958145428899
0.8465038170694517
0.8559247501291041
0.4960430769329002
0.6559401598301048
0.6422756448866129
0.25796726912744783
0.04708772841251596
0.4473675824957837
0.054335286256646964
0.9854054898946487
0.0336522044424199
0.9423012279491333
0.2847203198041589
0.004599006639339764
0.08588328467267559
0.8023757950016422
0.7107908225313427
0.8817136131776624
0.6671538358465775
0.9457882401328616
0.8914607603735142
0.5767365027883566
0.8120680703035299
0.5186318669698338
0.8604709393259117
0.2035264494092187
0.3474463888765682
0.007329660681519967
0.4484335052312107
0.4656460057428671
0.07288326900534325
0.6125583075990915
0.4779164866575518
0.7443249356256185
0.870634831113771
0.28728144322922466
0.8096264009697866
0.36275505278163644
0.7390074815571911
0.9049871660644994
0.3827860283883232
0.3800187202188584
0.2990827959247324
0.8689512319509863
0.5890929088252854
0.37830422394818297
0.41152783878736765
0.09932411088758919
0.5471840475515893
0.09866358971925548
0.15840440020966262
0.7420664999466221
0.1033206735429465
0.45341918183268215
0.5943043012261704
0.13223453856690992
0.6740463310844036
0.39742745493142906
0.3518024552367247
0.5138425826573227
0.3678604021494599
0.3757597199530024
0.39813314567198743
0.7695077382426885
0.17548866551324693
0.5819611811736126
0.9831589757981359
0.9453072533493276
0.40212088056804085
0.058901368740012505
0.09311619396987214
0.6697558730513927
0.9300251725809169
0.7533302530723348
0.5302843436842369
0.660537820872201
0.3462372561388869
0.995606303950485
0.07564155326552968
0.38860326105143195
0.44756264732997264
0.5176639982467007
0.059731634208577744
0.6264670614500365
0.14391788499004599
0.04513984412021599
0.06638281791467171
0.046023006948447964
0.3210768327497632
0.7036781442674738
0.4245819327889512
0.2509142701868877
0.7951766562544236
0.9647881717441759
0.6057222862438293
0.6294765494578208
0.09387723937160486
0.6232272022571899
0.636607113064522
0.19649761738488036
0.4328568445865969
0.34573442161308
0.16300485176993285
0.15551292966368102
0.9213664066662314
0.6600429954088896
0.8542164176440418
0.2580841922138529
0.7268525312572343
0.8634486890368083
0.42602872557178084
0.16248360598237233
0.6562002965844692
0.22181529679847567
0.6775928584798827
0.9014338070722724
0.3699341593688499
0.0027484233812267167
0.5871791502318052
0.25702936031933854
0.23575561923771304
0.34077109593396027
0.6924258599192659
0.3106929377276898
0.6490844646363668
0.6676856462679331
0.6926115675150589
0.6869953072918916
0.5008105500911574
0.4579087340880893
0.45364637749425585
0.042395014137515785
0.3562505947675787
0.3364169308722551
0.3708901841369966
0.16343049895276962
0.8243452272622249
