477855
0.7143569427592409
0.7488649264617124
0.6078341568769743
0.8089907283187582
0.9147424192951888
0.17875168281534126
0.24520232154895238
0.6449293334513455
0.3905233522698286
0.23119342327067138
0.5822022985422622
0.9816580533248863
0.7062500167933615
0.038267799491932264
0.6680392440729955
0.7002273702665199
0.4968820083408554
0.20703680984808648
0.9534083088937171
0.3301433024075985
0.6934396675792067
0.36774519320836296
0.9269740234117917
0.45448844459502125
0.8582829842077999
0.8799026180629795
0.511761177832662
0.2792897545652714
0.23747080466153958
0.5568756564081438
0.7903355433330996
0.4274659786795796
0.31831645903128225
0.7393424474948458
0.4489414407436897
0.7530397499979996
0.39217064217752595
0.2989393231867339
0.18330264931150786
0.9879007648680384
0.8656258356383678
0.18565542307663374
0.19258174618957657
0.3312577826767511
0.8377510651433526
0.946007490197399
0.8030327188183188
0.6710191526149724
0.7666297589166583
0.23375430586314694
0.20916988531453662
0.9866928548275862
0.8853872025093262
0.7108858977813541
0.29781601101623234
0.6249985750464384
0.39605887304196863
0.8938501514506837
0.5291810720169621
0.5622362309319499
0.369064022751745
0.4384551053181255
0.8891622664076587
0.47155650239744706
0.7067139045037372
0.07661248718262426
0.9983453279049354
0.3986307772728147
0.49109736946498406
0.9190641663836895
0.5657254942689744
0.11581933058954463
0.5298510804723253
0.12046034387323656
0.5089564407206925
0.7727882853980046
0.9377354409100125
0.9666336044129757
0.22797364938754616
0.2906271804993873
0.1476013577136427
0.28864141865821624
0.7151286706222872
0.056870928277574895
0.8312472278403278
0.7341242595327389
0.41250890496583925
0.8704310640316322
0.8288294939469951
0.8337546525501651
0.9859073675348342
0.7582931655701924
0.33490389120978614
0.9890279998108057
0.47494530516582356
0.23993853410805654
0.2698393250928859
0.4773731044267544
0.6001400539391885
0.8508001797201656
0.9772594376211229
0.32153674092783247
0.3602495861143784
0.2526641331252014
0.1313316006816304
0.4024231575384172
0.4370137265285078
0.056779420070387165
0.012137158407376392
0.5080459090786118
0.33945180728187807
0.5645408985534797
0.11302028638409811
0.10597627716164049
0.6661651471673923
0.990961150448328
0.38072763141146904
0.502648589943385
0.34163176831917497
0.3777491135701766
0.2573140510138928
0.7101097354643164
0.19127010755204643
0.32566445075047235
0.09220498232415508
0.779276699701877
0.7600874881867123
0.8799186433556686
0.42346875010473706
0.5784922018342531
0.8510177302010014
0.38774491815962087
0.08926736110778133
0.9971453687764466
0.8615922059487231
0.9138609927912236
0.12361749675250067
0.33635090530994904
0.6313766320904493
0.8474001981454876
0.9150080099911058
0.212156717814874
0.17764599380173118
0.6629875081440962
0.16208427338667086
0.6414763344199599
0.39305845477018386
0.40898979204869157
0.7475231840364239
0.1069195667764693
0.5066280617307011
0.38756965731260506
0.769387712413607
0.3039207116833791
0.868085743736391
0.6640251447387001
0.6186630250927663
0.9620408021466048
0.4057564478590818
0.49699813159187
0.17234075352721878
0.602046573156214
0.929369852260637
0.5164865262010507
0.8833319109067369
0.34134532312296684
0.301760913115768
0.493196502367221
0.7916530663997299
0.8925819063430157
0.3872054724716877
0.8406226881926645
0.25574429824837164
0.7136800906329547
