25558138
0.9109892380258408
0.8983697670220668
0.973117405463362
0.12800673545089314
0.018221362219026704
0.699740168806301
0.5846753491070166
0.498860122576536
0.3657229784516558
0.2093026143450748
0.74454285674268
0.7683067623111206
0.7584692374568126
0.20486533646335858
0.6645569303370321
0.34108651054128336
0.031763125408650006
0.6818415540413396
0.28380603522078385
0.8691738181148287
0.06453593336731012
0.8253913189251121
0.13843489203293124
0.7608698615301097
0.42881928801601044
0.10889588434616959
0.6630091330127341
0.8743369441938678
0.15609105999400763
0.3227378510505696
0.08382640139235908
0.5584200375602619
0.41741938893557273
0.46271858166515956
0.29734421520435284
0.020625271695735692
0.2169193774856284
0.26984715358069955
0.8342050935592967
0.38657652725108405
0.32038380488089135
0.007470182645119006
0.8954673184529716
0.7527872976257691
0.3873658780056709
0.5835307256520262
0.5189155163455539
0.6673588488085497
0.3339332408187007
0.5124747965108523
0.9115581777187085
0.05617674918112803
0.08034278701949515
0.5791171765494342
0.33543160182313836
0.9105512701839417
0.6740149006450968
0.6003189164359332
0.6818883880413603
0.08943816282762729
0.5277104111994712
0.11368321406076809
0.17720218351457528
0.08506899154619374
0.585515818525424
0.6336055508989584
0.0459660037630093
0.3267888412257677
0.3954198664406089
0.6189879502951054
0.8691784946670292
0.3286296632505804
0.8342862425484294
0.5770205713323322
0.821380971945137
0.6519305723643296
0.9376534871642144
0.09523484683771799
0.2822431694836447
0.7216149141183072
0.929823045130122
0.9262792554756786
0.774198950481926
0.5689611037205797
0.08906231216040561
0.9797153001064294
0.4084212644843688
0.043207593859641014
0.19419916561014705
0.10093746092105682
0.12754264125415393
0.030398333508961373
0.5853352786265792
0.30172310819175796
0.6994243618093947
0.1530735182991897
0.6877422072652206
0.6372138046772787
0.39306246766252106
0.3305023994999231
0.5883478527707628
0.5126495534859032
0.27713716886768125
0.8028464428060081
0.9756507486978735
0.4092484118720716
0.3696277144278396
0.19666618615946196
0.14108555449203675
0.4189137814165752
0.628737702786566
0.48587882460157295
0.21171065857377702
0.29751291444593053
0.38039071949441605
0.6275518145745143
0.1379246170809839
0.1921027104155456
0.12926441508555264
0.4875461615362955
0.7969906670097834
0.6316039526707307
0.9288883699025241
0.1394702784986489
0.5915858337682793
0.4582913422814101
0.18668403238961473
0.49437825098904786
0.27520925648438577
0.8553248654981105
0.07310759691096058
0.9792670435854189
0.34766233052516315
0.44519228556865886
0.3842867736300749
0.1891974863445306
0.028313348124071713
0.29933498931975355
0.30743770530625936
0.6170738914604235
0.4552526177455565
0.7295420422061795
0.004831222359470089
0.5319082073867976
0.8180971359761186
0.1090105449725346
0.5838950295659912
0.19176642588486337
0.47126093248584333
0.3451922195410171
0.9736998581386851
0.06363609369442635
0.9307780752719331
0.035753631885787396
0.6344538209287787
0.0578547758996355
0.48080718883414253
0.28255605366084213
0.0919095800325076
0.508223851388241
0.3397527774049469
0.4111940987299755
0.8087126935218761
0.17962460300147942
0.12674849926095277
0.7091620490977772
0.32664890378837474
0.3478563577078584
0.9449036720479854
0.1398030024348884
0.13699443229356345
0.5811954738917389
0.4672372029813556
0.12033989177367865
0.02258976681504954
0.8006616792123102
0.6374487110872341
0.09750579145433891
0.27013798574458925
0.39418083912066604
0.9796967706009778
0.4964779961137904
0.5063646846459245
0.5862830900501379
0.5623663210917108
0.1664650528783833
0.10519324684643527
0.4414002240319457
0.07005286866220217
0.9342157046753504
0.7029319963117194
0.038039052527575556
0.33072231927553597
0.9712917235620313
0.3859847817511468
0.363035700733894
0.814992546952218
0.938146195092358
0.9811268576278265
0.6898726026593717
0.6721609857207897
0.09396936522729915
0.6994745415656208
0.9118931931202088
0.8658104183463826
0.2857775836995564
0.5902038060920809
0.7674360699593316
0.6235010561300967
0.49737388594460885
0.91748244659766
0.8486185807869197
0.9995795501460756
0.5239548875310813
0.5079209425560689
0.7151647081651014
