1398315
0.13378472245478634
0.025353983052116447
0.6741112578532751
0.2348218507253429
0.23234594753046134
0.9214242828850294
0.755383615253205
0.8593009467018694
0.20464567547719636
0.517683689695584
0.13964544314821803
0.3565234396607885
0.7148488060749765
0.21999782362723352
0.27300331681372625
0.5423605441397991
0.8595969168212042
0.1468998371142567
0.003105953163577091
0.19094187859051215
0.7285594275033703
0.11478894711213561
0.8886927781961493
0.8534086177966875
0.6432939871833308
0.5278333099110657
0.6960319383713777
0.7568359188999971
0.5522522302461333
0.28097918673669664
0.3969513844497452
0.6694424342163908
0.04963166258329377
0.3005666529354375
0.43595148128613503
0.485740828222915
0.09967031176571362
0.8862523180076703
0.031237923228851217
0.09485011900857465
0.9659353292957192
0.7900767506279499
0.0611485088692143
0.2063259735733669
0.6815128170961472
0.554026164861514
0.7212408857781486
0.28905335040791447
0.5241803099607855
0.39950705511560536
0.9066220983588742
0.6146100479604625
0.4659075986840292
0.83861302748584
0.9714300884365069
0.7237464287156206
0.30946559813145524
0.16820141714823544
0.5865342454476802
0.6064636562149424
0.2863891496185621
0.011428835019815509
0.014963762329372687
0.2858763077592692
0.49182048622034735
0.8094251930237749
0.5322608524895245
0.9908544090962311
0.3403719206385528
0.8341449964580062
0.8295171098208002
0.05887900594828677
0.5071376465657474
0.3792719913454532
0.187678289615408
0.2480502492285156
0.9739201381021232
0.627080186127403
0.12290900775185165
0.30190463669620904
0.5430293571997216
0.6538719237315869
0.44971164182834644
0.9408387705064596
0.07542697906275497
0.2007797434688875
0.5664520753272463
0.1219509354178423
0.13010414270510928
0.5545245606236695
0.6583330746335093
0.2863313020548902
0.8101878799361941
0.11998799536304516
0.3941589445907193
0.8671998768443278
0.05609740058041368
0.3568071331738629
0.5945398909941831
0.7074063489991609
0.7333041130225043
0.477303541821835
0.8600820858563016
0.42579410511587057
0.4127762311188322
0.09664947354812103
0.18680799618046295
0.8313448534910443
0.0171300150763658
0.5040030988455995
0.2225959191487039
0.17750992057316606
0.5460302560458743
0.012613672703471246
0.3807013479279897
0.7279340177580162
0.1585080200096476
0.9529688509330779
0.6976082349675006
0.2274278381356526
0.8195164692892255
0.973811580553322
0.8434913154900479
0.018428291635048666
0.3846219744750946
0.5739856247889759
0.29726064550801234
0.8884193739517707
0.005026044801678231
0.38422205350937433
0.24120646399373524
0.5122250275078783
0.7074288502437803
0.5103973913225217
0.6793124557637594
0.5353579939851058
0.8597529154998154
0.16711699455881268
0.34475455906942243
0.9415164028919807
0.35642191040637206
0.8839068888315639
0.4248131564159362
0.5849082479411148
0.31910086435107965
0.8703180491035881
0.2420943620788999
0.35622595323095485
4.018336673277112E-4
0.7447332784718594
0.298703813549864
0.807966143777231
0.7411164496686811
0.6261870228728674
0.8831365575685318
0.0075132483976403375
0.049633815542501125
0.9380302594840892
0.08583988825292088
0.2877903384464735
0.12716959310611708
0.9191478917579599
0.07276608730369971
0.7454941843112051
0.18601199162392523
0.05937924772050085
0.18031246777922028
0.41976139960046366
0.36988811366707164
0.9912137734034795
0.7377894281074322
0.7196718666003332
0.5659444666389414
0.02142221406752831
0.4387790061529483
0.23125694724791135
0.9083567995923791
0.4966372082075623
0.5235272109106072
0.8112870898766948
0.2743658345702682
0.3721489295196674
0.2710982627641658
0.6811192202031102
0.1400949668145638
0.3810789352342183
0.9064233363764456
0.17364758329599217
0.038869757349052736
0.45502840874134465
0.6414796362969819
0.8745383630363511
0.021371564277029242
0.8329012232000086
0.33374509061158675
0.5331850761204264
0.4542978378319419
0.04748227877319566
0.16974803395176052
0.5773441586503051
0.7789334894319319
0.23369303266447872
0.7900918626003197
0.8871961762795995
0.7218048120616727
0.9453831024072253
0.10518445455165637
0.999028185844317
0.27212327447068174
0.4726925788900229
