732399
0.33271668732961435
0.5866183646871534
0.6895601122658165
0.07472065470584965
0.7562275940718403
0.8132291567520618
0.48155151295100473
0.1074831600512407
0.9681565871535707
0.26510411024771285
0.20186688383158924
0.3627242185230525
0.6608393734208863
0.8130367739934606
0.8368331061129191
0.03766763086286873
0.34192558283299446
0.11575881790289522
0.38979647230225256
0.5898604669961149
0.9925015989886217
0.07740774523671612
0.758648777689831
0.8054054945355534
0.8616393313917295
0.9727304955084272
0.9570069540101874
0.9943745617305062
0.9437372103067309
0.5393394092695492
0.20573902695916912
0.8823132076298847
0.704041616764256
0.7655049583344088
0.6475585130345132
0.11705751883027293
0.08145427390982318
0.3757971442593444
0.3750550713996592
0.26302826119238165
0.7341906226518693
0.2196643145350733
0.48407333584597667
0.9345697029597536
0.8013340133249478
0.8568912430903015
0.5857258132851293
0.6490890510946521
0.463092912794024
0.29899136468230914
0.03671240779132834
0.8582699779900039
0.886709972573001
0.6376449842940125
0.8193189445354916
0.06566898343236005
0.49194022431398654
0.9901468259573275
0.33028017881973537
0.5275162170241399
0.21779341387490825
0.38885320662509093
0.49324779752808456
0.3496270808034416
0.9272960184552106
0.736731703427611
0.9863148281760278
0.2570899134266784
0.5482005434739896
0.7134189873712892
0.31930754467464717
0.32028156883264547
0.08055961494509489
0.8092870053167266
0.6468249397332876
0.6797427227133679
0.171863285577869
0.295964384158647
0.9518176468703305
0.41941086940798533
0.44097227161475827
0.279229687531824
0.5333158579959872
0.43532198332372996
0.35084323477687496
0.01833304439602601
0.18364638010771783
0.2186254475231253
0.3649900143168274
0.4962928549324789
0.24079790951201052
0.6728807132157117
0.4342959140633157
0.6908063073657758
0.8574676355044889
0.4133508933968437
0.06886930655323054
0.2518421675085867
0.8131595508333904
0.18591625034022474
0.6234351843985714
0.008787863628229364
0.0338197721566712
0.05091474791446737
0.4821658633296121
0.8224852519382745
0.13388152763129535
0.6048111083798253
0.2595614234206838
0.7239580956689191
0.47444152657309224
0.7526867665236172
0.1334629671772598
0.7592705366539013
0.13980031769180112
0.9838389355695314
0.7708296936291601
0.6302636460630275
0.21689770442211265
0.8066678541373162
0.6060328827551246
0.47104716582283057
0.6529897154383965
0.8591275053375826
0.3359807968604961
0.20426537011030432
0.8325492888730829
0.858621159221097
0.6853619527988702
0.14889462745936632
0.9589655348783258
0.724471487700965
0.416818468636432
0.577227026065795
0.4828956538826613
0.06997233554906512
0.09552375614191899
0.5653455753477774
0.3048286823689115
0.03415034792476712
0.12060199207049005
0.7393975601384266
0.2351102631886146
0.861979207176804
0.6400969029364804
0.7531962977894207
0.4968748946437972
0.07607298727848733
0.5425471478812652
0.7524937248964888
0.20360713789111506
0.10899714760437473
0.3327995548757987
0.9197172354886609
0.791286230911019
0.19734493977785716
0.09532953372933461
0.7450059249757028
0.17137831319545438
0.9962188794638076
0.0065311477687601815
0.32334579649667106
0.06443483614128953
0.665517198682106
0.9830940806002527
0.18751090637636492
0.3096304863846474
0.3843415156221829
0.7302496674188482
0.8972934873674896
0.07424305400664633
0.6135295869566489
0.3246490809388207
0.008078038844763213
0.3884020430931985
0.9565764896904844
0.6496751930935083
0.39372393741973644
0.18355113308225846
0.17059896418640008
0.9168587071008241
0.5360094729875731
0.1330821090987906
0.3066375866871538
0.49064972477897983
0.9897299444768144
0.5012052779151095
0.8223244719072318
0.8836451509086758
0.5469974070647885
0.23082873866134945
0.36429359824147967
0.36293204653583533
0.8494548200022886
0.11663951920682114
0.9787196233492119
0.42591621569072646
0.49829800043723926
0.5024643404193755
