603903
0.03990032946804645
0.6994534051028729
0.5490017019677561
0.8863826799531045
0.5680045170476556
0.9222877090278245
0.1478167926835552
0.3302447731705729
0.35230584481332605
0.3663308390205915
0.43165306813732285
0.9583119747194141
0.5991560905078387
0.8476378541759394
0.9871632522929397
0.08420095598718702
0.469694017640078
0.3275438775661904
0.6753979444519939
0.23082782396387913
0.3556877856659383
0.054794624161891736
0.6246986508550131
0.5917865158297251
0.28507308594631775
0.2696903871008237
0.10035540807527943
0.8228941958110115
0.34751847173676886
0.0021107748467371623
0.5606165886912358
0.1710230663607345
0.5029425473109748
0.17908731363347508
0.6658750829505468
0.43309248743459083
0.4633578983981087
0.917823879088032
0.3183238143560062
0.326194105169091
0.5051586531177538
0.0890178136894102
0.22162273556266476
0.3429405584466271
0.22298146262179486
0.41058334251864803
0.23739989833077857
0.48763716897971543
0.3291653444524264
0.5992248075897805
0.8291525494023063
0.9149404026905149
0.6447569758281944
0.5945508691383901
0.775412507239898
0.2315186575851782
0.2808511840316378
0.6577361234463173
0.12906290481648985
0.4440481556734982
0.417891511436414
0.5502862011081053
0.608478131414661
0.2562236722808474
0.27757720794206653
0.7733593453685772
0.5335006041218197
0.31240548676741275
0.33069730849181955
0.40143327770724413
0.08254724153323623
0.5561320369392692
0.6302480982722177
0.18119873413578913
0.02361165258041442
0.26431606307932387
0.03984680781887828
0.19691862163220897
0.7139017043500264
0.2859303554340695
0.9004053816864507
0.5309034173975284
0.01760498716864678
0.21003790363392427
0.2631915859291948
0.7967558025187873
0.38083286185007914
0.8087046943940843
0.2068811297924965
0.2088357481810874
0.7483139609211776
0.6421471278798001
0.21260641374457678
0.21633367261114878
0.7064646728034288
0.7379679485107699
0.46213926543747796
0.23028905633171803
0.8900697078294514
0.8563102198399317
0.656016641378006
0.6880125371969813
0.10438461863333715
0.5972663670745966
0.5766604393496528
0.4769192448950046
0.8168131365747859
0.2523803551171373
0.7422019473780879
0.8439600399268328
0.5188644274151822
0.22692993678288365
0.8595827166064336
0.012871041541902217
0.1751695018282423
0.0777333130830078
0.3075138237858497
0.7253404757421961
0.16636247385786507
0.09995333263274042
0.16314474228057263
0.5611971294388993
0.41100635716789946
0.16802270894980065
0.3105786223272745
0.8152176759205133
0.8966128722478202
0.8615857699723962
0.28424879469580144
0.25486561438415656
0.05336364362872148
0.5090734612066738
0.08056833194841573
0.8366506189052563
0.8532782908886336
0.045436293821257134
0.5790492945518405
0.8733531580329045
0.4290403727319325
0.6945223757350292
0.9404816505544185
0.999974629443059
0.5824374845726609
0.5935203081393035
0.353451858209496
0.8001654266973728
0.2652128328377812
0.3204184537927439
0.7508172663463217
0.4003901359265979
0.4096028903277974
0.8446473286860925
0.4826836631301923
0.6357799282324673
0.31515289888083997
0.4071616787211423
0.2660452816658131
0.24177762778176448
0.8541889895894909
0.08741520232963507
0.4475883989679258
0.12690207889393235
0.1836258323567601
0.41677020620223915
0.2080583044229548
0.7291925039127811
0.3963527719313933
0.7041639862022494
0.41671091307884767
0.22673290981355387
0.8865754318577729
0.05594257944022851
0.7999878920219304
0.900145557817894
0.7632821077610302
0.19717895397818097
0.6866856646573221
0.5213799090535925
0.6544993380935118
0.5131649306309126
0.701862076966423
0.633478123587665
0.4404160629244911
0.9874215361531233
0.430756663711261
0.9432057560890235
0.23814371649043375
0.7196600591993654
0.06640155075521481
0.5311160196267303
0.39149594498448526
0.6618383108023261
0.4567083893177869
0.2688337914677329
0.5034627482317171
0.6531595667314384
0.19659013338173936
0.5713068038406837
0.6007004288486233
0.36927010902455804
0.8057705599117427
0.5502576843059486
0.21630918971934465
0.10607537823446223
0.9390251530199126
0.9996523960515458
