525573
0.08103238606367225
0.2357759743850798
0.22515331036151143
0.6363689650238152
0.14691587514677773
0.451308695441872
0.37661561186603065
0.5701287627011618
0.4996442909365698
0.8865054617285848
0.606397061727595
0.5376611538509075
0.7405927890390472
0.4132664882240292
0.8828138156771962
0.8333343155851434
0.09927119043087962
0.3230502142126477
0.3358433671879578
0.9083580494898187
0.609667431992353
0.6067716353988414
0.6354121628551279
0.39456980119026475
0.28146944029879783
0.2387292348604454
0.5693147265175856
0.5229445206477948
0.48858441059995017
0.07224549075729658
0.06617980750275887
0.0749231269828573
0.9809823241561407
0.4075862291284337
0.9662806472518259
0.6555174646992121
0.9214053714042671
0.5043766265478747
0.13613935621256468
0.8020601844670393
0.9558693475576204
0.33343490958913924
0.38604310156238575
0.8190571858174407
0.4578049963870716
0.30895992993324484
0.05320029968284612
0.2336622845042552
0.8747169449876585
0.21718485382466513
0.08116562792992421
0.1144087126200789
0.957256828195332
0.5622823992659455
0.6066371233818574
0.5138802055417034
0.1685175572988813
0.554737470841547
0.13892903774475684
0.4703308439714299
0.49792697491074644
0.4997471145292154
0.633066659100763
0.5598083120814936
0.4904328020282783
0.08699699352005308
0.7380791032805938
0.7484881943226871
0.4762954783560778
0.869663362066195
0.4445872222342885
0.6779148604701828
0.4109500831931364
0.9533934720779699
0.2872850246052593
0.3337877031494324
0.5375630578166833
0.0153074759051538
0.5471077946459135
0.18829479908766922
0.3634461224532254
0.7488749783400424
0.2780968779756633
0.5965946734788921
0.6815823545303006
0.10373861497688652
0.27024074440347745
0.2912060263561158
0.3752533055822145
0.15009862745277391
0.19810286558798051
0.6752505546216124
0.11297379868387092
0.8367595101853531
0.8531435034240819
0.5465840503841034
0.7381841575849514
0.5480630083520143
0.7446779115356312
0.7456185527707971
0.059379288078686976
0.8295458613236542
0.6948604171023931
0.8872876711478956
0.40536950088448453
0.9550673220450391
0.33629421542884497
0.13987029155190833
0.26623959309496226
0.3452840570136323
0.9024846694327475
0.6876686888016154
0.8165188563422198
0.8611566843598332
0.4969026079976583
0.9851689709921705
0.1325067899222624
0.5165374727432219
0.5132975000897905
0.8362684656580895
0.3393311100297628
0.680699191813118
0.5724092111726141
0.6654273572779057
0.4518730687210787
0.2457510372747227
0.8522443724075438
0.7908014350634519
0.16723832509610959
0.6431281123128707
0.3230126208003278
0.5263537624851927
0.9816417291425928
0.1679836886178272
0.7984376433295272
0.7436834530069545
0.48728123886788155
0.7480195026425389
0.30573840548379283
0.6964390672861829
0.45006649908482466
0.6561952457001274
0.6570016631067941
0.7789362793532835
0.6548369938954497
0.04459385853387887
0.11635187986793694
0.4706803250961512
0.8679309554978983
0.14542831329045647
0.43999018696818615
0.27532331650144437
0.1177218019972135
0.9053214554008281
0.963515329037598
0.744972460919316
0.05600582216555172
0.04564424627863417
0.5059757617770656
0.5125722586432407
0.6658601306622659
0.07098726966629165
0.3300271592952505
0.024092142811083295
0.8700069089637439
0.8257341208666287
0.707153122756816
0.18016128662002495
0.9266506564754602
0.16833534699015018
0.44378638834281015
0.3779090271564255
0.177807159042202
0.12152045246230148
0.47497035145891076
0.8269724538724
0.18094111515067002
0.4169360583978987
0.7906001316968112
0.16293152745950557
0.0973632641163058
0.6151130075653135
0.24054524122501797
0.7683772292403732
0.5056713533805487
0.9436941780722049
0.05190476394502441
0.11624375640521367
0.1346634867570996
0.33331597849371597
0.5359515168110243
0.6245015870528289
0.2868125107493048
0.2790295261715804
0.8714187066900441
