600126
0.6236264126876462
0.11481911525290422
0.5213335142963534
0.28296009455738846
0.6709292089017657
0.9858721751183517
0.4246423720988619
0.8262028689054672
0.37211250058482337
0.005060878440779737
0.19343004717919876
0.18645940259533866
0.5309337223596577
0.44566290809276843
0.09941224801992388
0.5067819365360731
0.1538743266641357
0.5307384474188652
0.4669784853639022
0.6396671024977986
0.2150084221901879
0.7888491439864845
0.4092392749869075
0.26300303233487277
0.19131173165421433
0.9126335953875866
0.30828555354295406
0.9474372948718158
0.7461584427597067
0.09512760778873586
0.8408490211239694
0.6327244736081578
0.05933325534461176
0.011470466214105524
0.05559682915628883
0.6254472531412997
0.5394229057450042
0.1230105472262395
0.19696977245040703
0.8854365729194711
0.7454570098114189
0.6602210123622411
0.22412982638945667
0.4066354595863856
0.42903328810204244
0.6728505757706109
0.05048776385205589
0.326665323968264
0.9798306494693201
0.49445322541836667
0.08086372740547298
0.8517032412929788
0.5200484246681444
0.3919075633758736
0.09687277239441061
0.11421661423787921
0.469523928931462
0.3617133769244403
0.12839587427552035
0.0842541642831185
0.9763387443634413
0.609282822996471
0.09098177350179504
0.7644111808792887
0.4458479741709426
0.3474448101079801
0.846058141438923
0.7859210422447186
0.6960289527788472
0.03802804388780745
0.13510243088748164
0.46568756045774573
0.5758983079495388
0.419899299150597
0.971909173051254
0.3404399286709261
0.5528480490796506
0.9768936729622689
0.9715604133153446
0.19157961243536548
0.9143065370253562
0.9203654700947251
0.9953352130265964
0.43737447616469205
0.1595665618368426
0.3376264956604984
0.9474533117678723
0.5122500882101642
0.8955873559014174
0.8418532437710234
0.6881213990965158
0.5809797083908033
0.30362677706379837
0.06871895822724772
0.46550468078481955
0.18643736903448926
0.7255023420364602
0.6559564162922799
0.9785807552041156
0.11700615336857578
0.4326638709851184
0.7207598877196635
0.32746766953330375
0.869217468446891
0.7037689767813653
0.42156708445466273
0.04910058531067718
0.5344790974932111
0.6319447675652976
0.06296348970237597
0.8908801764357597
0.14080990856123865
0.9076470992226072
0.7450188661825468
0.8941403190913101
0.5204879882962824
0.06692141976670418
0.7434652233427723
0.025219795908202447
0.42604117879373515
0.46187571463870236
0.2727642147712499
0.7977656060619539
0.5885548816117989
0.20271521141491766
0.15765475662268413
0.7934559079957466
0.2403968221033762
0.17591808156183086
0.9121186033045995
0.2936412022041289
0.36592940616877867
0.34967761535491015
0.7358380463296421
0.8772777978931507
0.3903958918383661
0.9198657763224515
0.2256345460648178
0.8109397772843967
0.867686047613135
0.800096054230531
0.47424713556361375
0.0947984336924187
0.5476324868265213
0.5733540330706444
0.22713032423838353
0.4928724199211718
0.10625532849636987
0.39748004729387443
0.9416289648452291
0.909335230384221
0.8627687749062458
0.4475385892481615
0.37174293049585194
0.8153869057950233
0.3775996310545816
0.5359743688730529
0.02702603637828438
0.9938817022465408
0.46971158358388043
0.9820316369690515
0.009858928883725193
0.0051862975574628045
0.9828354924955307
0.5600122739247898
0.5348603333609065
0.5500525217204729
0.3213972431390977
0.26539153682778815
0.863369964107049
0.5325840201139275
0.5485303760306095
0.34546069694223014
0.6167815911560854
0.47914414098732183
0.16200978827345414
0.2757336007044532
0.48902880704004303
0.7057146206221007
0.9107274020550113
0.43030028483882976
0.7708758362045963
0.16393342109135978
0.7781175281851296
0.7287936325920806
0.2846825047094993
0.8013790730886681
0.32417195304373847
0.2422681426999036
0.5116763276624843
0.32433167482551695
0.18818715432622835
0.7615477969779951
0.36337522211072737
0.12912609686541965
0.6457380521962622
0.8615964104509519
0.8608892998511812
0.4229268055384726
0.7180970924231179
0.08400214264979056
0.11502712784897162
0.4791296042365646
