1227341
0.730384229553618
0.02975933096924377
0.9670903507149082
0.4945586157185571
0.974267743873924
0.6159468556139535
0.9429489922786395
0.3511461655861601
0.8517016060672896
0.8506039429909267
0.4891169339658985
0.2747267023727181
0.14215711430246147
0.0037542636149012765
0.9393089821219086
0.6036737802264908
0.0876355379041196
0.6419463818142513
0.9336478084359492
0.18607482956616284
0.1887675463849109
0.7636877013119023
0.8171500751751798
0.09436231622498004
0.16730437919404118
0.5392585625239814
0.9688621644142456
0.5051625190771744
0.5036210936836256
0.6535692444805202
0.37677272050096733
0.35903598145879667
0.9477475046644404
0.3877064365921381
0.48060364497635666
0.27382013630506286
0.6585728459034526
0.8239570995657461
0.8047118582130304
0.7560046927175094
0.6662054472777688
0.3856657596532814
0.520163240519508
0.5046267456222161
0.7818459384871554
0.579345963633747
0.8988443745160833
0.6048522206816164
0.28438128084711156
0.21414343089794263
0.4684822041839283
0.5118625594795718
0.5364243233464392
0.6771180505305154
0.2924741933941003
0.7556605291358696
0.6645640115236153
0.49011780497857416
0.931010859154682
0.443919310576788
0.6256321439707679
0.9133795106647444
0.5056540059810509
0.8248137142082045
0.17587968383078423
0.4124768526128415
0.7211674946460661
0.5641957104681006
0.936778484487953
0.9222386484111798
0.9679472024609745
0.1824677085418125
0.9539129044762333
0.2887364902676631
0.08612011737134129
0.663384305139184
0.796239988865904
0.5877647978416091
0.4076167093795299
0.6458346420957585
0.7685071611729812
0.5070547232140921
0.9033611427335836
0.8333408993546833
0.5904111424196912
0.5464433226525219
0.22673010707674157
0.4937068766556777
0.6770616790076672
0.6516445783068008
0.771776039789799
0.7346502341486909
0.3431237883542201
0.2157698694038479
0.9416170283363179
0.8463634215888476
0.3476470077961623
0.328544391531126
0.7608187491196078
0.3070870353758216
0.980309183886406
0.709310657301359
0.7800795901230293
0.31138529661251657
0.9463984778627392
0.7559806107829928
0.9063806527459435
0.6592718105763478
0.6029428837600971
0.5323437285934763
0.9357483820070425
0.5312484284368908
0.6644362601246679
0.5034879234951835
0.9091559491137897
0.09499689000247735
0.012357701384463349
0.9731170323781586
0.04440168917501963
0.6608660219393873
0.23588379804100856
0.6980413541920755
0.9593680181676981
0.36852068314509834
0.929900090400087
0.5935265810437694
0.2107111512234977
0.2510568292395142
0.10590387426476255
0.8845989497021555
0.9193450153952543
0.22831623709021676
0.7069688934219698
0.09216259066136201
0.537169453165165
0.7307343957962992
0.30205516444226777
0.9810079975377606
0.18987152650433858
0.3329575311063161
0.3091871743270008
0.8246476772232543
0.4642797866679549
0.1605488839342114
0.4186940407300529
0.7921892576832508
0.37560297291467437
0.49239542420537663
0.5188083971492438
0.2725309757587776
0.6901522757938171
0.08784519726646611
0.8879893715824255
0.45221197229376475
0.7370702905435247
0.7034293246974435
0.6344029727986996
0.2914521619390362
0.30761864628022473
0.8649318359547279
0.3941815902521395
0.5077279330934398
0.3442414161193431
0.7738268989195949
0.7711027733294318
0.061665888279110126
0.9794357200359487
0.334192553613311
0.5771963062059114
0.03474942435974915
0.8922829527602945
0.6467905417711443
0.7114035851511188
0.5966205975756221
0.6163513440945285
0.5367884862038598
0.8239759194688364
0.20524771926048635
0.21018529431710586
0.3791451785418073
0.7384377373086759
0.5333023481445225
0.5854865298351037
0.7776248076612803
0.8804104597070594
0.8957700173235984
0.022465568751315335
0.6716528642916197
0.18269794054358202
0.0018443528307778845
0.5239314808655083
