4926285
0.7205443393015628
0.8342078768787129
0.9741388003071555
0.6490458481760761
0.6705257260207065
0.4464016680563695
0.3038063941328427
0.5924991279955856
0.5110740139698086
0.3763378618014762
0.6692384495898944
0.7070456751772702
0.7020223929564944
0.40767909919827194
0.4455363115738752
0.8727086327329249
0.19627414458242143
0.7786529187182875
0.6883610682288801
0.4089077274197689
0.8582106324120349
0.8395747517721331
0.4099722213521966
0.1698722365990566
0.30355805625915666
0.3684402535802678
0.7879282739712151
0.7449108702026885
0.8311939399304833
0.7494117347292535
0.8452911432618792
0.13817816837597674
0.9688942635074962
0.8131068626370117
0.6516043009521282
0.9496358133077615
0.3620222185744185
0.2078850891572782
0.7157536430531557
0.2607065543082002
0.05674719905377201
0.7015078449772942
0.6495063865848101
0.8439860147273288
0.7422553405383818
0.5458568597248507
0.6385097177117348
0.2021457118239246
0.7956938616804616
0.4846035521841343
0.5468944132796595
0.39668341037983623
0.5929109929602487
0.17346881307455753
0.28796258381679773
0.15791519354915295
0.7993825142354295
0.5557953064742732
0.2473772017432263
0.15017568593919728
0.0935066309783843
0.9054251060925672
0.46977108807344214
0.36983642238180614
0.961180630361525
0.7321121085583642
0.1496586804681458
0.502570490519908
0.4894451455710679
0.19083073097634362
0.2672622160138801
0.23813519915092085
0.020435418940110917
0.7524098701056856
0.9091671719137561
0.4310856935369972
0.06841218015945327
0.49845654450156585
0.2801451107974825
0.5698999650222054
0.9711569956933193
0.21125506657316184
0.5035993062545833
0.46128685621517196
0.513150142716894
0.9068974864632775
0.33733280690082135
0.05826591964863548
0.5019349148030537
0.9865801858182397
0.5117993395268139
0.5470318152160032
0.5604616323748799
0.8518499295762869
0.4836525595965787
0.5448841620907533
0.8187090151166746
0.5699415982749365
0.5061278402629139
0.8930512151414801
0.9082500214721377
0.34940483309990167
0.8732499421015776
0.29693020944945026
0.06468177801397956
0.2657525015561092
0.17659311994845017
0.48126950135893976
0.0015439491295108354
0.6650067623612287
0.3588090978701799
0.9279928527943014
0.45586647806691083
0.5159188334302228
0.394708009342866
0.760600646068251
0.5931713800733271
0.12204200629505213
0.32389004915780684
0.14582225367600055
0.6916547086381312
0.08869953370437922
0.7056347875122267
0.638991818208943
0.8852364103038735
0.6887553541195427
0.8226130599157204
0.34533207920382736
0.09056540445369099
0.6712110403454871
0.372743110332291
0.8440651883604873
0.20337418687968145
0.22800281630851937
0.33042914304158233
0.5828605685437471
0.05181674136860559
0.7365220854679262
0.6580360873483999
0.2125620177255111
0.9937730494443846
0.31357751433176284
0.41621785976186765
0.7101544258452714
0.8459813986215304
0.8325402496351434
0.8835400348338213
0.7948835771780142
0.005816155140774049
0.5688953433086216
0.9887447212430098
0.5139179308164734
0.8579508627630043
0.12109906005540927
0.022278859790361816
0.4613356306809697
0.8285039178896244
0.15120012472524302
0.12764124204324356
0.8390303148515468
0.379578165209427
0.38493057853781454
0.24838236570044836
0.11176641857935876
0.33394426084800954
0.010522349132046638
0.06100093134329454
0.006775792833362493
0.7755182196829992
0.5064190698513007
0.43583970269822236
0.38120186790615684
0.24873775996518221
0.9725668943133953
0.8197570094514962
0.3152948643254082
0.2089379053472047
0.883113870137997
0.08704229425946419
0.7295744789393428
0.32361824713270615
0.577081149083718
0.7993340010036684
0.13107885782409023
0.9263871807007171
0.7360497885955382
0.784595493762184
0.3227592382256076
0.3856257513742366
0.053572558741411536
0.32488313529934665
0.9952545780489264
0.9073021015902591
0.6479335849133618
0.8923659658118113
0.930069332827453
0.516748436119121
0.7302160049354253
