878245
0.5756166783059719
0.3640741588237698
0.565194795390684
0.4779107154338229
0.701290476118767
0.6714290069323254
0.6040224911861881
0.9750979571653903
0.24858730301632448
0.6852885326899423
0.44989800567813676
0.6573781778830017
0.817127735215687
0.04706289943897113
0.40958600436660286
0.5525194494170147
0.5641956450917653
0.09620164555830324
0.7002197365047711
0.4284629456728255
0.5237308968577271
0.8643639962864315
0.4822868588795106
0.9182309744120402
0.13089490797530745
0.30464196399231436
0.44245210166706295
0.34169458221578364
0.28673372493316607
0.8920557284428033
0.7960069726118525
0.4012214325257698
0.5704109747848596
0.6807652322198163
0.9472845460904596
0.754425559951328
0.8837584417599093
0.6500811360426493
0.024622741226831724
0.22305950597538793
0.07671611131632261
0.7924953548640589
0.1110624681146214
0.4617014287926733
0.6200911368915528
0.1349316921482553
0.6824366276261348
0.5137414706931004
0.05842024289459946
0.5622521642454749
0.12159058289862523
0.15864575761733513
0.4604428235350686
0.14464360794386877
0.026188155125971724
0.740651455873182
0.6120682925120696
0.6552013290631925
0.06837993582286717
0.4639830728336808
0.08191272692379603
0.03473237563013998
0.8186988861773551
0.006222073434089981
0.5346675158328873
0.8724339796841133
0.1557307985816171
0.3601375621374917
0.15804206485912664
0.1465752239574517
0.14341990084399037
0.36223238574407535
0.5611573353427867
0.35195034515971735
0.7959493024823355
0.8655336064454928
0.6543389755921968
0.539162455508913
0.7263164926146063
0.039958665843161656
0.41794473984098424
0.8119970280348203
0.31724131088711816
0.09372852294273093
0.09041965844766842
0.9331565999693905
0.08370516578598897
0.0634837365624944
0.3544487497251161
0.5909690845928978
0.39693544984823703
0.0724222440986938
0.3564138377678935
0.30744160863791337
0.7821134907291346
0.8080702322898012
0.6164188992667432
0.27187140755444217
0.4118215626378837
0.20274660058348015
0.6679864304673181
0.8061022558205473
0.4039969466473977
0.11733280134928048
0.8886986185499204
0.42861301198897506
0.47662118371693096
0.8945918079928163
0.42562876996091303
0.5302167715274368
0.8953740029829684
0.08469562217520565
0.9543429962894358
0.9836297726337395
0.27023573513477095
0.9356918599618813
0.3015147703071792
0.18015575674629059
0.9981350001469462
0.14675505625576213
0.12719592090230758
0.8804220038762182
0.21135074821410538
0.3301375421810675
0.37175655371737726
0.10099326367147998
0.94218354753102
0.044102338113239714
0.8355390428934519
0.5216442702796789
0.4523687619610067
0.272158414848363
0.5169118746102805
0.5325157178497072
0.02965729916448323
0.8094639778219963
0.1511624237495186
0.0952413833953446
0.006182864132761923
0.2991185934844901
0.7101639367670726
0.5660874154069109
0.20370793312922264
0.40970820814332354
0.849476804341845
0.3809713978694743
0.03723341178793371
0.19166577466473322
0.3041642304848807
0.6106552489758829
0.6812177763769738
0.31039069531226904
0.49111740221310674
0.004871846360636867
0.9727116622191998
0.16401923505851268
0.31416978629768655
0.5790534707252093
0.838650776651021
0.2448119567494329
0.17829736117996675
0.9931971331016252
0.3977039353538976
0.10206692646784588
0.9314548445953603
0.8165362399756305
0.6270681362881966
0.05661559116740578
0.3549747240269284
0.6542948214029238
0.7526404271465664
0.8798741812940848
0.7526866103276595
0.025244635605838006
0.4591476319842711
0.331341942842029
0.1358676994072443
0.8244392139385163
0.07306849120731451
0.600213116635341
0.7996136637913956
0.9262948728662257
0.7089747936954393
0.6281168080674983
0.7178207756410704
0.9353591193625408
0.6654745876260869
0.8449745286722488
0.46452918963389145
0.062436169770164196
0.6509833036427753
0.9824299049382171
0.8869359933861523
0.18503361233317916
0.7489908439697289
