985554
0.9305601444239019
0.3813791342096605
0.6008433316022358
0.1518687887913429
0.4211969748823283
0.5197314618360646
0.7855659870021098
0.6412901677674729
0.21147354066683088
0.7420267281485058
0.3318449852552573
0.4845626139362822
0.8573544413601384
0.6453226620268483
0.11705625761938021
0.8353766651438621
0.9369047048902759
0.13009964961644238
0.8318729837331461
0.30191231854736866
0.9546775405577719
0.38377985547280424
0.42176227647302844
0.15817781966458933
0.2684938304512633
0.8054262968403553
0.40566669668302147
0.4058760527218075
0.08129268244965815
0.49795256396957677
0.7920473291167148
0.28757651565795395
0.9116408691196473
0.8392995729600081
0.012938427030348865
0.13655010934523226
0.08655972073017548
0.6363842005972944
0.2824298292914016
0.010357975303644906
0.9179054665602578
0.21649344647050828
0.28505776292452156
0.3561569219261592
0.9291495427770748
0.2700169435672346
0.9282997753031355
0.4628908857550841
0.6127098597280503
0.1546879746260652
0.7692112615406607
0.6871178555275679
0.17238524957670986
0.11552433023001818
0.9618127907487798
0.7379094689057152
0.6648175984010455
0.576053575590263
0.10266734870314076
0.978303853539329
0.09207049634806064
0.3778434275045601
0.08286388337715112
0.9386252646813124
0.4853161435679968
0.4998671673833962
0.0774666279356232
0.2290318728980023
0.3245677728252334
0.8779729856881382
0.7725505329335791
0.8823983428449133
0.3437080615525151
0.5746209522821488
0.7815105027483126
0.8672461851577424
0.674421540790961
0.3661756820548916
0.15773052132741638
0.010160276767173126
0.43708611225731164
0.6846161534913247
0.9891990281215627
0.23423047487606852
0.4584312980851316
0.9519071615344964
0.7485338650734348
0.43746828549308303
0.6354758138298578
0.23132445316145855
0.9310986675822223
0.49909877480836196
0.34264067719760416
0.25314306958529087
0.5454898937884305
0.24536659175452769
0.03787909088425678
0.4352170653516353
0.820257258373832
0.005847754793973481
0.8999940985825038
0.5988579107582906
0.14565460021430654
0.16054834598723744
0.31219114175186036
0.7337636541847778
0.13522899284552115
0.9660895331390235
0.8029761651078845
0.5826848111302524
0.042869413986833416
0.0692130633426089
0.7498485402465327
0.3362550511790291
0.9119561897268563
0.4062204960774741
0.9400669775757723
0.2008459727808819
0.10193665171947008
0.7176389836430039
0.14221090339350606
0.7910216790498636
0.6697696237951144
0.4101229063815288
0.6961875331469177
0.16836745096152694
0.6339902177657698
0.6779895804422552
0.3024962721943276
0.04353171723758276
0.938056378879086
0.8267207904364163
0.616724281559809
0.6862285963802012
0.5994548440057242
0.5260371134100545
0.8436886257580908
0.24320921994646338
0.775453501361431
0.823803996472206
0.8971106141464834
0.4619358786733925
0.7792804809560392
0.695835784852132
0.2567552562680522
0.47170286846926235
0.7389335858265801
0.8435085346631742
0.2059406111730776
0.2814157519330893
0.24114759928192397
0.1837615628604804
0.30335583427679713
0.49726990662892256
0.7839526930312001
0.2946766593892991
0.8050004328751197
0.517686888247608
0.3253116061714165
0.7682723405342166
0.46398115807145957
0.5439870105645539
0.06362497281478618
0.9000589199607512
0.20521695471200352
0.08216087291461804
0.9941267823787938
0.9557666486166715
0.6065087108151531
0.05367782085738804
0.5181265376452133
0.07455364468091052
0.9860081780271923
0.05643962439279804
0.6997437409623972
0.4305257092055098
0.35991878101641894
0.9293642557564811
0.23494472848565873
0.5200295578167944
0.0031944417672779
0.5009708799408623
0.5908126608886068
0.9940390574996221
0.9363802613724269
0.7980897171553127
0.8114704747237729
0.1633587221493673
0.6584814481940459
0.5501966042775571
0.2657001805481781
0.060195837088498405
0.9887625546811261
0.16191623985014136
0.6812492405290548
0.20670811205102735
0.4895460748645435
0.15229135381524528
0.9138140087947869
0.7469709994292705
0.019871809016837827
0.7860679118740601
0.29231815073571554
0.9112606723571365
0.06955659460541608
0.48404203365853304
0.2964237879824997
0.35259540353406393
0.3773450004530401
