1114947
0.4828061231646871
0.5681152841179863
0.27827136804257513
0.4693401703401684
0.8915004065597346
0.20618295001845077
0.5590731152584454
0.23139806969334853
0.8991790893013343
0.8986048978718627
0.43533422888399353
0.09634297133547443
0.5723085220298242
0.481788561893584
0.8736199026291586
0.3165675628626
0.13717062575594297
0.38914006304179793
0.3324490710086142
0.986362150807117
0.6997638077532875
0.4717139546628859
0.735175782324551
0.4330233537066247
0.8348566055811794
0.17592962224809405
0.24630294783401974
0.45982774219844513
0.3567810657991445
0.9913543862378648
0.8124522432583744
0.06879473277885406
0.547501916836659
0.6854666355246617
0.8388781630318296
0.22700957304058444
0.3680247525188589
0.028414891832939104
0.429207925594713
0.38360957683024477
0.8948547146994781
0.03244969961083022
0.17834479871216513
0.14623806710386433
0.027893814946658546
0.9685741361886435
0.29883674116196135
0.3443983443386549
0.1567267092761886
0.30099639461176686
0.2606255013924287
0.32436271176447073
0.20529198913553437
0.9044908276000161
0.19956006494729805
0.536665926949532
0.28104859631646584
0.0645408557888485
0.19473802072995494
0.019767817401171506
0.7775128201340364
0.5997143718497929
0.40543015752420186
0.4282995759926542
0.18714850142801964
0.8195639716713854
0.6688530138961373
0.8699404455865996
0.8169402353536228
0.046468703738094086
0.4519922624543823
0.3721977900739464
0.8004818798550413
0.8658100565351401
0.8193384590252252
0.6957494851460565
0.49066762520529383
0.8703860683926639
0.7650927893676017
0.6255666109877748
0.3677303114566043
0.9278316615900619
0.07306710634987135
0.08923120254718986
0.654337364316663
0.6303238071354074
0.7028236671044125
0.9591225649546757
0.8083588142587593
0.42518469503633927
0.2230337887855125
0.29084744064761114
0.3700580133191761
0.15010656635997777
0.5448343362521912
0.7774085853243509
0.23828242546697165
0.7641065274944382
0.2422740343901565
0.7489910459845507
0.2584032361690448
0.05152180212562485
0.588380859754202
0.8146251697707683
0.8530547641739685
0.2593736246171958
0.39064927161317764
0.38194581437098785
0.4292909095981883
0.9565334646905064
0.8522641093032226
0.8903457872391388
0.9542778070143327
0.9299231114705953
0.6551743555564952
0.36917354086873067
0.29346887118194454
0.5652857878047769
0.36588180921320623
0.983983817132062
0.7245477406228539
0.4311627733504818
0.3395227542436755
0.2979692745914909
0.23429815254223496
0.02958486296304641
0.9887142242608312
0.6828924680226767
0.0313208492780096
0.015763176433391535
0.7468149834215191
0.42625956255865816
0.07569094418837297
0.40195639619580503
0.26087273933239963
0.8349130366439088
0.8392240895438193
0.01349165688234688
0.9763839469688482
0.6070558503961959
0.23592911569684472
0.26656731762574215
0.26323664550764136
0.3508730803247594
0.7897780686833684
0.7938483630740861
0.6345551031414314
0.21597874770685666
0.42574025795898984
0.869876942060049
0.8727262055548132
0.23001961420646722
0.20006657492226465
0.9072868518670256
0.44057707954868597
0.5370842894247762
0.15237730963070106
0.2310132752704137
0.7349669100350759
0.3711087936676465
0.5141096582717862
0.146021406602726
0.012737199991637693
0.32339490522653747
0.23742396863434023
0.3665877598935061
0.9249965185897641
0.7041008143898098
0.8690334503967416
0.3329508873968122
0.19220431088052647
0.8863922393642417
0.7592908584362247
0.42307297855879433
0.5848132063579518
0.2683517306922667
0.9118727685584939
0.5708424021903528
0.702422965540101
0.4143622298366204
0.7483604377185015
0.4975438985927747
0.06875106931928521
0.48270495561362625
0.9697627385176794
0.09499877029095172
0.028359113064051478
0.29010953422760133
0.60529409459769
0.02168398033364316
0.9053166151321934
0.9171245528395057
0.8480373132039435
0.15784864527876596
0.6403370466067962
0.36203197426290334
