1174682
0.3430355967843246
0.42437183452130267
0.5541001613334808
0.42854782439377215
0.6818222263130082
0.971795550881771
0.15109577455218703
0.5002984652734921
0.40890207987493044
0.5888117847407284
0.7874015141181927
0.24787570624008604
0.937234639903784
0.9530227421298096
0.037057314159926635
0.05471852538978117
0.9921464455587412
0.44768308255473777
0.2296858496011196
0.470142607886171
0.30565353954431485
0.2559615688330632
0.7495080821123158
0.6758318516479397
0.8636470908618173
0.49171892333319256
0.03642296043035276
0.8009861006030508
0.15550982465234053
0.525542992515337
0.9842126807236949
0.7565322585728388
0.10544678298015653
0.24702185272234356
0.3011089239181409
0.47820074915658617
0.9385102293770815
0.4323012200008207
0.10486160425077884
0.8908673395215707
0.6542341788033122
0.5538585984373374
0.5019874437502987
0.41470547220405973
0.011242614534597739
0.8093478505905737
0.5626046960740457
0.7740423840682275
0.17402148277410656
0.25231783885970205
0.8974586401197587
0.46575036366374
0.01986003641111289
0.8906699371246741
0.1809040075935281
0.4162951498428966
0.6472962325778843
0.2325708708078591
0.23424318680472855
0.28193922343244426
0.9284939418156484
0.05568092498739552
0.2235622970244835
0.31918432967784194
0.9367542520163884
0.2975924542559053
0.3079049510079115
0.8191216433924933
0.3070999271157613
0.46044909351636776
0.039982773715866005
0.3068394558168208
0.28208424223919726
0.7410263372540624
0.8872080617441217
0.8220919573884403
0.9618444910609133
0.24331941999368056
0.6583778824889269
0.8332919454972816
0.7573702143559252
0.40144617830592566
0.9432390459775184
0.3906806095820363
0.8462148892588414
0.47145365983314846
0.12834349160755731
0.1546708587061637
0.18545800598286932
0.05741912563152696
0.6436546597956858
0.7157762256989467
0.45448407953943737
0.20418480165119046
0.7087004585664013
0.5901768155825888
0.7050669066371977
0.014536028976679938
0.07237614520306956
0.43038140941109226
0.5081835525796345
0.7857174493656128
0.7329476306770935
0.5198602669239466
0.7108142997652799
0.8248838961490365
0.01792517668081972
0.24259955910873932
0.9789375400071334
0.5531161180049537
0.8970135830387935
0.7518590280342411
0.8869905029718689
0.8681383829757998
0.0751657610787323
0.9330031407135193
0.23217520230122113
0.3750819724194574
0.8488919221404052
0.07795982478366492
0.11239390954503614
0.26805640104494666
0.8934925376097249
0.2675909858254024
0.5567501576297094
0.4560814557198315
0.4394519556044377
0.08169206380539451
0.8152481286444788
0.24666091913599153
0.7355765837630079
0.04004402757755943
0.7394169578309581
0.3632990888590487
0.20832033233664582
0.1553588293574958
0.35707939859495486
0.07414741411465398
0.038808707769308226
0.2977958747369366
0.3922253542167493
0.6036150384476447
0.2787624351870981
0.7495839556047449
0.35495280456048883
0.6573853193621287
0.0061300315473056255
0.5371487434880737
0.9960387879883646
0.9891645787965258
0.9902645293035718
0.07295504242848083
0.26669394870143914
0.7583982161637012
0.6723431283042781
0.8608802413320403
0.09582644837404541
0.9369196502961687
0.9009717523307678
0.25329244225593683
0.5144154266593517
0.36941011845803906
0.5977109416332085
0.7662948237090808
0.7223706695131682
0.8830215496502544
0.5824870742578291
0.602297851495959
0.17080582077319062
0.8834523296072884
0.30728118562787377
0.28281209734313695
0.38151299825389906
0.32428522998660314
0.8507448263770863
0.9320001782352254
0.5983457016194554
0.4187691501298304
0.6683837841663047
0.4448791874436928
0.41095461112080733
0.34505390671094827
0.6209740360769735
0.3015789299998217
0.8288602640366133
0.6767380098907757
0.47278227663916617
0.9173069848219085
0.1373642822389607
0.808233403042148
0.11446334116578094
0.7358978703812893
0.7744574337739208
0.5250929213603072
0.06155154907391691
0.6340248711994414
0.0963765477311378
0.37599274753537215
0.963612719500744
0.9686487451600573
0.17022924056858157
0.8919455416598482
0.9189050562901987
0.5383536984995323
0.7071655941821475
0.4463013036097081
0.14217933895195656
0.5829917483861871
0.0631543268999003
0.435358417722187
