1264354
0.4798923417521145
0.35914418279145477
0.10972137192534881
0.2427803582057898
0.05056154227680498
0.7296034973007327
0.7710572914669436
0.8913112761887438
0.07760516048658483
0.3749866885525215
0.7925374348043327
0.7616040330893902
0.7349435000665006
0.8131273861087912
0.08999483458821955
0.04325643327029893
0.6666880731688504
0.18860274889350004
0.3484955466915566
0.37328093102087934
0.287176073573129
0.7444486005261843
0.6093582435803144
0.9326031848165559
0.7538263676855732
0.39430784260112295
0.21810867854356408
0.18018968345382158
0.5002627105719256
0.6788463599467065
0.6245408028948507
0.033388020888456715
0.8327584543991252
0.05755600750306755
0.597442253668499
0.3846329835799134
0.3074859154465014
0.48258579957643344
0.27173029307631846
0.0725778687436357
0.46537624547013734
0.6149393292106787
0.5544017824856775
0.9462608326985499
0.33381247542430614
0.6579544470675518
0.25086032860605834
0.22699243008217118
0.277401423310184
0.516322490245223
0.06058536225565636
0.6807653409409793
0.2337955674619081
0.19036322323607013
0.6926347550905526
0.6926675125912544
0.6964334692060835
0.6797794339535
0.7059675916208719
0.9299878437501087
0.7340301246428681
0.19522410790320388
0.7121419396106701
0.9702636367823636
0.4203677784470983
0.5604460117744158
0.5151363411282434
0.9731846045443614
0.9471181101282008
0.30348196781890024
0.8313735691107926
0.9632549836758054
0.7768163836906287
0.36706586634423854
0.7225131748512205
0.09034470486693513
0.7952674452375315
0.8006501301114571
0.14965175777869122
0.35515716987956647
0.254759268658429
0.3762086267561151
0.2979184750419478
0.5384552734899868
0.5648648075104964
0.08769018267341744
0.16243883309102303
0.2984835466114757
0.24938408210296226
0.787673333780507
0.9047805916307843
0.5683899015849012
0.5643537160571593
0.04863350692694435
0.7181053186253511
0.8360963764047569
0.08248261435929005
0.826936626291943
0.8984082503028591
0.06314047655570265
0.32012013868406775
0.23188267323909528
0.5438720683976331
0.24001650004442499
0.16380948748247193
0.6346262318989077
0.22135259179249023
0.9555608657042592
0.08161786776727109
0.771784607268693
0.02194554239291191
0.42633474399676363
0.2339202236299064
0.9331792518910124
0.5791910779999632
0.54348121472273
0.6903771280314713
0.15922938470015435
0.05719034417867541
0.8507590404388579
0.057698364954490766
0.6230212419978026
0.5107608259620596
0.48358056200162014
0.05800447252436369
0.9438875604806961
0.6666018385453392
0.43051095238972237
0.9456211047110902
0.9467778506151052
0.7952902543324413
0.6009417482372883
0.43279432226884385
0.050671724429051435
0.5632604366899672
0.21147423026911905
0.8572055961907291
0.6359306455907415
0.2005954489449484
0.5853134332670327
0.6912074599448429
0.7959971599193583
0.23709801568790834
0.4718438403712386
0.7193366567641691
0.11700431342640982
0.539148543834498
0.8663901950741398
0.690039011954509
0.33662453483627
0.3592317259993968
0.6414694450869589
0.2078910116795354
0.36613228297323597
0.8446695347182988
0.21832873778647865
0.13217873279277348
5.946777416035998E-4
0.9379319978906066
0.9085877960822498
0.5055725025360575
0.5701753787141933
0.1674123776497276
0.2138759305858372
0.26297618263683886
0.3344050092908035
0.20962599350526423
0.002814546299720333
0.7532472944137818
0.5157905630532021
0.4742770733501819
0.5805008016807535
0.7624522770334112
0.3748120261659029
0.17279803222214196
0.9250844938152709
0.20191675382017982
0.33484435254019185
0.2235686069176337
0.6376875833864418
0.17328018655788946
0.34364650146552767
0.19481440881585976
0.6074129497033883
0.9081652623469572
0.9847927228923647
0.34429213463086195
0.6453911777547777
0.06883329102498503
0.06390258025971185
0.031651431854271994
0.08127032269366974
0.33956132023520935
0.26025642678134164
0.1569845813172548
0.5512894121253777
0.28318199327368776
0.8111363175388019
0.6074008895470373
0.5580751279163362
0.6042777935577351
0.9628944615020801
0.6309393914136628
0.7262284414851545
0.4332368365616238
0.839526397939263
0.21014214777733575
0.8671833995952342
0.4725066162282553
0.6608129018741933
0.9792662947488229
