594324
0.21593593694293167
0.03042503610222347
0.33627169546168534
0.6306037717375529
0.328668983086961
0.23351009086194074
0.036205090522058
0.11455905288928392
0.26072432113419264
0.9725840739307847
0.4583448936192478
0.4801111932917347
0.24976173113396627
0.0946897026436665
0.10303436743128214
0.33103982136019194
0.9726209029802336
0.35198935873050297
0.9957962103464871
0.9604435558438298
0.8240198571169368
0.6639201302540572
0.4282486171445109
0.7919780717711185
0.5591879883123774
0.2616847679513584
0.3664344596588719
0.28942776460311403
0.6184105031460357
0.6455916085232396
0.6006851135129454
0.6177682915362136
0.7192034511081977
0.3394487534860362
0.23520151637350661
0.16164338526297106
0.14380282514538034
0.9448779838412426
0.7278067358796481
0.4886572436939379
0.5886920203682482
0.8119458295932346
0.7529284954594765
0.9989509418389191
0.7490859009253716
0.3050485967631922
0.19732147117297194
0.16865648211232165
0.013637954658150653
0.4100038735555469
0.9307209246697544
0.09765727215703435
0.8241814855196169
0.7284912874880369
0.1840471255868915
0.9071239240716666
0.48034950701449475
0.2848249013407522
0.5696763307565771
0.19307875519642548
0.023280652045512662
0.7136285183087927
0.7976160541242618
0.5231255777558469
0.3457616036249024
0.5364287650800668
0.6184544969546109
0.6470866517872741
0.10081927882728337
0.10680451002481595
0.3207867634687138
0.20691088632370125
0.14113553226532283
0.9539636867577268
0.4890598509625187
0.9281207942227937
0.008871355031673245
0.8091246644188603
0.9045187860257206
0.5025549275325907
0.8592134736909759
0.6424095921461801
0.2551550505856356
0.5595007700735625
0.6403484078408144
0.22128996545469315
0.6456364718392738
0.7953147330616741
0.9032432897139447
0.11058029317622975
0.2869421092701382
0.8383379754315524
0.9937084149560595
0.7816278707888891
0.285640627120602
0.7495946823596406
0.49248730138006314
0.30874582019093666
0.3746591738727909
0.3916858586925587
0.013959638218725035
0.6095676936114656
0.9710833230857491
0.5449584531686434
0.0017695080192383639
0.13013211466581276
0.4211211439965796
0.7578552139562046
0.6669984244027434
0.9432118732095611
0.4552776901908214
0.3891346584389248
0.5847137016712268
0.6794659054931527
0.6616621611326959
0.31573363344440286
0.4065045517517226
0.5440319155383656
0.6645273930174732
0.42056191259190967
0.2681744335851378
0.3278842550119928
0.537657912611289
0.502093517320747
0.07453321562581694
0.271628565166362
0.9839666658259647
0.19492646504488487
0.7164023348212837
0.5573284569485143
0.9320888801105351
0.7511289743279687
0.6626432626315636
0.7664462759849525
0.7148693697551546
0.9231117243373231
0.26821539216004653
0.9745786743822987
0.08730143802035029
0.3931304955538335
0.7775419623593293
0.41615225643306686
0.8668237928530051
0.8413143970386419
0.5048738565052205
0.8801600501511753
0.016598029175683204
0.38069635608430863
0.5577968367633019
0.774549342061715
0.663062673651258
0.3994290823559504
0.6193135136014358
0.4430759166355057
0.11783033401370357
0.2541875862473164
0.1531065631720694
0.7804629820122796
0.8418143147095842
0.734145147242457
0.9396885751852816
0.5011600692470886
0.788358805843755
0.06561524844928457
0.5661364821511553
0.6408779237562018
0.937169471837692
0.25005145947083585
0.7197726308203451
0.6321180267251885
0.6989147646783636
0.007390963688350682
0.8441829044733385
0.27887708052316296
0.33148658272672393
0.7437981899239964
0.9437694126504395
0.24658077437821346
0.6821236516849295
0.6266957704602284
0.9374451940813919
0.4152676180552315
0.06909843967631946
0.37058668379978665
0.6727638537333859
0.1901195454661322
0.493058141208482
0.8595964287838642
0.6350640046988373
0.968892404491398
0.3808852662741229
0.9529316830697047
0.4809578080326419
0.45461140364808217
0.6070047646787833
0.4531427629066124
0.334826328551592
0.9463523843681468
0.7328410824711462
0.5306034177208904
0.014126674511695025
0.2379442733342847
