876430
0.6708032750157434
0.6551312082883878
0.950068869922013
0.4064294572626511
0.6513413580147419
0.16236734406882014
0.5680468306366332
0.4643246998216499
0.5325835729022834
0.7626066387798047
0.6730811269039979
0.2618401091728816
0.5876768900607238
0.7075641485903387
0.4232515149427257
0.5260644036363148
0.907395980090755
0.29462085235608904
0.8899646404532792
0.2049412472297344
0.9834327426422192
0.12944418183995032
0.30320229408980093
0.340351721448232
0.11916551060561975
0.11255511308367017
0.8624525031680486
0.6379504615311572
0.001536327673051785
0.33440759936195275
0.965340043656334
0.3149874909829814
0.19442279580592337
0.3382987487628757
0.9883927742350463
0.7284712920992829
0.478475812259305
0.14913621341735683
0.3507626912684274
0.7394829691843737
0.5989683486385963
0.3781420899494379
0.20688241091866444
0.5291660942602611
0.5368867924493935
0.9431497614159425
0.7762864338703677
0.5558642685262424
0.8433917521095401
0.16857083155612196
0.39033510839985364
0.06877815310134316
0.9511167681221226
0.017866916100061858
0.05948276024266519
0.9711162675857651
0.5157733980997785
0.8922273138353302
0.25756059456807257
0.8600582187993295
0.43173207103412337
0.5196169789641492
0.11012913288823079
0.8002289169051808
0.027347384749766612
0.8132499753220718
0.3774756097597818
0.6917808643043257
0.3169372882368918
0.04509053351291015
0.19514972845824208
0.7355882665456386
0.6404493917974242
0.6715910986260185
0.195929715561298
0.4709109920563167
0.9544015378034133
0.487812789327399
0.4766420005739662
0.4799041062370737
0.6310141865896038
0.22519986470218945
0.8986914631913756
0.21750805136062745
0.40147144104606214
0.7203634134494934
0.6916849997921631
0.8497953841552246
0.07420552828600369
0.15864505520269256
0.9503875015227401
0.5345479605216173
0.956857281924007
0.040619520592749536
0.47349806773769043
0.24238486848401253
0.7625803717569732
0.6504535814068818
0.788213314227134
0.6550895098439055
0.9902636965395231
0.17171133192266363
0.16474898552925232
0.16587294435479527
0.6963044950626744
0.026068695251796226
0.7115115626755326
0.7503309353428588
0.2553649514471198
0.5464629189084268
0.3083605196657363
0.11297464004041224
0.8801420901251947
0.9946028470190528
0.151504879668232
0.9941065698939755
0.07863411944850851
0.9250730510486338
0.6159418307197277
0.7737454210697654
0.6710586030785147
0.483793063123919
0.2521627723384646
0.4351357632144909
0.6149847998429786
0.2223791519664916
0.2316205462401808
0.9798557120399708
0.974100181125073
0.7526563214229409
0.05632660210631446
0.026933949040234273
0.7688966371705145
0.13219736964384654
0.756102816151267
0.7133518559908796
0.001943429250741202
0.8440785147078133
0.5609866423102737
0.05028905148357732
0.6155157895551099
0.25761684142224506
0.2599692525353775
0.5750603573896375
0.4920548179209391
0.9848534958618838
0.3603381940358086
0.8994656632909211
0.7461980341317173
0.6190066226601663
0.9420412754859186
0.3957221484759891
0.3914040786309091
0.26116565278882964
0.5873758658508879
0.4633957947935382
0.00423544176242352
0.3370335522772988
0.9495746200066839
0.7692976082196155
0.5400884920807892
0.4831867119764206
0.8706914152218403
0.8638557388415489
0.6012364284487954
0.1960888316818873
0.3409125213914218
0.6815003706169971
0.5442414903556483
0.31157907584589684
0.6589972749011885
0.8077030235386148
0.22608848791834657
0.26142154179279253
0.3907408103227018
0.8807774871469887
0.02957805828382054
0.6640169975711842
0.7441241887719843
0.9601575292994491
0.592472714829165
0.13463010282112953
0.4691603471386234
0.11562637556344568
0.19472361428191387
0.8401434408074562
0.31832409807469275
0.11256676899564577
0.07248783992184427
0.20961880377840736
0.2126347811782796
0.43580752247724697
0.28570053967660625
