1046525
0.31179934292472977
0.9551514825204055
0.928165754615542
0.045926335872776614
0.9863937419685803
0.6106841840099005
0.08613351505129263
0.6043601931735874
0.2694175850807319
0.31295930572555875
0.2619187050457634
0.5858228090163782
0.37238982114900965
0.30284861147042275
0.888000906912443
0.7865396782907322
0.3120658673277821
0.4708321212404448
0.473028441724778
0.16082114476071374
0.20872054313082822
0.9369843684679223
0.7242429139088054
0.5141147694511479
0.1354547651960959
0.9489531845462926
0.46269056810374143
0.5523864093363701
0.25391384874968237
0.16328915492042562
0.21579646740923897
0.23136945033473721
0.38298560001267457
0.34910435600437606
0.8733326330897156
0.7946462202376299
0.1807687638545703
0.802731612902182
0.19007400144280295
0.6109630936834921
0.8022465430941264
0.42765986431043523
0.05493594627675302
0.5257555697742412
0.037794840171344046
0.15684224897780952
0.9199298646084456
0.0018336122076989536
0.18884788035401512
0.881727224431499
0.5413587592155628
0.6375457848366436
0.744154985160901
0.36526406845354276
0.6263935074539255
0.23289251606984285
0.8917219137492874
0.2734329714438437
0.7864954409730835
0.6788954508297502
0.6936155139469858
0.24836930900097998
0.24795065411435313
0.32462437451602033
0.08459153399032215
0.7262704834717713
0.4970151143659194
0.22811590889340372
0.9596024538550373
0.18087974958374353
0.5835805763150858
0.5559841034860443
0.15059136750058566
0.5730951428095968
0.9701585400794851
0.5172696495636366
0.5870554279252554
0.7013436405383472
0.2037815404692751
0.2842220106135295
0.06096147508710059
0.41656256994130103
0.5868755907833024
0.9712252872326789
0.35344161515778594
0.1622607536255053
0.14414198423176816
0.517299972346907
0.21147343200950508
0.09537312806664666
0.8890358413162223
0.007009487324041164
0.03877282246368985
0.6975555123990708
0.3766447449313798
0.15694042847362166
0.1796086390791467
0.2869682657161794
0.6365952024016417
0.24665350828770816
0.9294971371028801
0.9462925835335961
0.32930969634000606
0.17153957602823278
0.4099753971773108
0.910999913883633
0.775778872340362
0.7522109672439695
0.47541616120941177
0.2170859586587658
0.6856596447468555
0.4545234726338706
0.21906614982446293
0.7936210078468916
0.8718524394428963
0.6803998068397183
0.296129643126263
0.39318791684149246
0.6136484439380133
0.037350569959133884
0.41423322447291433
0.48158176365900685
0.5119099741844743
0.3902453573818476
0.35793639916949815
0.23046233378171443
0.48006454581192526
0.7673157403379982
0.9840726421134647
0.14264497297063283
0.7507489317299074
0.569615351200987
0.8053982686642185
0.6559619041565228
0.1549701955564755
0.6300658052293213
0.332142825108488
0.2928827203856835
0.9946587108586142
0.6696252431851185
0.5975675386318176
0.742516229745159
0.11629368410680463
0.777198130881678
0.11054455390387374
0.008817993680874547
0.27007607654197696
0.7290831416700042
0.5951041918229651
0.057902402100693195
0.5374539598198613
0.8361519412240054
0.48898002138085783
0.19669625879611963
0.53233386846274
0.05063065722389448
0.5982484917403746
0.5611711615284629
0.2527088612263503
0.1667766061947007
0.4812841332001362
0.6687434902243801
0.04101798554264657
0.5944490772431613
0.9976581309449739
0.8730330041289022
0.7681502467292627
0.3981206739396579
0.5069636229247365
0.6286739046870564
0.4351618833568637
0.6104816870053388
0.9856639652036777
0.07534072946478954
2.0731807978380257E-4
0.649421458980832
0.2149183018075237
0.6285762691115747
0.7903914700987944
0.7484257727329409
0.5234582474921698
0.01736735762096875
0.5372182500509907
0.4927559947380261
0.5994149966954656
0.7873374393076389
0.6275867519360424
0.22012734385488597
0.9818728501489902
0.046019853104316
0.28243992685684505
0.14075182945712383
0.7862133476834384
0.24212629876256242
0.9320806662089453
0.7782850569627967
0.22040829455590605
0.5776007105864753
0.40718389239362573
0.6997495991209848
0.05731133560803359
0.5674842457059919
0.12701415179989028
0.7718226717197341
0.0987146851200561
0.05169927099799898
0.049322098615189325
0.41675463836978466
0.9346463786130994
0.02162506834101463
0.8641919540758513
0.991551702877322
0.4118049625086657
0.7233450149101757
0.133424015256283
0.4831085119333388
0.9412882446390427
0.44468328142127156
0.48437604778891874
0.8933496441829485
0.5712346146115034
0.4373996943359476
0.8157576317182863
0.48225553201737836
0.9061565107506709
0.5704581654324711
0.10427240811262528
0.05870504807729904
0.9735388205073984
0.1029762243316652
0.9960526159747127
0.8616603883720413
