1363544
0.6147704835957795
0.21116822176488026
0.7719808197032916
0.28670726448347494
0.4327796683105365
0.8021896157648188
0.21119433141043642
0.499282115321552
0.841525627978898
0.769215552280563
0.8172447956478155
0.3706702507416507
0.3726887706849369
0.36263238633412087
0.43469232649410383
0.9432669999917187
0.9075260590812374
0.978256386008001
0.4697635205657663
0.39545134057698106
0.1369121591294531
0.10528851863092425
0.06724776642894603
0.08721677653876125
0.2609241218487006
0.8043298484540327
0.6987317023814509
0.14811461729323716
0.7110672599980428
0.3912581078477536
0.857532760174655
0.3474473740487547
0.4709688831903017
0.8464397117757222
0.04999387825660073
0.6416569520702836
0.8318131182426539
0.26673102007301874
0.09292850364651317
0.08093579510194215
0.8690867562785772
0.6916931900377935
0.6724388668991323
0.8977866982269133
0.07997542103936695
0.10631898473006673
0.4150800149983722
0.7767189096935019
0.42717485693089974
0.20692928886543172
0.5705559527492515
0.8895812447210273
0.5977178585882984
0.6137900411607639
0.6481860057430382
0.08658763223509436
0.37227178597786126
0.5580017496938586
0.711250526421981
0.27152771504378137
0.9373723257015615
0.9298458119617516
0.7317696657228835
0.2961546280076671
0.22582873033335837
0.22523463028361512
0.9700894581730727
0.7485730470101353
0.1526147812241193
0.5046449541412193
0.597891463011758
0.27666816678012385
0.8708999590613639
0.11763781715568278
0.09223883934750687
0.6804390465267534
0.4482826783331214
0.8838698616436489
0.6580770363735722
0.889969748751941
0.7734598823394332
0.8409757672885432
0.11125088918350468
0.9553310257756031
0.5943321648018759
0.36149916337539156
0.012165740775812117
0.42639904681228635
0.750089957902436
0.8080302413651453
0.5747177223973734
0.15442019412753938
0.27984920160379645
0.18836736432398538
0.9323457323966605
0.80709924294587
0.946580620954178
0.16620413516390387
0.17336038266830556
0.352180957938924
0.29605216811845536
0.5794296681584677
0.48981790286894256
0.3731234458870286
0.6310327278059563
0.9324873524340668
0.752632004317057
0.5764293823780311
0.014023970312900813
0.31001363959992534
0.49707645439912784
0.9041304047666613
0.9072134239794433
0.6941384658355485
0.5875556814302686
0.3465719180020298
0.4699329499859266
0.1376533100209153
0.6079344295011552
0.5070758141065811
0.8200843087406003
0.4264516809019979
0.27993089934996573
0.8476190189074196
0.48848142637909375
0.19276244483207194
0.7133176172624505
0.5993591711963104
0.8102564678876799
0.9026492104737132
0.07159163216262887
0.9854812121133211
0.5457133574771044
0.04947531627958435
0.7060865749502832
0.46669955072458036
0.4518884510373935
0.7593059652870425
0.45686384430140836
0.48176075383597383
0.3274834474659537
0.7527503821259302
0.3115424994867022
0.13448828228189136
0.9041012497408356
0.56632358345561
0.25732223373234353
0.36657997424670963
0.012341612581261652
0.674857906676308
0.7951442496299551
0.19938068947603316
0.8634542992716796
0.055403029573928286
0.6019906054162008
0.337499754917869
0.04134322389290246
0.6702655568966466
0.9958916804584023
0.7840788280075603
0.7240385767370199
0.39495631783988217
0.3664482031653533
0.09693627420430684
0.6580418115687734
0.37484469320349345
0.23101671948331015
0.7391199230578328
0.3171315365502374
0.12247714566266898
0.18201309454208847
0.710788098378237
0.3217240013613334
0.025785824793455037
0.04831638829943985
0.414484116696509
0.34814932442288515
0.4442563145499543
0.5259214551285396
0.4547298873106431
0.9134616561216484
0.019883879221276768
0.06658173018796698
0.7995235071574155
0.9715331304473426
0.9006370669164336
0.5901239815159114
0.4985156015841483
0.21266183135712025
0.8716968223618382
0.10486767797478114
0.3736640163428119
0.3465682258629631
0.7816027418189964
0.8918829821653516
0.3720819973438587
0.6963845334253109
0.5081616895442913
0.4918693878812129
0.3358257059237081
0.7033874864093698
0.25048154983871807
0.5040509803454655
0.23308565243469093
0.9539429506016507
0.8755767032374263
0.4484565336533025
0.6400571861319583
0.824752897049312
0.980308733625201
0.928967145940119
0.31097269036274433
0.08981751379895819
0.07007457010296392
0.91068371595801
0.364953490981912
