1611549
0.9499636032283942
0.2524787733906363
0.5961481309210773
0.7739813268943713
0.32376324610964
0.6230217111276296
0.9075959390307404
0.06726866679052734
0.5788535546249857
0.8866191711200501
0.5119941575708555
0.36398656669958707
0.7842908321784537
0.30020928672653935
0.8068107211351417
0.7913422731144893
0.9971976385021996
0.4915070086750799
0.6407564116035964
0.1562524611841939
0.41902984919316766
0.25640646341188233
0.5211530801292501
0.007333339767880309
0.0896511924797948
0.8603373192180108
0.7514377184599491
0.4540585802299253
0.8549929888308804
0.5026408867812281
0.5718432333738878
0.3791706765694819
0.531692987928375
0.2099701053340386
0.13590396052910492
0.5752591059631648
0.288985019973356
0.5748093998611731
0.8697150637785338
0.5294442894134791
0.6715763457486782
0.2571038184787616
0.3752472785970299
0.6955929710789838
0.9401895576452287
0.6665268381965617
0.6188470935964971
0.6113003200652872
0.9560307548418976
0.36767400622681223
0.13891381439444273
0.5173695804305167
0.053932227420240175
0.14206723076712324
0.9106959598532072
0.2624445037515488
0.23354562572568693
0.7294143424052296
0.09431432111094595
0.13762097775173832
0.5682749392105738
0.626410168171139
0.6378268160347992
0.029412632611082734
0.2518763059032072
0.5021869559702185
0.557631848879595
0.2248467254848805
0.656449957618665
0.4424211526174997
0.4877496469808882
0.2756980285799143
0.13718399927678215
0.3903295467688854
0.5483075006824563
0.6355748508119721
0.9575925529541619
0.5639761139794216
0.34523946607873257
0.4289916543504906
0.319354824739679
0.13010155494007491
0.25686301186158744
0.9481767651320061
0.5644416655467929
0.9924299987355165
0.5115521490734868
0.3781953396874095
0.1410961274411766
0.02334709615355024
0.40127182376857484
0.584373326066989
0.24140114397881574
0.1036960698209396
0.7692056391100669
0.2663944275178943
0.6169790377736796
0.1492486249715328
0.10181904861406799
0.8485373298820226
0.42624646012470013
0.9933281045390396
0.4165041951834544
0.9109028356002189
0.20613730698994492
0.2823784303315021
0.8868326213803255
0.3544746334676937
0.7665701439689822
0.8582205605784562
0.7273351284561395
0.39745649655018755
0.8888079877056111
0.5389905347484685
0.5333171543458494
0.5097997158360543
0.5242773812410746
0.6468094216386969
0.9304034903545003
0.34767140922886586
0.19985203755781966
0.535623398324388
0.9748501003779498
0.6096037280391456
0.508939579492934
0.9764848925097304
0.9299552837380616
0.19156570476413393
0.9008517691979223
0.6977756903602553
0.902710032919521
0.8782407885404773
0.9950180634868999
0.1916519639423624
0.8469001005572324
0.6141898811222143
0.9377354485329751
0.8150051547451999
0.19366263761630031
0.23734998159553533
0.7756892505642958
0.1791289122109163
0.2964877252542889
0.9630204557795731
0.7943538603009273
0.2716290019764315
0.7025586134360273
0.558600704929543
0.487027416257667
0.7768525249369567
0.44086111657572835
0.3443709138231311
0.9520619872967513
0.148278313695291
0.37185855612309504
0.500329738975737
0.05471440456979504
0.015836235808892707
0.5146316823615513
0.20093365545687503
0.61978362207541
0.7754541438777345
0.31516021651691983
0.6570183096960138
0.5546742500754396
0.4253131488082207
0.3960613008756446
0.5448130156214913
0.9454037993428238
0.9276358773363349
0.367464632998975
0.2798259340553707
0.6434313501531033
0.45493940494079277
0.06655993997352283
0.6151098161700118
0.6956717155816534
0.5512728747658798
0.591128687674753
0.9628222394501562
0.7425264276034486
0.7889424759980211
0.17068532252099733
0.9735217012125768
0.06093940200948578
0.8962537400735582
0.3332281610421288
0.3354236478851589
0.5354664365135114
0.5856661485979047
0.6074954966076129
0.761137536723444
0.8971584193055656
0.6461771730257441
0.9491038846949489
0.7294018793107586
0.15986255602460064
0.14157504279677224
0.6023782714793783
0.022358508252721232
0.06921936911325166
0.3335696611080414
0.6135113524839285
0.22002522509050526
0.2535876969970733
0.13843455615040612
0.5467676519589267
0.4501860919140853
0.00853482682361828
0.22878281961459113
0.6998734328889786
0.12781557862588389
0.3664800474971477
0.5998479779983771
0.5940460277124978
0.2664232033510918
0.21246671965109598
0.27490893454606613
0.859960048290534
