704618
0.10905719297236693
0.531836134993913
0.9991952629025588
0.619052054666654
0.8186303986182315
0.5418063041868469
0.6928798918971194
0.1914318501760629
0.8382814632497694
0.16399945806903715
0.4252569040339369
0.5450387511026396
0.4665576869747974
0.6778375285769161
0.69243842151071
0.5530806342840521
0.738047864217767
0.022382801157647125
0.17673316950393758
0.6727349359730429
0.35522822435747337
0.5414714294223494
0.38668842801253767
0.4351759082050377
0.5663090620903765
0.11302576539378917
0.5396675154107635
0.5485459316917352
0.08962057158692605
0.001238808888214482
0.610814329579847
0.14721322066793852
0.2031474036065305
0.8937470683771556
0.4885712616427742
0.8781319770717486
0.3376157353817789
0.9235480022766558
0.08532151158999368
0.10191710350596084
0.08479050113535147
0.0900833882649732
0.30388981120847947
0.2711270572837534
0.7090533434400896
0.6368839947098338
0.8030629713485634
0.0352750692147864
0.6998829190931926
0.016012452635356222
0.4204860965480014
0.2946956771855619
0.016795879513464174
0.23961108335270775
0.7212359281576431
0.45384430598945413
0.15855625010854546
0.8356237289888464
0.6450596714036803
0.029818261520199507
0.19873475876618052
0.4692919268509773
0.5231677072190273
0.8001214536597758
0.3904542507053119
0.9159540605999179
0.7813867168057195
0.2133006132787002
0.11595188055950811
0.3931411151385731
0.6712624178134983
0.5003162363121733
0.20089747286231519
0.1714283413890233
0.8787083146245196
0.9219800173623152
0.8274975998247962
0.5148773197257447
0.02442185855537682
0.6647153609356649
0.041305206937983896
0.7685098296247197
0.5868077087839828
0.34455651248650165
0.2910407088024166
0.6335774724499241
0.8255093844895114
0.4905872619377526
0.8001572561024093
0.20206280456678005
0.26767879158895
0.43219332171016966
0.8370514755085494
0.5027512828129201
0.3360097945104562
0.8060304201036959
0.0959318767406041
0.21358593933154457
0.8356153515604877
0.4023664465236232
0.002155102397237263
0.5418382558383827
0.1502652404791045
0.29496977302980154
0.8160497534583632
0.5907381607959657
0.6196592587587726
0.9032056031339771
0.018080896976716665
0.9479095303676237
0.6850567759618603
0.9179911221071045
0.7317350712679588
0.5955280856532107
0.9007799117846617
0.1846654134458806
0.1681674679881232
0.2674953139092824
0.05287316724946667
0.5982675851233332
0.15359364106509787
0.148885546775272
0.07645229617454818
0.37734507654215366
0.7442045448776303
0.14028056280572
0.7339164755157892
0.37118684042512284
0.7491628239457565
0.38830026933874784
0.5687023807694213
0.4193728145701324
0.22442338071048906
0.2223396126768975
0.11595876437865582
0.019160371404000842
0.8166567931061302
0.10049943616358403
0.22882602276632247
0.020372884698762528
0.44733344846757295
0.1910001151997709
0.02090259590758925
0.04572388209529399
0.5783229348962943
0.899603190269711
0.5043577150494722
0.37815966949413804
0.9591449462943306
0.34540570035049134
0.2328101671157382
0.7134613959522313
0.6289922222023359
0.416382932521669
0.986052812409869
0.8681015789364332
0.8402509706955746
0.8085263428084875
0.13150654779627657
0.590854946272316
0.2676085694880701
0.3160185206434645
0.16799289204800916
0.5830496357223309
0.8826851371153654
0.7007244501444034
0.6504091752861453
0.8702396781685895
0.05428973955467087
0.7582505306476401
0.7398367506476353
0.5867036808329792
0.1422314273082519
0.40960461347128374
0.6642433239845693
0.7956974458465649
0.4740429242800801
0.382702319975852
0.6659751674850615
0.2851825760667396
0.42218484114728694
0.9877804907676766
0.7559717719078296
0.8605804499306382
0.22873606266944935
0.6686308792691151
0.5707719602780056
0.6148037965060971
0.6916915770136346
0.6593093037522015
0.8040340949884154
0.5293566494207269
0.7301191206907812
0.3556125291050828
0.19925174306972204
0.21033339031630738
0.36790096566244535
0.021645766142211365
0.8371614838973978
0.15099629477882015
0.410378400215212
0.7461614014722592
0.6429158800907544
0.33269718480806854
0.8368125969601711
0.5402956223682908
