601321
0.9858879922889257
0.7457618817256726
0.21975955727885566
0.9892171603405794
0.38872333615692156
0.5507814418057598
0.4260970779102502
0.3681042904979773
0.27038760870112455
0.9681798773669416
0.15060259228817352
0.6193351046252815
0.7022494000707303
0.443604002162283
0.2885207797973005
0.9257972827315792
0.8488023674550095
0.9266643596428975
0.6415829157255
0.7639735430483846
0.27773186938300165
0.18026320941002016
0.2865550833902152
0.9069426560375868
0.886046716952036
0.30399289994588186
0.4443629241056546
0.45690198938935356
0.9485558713893871
0.2563897781663682
0.49770831942462546
0.023966427744116614
0.5138842546713744
0.20163040261077914
0.595050796424957
0.5187406265156287
0.4725343879942787
0.3012198419395463
0.8098481200679001
0.8531239394704366
0.1031897897347348
0.17864517888601916
0.9401019019558804
0.11993256119484907
0.9977765977158265
0.6646698374576568
0.589940468979676
0.3067492494137206
0.808616873737245
0.39434010228188177
0.8724890290805343
0.44520745383715665
0.3693823206027369
0.09638163646100417
0.8573364803643947
0.5766809785006165
0.9343240216035327
0.01497941850260931
0.16342976338519322
0.8977526722911846
0.7845793693189338
0.8331308255579584
0.5143826277447482
0.8851926516874101
0.017319887154014224
0.2048928329396782
0.3932708313875929
0.9653343931242819
0.7188649881297529
0.5871746821660518
0.2902933991991037
0.4780083206393242
0.23680489974849694
0.16187839160532236
0.289801007490307
0.7544964789068196
0.22299586414019767
0.3345696583846103
0.8432026719301872
0.04635398346767361
0.7939611781316493
0.0031762047174891395
0.14061840341154663
0.418156092963084
0.21825581141778838
0.9507247997332249
0.5563183950999875
0.10456610056286175
0.9394331954781091
0.006183201323510246
0.7083813666911233
0.21492509793026615
0.9528995185993808
0.30430027567070417
0.9930774389761493
0.9223641186691114
0.960805128000537
0.7278047316816446
0.9344395252801675
0.6834349972145465
0.29546952226783907
0.036491731661420834
0.17269542453500608
0.6992108108127912
0.2581661950372871
0.4957009720870945
0.38587206741041435
0.37070018149611705
0.002568494035859681
0.8605705158889596
0.8182514012531183
0.5003888778588517
0.8731523797149718
0.48508941069808875
0.313863095862394
0.009697893521105838
0.6446827280462718
0.1009054370945821
0.7801555132751482
0.7477506691718894
0.5635870283324574
0.17671313211964612
0.6571765489480221
0.040424465212346106
0.9912250940670132
0.45328946699978523
0.5060836711147729
0.8754619998155253
0.6404654828831501
0.6345612644833591
0.5693627479574027
0.9383939416045269
0.4767727497926413
0.5431187488945778
0.8897292357137631
0.2833695175717774
0.6801746570850866
0.5709085975531834
0.5525978050194595
0.7655062186940971
0.34969646670135146
0.15262291634854364
0.4117461945750921
0.845628083785273
0.199298686973569
0.9411323707107532
0.0863014191597794
0.9825896101986843
0.8076040274484401
0.534550927132003
0.4868590077624022
0.8658537116290015
0.8484382233400775
0.4510616163595865
0.6251946721901576
0.1271964983333571
0.7324645963499843
0.2877782237615927
0.9965794800670118
0.9289849814625792
0.9444136236990881
0.9764996116429836
0.8376043970779936
0.4071416930143875
0.8081995818644555
0.5380390199526552
0.0350275940815179
0.28593758557741555
0.3172286939150337
0.6861164699199972
0.2858439543210728
0.4104312090609651
0.27220278431040335
0.03857011102027408
0.5158224110339868
0.4673297096030907
0.9404058097898598
0.6937169087832841
0.5197467356663136
0.04425532538917387
0.3032370536138721
0.6296460159444469
0.2489401013415966
0.6650768809161829
0.2155053962620539
0.3389982261416372
0.40400322797080834
0.26668333737935324
0.9743725953740401
0.5230513858188138
0.5933950442934827
0.0408884172732904
0.6536264663614219
0.6184817455757734
0.45931744171445554
