799634
0.4505500222928084
0.5752165614694909
0.559876286491078
0.23600491849377636
0.7217947636925182
0.47659776981778046
0.1782609384448115
0.40412004657457745
0.4266300412630185
0.31503515922764413
0.29203463955163844
0.12387860082829061
0.2758531887593031
0.7587296289065992
0.9631938859039912
0.8434070984285371
0.41128686724035335
0.7597014021994872
0.7773206346401264
0.4176692346181643
0.5273333515329341
0.6728227766302933
0.20709000154465296
0.32235686743678627
0.028683485444289225
0.6902897928638034
0.7525291951923382
0.12050855286851758
0.19629555200143967
0.34510528948865793
0.08146329064198321
0.38519640086901663
0.7927604647220323
0.9840550846247436
0.7255171806498025
0.8756014677092594
0.30796925659576757
0.6576174877536183
0.12865071254711913
0.46056317096567223
0.672246478555753
0.30460391371540607
0.9939925728527949
0.6933227727281445
0.7404047429314662
0.01648743114599538
0.5202145159903891
0.7156243438085508
0.19965069912668898
0.7517796929882766
0.6776976084835213
0.7203319296249167
0.77219623805188
0.4112362472454475
0.6306185418382606
0.22288206492926488
0.5666699707667436
0.34162930405207215
0.8211746374886336
0.5688625989777537
0.20162724798051745
0.5669814932368195
0.9666716817178846
0.8761032113729956
0.829207196409964
0.8391244508359272
0.27832495593623163
0.08754350813575074
0.42692260822564176
0.3609317008351701
0.9088455037008792
0.9774408899104831
0.8912608657461678
0.08736917869467742
0.7383087106180896
0.4032654329045533
0.3717547164109606
0.007556655470273066
0.12452434807723956
0.6241688912927551
0.7346389782673644
0.145876303673788
0.8159890287651347
0.9990742609816233
0.22099519770798082
0.18687430256384074
0.45201631032957024
0.3810337851467994
0.8301301364564622
0.23988655737553044
0.6733901205791025
0.43580878936515055
0.38086661397106425
0.9145972149832191
0.6163852806657667
0.26676405111748025
0.4827044921886655
0.21751914165444886
0.06654709948936288
0.041918852764532666
0.6492629385379302
0.5709235529645943
0.7081579812549649
0.008993491584913804
0.749222164647732
0.7621770683617872
0.8658730930595671
0.5197524026213044
0.1084609386199904
0.629285115215493
0.5362075440285254
0.20749896421397285
0.8304844501405887
0.4955372210303648
0.052057653978920926
0.5362207969985172
0.4056401986409349
0.756676108273277
0.29722229015352875
0.7637720461989965
0.42529998859700735
0.5933300575253108
0.9713120113397724
0.5071646201861502
0.7217433736800271
0.6082337140301585
0.06719859514001791
0.8835214789144396
0.8888851406311049
0.7979030142603459
0.5647530869850551
0.6255269173807417
0.9198101870272636
0.01810369559453051
0.6717556468940905
0.29405152666397294
0.2089714473272397
0.855810569341304
0.6101561761544271
0.10445354272419094
0.6855773607796584
0.8890053204638083
0.9233242068981539
0.6216874789932902
0.3710301051171757
0.7873624092465293
0.8635030209444443
0.29656270003272167
0.8845301674548188
0.5470743898284878
0.48720431983831747
0.7246752490337522
0.7603332611308281
0.11079188897632797
0.8798155161278867
0.17385607097527989
0.05305693143341983
0.08243401711631859
0.2149034580910988
0.8546649347904997
0.9074380992457021
0.7405918620910138
0.2303032684359423
0.0917531642992564
0.8870516702647903
0.09062420216063716
0.1654252645255615
0.6202903293052504
0.6558861703573619
0.21791787517687577
0.004875041157977766
0.027479275068335696
0.7055039826248143
0.8299558008436846
0.5972434483503556
0.6866843398374614
0.715331707599136
0.7359936853987784
0.2956650350067558
0.6561414920994159
0.30346160556626744
0.7776447102196261
0.40007825296434585
0.16177105832196326
0.3897915987648046
0.7819219725574754
0.40052858323881124
0.38563467031042054
0.8428972972784108
0.8094437674976296
0.5777994051356816
0.8145828088297161
0.6879341478085328
0.5729581579688418
0.25021646637603945
0.9403234995537322
0.17586325759023436
0.02975056065905224
0.2356431810054057
0.8957560231795968
0.35280687122087884
0.08622217850547587
0.7823989146583247
0.5261554366619533
0.5292047370013249
0.6365089208315734
0.5687868970972365
0.7731394972457749
0.9899606952687144
0.6498820291627607
0.30027547411119626
0.10801983438924445
0.9551613223724039
0.642237880974382
