786602
0.9067976284138878
0.050239060798333846
0.21108565800828416
0.2003461229908583
0.7365016761090595
0.5581777391876745
0.7015123643242066
0.41667961285393496
0.5015295386784204
0.10772954902583065
0.12045703325836932
0.3846503009299931
0.4398764123157596
0.4177712613063991
0.5402979633016866
0.6626929479702725
0.7596549489311846
0.4140659553610637
0.6473560464466949
0.4249921128222326
0.31220024027353366
0.9049299091708667
0.6808928330472677
0.17533740044186175
0.43013960790384764
0.7408836361596136
0.014959771095847452
0.7622522275200888
0.2935790685565597
0.5215178415808395
0.8195320827155175
0.043181990576109386
0.3241601352269158
0.7029478854053972
0.6359895004097438
0.6734473754079198
0.9323547666118127
0.7526368935429283
0.3504776759822381
0.04796818337083142
0.08881494918129329
0.10688716469916582
0.785848589968786
0.27124424501349187
0.42172089776681554
0.26225814476540965
0.7060028887001202
0.18649407475704294
0.2935373430463063
0.5399174311778551
0.4558852506907166
0.43035618748148763
0.27706831296328593
0.41511905963916385
0.9045061312361825
0.8215503301555545
0.3033795270504366
0.2780044708742816
0.9501450037474686
0.5876464481391426
0.07634986863176663
0.5980391987207117
0.022119110367066597
0.42618686865427957
0.75672042950171
0.8389951860647756
0.5081406670501739
0.24687598694728685
0.7710447777086735
0.37578718591095006
0.6596215636595686
0.2722587083243131
0.8843246965235997
0.7169987377369926
0.7851982009505044
0.26490854603576175
0.4585672461466469
0.9514692693168978
0.38863567275267286
0.42234881477126285
0.4053818218516677
0.1643921012355738
0.4257285036558086
0.689951654859766
0.34124784071429226
0.35670816423357266
0.850808319015991
0.6919671741502229
0.15993371778570276
0.49601596496110867
0.0026638966106810047
0.37014301105182235
0.11717575093192911
0.49347711401936656
0.46812285301498335
0.5370101455850776
0.710083847665898
0.3667233643902066
0.6976221647941079
0.9961967057576805
0.052853193221763406
0.3986162762509219
0.30838099733021407
0.2061246048498696
0.6325098105031393
0.8313097905656287
0.7512432424409871
0.23803623140687324
0.12747715931832926
0.22873333959639686
0.429199933803982
0.6957352412076627
0.49241270294881945
0.06359398175836806
0.8007790567619457
0.8802796293555394
0.16842195892847478
0.033223187634370044
0.21077412107608762
0.3914556836410007
0.38217182088236945
0.700139329019556
0.6399301677512329
0.4467902748498821
0.41703624989679444
0.026744508807745038
0.2498979941238877
0.07573476529427059
0.6625469898828502
0.7916949378102324
0.5914257455631207
0.6476981715941891
0.5252625530136483
0.5067888324492069
0.07807926952367306
0.8759180528858916
0.2391005655158147
0.18340023456359356
0.95656282958015
0.46675968112102084
0.5042984528500811
0.15092596146154036
0.7396302373244241
0.35291200851541715
0.07356922923420017
0.16795719792643926
0.5194690921050303
0.6773736526151166
0.8524316733529875
0.42135426429227363
0.9727416932925372
0.5043552531113856
0.7144663409145132
0.27819357256914456
0.026291323740339823
0.4560396997659446
0.02473777719787751
0.3108977459486264
0.7982321652711838
0.20638333022462974
0.3695393381030405
0.42359187442203483
0.05300618450744099
0.1794040642632665
0.2506408091401875
0.3816293747142585
0.6018903944157796
0.5403593437572884
0.4421209503660708
0.28474470844808397
0.27203187532466366
0.30119739879037577
0.8617037030858923
0.13303695129881898
0.5336258236026891
0.2816386785491839
0.3837345626918277
0.17169634243481535
0.622971748091872
0.5845332903178001
0.6415958260257293
0.5744365456118885
0.33166430363484467
0.6513389940380041
0.8050247165662089
0.06160276780787477
0.3282325585462684
0.024491390449957406
0.7431107476641673
0.21180885905176616
0.10481325862546531
0.026171682835164578
0.5665831522483298
0.058138592115672516
0.5686611125226029
0.8473860417052221
0.011607998872580017
0.9656429302556613
0.21526428233654427
0.01988941967650404
0.7103199952428444
0.6126140470405061
0.9460880541035314
0.72707479216805
0.121693476005163
0.579453409195406
0.9429511123457006
0.2362868254035455
0.6858605160371711
0.4203228068248913
