917024
0.7682183957339888
0.06186358559501848
0.21828466668538626
0.2800206871651689
0.8011966371703068
0.09020564943489662
0.6353544149628763
0.12418237497656981
0.9557087386923632
0.21881743443827617
0.2784479859026402
0.48345111677232977
0.7830707850810111
0.3348890739698258
0.13783299257140924
0.6024161314521161
0.08661268513538478
0.34744532935948225
0.2341380057614303
0.28246454986612024
0.11433582509577889
0.2516049671910052
0.6500015088014384
0.24123146159303865
0.8062756895269744
0.13228692171331102
0.6554172116541875
0.38417417144723776
0.6131834325405845
0.8344241645694506
0.1880593072616007
0.9200822429267319
0.5178867003177796
0.00740433516383876
0.44683220952261626
0.979624007149828
0.733126888933698
0.05858397965408302
0.004509243731013246
0.989870124306272
0.48636850512901353
0.8500872896584389
0.324148519254969
0.41266630822484773
0.6580545703071623
0.08199754766957545
0.6444852505288352
0.8744057822571935
0.38212705119577617
0.7652663882131978
0.9931829861648956
0.8110997131327151
0.20979332984925247
0.45545717908832273
0.44677663972759996
0.4595549984824181
0.12974347718131352
0.16435494446035914
0.8802440093665916
0.01691840219079177
0.3202207276643304
0.8585825735699056
0.9122818082097353
0.5302246979145305
0.11745304810226487
0.3208103229939312
0.02857783263704483
0.9103758953170566
0.3445849192303586
8.96155328778292E-4
0.1938925633406653
0.8239804050596745
0.14022255780260273
0.9361619695888569
0.147195959947928
0.9028948313486935
0.48007386684052056
0.8353099483244617
0.4825981146634112
0.02326759463899708
0.6752517389466199
0.624048984499532
0.10924660944033437
0.25980304794955644
0.7369300042578936
0.9073918854095886
0.7816771193798794
0.8900366741521829
0.9140401931398868
0.645317231458417
0.08249025926823805
0.6330317040228927
0.8708164023859117
0.8546598863496585
0.35063695466043165
0.5148082281924822
0.051542939554484746
0.30454944498685355
0.5750450033442813
0.6970749004269133
0.13271791964331836
0.4160857323897441
0.9709321866227225
0.9246818319991107
0.027452849513425193
0.1472472619916696
0.7022093617677797
0.09060685535540902
0.8698125319618344
0.9770693151353915
0.31457958755816007
0.20058084329701542
0.2949573965706973
0.3573969498228211
0.2909047884009919
0.5267830329566577
0.6687069413299894
0.9114674717699464
0.5412153284925654
0.19309881704756893
0.5648815182251907
0.5714857288823425
0.08495755344522415
0.2587511889672327
0.704062394548725
0.4780986647762291
0.16494894339326538
0.1463338796245045
0.6788042752414991
0.8907189570190209
0.35392190829711767
0.038207834262151685
0.6119468815538188
0.23776919634808646
0.5560382633848402
0.32189882772773315
0.3822455873165085
0.7232955067728661
0.4448970402492223
0.7544664432322765
0.06378068174950224
0.09462367380425774
0.9380570660974791
0.07686315285743595
0.5636436087021046
0.8788465721119556
0.6688292788639139
0.002527050109450535
0.4742209928679163
0.30225152189522775
0.9541350379037877
0.2192780412770382
0.1548363556459149
0.9011846290685446
0.7306588623415533
0.5850924664389824
0.394655978269423
0.36779142929243225
0.7006965354318274
0.8011575124743796
0.9677621520312872
0.886238763347439
0.6976398382621786
0.7164512668019585
0.4986110439283805
0.6777147583782561
0.754751414960985
0.64674315453768
0.8720526717102197
0.49860556514574483
0.8319352118867093
0.7327184482520347
0.8119293729124961
0.6097266885125355
0.771077379218941
0.9387308472555199
0.7962881754520218
0.35658747151945014
0.029609822380425754
0.638529723783836
0.24701021188535854
0.9467034114603399
0.1651295609729757
0.4752605636925996
0.20345001901302806
0.8489364758104789
0.49863964642586567
0.787195741981819
0.06088549355185291
0.8886446780820018
0.5200518634591489
0.7198939393178548
0.22661476450308182
0.7386210922437632
0.9755698292128999
0.6016291695473265
0.728496279313668
0.8413188662656464
0.28929494650157794
0.7848064326343887
0.20775701765282462
0.21237636753391909
0.9002695503449685
0.9193557122908352
