2745641
0.9409641675068025
0.009581735601685293
0.3534042324646768
0.34201414331311886
0.4480834734269251
0.7619221362109192
0.09712971543461812
0.07774306066877923
0.41825733977517965
0.6532717899430429
0.254800978201273
0.31191138209694635
0.6781360545101459
0.21239842731361225
0.47661205117164396
0.8191702653579432
0.4266162561357846
0.3089396256919903
0.07613006347194806
0.6919514049838952
0.9644424074020942
0.778979077052189
0.6548995561620404
0.5163831953091869
0.07186347539347282
0.918332718600184
0.25614924530234684
0.8100918226248416
0.21525279465978753
0.8648014670509727
0.32959105550014955
0.5656681557621063
0.22586261875744007
0.13404223573069307
0.4272715040975582
0.18665012721872665
0.03284771845073731
0.4000705677409072
0.5284600348357873
0.16751647244722612
0.9478232176223178
0.6349276463833591
0.42690557336250323
0.21812824928841534
0.0010829368998749311
0.5584181263527686
0.5245964747988039
0.4771787137517607
0.3156189954003574
0.5755006515191445
0.9390026309181062
0.7453347796831732
0.05858203817314278
0.13440407775728092
0.18354816820553577
0.8660413399722872
0.022093283341407366
0.3451134979089707
0.5255212798901433
0.8857344864675474
0.7644162321483537
0.39522898238492643
0.30114947422998894
0.2933223937318743
0.23790873816757474
0.3580817982106417
0.8599079658955266
0.6179119747456422
0.948461835701477
0.7337844443947379
0.9619911625170353
0.7980588466896182
0.5735911978096155
0.05096146746146557
0.8720372736758274
0.1880997750302783
0.2969942344039066
0.5578494713514286
0.8643238799687712
0.5021152461030495
0.08570484110541832
0.9305391195189727
0.12113200277706582
0.8765422105184685
0.10139248102169918
0.8866711866484822
0.49588699479085974
0.9155511712010861
0.09947935047745526
0.05500946665852291
0.11906515472097556
0.30693622842702695
0.2802846893666491
0.8287846987954374
0.20920556747550234
0.48287273155609167
0.45134089775322617
0.18684222450144083
0.6850123234958839
0.7824033565290371
0.28257287528285147
0.9306270609200241
0.11392018535853377
0.9975550469528093
0.7290064971980207
0.11821916644724839
0.03413072680576368
0.7708192586101691
0.8477142715479911
0.11317957960951797
0.31528653336400725
0.15859362412935218
0.9914895086391227
0.9326521947771356
0.281010208121693
0.25385821768783856
0.4030572187670921
0.4321906507986233
0.8965463816536426
0.8440708669866723
0.955210376139115
0.4030122022779714
0.22053173734402587
0.9563015386447266
0.8483507641801208
0.5767406736309536
0.9200900426563314
0.7431290191024157
0.32707960219156806
0.08545688565700849
0.9891007616657312
0.4039308286368545
0.39858309441494544
0.18792312477105755
0.03527980818727572
0.6481556552926475
0.12441520804082262
0.3244077565155763
0.12008117773842775
0.6294697091067925
0.6090971375595045
0.7556166657308921
0.3975493012775386
0.13220761360220845
0.2302219182888945
0.48295997057826867
0.158443930797888
0.0631530774525243
0.537161209988364
0.2723472317340112
0.8637044760130864
0.7992226576804269
0.6695644726510317
0.5814073170013919
0.3455959902544027
0.5698148573918591
0.1128830565754313
0.24631299352640723
0.8396009595251042
0.15988113317945607
0.6306344662642874
0.813369416338818
0.5947574740492474
0.3701691975586373
0.5906681437793764
0.9339027101045034
0.38901316347228887
0.7210873549108097
0.3987424665894983
0.6754826773405701
0.5797108730477436
0.669338116500511
0.10911660356054753
0.2675196220339562
0.876103021693342
0.0076564380378848496
0.6381164042382587
0.35600388087571344
0.7080144890599394
0.45824168462357695
0.618927433040465
0.7989534555640803
0.945999586277164
0.8037875897385692
0.23409789715208362
0.014678373916913956
0.8780930815941067
0.6638211158721345
0.8636447334942198
0.6774864903497091
0.9906501792131444
0.6174751414207593
0.20097617619554375
0.5309089078259093
0.8662503019055642
0.43563093474791914
0.6454361195172073
0.46176640495286103
0.8577704057958447
0.250069046229078
0.7834383219472258
0.2709036274634984
0.9609981977633055
0.9226703061906728
0.809088349237604
0.7895250219046018
0.201424612362335
0.7886321489366046
0.03454499930201893
0.030752924720700014
0.11098892051764742
0.2596432838940157
0.26890021216547244
0.9470708535911472
0.5909061388760858
0.1352045370460908
0.28486289558309164
0.8687758382233635
0.27632994339864203
0.030710056067671965
0.19773598367009282
0.04050766760959601
0.3627388757330746
0.96028510040916
0.8523546613926821
0.7622614146646449
