1154923
0.6486101558509383
0.896347574387526
0.6515934145858613
0.0659708708952057
0.8300663156235769
0.4340189332472105
0.43250237200156516
0.24572506934118166
0.129696575007758
0.18295499789884795
0.25000385362086386
0.07212282005643478
0.50457959253825
0.06401197070949816
0.2410140245980147
0.08517432534877323
0.6596090793490572
0.2003254194985271
0.4688961959243483
0.16200325888427125
0.45997308097864875
0.5139935698475491
0.78216523079652
0.8343085362997249
0.41883404972601157
0.8514954211956857
0.42333775278879016
0.5286994622777383
0.14313587038326314
0.5898765575275235
0.5331629732185917
0.6528723816056449
0.5512116204632109
0.4080673952081455
0.22886621239612626
0.031463770477151654
0.16060007900939033
0.04809593957289071
0.31466596879882525
0.1503445231451198
0.13010386918859973
0.3748121956157152
0.9449562359184681
0.9858835438897049
0.6177489159176097
0.9569659953551659
0.2185375949331172
0.4057019199206414
0.41159538377244076
0.6276083194229112
0.2768917697060693
0.8365346220515684
0.41562557863817173
0.9163287039657991
0.3801272451168365
0.15336028027137827
0.8214929393229955
0.1546942685711986
0.294321374789422
0.7469538146271134
0.3334332582589208
0.7460489289177028
0.4658126124948422
0.5203156745833788
0.5028160136475658
0.7813490596117816
0.7271701845556352
0.5689429015478306
0.6568619663876113
0.2545412507089716
0.984284831344849
0.16723861604375478
0.7442317042913866
0.6589889382218103
0.9179706221072021
0.3105528685524708
0.39759286336547905
0.9933259042326652
0.27316990003012875
0.5406200611020766
0.2034520168488918
0.33803378130042006
0.09145890391360689
0.5219858659564598
0.47340040033462083
0.8164358324243894
0.8778872355564182
0.6005243814935849
0.6636839809647764
0.657916206216539
0.2594403176744988
0.1368066759310198
0.10255883247902597
0.39036710407585606
0.6102482522768536
0.43537361304620603
0.07107107056110407
0.13873338948605407
0.3972107183372592
0.9265620551796172
0.6744159547037197
0.9715642817328854
0.7918124291360034
0.11054508704634425
0.8060340840660759
0.09030564807287467
0.1318612502988009
0.39285565824766977
0.8327933738009367
0.6814928024567258
0.16902537345178947
0.8014769077979794
0.03484432196346443
0.22808808509699918
0.009109816299737394
0.5298031605430228
0.9966938582119799
0.14330681495280284
0.002911103956451111
0.65519903183913
0.8413730413735868
0.44184275636132264
0.6549733618770602
0.9449472899216246
0.5668887359143587
0.5768997060438175
0.6738163818389403
0.26744457702356506
0.7727503298388703
0.9551968848608914
0.9807414436539423
0.06355419706466525
0.22717490603345847
0.27089821255436053
0.14407553397254158
0.17288935130718908
0.47811224321407453
0.12024583245705911
0.539792987247645
0.9731969050005377
0.362944987526188
0.8733437133840599
0.8376653831137985
0.845836240373963
0.9139453876718182
0.06843605339064884
0.5412408116507889
0.16681663629553667
0.7786158072264774
0.2838870799137265
0.2923760395441851
0.7750619535229829
0.8718986624974896
0.5934595786821724
0.44827745693258847
4.357791399756117E-4
0.5101609918442724
0.7032508462882319
0.5904341125524821
0.8724916819037573
0.8940896298949444
0.5395947733818909
0.9280745354772483
0.28013803000262694
0.38632540633776524
0.3085544382131513
0.7693603766134177
0.8976470331158435
0.15645970691751165
0.06394694573946413
0.8095916931167019
0.8778970305164092
0.03387259210709037
0.679486087311487
0.40262659051946115
0.07674549064603209
0.303457051784233
0.6620905463143522
0.6561911607151394
0.6807009385035732
0.9529963396048613
0.5798154258762078
0.45552887517460305
0.03450955616644935
0.17665855999810776
0.4622633304173025
0.05338185170612664
0.24089862941189144
0.8657626785369272
0.11473220656740934
0.30526342228777303
0.7321474284006486
0.6379915637723305
0.01551902461119048
0.07385709011903796
0.9215795456515451
0.8500860349461379
0.05796858937865157
0.416629694382322
0.1175084907217494
0.21831512343481418
0.4566848215399354
0.7765540741428228
0.32592829943850654
0.12929384567037905
