567462
0.014431356600318468
0.9440965775635751
0.06500585944393422
0.33240903011628964
0.18293384782619226
0.7325953164220829
0.36675622345192305
0.7888511013785926
0.6495712424236085
0.286653187879659
0.11163145202129765
0.7179374311238447
0.4227312653084373
0.9630619700368594
0.5640496766220254
0.16511292693766977
0.193112403747696
0.05386220291746335
0.8830932314393223
0.6149600628911707
0.5969223503880344
0.3446397661965592
0.5792945120738071
0.9663295100497213
0.02738254953800412
0.9280324279148046
0.6908477043871353
0.7414053276115189
0.9168674763227908
0.27167470383882164
0.35792416802390503
0.5166968661417858
0.8570301232495798
0.2825309790675363
0.8780623849486636
0.6335838760090455
0.10602626940056425
0.3276793404842876
0.19014061516398595
0.5524730891198695
0.8315971404335051
0.20328918325655188
0.2951137994848544
0.5010963339852128
0.7540564805109893
0.6175237199363156
0.5749666285396289
0.6956932783981099
0.5661186470895156
0.9561023576880631
0.7432522674957718
0.9515103275290852
0.49121328866761826
0.30495534554403914
0.10847850970048001
0.8777563024405957
0.5720741380598463
0.9757813223886097
0.19394857690947387
0.14632125923202788
0.4599234905840486
0.3755437328125274
0.48153049901107436
0.7432867148471096
0.14974270126625233
0.4100549720166611
0.23796931675776067
0.9467791230011589
0.19668641582575774
0.47994681669263406
0.8606409699543643
0.41573160483304794
0.6526979682225708
0.9205453459677135
0.27023120035680714
0.8911088567186486
0.22883027156577107
0.34549608891854544
0.7458316924156825
0.35357213938531407
0.49471544279457225
0.8972483529222488
0.477355958284818
0.00784722854880171
0.39947294193078875
0.16910125486210614
0.06422058198689318
0.6269678406965679
0.37258236391547017
0.3476104424811691
0.6081060192570275
0.29877763092707976
0.9363274225977516
0.05009405024833924
0.9952087612646257
0.49747251480341426
0.955647764584338
0.8119835241978248
0.2595791755302276
0.45273593176601246
0.1037093597370945
0.6442154624340676
0.35591771778788217
0.4271646711129544
0.40371233495273917
0.7395204205986565
0.5973317157543441
0.43238275713294283
0.1873182517488533
0.37075460931313986
0.19534877439316756
0.7794295842497275
0.25528735154987725
0.9509745604635058
0.8918285216855103
0.686525399573396
0.7988930006848427
0.4873917611316948
0.48261323327104055
0.24051705181416982
0.39933929361781106
0.9208887500030299
0.9617666012391888
0.2383089963797521
0.13602134810764488
0.926088947529949
0.4618612762061607
0.21489862075175792
0.3348099506883482
0.2714071316828671
0.31712691754686506
0.48678382233085293
0.8333133345929156
0.8962249646609177
0.7825439210057935
0.5595804795576406
0.5823085275536877
0.019738734828158244
0.848581373996318
0.863490843318369
0.4829777983795014
0.49157952261575255
0.9369842022530177
0.2397426155813196
0.014053967148677793
0.6257130619118454
0.7792164329733998
0.26874099009869434
0.4403321753088183
0.16385006749281206
0.8646649085431886
0.41972211122888947
0.373132674149118
0.9505585197832799
0.894688371000403
0.6205097547256917
0.16333487981512484
0.6185890684682621
0.6579016659484642
0.4984275927271471
0.9867094702740589
0.28947843484375113
0.9794238069451668
0.2593198114273828
0.7500644673481441
0.19912969052797636
0.47694329276031333
0.5824873586974991
0.8056289706921879
0.42474119452247694
0.009871790721474594
0.08275021333801924
0.3287871774852221
0.8052322735788496
0.28551910564201
0.04730739718395638
0.40443355542020365
0.9813574704187759
0.7228024309106406
0.04387854195948249
0.678362061777705
0.16508712013990245
0.3184708049776709
0.9671926567450487
0.8282345437429617
0.8388202353657387
0.06604356488901697
0.6036377833854486
0.6210087899769056
