621871
0.5495769227785003
0.9077755345737597
0.25890199562651695
0.7302443725599943
0.49806066484458067
0.1797270557227999
0.2172846361854831
0.570372338496705
0.22274217696871756
0.05989420854205607
0.02516014065779859
0.8427712631100349
0.6459128025171025
0.9729543376865469
0.45368918345869613
0.5257017153055978
0.2931135932843658
0.9243799848632057
0.9936342759997118
0.22353173915913516
0.5918490452749864
0.11411657059144387
0.03848272321565693
0.8281574833449202
0.3484366001495002
0.5209840374332625
0.907067436132471
0.6676846279199307
0.2743134153536838
0.4766898277249917
0.5062071774394529
0.9962442525942338
0.4064906548401739
0.44917741201607864
0.8200296102709175
0.6272611010701359
0.32064392404970954
0.5837083531968386
0.7862615727931893
0.6921511637441456
0.3776259174666379
0.4728396811861678
0.9766852134586668
0.3709634206825987
0.8267775381819394
0.6111724772981858
0.34968859376130235
0.005350017694508602
0.6768647721159715
0.8677104062898646
0.5666326270490372
0.8246559396616304
0.15692738611891122
0.6510195267051391
0.42757703211668696
0.2171579401728927
0.02208173373498845
0.4548717121993303
0.3367664171245015
0.9456886210025925
0.34691574777101875
0.27971035631651064
0.7877988431980498
0.9504848686641151
0.36745953542617826
0.3246802174242731
0.24644091274913815
0.6861923012510195
0.42183080601187584
0.13344204047810193
0.5103342178516065
0.17345971772474977
0.9140688799066001
0.05852431626655752
0.6256670543357336
0.7210952396400554
0.24023072810734192
0.8895923897000881
0.13964111353310082
0.9128934957838778
0.3942094810384421
0.8881290589949832
0.382497390162422
0.32705742437303664
0.8686325884782644
0.5930342428701854
0.07215292783538751
0.67464285039567
0.5352058639448872
0.984364208364507
0.10711889761849036
0.48262216546948
0.1407574159342152
0.0023780183401757027
0.25968494192485625
0.6166168549256131
0.7759148826624214
0.0076908664144859085
0.8045401065795786
0.6511246517631276
0.29186580343135016
0.43788408590884986
0.7918997083543735
0.997577802429323
0.0035992593455053123
0.44687062503810837
0.30428970761751717
0.17884683702835646
0.8317088203191796
0.06770752657932788
0.5569937042873441
0.013857371404382812
0.3285608916487549
0.47539724116493587
0.23728277990062174
0.8894375843246376
0.37609395573585025
0.5650708650838789
0.12619136832003364
0.18347922204367884
0.009781608406777997
0.33940121650737454
0.23153806475834138
0.621177113521096
0.3654112180993143
0.4044837926905468
0.4567665141162205
0.7689198623915035
0.5458641941407074
0.7748287140116523
0.42193400278611093
0.24429671120043073
0.8138215661708227
0.26668714678708094
0.49932984275118275
0.370189962885375
0.5906778824076229
0.08490692508082831
0.31459108846287087
0.36492041014408416
0.31053603006557384
0.24459195736642692
0.1314339573651626
0.2703658915758851
0.766156279160301
0.7590516518191254
0.7194100460731289
0.9624098820740937
0.5028783680209454
0.21600363569817738
0.2164128437024455
0.5681180232510339
0.24244548233881535
0.6713295296249642
0.9930460197035248
0.8373819239757693
0.3755485092597295
0.3280296862055976
0.2410167972161975
0.38332173846224804
0.2448003459829604
0.6039441952479179
0.5522950842326478
0.18667052906014692
0.5094302218690818
0.8562226705497276
0.23143383818808183
0.8728500576854057
0.3527775534800587
0.9029161795897415
0.016164284036645604
0.5278158518739674
0.9505667442549115
0.10923382902653023
0.9927886145006176
0.7370616768305633
0.8355006854025027
0.8742339690448706
0.45695515014586974
0.5643368243460608
0.6698337296424594
0.43503254513753065
0.5283333636209171
0.12267055256554948
0.6367134834457261
0.21626806473516424
0.029410619621083822
0.6268028587913024
0.32691119659733947
0.05192351656994054
0.9469875286964639
0.15606166516835906
0.96097807061142
0.9823128835823579
0.31663421597956265
0.21828400842470153
0.1538755850873621
0.3966835908706149
0.07481289059753504
0.39062595933958144
