501744
0.3451475215285018
0.10108309515365588
0.8768944737013132
0.3797207164670432
0.7520162846082838
0.8141083638781853
0.602059942951365
0.031162101832350908
0.33031097624864036
0.08773817365343117
0.7315476034194095
0.08796145440207237
0.13324874606025572
0.8798919421075938
0.5993654045408511
0.7791356940793068
0.3283436577038795
0.9737019029527416
0.07527348813616619
0.2540113549187527
0.6468341646670694
0.2836544864445847
0.7080661609972643
0.5853676513754602
0.8339509331075441
0.3849350466902214
0.10778712630695719
0.4073792408143957
0.801666889365679
0.5681739680127584
0.5844343623531959
0.4251609800876952
0.6928962325145
0.8302153209812104
0.3324471540788049
0.7114867421929852
0.11761448673347774
0.36781858171427595
0.027362111395527466
0.7482554168487016
0.7299585938547227
0.8134810267218532
0.14347531250682188
0.5080057100588894
0.4875220216802527
0.9777484748486911
0.9647373425657243
0.24452566284003785
0.5706275192984985
0.8202285178823672
0.02366152628801077
0.7911089210998098
0.1565913362496958
0.25467722935076
0.36936543915792597
0.006338635578722163
0.03948694796400254
0.35783837286593456
0.5550746757294124
0.4606847744148812
0.5054759443112403
0.6678967354656524
0.094855021392529
0.512659905988119
0.16796074423370488
0.6544941181601036
0.9578962448254448
0.8753584031407448
0.512144863660071
0.8015109738879054
0.5547555297249518
0.9543969322972747
0.7925877458622683
0.6393368115086467
0.4344814707366307
0.41731880844572655
0.04214343192015102
0.19396992773969413
0.6875254621273909
0.9111786709034704
0.5255412248603347
0.61324423812237
0.4156983875567506
0.9139944770297891
0.6368164732601778
0.4343096262484255
0.3801226954863224
0.6875552892256473
0.8505902267467625
0.5648727571567568
0.3401462617960087
0.4463851780828558
0.3423664294939437
0.39111735347691734
0.6644768076518793
0.7008699910377704
0.05862374427602346
0.9271090979475558
0.21547734954815678
0.18427003404331266
0.4306184818780846
0.41915419154645916
0.2655432890437044
0.6723570894089516
0.4381529786547058
0.5393755933364833
0.7174001715543279
0.7324889691003876
0.12155165473582019
0.49203449167852764
0.31677718969845636
0.0666303453156476
0.7890058296713893
0.8069793551693452
0.8753430063991688
0.07690290118426346
0.12905433714554992
0.7889309569095944
0.5001806353907385
0.7787454207311696
0.5697238403811818
0.5246125241726636
0.06463592672567109
0.6151711041012164
0.4662512015394189
0.8864597830039158
0.20891733923478617
0.5145488368982511
0.04672052483507627
0.7634073658030776
0.9323136437744748
0.40189852750199595
0.3300191399957306
0.8400509630062671
0.9859753915299125
0.2836881754670305
0.020436539479807725
0.5186741755540369
0.10092838685308825
0.595226128375553
0.4737283693142096
0.7140403622672356
0.5899985538382462
0.3948556358054375
0.06852795810528867
0.40929742220099796
0.7514205864683468
0.32309155175884674
0.8382489928929902
0.04184082825872826
0.08982843336966528
0.8794279332475008
0.23243550314164318
0.45994027532610116
0.17482274388608554
0.8570639533159596
0.5895973237585413
0.9138301306112315
0.613078004033769
0.29640863217953706
0.7267829033899231
0.6161731087257383
0.8915100284049221
0.9299965067632379
0.5653839189320667
0.6992550103147179
0.24502901842527192
0.2233924097792217
0.3166238293065726
0.2051768388467038
0.15788685393783464
0.49932531085699916
0.9203048725726695
0.8739703612715042
0.3907676702187187
0.23721972796951885
0.33826190581160454
0.4687666516227209
0.7366292147177734
0.9207172594237985
0.14232901774463835
0.6307423197018293
0.4232607594600517
0.6138608673659102
0.8344521978666304
0.9903771261533003
0.6499359727310148
0.4368283864867708
