1097282
0.01489384208970368
0.18844103473774498
0.9095010019620827
0.3105814171680116
0.07379819313675018
0.05197720068092371
0.8962576275524184
0.42808613541686746
0.8179716895053608
0.17996732089126155
0.19083266236588758
0.7323203970832802
0.07235090291370183
0.5693047479864157
0.1674902605399754
0.6895631479889871
0.7376854204996917
0.039268844884771004
0.5316641875801303
0.3456339145966939
0.46086356643168125
0.7037955122152887
0.24636707925981283
0.4511896457238439
0.29963997455132174
0.2243459290610108
0.3964633514115199
0.7681928484762471
0.5912588891409619
0.7226578715052838
0.847660478002786
0.2572094969896024
0.6730304752184529
0.4238604933532374
0.5841215265550971
0.47668251659730043
0.5874328297085399
0.5962626132760234
0.8038619197086999
0.654090747529849
0.8825582078340701
0.09054279550533118
0.5720674536712634
0.19685582550744019
0.7108647895097455
0.818772858754111
0.9865844360521083
0.0033909858737039
0.7518495926220374
0.22351466403020404
0.2830728278783379
0.8869207552042069
0.8596106903442948
0.5170493745264014
0.15188884939881975
0.28174033438939416
0.05191063696266751
0.12515848312626876
0.01768552969270465
0.854930124883442
0.5029900955494555
0.5630795614925167
0.6561050955758327
0.8938941345327769
0.8500015232762553
0.7756935144556977
0.8614154085288109
0.7298701963970193
0.6745787194223233
0.7057643164385439
0.8012888462909656
0.2494959394066789
0.40574330199182707
0.6221715411420787
0.37584314868797863
0.17604488310209943
0.16946867817819133
0.9490956089021653
0.748426816076857
0.8395607256069432
0.40958474644601295
0.8432839925024591
0.06537283754414813
0.6551361591209914
0.8527861945234492
0.7378835913340775
0.753358123012109
0.5304741169342981
0.7288684955802021
0.11761481013687225
0.3758237982704308
0.6245380699560292
0.570262682395761
0.5654937548490397
0.7751191538844314
0.0782262211399668
0.065481891386032
0.26115455414075306
0.23447436032300817
0.8560566495502457
0.6761567303572714
0.9792307597096878
0.072763878253438
0.6453297224341228
0.29550499475535286
0.7524607315319418
0.1977754766124732
0.0602691728459519
0.49105320894003646
0.8671210082141645
0.4877047144035165
0.9017041548434834
0.7107796579641834
0.9384430890781993
0.3464280698970378
0.06381571124148544
0.31983739644680753
0.58489800680454
0.2746838534466767
0.15443957445613143
0.9087767978523643
0.020066234737835864
0.22773476009432359
0.9620946433139712
0.3856797434011964
0.6358067906751728
0.048711768369912534
0.6751409297334129
0.498305464939898
0.3201436446843299
0.7874477896980745
0.7937838565491329
0.681755389804336
0.4854317649960238
0.5781867797376505
0.5359213043856655
0.25273756229362176
0.6390593730473424
0.4614322327831074
0.7949976459077617
0.4571563047466263
0.25199033256571834
0.14874769222968398
0.533682463492079
0.5601831813693857
0.391833272493067
0.42314920927921673
0.15959454979755916
0.42652362259826293
0.43321964293904747
0.7302279269839159
0.08212016371015085
0.6374192618093231
0.8970807663596541
0.024283403422552974
0.7246969378262588
0.707306073561454
0.9478381297136211
0.1538622917896877
0.7689792726954535
0.6101075301230735
0.8732515801130314
0.02895428668735822
0.41338802722130463
0.6819321803173456
0.8580699671610988
0.9893672683188557
0.4340283802849275
0.29955854618502176
0.7552067116247728
0.40272440489271644
0.9757854811917288
0.1883287835663835
0.48192486071580565
0.28989081023311003
0.05569294319834417
0.3231577180190556
0.9511956109261533
0.4025326734399025
0.7486083382218829
0.5900597278993542
0.3141743832342876
0.07153141254481687
0.8285103525648317
0.40604578882392894
0.4373478827958849
0.42533434624493893
0.6056579735934483
0.22452597974012656
0.7476684731318531
0.058765288863081744
0.40034178038242174
0.6012059233092143
0.14195704489218497
0.6640431527857458
0.5255420071578669
0.4121719195786818
0.48384740962744655
0.6188570879792796
0.6749144162993498
0.8310041335568068
0.722738715481705
0.1912326005590116
0.17137516464372238
0.6691928388772785
0.7853407530223292
0.7410928335342375
0.05223964447643081
0.8653594267401107
0.78193161569873
0.31423857045723935
0.15798624980455356
0.4921624215481776
0.8610928840954387
0.3170643699190403
0.15494851905690077
0.08387975089459276
