666566
0.3859690128183947
0.824455598313098
0.8897165781950066
0.6961039123426422
0.2111350181845183
0.09185121495690884
0.1782364412526568
0.7369094360199338
0.37128877064175503
0.8113019460057279
0.0865926521409156
0.16995491608765867
0.43137967894771867
0.9061277114939431
0.7879337766386781
0.847704261144044
0.8456856421610444
0.36519560937734896
0.4465488665719717
0.12347307937504637
0.5046137697766928
0.08819122675098823
0.6026765173715511
0.7076821719806619
0.15075990380851045
0.749448770415879
0.08400057170838982
0.8737896766983423
0.9351195489375019
0.7748417179550304
0.23497171577345044
0.21612378489100859
0.8426806812913266
0.8997748356966581
0.1618875826566959
0.9395896859545608
0.3602696478629086
0.6486286627768896
0.8851111070654104
0.5048210526514604
0.5642495372592801
0.7570447179104584
0.7141968367302678
0.46238725044922857
0.053407235851255064
0.7902944925914225
0.15456209838003832
0.0036846832728290035
0.1699851512341044
0.5295346515894803
0.11532155961257884
0.1375086979562674
0.5129798339882202
0.7204176982665144
0.43646824169302434
0.9996368662398134
0.6080119090630827
0.46017447556418933
0.7419689446387405
0.7805919389871827
0.7959393391742451
0.28532090833954293
0.5120118856868697
0.9774200343903094
0.8952235177127279
0.7575067407995222
0.9836806425603
0.7472632828894326
0.19333576676412922
0.5677244173125668
0.9113365074015441
0.595614866950286
0.23502922028136108
0.8260708321794565
0.8842377670950479
0.39266727059452866
0.06818710083329227
0.8556674388026481
0.1348555047131048
0.06769005013690677
0.5680076535880835
0.4583470083781561
0.560545421251223
0.2064119940321263
0.07733236729442983
0.19482554701674115
0.34656144400097566
0.29605959335251286
0.578407774719307
0.9505386553206405
0.4398742628033381
0.6860861021433687
0.8987662026853206
0.8711689326084804
0.6187568055671069
0.4927089520981063
0.6198599240910696
0.23357734102014482
0.9033061116562514
0.39299842081256753
0.17096125833658804
0.9013781076221817
0.0928741393065462
0.8110218109317698
0.360575792477447
0.17386117246160082
0.9325606779743784
0.35103012618746454
0.9935054721318319
0.9127585049386444
0.20701800755669708
0.5704031729022104
0.5009796913480825
0.33823263192270026
0.8367944631893587
0.9783821229991393
0.6775370853869892
0.8368503065840445
0.9720901886676819
0.6557460240096239
0.0961114832536728
0.4658023397509594
0.8481644539013236
0.16262147174927966
0.5230592160402459
0.9604260125159098
0.05579203368421071
0.11081078476893558
0.9251301745033579
0.28964751923152254
0.5237089505722623
0.6433292716321507
0.9430322677107238
0.20802936102026726
0.03368995717684853
0.038889688366580244
0.3493957333193466
0.8326634932983404
0.36423771267847294
0.7285367557731963
0.6140276591275468
0.5289601566793691
0.2097480475889959
0.6667115923064086
0.279230872269038
0.9310287392240478
0.37978946362882704
0.8383875524391368
0.41804004430999553
0.5148822890211723
0.7517930068302605
0.2462085640703553
0.4934996068060208
0.9273907908530676
0.0248212878604539
0.5943699137867464
0.3522165521694489
0.031593190425633355
0.15158834618550066
0.5225728726752172
0.6670506705475584
0.8946094025738285
0.37759110471626056
0.7754749258670345
0.28841724716315076
0.7703923039063703
0.5287082295803269
0.01359714135734269
0.07759642883243822
0.27431634623841505
0.838915226562453
0.6915311303445657
0.775864395263336
0.0685238363471129
0.7336978010217464
0.08946668175232098
0.7086700632101524
0.8486773857381512
0.12829830794077046
0.7065240998262317
0.14018815932437645
0.5273598532399297
0.026895078036063724
0.1403879889627344
0.4432292965628014
0.9125328521407956
0.29154288188477273
0.04235851655202838
0.41057581912748764
0.13953148356017253
0.019804875146861578
0.49410436359591214
0.2219510136392916
0.03381926515193656
0.5503341706853878
0.008394663565618354
0.36422075404591736
0.9650770982081717
