1084124
0.1888910072520954
0.4953844287827819
0.34830048921184675
0.858896484715872
0.5314385740248309
0.157537318696364
0.3661093330605565
0.2154574999013663
0.9377009154410796
0.10452941968337703
0.03340916661396087
0.9494700423713897
0.44620425608241276
0.6904979517073331
0.47028114389710873
0.4241979552921211
0.3278924342250319
0.7602718958073521
0.5784241741152867
0.8588843666321252
0.6070820737846291
0.7960574371405011
0.21385083971624663
0.22863696981525117
0.2339547481650891
0.40623385492820585
0.11851178042704669
0.9237553952357641
0.5623255453828702
0.6349866238017571
0.5901342176586197
0.6691678764674892
0.8072192971274138
0.5329328020346499
0.26770551935422204
0.029060480433175218
0.3829121663765116
0.455775032788144
0.09795870907093562
0.006401827340897337
0.8953389654276103
0.936498801440866
0.16193512104083252
0.9946918549025441
0.04528967490541169
0.9484392629460033
0.0654164888973614
0.18410269161207882
0.5568413188678027
0.04886811237871902
0.4501598180818732
0.5719720464127753
0.6795571018530445
0.1575101466180039
0.4640823261443997
0.3344068758156613
0.6588688281627766
0.4404050298001936
0.6792553836920782
0.10536194140439004
0.6396614680120964
0.08296519023327797
0.860366012104634
0.19684072141787023
0.19668103580366159
0.9547792135284756
0.6083250306970346
0.3766909948889444
0.38948804157182937
0.3374056175905781
0.5505278264344461
0.5031598328998377
0.004708075009053125
0.5025992338755924
0.09835579676325701
0.39400777934882636
0.7914179965639628
0.4053365775820964
0.055592305108552176
0.13777498502006147
0.13883310592049758
0.14106206763324003
0.9187897581484731
0.9221938172781362
1.1978576968629806E-4
0.6710454428073267
0.38454108122763686
0.02480343483559344
0.02314502244195782
0.9361268776123975
0.9498396453878223
0.05694868881503479
0.2851381234900121
0.8157066495995833
0.8172520027762653
0.12610547071929612
0.9759689730395558
0.41048188460963675
0.45873418773876007
0.8236430753922236
0.778358416391874
0.6111525872277815
0.734813661556638
0.3125049512823629
0.9389684880722285
0.24061787736686346
0.06676516294492563
0.7367111029607718
0.30255818734812867
0.10746606777595236
0.9113014009586013
0.181536059351316
0.8924763432296028
0.961345249887294
0.41959355243660335
0.2670329275742921
0.4465545783910507
0.40370867962137946
0.5539960362477865
0.9454233806228445
0.9135373392019702
0.6768794433466121
0.8402421940231467
0.7819420145135975
0.9493619815570017
0.9367525398162792
0.9695227851807547
0.4832837299252808
0.19216484100168618
0.9889749331446704
0.4902357377308535
0.7145148898443615
0.9998081547387996
0.48011617013086993
0.1411072048201505
0.043472016583842255
0.3638014175537566
0.8398434415961924
0.3902245611281222
0.25190907926178685
0.41982084868455416
0.5978905045846014
0.46970628411419946
0.6485768364120855
0.07103437648016753
0.6703289071184776
0.23923856944386568
0.3091648691614226
0.49628424911390234
0.3486950644898712
0.3973408260074448
0.23299536882891092
0.7186166401172498
0.6730217976373677
0.9338916811336277
0.14135762357922121
0.6174756180091955
0.9162412821866276
0.30047182853840815
0.571668860188411
0.8823365264021457
0.24747401446364914
0.609978321598303
0.5249838605966326
0.6362549638830651
0.7835081653813386
0.4601677465196702
0.8503601112279981
0.20218315043618684
0.5255983190838658
0.6429203146581115
0.01831566674973495
0.9100219821570859
0.3842643344982184
0.7904882392096205
0.416972361872191
0.3752897837083401
0.6153143455903158
0.6956012295520454
0.5520075636639188
0.8431837486255299
0.39277453644549787
0.4451504504273994
0.7533655388313871
0.5577913376072637
0.8662336397407306
0.4801116428325686
0.610361795709739
0.7085627001650305
0.09955723273939165
0.5832262537187403
0.15244434109981386
0.02210795060943238
0.6206216039678116
0.7302919344898878
0.4847148348791642
0.527553413165731
0.753058321439947
0.6074809503397745
0.14898893599693153
0.24299603566198313
