581828
0.9000981811728439
0.5108290072509738
0.5888124167679931
0.9639931092270408
0.7549609097449922
0.13619373620189656
0.23191982166571623
0.3318483456960982
0.12238828247919042
0.7282782032486882
0.24553535814620553
0.0741894705675673
0.9874412256822932
0.9008752521782474
0.5331942754757123
0.39897129381850716
0.32879103265569165
0.46467778205239485
0.8265287839952692
0.3323767637213426
0.47560684038475665
0.4364732683406366
0.33282961368406416
0.33251466208716185
0.3923324000480276
0.5909184608644934
0.9002245194767804
0.6042231653454951
0.13992599849080867
0.7730873684493021
0.5314801445772028
0.060693361526012235
0.36148504756527167
0.8779193242681473
0.059553714801744095
0.9807104600349292
0.25897059935773803
0.16404081985683927
0.9255920937628846
0.3812193050126196
0.3650493246492532
0.033582427201255705
0.1997400745638892
0.6686448727486841
0.9799980409113948
0.9075196663458993
0.7158298710231417
0.6216252743447305
0.22630098542731603
0.5180902521177814
0.5202739636536016
0.5962148764562812
0.9611484363200355
0.7349683721759892
0.7382360747762357
0.502461802679437
0.9995313288488473
0.1246294940841437
0.3889129987113563
0.06638113929578782
0.73687901873507
0.45020217921797756
0.6268966492681348
0.9185570247995187
0.21126273399172257
0.40391604455410746
0.4935249657024833
0.6154495186782876
0.12464360303313904
0.9006451207139583
0.8907084282530683
0.9113841969917736
0.5906612207347076
0.6868813211550984
0.6825148860292275
0.30048720342080815
0.8515137656014896
0.4682453166870827
0.18953943411435648
0.5841181898764175
0.185310825615414
0.7000705282656018
0.028124582436240386
0.03143087137973777
0.2749876301010531
0.4809347080758849
0.5388306893735662
0.48705217548725643
0.6272339509776742
0.9933946834840874
0.5929611017564548
0.27581921406862153
0.3007343576182602
0.09083120147367674
0.909954258317025
0.638786794890559
0.9718036697717717
0.21304833488547836
0.9661540568804342
0.8929779685477091
0.25874912298135355
0.6726028536864451
0.07040887124810546
0.6176215617581304
0.9626063196459249
0.2433575542611669
0.5940322818563651
0.5023382495201157
0.45122780233686643
0.5167262896086436
0.9961819033941508
0.03291398166958648
0.5227592160762481
0.9885011789106534
0.40766436314705157
0.44006496920647775
0.4195938642751361
0.0677968049667117
0.1466395723977143
0.5899333219722606
0.47408133357626947
0.98330586511701
0.27452420555993984
0.3752528744945889
0.028863171226233386
0.9523081749102732
0.15914788623907783
0.7192536443316601
0.19686124513669667
0.346952271620263
0.6927825251416324
0.7629037186460725
0.7419369634352201
0.09940436705229161
0.4299217576657858
0.33296627053591465
0.992986091135745
0.6910556298161785
0.22445287464528374
0.18103064539463154
0.14015885496702618
0.8211170448114812
0.986511974546554
0.29685412351489915
0.4762030278842665
0.5730328665412755
0.6886227569855596
0.6531063322801067
0.13094444507085357
0.5972292584785237
0.6007581644362646
0.37166844581260783
0.2003757657330233
0.5716102859560915
0.01734805342823842
0.6878429292342995
0.7459910182853815
0.1221602600378322
0.23395270340288887
0.1767976857675566
0.18865083664946303
0.21378211396849756
0.9827684765039001
0.7980217010015839
0.06588670774265715
0.963975954392811
0.15020043141796113
0.5024866212876185
0.31293613400330234
0.8819207438714438
0.8481249242505438
0.054551775477690745
0.15441197466595935
0.6794058644900841
0.5568912233316985
0.8138522743337911
0.6548465008772676
0.341227733499715
0.7605848388553266
0.2407026924717357
0.7017964316794467
0.39126782685602013
0.7652577864443393
0.4261291933844912
0.3810042748746052
0.8366475528997898
0.60829717436539
0.5508451072617614
0.5373103156718316
0.5525966023163784
0.1356202669684794
0.37528362801108694
0.6388314489984932
0.009334281150958357
