1141000
0.4408534350748631
0.19502516733419983
0.8066288785249459
0.7226879306464641
0.09201856904942707
0.455026745830473
0.7576409339490213
0.7346299494527225
0.7519978221268523
0.9753429275155117
0.06290769095947069
0.15028091467928473
0.756067414273003
0.619627253527309
0.8790128105018531
0.9328286065693414
0.16920554683055222
0.19153320984165279
0.7351098262310647
0.167082336847045
0.8860909145426233
0.8034271079423407
0.9043157458144485
0.859856337620716
0.03411518548443282
0.09051882805092182
0.4808990240731349
0.23832299172115123
0.03320359227247416
0.9963489450577823
0.10694024384212863
0.38368824051321715
0.21094628077877864
0.3344931023276375
0.9562803349099183
0.5263148512676444
0.25134330461787746
0.4095050440570802
0.4362058536092497
0.9520815384775685
0.14735348751683786
0.8408428098637988
0.31552992953821946
0.24029073372192122
0.9314720948262984
0.8346018996629208
0.45042981473761967
0.19565930112023233
0.9597106636314234
0.6137899633315899
0.643119032665788
0.5541099741966584
0.7855548193680377
0.24848275686909083
0.41064593248330183
0.1775405873896928
0.6846846655848465
0.07365120751500243
0.8099615477316204
0.4346219987958706
0.09899882749217837
0.8719230468259486
0.6243551304154722
0.26422840963963845
0.2507784582403113
0.027328022672022168
0.6100210453944808
0.8653340746267723
0.017398759221467608
0.4001420655863237
0.9826286572813884
0.5675884974761123
0.7871048860848274
0.9766995897230669
0.5093791322125367
0.8306515769256133
0.7418046783729365
0.8088603326225856
0.4911810154922338
0.24814491500040925
0.7828656525794181
0.7390211318005021
0.32642939328976917
0.7353451680324675
0.19295386940486758
0.07547682574615033
0.7050612691632169
0.7376453700781528
0.27531182329202963
0.07461148050904054
0.7845042992454587
0.5166704451213207
0.7754847213069882
0.9198735462585043
0.7118546758304608
0.8447860154680832
0.5240451270537267
0.4378421981485786
0.7492283487509226
0.3703400357273867
0.6760887262365207
0.1593826937319075
0.536619550780598
0.9567364088738528
0.9898632178655112
0.6640837420117227
0.6358181385464148
0.5228950975955977
0.6508063540940295
0.5565888348997183
0.7429813217555286
0.1667647658596635
0.7312960386230208
0.0894170254894735
0.6107011080970365
0.3969749073748511
0.10931175434846951
0.7485855728323402
0.6299250583447907
0.767299756346369
0.4710063182041041
0.11181328722289097
0.06345792120620408
0.8477030802040477
0.7662175984850584
0.6272239684443718
0.44518127357284265
0.10968543627757898
0.6357175299615149
0.21945385954005558
0.496972740658738
0.6376179062048865
0.0712910192926619
0.9758963279393615
0.1787268253051446
0.36112951012477
0.4687715170666491
0.9288089772850309
0.9185653894453641
0.960999215786738
0.36394147294303636
0.9386331911937251
0.8907137663005262
0.400792921619643
0.7836675577087262
0.7345874369692645
0.06688264689479584
0.9913502896449098
0.5361888603675556
0.5124707879190058
0.6302714313065152
0.24133177296403974
0.3136023608434616
0.9778420716582692
0.9112201660697705
0.3776513077520173
0.7724134849437839
0.499613392953968
0.8296804100807142
0.03148267196831789
0.9918074141354977
0.7072673332232174
0.867742981942159
0.8947074696760333
0.5940796470057836
0.5904200425274864
0.9110519146012998
0.6011399934848509
0.22658295848300913
0.6096473837598879
0.5013073371174165
0.7567488323509712
0.5978913336947269
0.8834837537476935
0.08381777634201304
0.909353048549627
0.6104245900550763
0.8848644371325887
0.6861471704733473
0.04530810980473943
0.33205350333059114
0.9451460639078546
0.23198889908009424
0.27587733321473606
0.3968780149272677
0.5276903798515943
0.09070751509288522
0.5840067126541457
0.5397704268161391
0.3112145275762441
0.16703586892628486
0.9031171747292152
0.8852980357395317
0.782131827566702
0.35260383954523744
0.17224048213187393
0.17285685750418012
0.5672305197087159
0.053603667391320386
0.23628442201937871
0.4187439079464821
0.4051688895566673
0.729595181949005
0.5454686944215911
0.04116291957392948
0.4449679404760586
0.39330315967984253
0.29784319481095634
