652425
0.9115939947748019
0.4064272617896154
0.33854189083800135
0.059785851046465055
0.8220961480635077
0.41947990228088716
0.5546456913250718
0.7106539258474578
0.6040932393238609
0.8363497439525882
0.28536284663644984
0.6317759201275632
0.3495999318201526
0.23082383064802425
0.32330496316285595
0.5261089850200907
0.03856328400881048
0.8593415262462233
0.20455319843207254
0.5068520563480773
0.5755932869522878
0.4639394317579867
0.9253498391088251
0.32070456999955566
0.7516070197326381
0.11928375031621385
0.12200942652082924
0.6357849673459329
0.9241675250041379
0.9998477758843923
0.2940983971560268
0.8554428878458032
0.11464584649346277
0.32940855768081
0.7050470811010003
0.6936239316910076
0.7861588939506946
0.6609662386714886
0.29424869970577483
0.14288336932941514
0.6907258535359256
0.033773521626204284
0.9544405758721961
0.2814135534767851
0.8947150033343625
0.7845812604663641
0.45199435212632477
0.03277405103032338
0.9976063282835433
0.09386286223797446
0.19629558130009195
0.39914510599590636
0.946651432215687
0.2521709697502098
0.09908059217328324
0.08980038976110272
0.23782268431837295
0.26454116732242794
0.31851818753298533
0.4350350717594239
0.9443849933405462
0.01308565472587464
0.34836468787468644
0.03978797265043876
0.8904343517969618
0.6240427225152565
0.8366655297639308
0.38856852181947
0.650974544423961
0.031749055725677655
0.5002007080407632
0.9466092857911298
0.44285880050808324
0.4890810542674794
0.7339468130020613
0.41005133022992357
0.9032667645802673
0.7587765906155255
0.1557122270589174
0.6350538477351235
0.32021182178306096
0.9459738297101138
0.16896082047229966
0.13826392963470124
0.754533791491784
0.14480156573616332
0.3368413122461682
0.3757260206716041
0.4622958515619029
0.8303964333792563
0.42027038051437426
0.9665197576844579
0.7244874205535663
0.6307541733699203
0.005759702209808815
0.6060930917934356
0.07944046950707562
0.7236740418726655
0.30348651210140964
0.1195913228851726
0.7798459807350082
0.1808901548171571
0.15026279940648812
0.15794006587780252
0.40299231009573466
0.299130742116438
0.6107201320608775
0.39313153029373604
0.8303128634989526
0.6682634773132176
0.5118685908918502
0.8654713881310684
0.5714349594635043
0.049437770649245594
0.28663880442499934
0.053868224217591965
0.017774400334732543
0.39865953642604324
0.9092275437535119
0.17334806600985753
0.44121934077314584
0.03232953152807139
0.8325755728638836
0.6076400092271456
0.09183554162811425
0.2548309443211785
0.3428514654364987
0.13094126433629505
0.9704482012507335
0.6097399681757791
0.857086080176759
0.8865105471496142
0.3174000114733857
0.5562028424833937
0.4989757554716513
0.9212890133639199
0.33308561031281125
0.9888608139941254
0.809343321543757
0.1677793882644426
0.5866998271279138
0.1668067383822316
0.31981215242029504
0.6408590213352954
0.12455321956308862
0.6909923902863704
0.523131231265786
0.3000331637021254
0.24940686569758674
0.7009056503825106
0.7598135788709918
0.06881853396532622
0.6381266066100261
0.6540728192427395
0.28439380012455917
0.6110138291088488
0.27739191032230015
0.7153214863517793
0.2207412346391332
0.28014643179897736
0.05136368732557128
0.9641225776283021
0.6818665007475715
0.45599416777234414
0.8583155211443851
0.1084264162680213
0.668059792959718
0.07651185438597075
0.1615706240996706
0.6010848794366704
0.8812366682597961
0.01663842017194017
0.7203551425778095
0.5269330155709321
0.6296130222063038
0.1627207851500453
0.23930658593817056
0.7108583369240895
0.703302353465722
0.46248539530937816
0.4991314021524008
0.2844483587976109
0.3814657026122833
0.9974003599459413
0.7170468977350991
0.08378902264891264
0.7580411750822755
0.7374970269175071
0.3796215419637401
0.5402136603185579
0.5597074465275393
0.18149017659785693
0.27583080951516137
0.5339800039382883
0.224553759133869
0.07336618901371372
0.8815653113648242
0.025764290520955635
0.43801833090321285
0.852270272219061
0.16107035466739128
0.024367933545462295
0.1850958164698977
0.7281912197245811
0.46500088027722797
0.8351935976475574
0.05329776144125431
0.32736999246536147
0.9879748282505846
