538058
0.03825796094153233
0.8516271534061705
0.14306886284160092
0.9260311588562504
0.23574084574354826
0.3110285512909664
0.43300090234535094
0.36229362808674215
0.42194721068757735
0.44601868600232486
0.4551723114690698
0.3446337412797372
0.6141022262307719
0.8580190336789136
0.3655335785614875
0.8763587666778949
0.6757780730580747
0.350839057911962
0.28835337580717824
0.8307361103473723
0.06815731648783463
0.7402608030219101
0.4286913857309005
0.39291532333393586
0.5191338792207921
0.879252557036041
0.06795337256135126
0.611894231635668
0.00189448948738824
0.20915937551138852
0.3329773503764841
0.778734179850764
0.3502845177979037
0.11131381173969368
0.8104901097649723
0.43364722593770233
0.4793572020821383
0.8358144592665174
0.5333667264934937
0.779650749816995
0.0335430014824174
0.576577021083688
0.3329685013566376
0.7410385396874279
0.7413229004494506
0.9165768477598094
0.4343495329311535
0.5026099556868593
0.4521522172096524
0.10382654685930737
0.40062011650413976
0.8914637561200401
0.4906661385514445
0.2721485162683279
0.9371454552381574
0.41222338984658224
0.24557808181824547
0.183668738235502
0.9456954222323367
0.9764952269559657
0.15310186714074125
0.8148606449459164
0.2043686563107845
0.5362527197339606
0.31567565155143296
0.34640071022699626
0.34646285188235615
0.03420567228718807
0.29418347273157974
0.26602906134268645
0.7238227642905336
0.6923107008548072
0.8965349807266918
0.22191675067112315
0.9768622654070694
0.18614986996690552
0.4927357007397718
0.08166565113878654
0.18690036973850765
0.4821221585083587
0.39133615588730375
0.6621130642729857
0.8750155239830453
0.043110064775733536
0.693688010800044
0.22940117483055522
0.7746394420228853
0.7270434357219219
0.33854881722120744
0.10638211065835346
0.2703831201200082
0.6602669254495629
0.7661867460410303
0.6347414358282211
0.44730299336072943
0.17971526227498102
0.40121557883400516
0.505829405252388
0.9312592767000772
0.17904837878111435
0.9757485990994201
0.08599271130147501
0.7458237714878514
0.7350998171831816
0.6698791628498856
0.859617534906024
0.5845902533524832
0.9026307648614894
0.5939135039044696
0.5525007600889876
0.2575211449946969
0.9745527869497139
0.49335409084111514
0.030025934701097268
0.24729938089780934
0.13652846752255832
0.22196280499087084
0.40960191953030567
0.5034528301893989
0.23726868584441352
0.06335900198120015
0.6724737319795391
0.0023584397704015103
0.08511708016245212
0.6386013071749677
0.13326696134567417
0.3945000583531091
0.3997155984866668
0.1679977720926462
0.041012733282824176
0.657668786331441
0.5195222272003167
0.04027059706505831
0.15730882851886063
0.6772383795559218
0.19999781835387442
0.6543942663997376
0.2604622748430886
0.5823823924753255
0.051056006257206965
0.7779358777059943
0.7665599853230545
0.9620214299670048
0.19223986257547865
0.5453773176427218
0.9625696571243986
0.5929006332336626
0.7900477775480128
0.2757999295977708
0.24838512255916345
0.5857676382349408
0.18819071468042425
0.3068712093209294
0.5399827668856259
0.3905815833943719
0.4109511191075903
0.9975069945015146
0.7442769008353917
0.4743156939005324
0.7733872337067791
0.855540024676102
0.5024630908153555
0.2644670277760157
0.19878060013346854
0.45661760347945435
0.05636593978812643
0.8819374715232334
0.621673767467684
0.44983804866234567
0.9909133728390201
0.610334504933667
0.4521693284366638
0.5634687951667336
0.36120157745569814
0.21218009864287335
0.5574192443119013
0.8760925624770549
0.692209782935739
0.2935250939750337
0.6240066937033624
0.9556429388006945
0.5569062317924884
0.6911712852676459
0.7317453563926706
0.06170863424027717
0.32929070247370484
0.19678204976616342
0.20808415236883038
0.8207638366275931
0.9739085505595066
0.04244119655755574
0.22761234300447086
0.8235117526238344
0.7711797988024931
0.9338324207180145
0.11264850547850458
0.23147836076530415
0.49573993413569295
0.6304840244075389
0.7903950079621441
