790685
0.9153154004574823
0.2276250356053955
0.8861755146629322
0.16597982437993264
0.5122438392511417
0.45815596071254894
0.8199349884439467
0.2279738698796996
0.5261544578787632
0.21775371190261983
0.2888630129595854
0.8993236994594984
0.6943783158678808
0.11736631726699065
0.29682009089658923
0.5002668858374228
0.28050621280383337
0.03498214967315971
0.2180103706929527
0.4642714976304072
0.26619058099221005
0.5569572225394445
0.39904593958651546
0.4523602149036513
0.6685525528620343
0.311436334111322
0.29250450860957644
0.5262404378307886
0.10940222163436242
0.18316029278735946
0.43709748362999445
0.6721613537823227
0.6319092616907162
0.4535411922221566
0.21464779062134465
0.14239581212421182
0.6825133529579046
0.27862688167761207
0.5020500390392667
0.6814172435682901
0.6752949768899953
0.08686188606096412
0.3440465565669032
0.5512998455869055
0.26522748676512586
0.44743554889797243
0.2337439554550489
0.7317800754836624
0.08569245333873898
0.16764482093750122
0.5756091899847757
0.17171669687112523
0.3310090179102313
0.7862334744598541
0.19782397668607066
0.9957149850212706
0.31408854269637676
0.3751961977981936
0.6694837801529493
0.4735309141543512
0.536300656496917
0.7123665379519343
0.6270229123153951
0.6988424630781254
0.290911500529341
0.11528122357635817
0.8892333756295364
0.26949886297007997
0.7298900366630747
0.13962103432461204
0.023299778440161623
0.19491969888731286
0.6077118622006716
0.8224448598434685
0.8723402497060517
0.6592906824317518
0.8019428867006324
0.5381082774979189
0.5282727478193486
0.5184877911904832
0.3403624303487822
0.3948832464405032
0.850506483736726
0.8709661895204245
0.7679818959157979
0.20570289622670923
0.8339612790056369
0.9827899834493357
0.3396743929700444
0.2773231492387275
0.5614367874478166
0.1425053228820159
0.050316685721944476
0.498528234386156
0.6260731783340345
0.5799116109615549
0.927639102995744
0.7171614788676863
0.14939974642141196
0.8887215260448732
0.7699026413085155
0.370342387153196
0.8053435028547267
0.1893939627424358
0.2882367387677718
0.6797797009378043
0.5183412756650975
0.7348753972128663
0.6386284352062901
0.5946011788095701
0.17208899697748958
0.80096729909787
0.6008987902905514
0.2098878469177492
0.6228584734474072
0.025311835637990443
0.10714782547406487
0.22264422893791302
0.3582990441015682
0.45495759853465356
0.37000521979727075
0.06396734952014527
0.2671256298138658
0.7131061215317088
0.5499585085129475
0.616464994312202
0.3738617098974091
0.10986288987297443
0.6060929502550004
0.38926222353558615
0.18831979563138856
0.44700484534082485
0.22081031139555451
0.853860779998111
0.6217779654458021
0.41521606556251534
0.6054160673759577
0.38610692066745345
0.8776069230780457
0.5571578528042647
0.39627807840828355
0.885191248867894
0.2773104931976583
0.06271402905974377
0.662976186919177
0.7880271111213328
0.3691571768255014
0.960894962300191
0.14189114693627047
0.8975353513275578
0.43556516449349525
0.7492823561604958
0.7477845940180161
0.03977288472108187
0.8755244927339663
0.8133143610343734
0.1277161419900812
0.6726939038091778
0.7247798660897655
0.7044668236660414
0.27845565632195934
0.1675481947506453
0.5320196654092213
0.1463121926424209
0.04001049752376351
0.7705946334287355
0.7707968363992522
0.5718458254740926
0.25499719011337985
0.8164958860907054
0.30482453698833
0.02377696300805965
0.4527029715575791
0.06510253547501998
0.1834190691229889
0.6814166403605644
0.47526934762803363
0.21973427078694807
0.2839409346338351
0.8979786460764961
0.5850535142604414
0.30134120827669686
0.6948462366461227
0.4806662255769889
0.3305917222767426
0.21201431312840935
0.25031076687563114
0.5662757056951746
0.9847507311340993
0.7051688098526997
0.4385322977225323
0.07597453840744717
0.02883030581024215
0.7443730522077924
0.02100802927645662
0.4807396413646612
0.9442164251833929
0.8802726910526611
0.34363630842415493
0.5459072161587971
0.8208451450785723
0.6733137097956682
0.9562506132023342
0.282046208256696
0.7931768147221214
