1262715
0.09056285298212874
0.28000018128459137
0.9973272877679732
0.5898933380281426
0.43013638486338335
0.772707599245734
0.7039741853187782
0.40573308854316925
0.6607370143954515
0.9308206873312244
0.8968645082109347
0.03701882240233434
0.9908341330813681
0.005305165909692322
0.6058624034884788
0.3440266014690061
0.21284522648203807
0.8684410042571188
0.8096181827112492
0.8607204202897891
0.41469764909017104
0.8252715826920721
0.0523563002286318
0.5369195028834823
0.94443798960798
0.9074081574750904
0.8988603815626388
0.42835756111343604
0.5818096832069484
0.03873750837626866
0.319377176404427
0.8300934098930842
0.08558630934273026
0.47887413771998566
0.5108293348216226
0.016595704326815452
0.455133702573843
0.49807172264635835
0.41397063168501236
0.11375457025688673
0.4567095015484033
0.7591181914401105
0.054701755405672015
0.2690636170341123
0.7702822619782983
0.36721601827546746
0.05910178208838768
0.4821982743316181
0.21882696515814037
0.7619142147028337
0.5202756618993857
0.03930029622774478
0.6260857214360718
0.9737988385742994
0.889050435977666
0.06695948213485337
0.785598841927745
0.1968591092109444
0.9343583489547544
0.40897094890579555
0.9988233992484777
0.5724790146143292
0.1911160203093295
0.05980649536820404
0.4913500320397233
0.2778378503073651
0.852001154101007
0.7268002539687185
0.5846257669309618
0.5597248255138833
0.7212433912764245
0.748351678186194
0.4091700421207435
0.8550738202058744
0.11649845254614444
0.7181771387864126
0.7707532890751013
0.1545968443388419
0.5475740364009128
0.6248608114319567
0.09147716135732298
0.18131517014357657
0.307198872681815
0.8068922142512982
0.22234384405688512
0.41685877983872677
0.22658192235402808
0.3073396135305696
0.4243487871714372
0.1867563027573097
0.11605024132846498
0.9690249524890006
0.9882285908756141
0.8738415845719648
0.0731098957843167
0.5794876840168469
0.163964015482033
0.9718515312743676
0.4953754477786477
0.34467800754873024
0.9804848980508288
0.5028993245124613
0.2961047434222408
0.7356977595069122
0.6871891319643217
0.321244317212372
0.04804971009770742
0.47604045698446495
0.1373214684635793
0.7054989038264393
0.16432069967999963
0.21628854728969993
0.6142907008408979
0.7324639968020611
0.9577057953958074
0.6700142421692684
0.7623797649152615
0.06653577001881883
0.6879607335438177
0.6843727841057505
0.756031868169203
0.27509462651344196
0.6947819063014854
0.8434818054195132
0.41962945299997856
0.6105900222358629
0.714562394235533
0.4166267975882284
0.31590824384556504
0.4209614528832276
0.35768384760774563
0.8756343725218174
0.015153347391978045
0.6715950851908479
0.1926542005128502
0.903598727216562
0.5220981988694804
0.5637339702702228
0.80963842111833
0.3240779767491151
0.10186997943099807
0.495742166074729
0.8532713095514105
0.2206894245550165
0.6891273295206317
0.07820067430239452
0.6029592778086369
0.7714273698819045
0.3628951564372608
0.37625840601863536
0.7230819411297598
0.870453992662284
0.39510364066521053
0.46548478649196523
0.36755460540208706
0.7291842997073565
0.26349738739493433
0.1492006191880343
0.029831744596981125
0.4929475752838127
0.3174882474073978
0.4665881440611117
0.7890457280088676
0.6750080564592269
0.516698273648951
0.5350599964988255
0.85117697778031
0.2765397591418295
0.9521483130820168
0.7383044602236656
0.854781485855
0.6114709268048747
0.717662807055007
0.03165683368971184
0.7107562398221845
0.9323133816437165
0.5536049502371735
0.22675390135733098
0.45347344748821206
0.11110119250404005
0.8416105975472832
0.7704321213650173
0.7667711023352707
0.8053777101202992
0.08014140580983853
0.1382530765417994
0.48129088972341794
0.9553913771097985
0.1336197109519226
0.382635007243076
0.6863192132172847
0.14114532163878724
0.7361533544842775
0.5944261548226908
0.5800942255213606
0.2972274095333557
0.4870846021015155
0.6319868340778183
0.8751669208265243
0.6342521212575256
0.5101041731909972
0.44763859898289804
0.2264303340485886
0.16203808975173561
0.14136820219533097
0.7020503122652549
0.005908639223185186
0.7159855094414304
0.2160843905920914
0.4853388895193884
0.24118567785933276
0.7289778317095063
0.996370195050626
0.8517560025755737
0.9439699717412708
0.3458676068835308
0.8349754643261634
