4189350
0.21867856259654284
0.46052543071700747
0.3034059917289633
0.2569682155002495
0.4010848064725824
0.4806516272683412
0.21587892200811165
0.8182265215799216
0.045782116976928244
0.7101045600396582
0.7441027851136173
0.38011288045417524
0.22371446437427056
0.47068013643987505
0.7868457926251021
0.6296608369052157
0.2801311089221399
0.13249898826707895
0.49741334385678393
0.19633642358383707
0.6798114654826114
0.5804307226342245
0.04562475272531874
0.2384889829510991
0.09168749608082294
0.3032419616399159
0.9237552150448031
0.43171449951032326
0.5783937019220511
0.845510251686244
0.07926210184307281
0.14086713952152707
0.007820405341467773
0.35683324016386087
0.29503892756498495
0.20544538230973275
0.832021422639995
0.5731209947834787
0.420864554915486
0.4951662839420726
0.5173134441973047
0.945248017879857
0.8567961545075098
0.2137454276553068
0.7911122837818851
0.15226863937663238
0.31783662225972165
0.19130771432202964
0.7474877456437117
0.014960691803424742
0.10232437023742191
0.6948772154044676
0.9482910824216453
0.4170301807350101
0.9096341817540535
0.8852071214165377
0.8048940632400525
0.6250352295651287
0.49454622705829854
0.07587394956621007
0.2620389237593478
0.39387779937772127
0.7952806968677764
0.7407105663783793
0.01566362513967301
0.027120346811565388
0.1370527055960934
0.6946961031191319
0.8911729131809999
0.012745403664973787
0.7349011188398593
0.7826518054923679
0.8201254769927362
0.6366622151417135
0.13846133378389847
0.08864593306668933
0.6673188673079955
0.7400781775042791
0.2275524328501748
0.22385238985514633
0.15370355256922952
0.9406028390409226
0.9082958006544686
0.044798082031297426
0.8257794785939226
0.45356929974917004
0.14535420738716154
0.5186804011692973
0.14223596181745268
0.22490325013035306
0.5219735684991207
0.8497905727861007
0.9506497924223607
0.9874372094607549
0.9541854800017152
0.3988113192967896
0.8808263387050074
0.4566630289663435
0.057171917299531416
0.5017138689420055
0.04587862677110477
0.34285571279817995
0.4986198720055204
0.8094361455285745
0.3817749664741539
0.4529899286795568
0.45426387783232025
0.4357169680681007
0.9322486570191707
0.9433104314636792
0.7552746071496963
0.6389746673858147
0.051976896823029306
0.40649316654555734
0.9377321184176203
0.08723356244493463
0.8119762910846118
0.42708429411199145
0.2503954813974605
0.3392107080702583
0.7331082705684663
0.4206118845048047
0.292889287168403
0.8074125669668791
0.35977102431581165
0.3848096024195984
0.8118841946217257
0.3424148581213189
0.03210008868868042
0.6284132844528746
0.7672010309469824
0.08610419246946577
0.5622102366309661
0.05801841765367177
0.8570579022026488
0.8252206145667754
0.026889398171327517
0.8101762492127834
0.15768443928011766
0.23608861468463072
0.7087590602084319
0.19276149903227602
0.42488459712586435
0.8788862873672888
0.9644774380358845
0.01937226815797921
0.5652069948868738
0.09847661420922083
0.435844937770557
0.9596618685826458
0.14167588142204368
0.23187532113914733
0.37376612012987087
0.3855202096570193
0.4468091896193682
0.48460501855751825
0.348121158680363
0.9036971555985958
0.8986256840265988
0.9993179564268546
0.8395837221483666
0.43538973288328287
0.022818878514959784
0.06658694042817115
0.7008126566048074
0.5806166348331417
0.9297880372514804
0.7724516924848428
0.15626964880884375
0.8766219293100884
0.6858968988796066
0.39990276860286755
0.38302456446457434
0.7371399735059843
0.29979387517362677
0.5416583207018156
0.9255938610221583
0.9431926550263693
0.9043566125199191
0.6549706226238119
0.42578064875626076
0.5678577124708695
0.175212516125397
0.45654407288359256
0.6587438469699488
0.1361935145444555
0.8331738776101475
0.2869215737162316
0.5605081559487353
0.4497820942254208
0.3552384239415537
0.15357514352578572
0.8908598703592168
0.471468338637574
0.16310865688953913
0.29979927917983185
0.532930653784548
0.5421359006313907
0.6412371844652575
0.6075726838003664
0.9211544877309357
0.40532607825851996
0.540167126138538
0.2841328652402403
0.010397956228307081
0.9611048405990277
0.6888074847764254
