4491378
0.7171549384206536
0.31766351120452807
0.6901495255602413
0.7914204409423362
0.5200500557258506
0.2763843617633953
0.9676468258444496
0.7162068977740473
0.8205539339606037
0.8128680977199524
0.5313726486660857
0.8082018520743597
0.6326421123407218
0.71449592883613
0.8171672589423356
0.7056907699038428
0.09708225966581507
0.11129370819016293
0.9902586953598934
0.6815347581416825
0.6826664985764732
0.2105243669993695
0.9245379731161726
0.40761456824189646
0.3003324470624653
0.7919450142188407
0.3473570506032948
0.39186561941656206
0.08771934885722876
0.5559704935485759
0.4206767614943845
0.6976191112340627
0.08360218904465122
0.8833647180969216
0.042630423034741516
0.07981368221904117
0.24545828509174183
0.3427257162090849
0.12748782730050068
0.47005925431244155
0.9725239217706003
0.5688682427546427
0.5532596589125228
0.9360753059385667
0.029544061579601766
0.3959511354614761
0.5631022209356652
0.9290499897940993
0.46999246297091823
0.7532367740612838
0.6322470909508581
0.595763925095878
0.1333408503400162
0.11763072154769882
0.9854445208129294
0.6192956273151594
0.4630236470162239
0.8754222770920692
0.7915926534087713
0.7232098955043292
0.43231292146770506
0.7762202344394465
0.4272347449145728
0.4133887105073758
0.6366411978011755
0.12963279267737549
0.206518228645859
0.7687454016425869
0.05682094537839899
0.7035680240083952
0.49384734538625785
0.7326683738372198
0.559444180074902
0.5361665494259635
0.5320877189029732
0.5827654859781657
0.6040693390157557
0.07737834102258279
0.6764859701315453
0.6711399652402473
0.7367239406647995
0.5253941208991073
0.7245248075272505
0.635047270200679
0.18671218984297733
0.5875106172884639
0.835569509307761
0.1565055699161716
0.44422492083004905
0.20120440010206253
0.06238521261242458
0.23552206690548894
0.7386283350963366
0.3605115403951328
0.29124211411283507
0.006129576688152949
0.6882089789947439
0.10709340027972425
0.17017468848370565
0.41279697743710997
0.5938052429431006
0.16187744188401176
0.7298836067741166
0.7550059385701245
0.67303879304315
0.7986817278627591
0.4904584762700792
0.4680659076291753
0.7065178019003533
0.07264784396316792
0.8800160134587575
0.09473817406807084
0.9304641862651788
0.03319417706217809
0.6866864746562028
0.9087341698708392
0.2233020820548448
0.33148599613781515
0.022386481008644155
0.5262935219470664
0.24188574017749964
0.18712900752395
0.47359155009226683
0.1913758101766595
0.7924808687149463
0.7021406128445924
0.23710859611566415
0.45919806628799187
0.46213770625804607
0.871458480844489
0.45079552801671774
0.4671966502825805
0.32130485036240286
0.6544819522653251
0.8628550114755098
0.617937839175123
0.21276510814248017
0.4445609250739233
0.19231910078101544
0.5910743876445067
0.11672214656188984
0.25832755636616833
0.16994844180470647
0.24632564767171994
0.9762633084981173
0.3172867077216681
0.7124018249309249
0.030301950899334962
0.0023677116220788275
0.6587513679371718
0.6546628926666873
0.22941553445645646
0.9577022060919433
0.3158527965748671
0.45313525415960976
0.8161941153643489
0.28152120811639714
0.12391908908939742
0.7788308616837781
0.351324942885917
0.04899309644405092
0.93707444401473
0.3356563303917989
0.8077013605960898
0.058923906856499064
0.4192031507809304
0.6900834592420255
0.9500311375410275
0.33671753779144276
0.4802808555687952
0.23610378612146266
0.2365191447747199
0.7698580335869113
0.8222882089184649
0.5734811126078045
0.45654210409152085
0.8512479705877706
0.4181528362231616
0.4980911615598932
0.12394014211181681
0.38966322935236775
0.06583614145580918
0.7052554520942313
0.33470477707939095
0.9398930729639188
0.5721133960971406
0.327152213887525
0.9142173124980958
0.9928321337452582
0.4313811274942887
0.07511305813523239
0.21247637827345
0.875916836552835
0.14980066173345796
0.3129869923463384
0.5909410372393332
0.2792131975321933
0.19926876128358195
0.5196128605119379
0.11196432346905527
0.18458686625709053
0.36727156404983885
0.9706697244344176
