2226067
0.29075340078264167
0.1051599178608228
0.09135273126620547
0.7789292146689774
0.08293504829707121
0.8003392799674475
0.996359290003976
0.2893506407378946
0.08257258235608922
0.4164746706060307
0.5922585715150597
0.6320028714306724
0.05772418372033039
0.6929121216939942
0.9597457735198338
0.40952134204807067
0.23155179831689365
0.06080397033867235
0.09256272374846908
0.2906093871026283
0.14660146849155986
0.3536735761070159
0.06384101541140708
0.4734513254860818
0.497439798129824
0.6653879927841186
0.39369598277418727
0.4794251248905308
0.5415880405512419
0.0994513624829304
0.010557911654293095
0.45443216009590415
0.2050376836237241
0.06464483144126909
0.46566376143596055
0.4654327807971921
0.4754980201809562
0.6250778690008265
0.6408251189827064
0.3735729628303235
0.7962416885710313
0.2807184860552917
0.31176083929435583
0.8016556681411369
0.7600346318206499
0.3302804235474216
0.4686360444940101
0.6639027478311328
0.08279350054258416
0.07013282365606444
0.9694641489243704
0.7125254530059307
0.7732579338339778
0.7037378217019477
0.6988949764028172
0.9902994432857114
0.37675703236394775
0.7127166869712726
0.5208956107765165
0.056721408749918045
0.4502832945997558
0.01267220192344265
0.12473046996620651
0.37467354355472104
0.17457492800669272
0.7176693668045521
0.3090391580299854
0.9737449919095997
0.9465004781183768
0.9847969863684846
0.4795118256650436
0.7705551668252243
0.401144863662814
0.6452404915506792
0.25769728871327546
0.1613215266481436
0.456552123089762
0.7392712169990892
0.6602465162569138
0.876356532318344
0.2215687164100436
0.3663178805866776
0.6063741946354136
0.43161649123060875
0.20175542580946226
0.13824132213523066
0.3125950931802859
0.3947682467209561
0.03214729906924041
0.11703290390131194
0.03131474312631677
0.7444193199751449
0.2942272746467762
0.8476865043611332
0.8408369889741351
0.15571155499150136
0.09123426305484639
0.17474991474083212
0.4471789973546023
0.4449837344636155
0.5715999537595191
0.8398567045369579
0.7845512730236974
0.4270656996837039
0.19082756744395857
0.6912681367335811
0.22096595503378302
0.412310696294376
0.12678360118324772
0.24946959481321518
0.9349275477498084
0.23196593251117048
0.9987900143794743
0.18747241703910833
0.9711052002373053
0.4031106891084124
0.6434403208782956
0.4442501061088515
0.27687512761570665
0.22780526365141662
0.6932381291093087
0.36318210799563744
0.35015101698941253
0.1230912434980227
0.5567888469751525
0.39046593286886166
0.3617130691035676
0.6577895820371175
0.7613640517319079
0.8683904735927387
0.40797601183532306
0.07725317926459419
0.5896426419712264
0.6223576558695749
0.254823535920755
0.8183427829315204
0.179728646167589
0.9076524605281966
0.0031860182788966407
0.30636549720766215
0.40455201067266
0.5584082717795759
0.6197773108102507
0.28768426046845297
0.12782366627923591
0.19567329336163541
0.6202691821455077
0.012486596681807294
0.3542412282955919
0.7509860279297981
0.8958181524306794
0.7064780489951787
0.7506136438794834
0.12840546486288518
0.0861371182827777
0.43352251369080474
0.003805707609120579
0.532403786582457
0.4145310895825278
0.7741236261441816
0.9056353300206899
0.09608616176693219
0.6759142162816111
0.20834664559492333
0.624133459702551
0.10060097425220449
0.0528102073941229
0.5237811497744895
0.605071034673509
0.324919948659253
0.38993437224400584
0.8310957155664473
0.5927104790852593
0.3379113369162844
0.39397227334602214
0.9254753648014213
0.41579822958300927
0.016827095930953107
0.7512919276781123
0.218055147125636
0.02751325837505414
0.6008605904977076
0.518857149415658
0.5050034286304711
0.7579135704059614
0.15515885894311932
0.8614875948450302
0.19097790128439474
0.8239078050603218
0.39706375152983975
0.5740668873298486
0.4243905479043042
0.3063446748491776
0.486815257914719
0.07563762850567968
0.7508321652044553
0.4644325278484187
0.6317459795957059
0.25802869307283827
0.8286480981713823
