1908853
0.9891187411477466
0.49180422052645345
0.7852116230237373
0.9958646207097832
0.5140445411133111
0.48123523261489587
0.8198714139544158
0.6025525406365041
0.4797191825697039
0.8331745818581161
0.8517485808066686
0.5173368887038857
0.5065135741507916
0.5725765466004524
0.9292631228240659
0.22504544194552578
0.8863395594952435
0.972528300094389
0.709487229743378
0.8674838409818248
0.7727635361118725
0.7892456183725999
0.3790652962623495
0.5242856179868421
0.29404695733100084
0.6549593570635155
0.9070586358936535
0.723934799271961
0.5966174326521863
0.033805732203984196
0.956091714167929
0.013297244074273684
0.7456053842612294
0.8897824163571547
0.7506508330627186
0.293072911661002
0.45495987783235337
0.4037866842566633
0.575743610147696
0.7426563205537562
0.5295897643536149
0.8846301707010964
0.5296789683881583
0.11391868326529742
0.8272569172012565
0.2937954600973963
0.11570384192497096
0.7275070640638536
0.41956710375315354
0.4251596264951235
0.7030779580402303
0.032259293856397586
0.27012393506479226
0.22148805217901346
0.9565867384187009
0.2222480097463786
0.8703362631874009
0.0028191192002622323
0.1094364149014142
0.23104615509795223
0.9598320886076502
0.7069976419288156
0.9071508200016942
0.7750023498986962
0.9411591470173957
0.853299113139361
0.8711820965105248
0.7445632489000644
0.5255540745366094
0.35046818850972583
0.1410690098508669
0.7055420040683439
0.779778824546361
0.1262926229716681
0.36230894401276514
0.1543349992199058
0.4092928790570013
0.9968002773652606
0.20724917157086364
0.14194591227920472
0.6173340205462781
0.8879497526710728
0.6225041622603432
0.015709216862741848
0.05380164356388373
0.48051770992238907
0.951862904130317
0.5335622868483297
0.4895419321085034
0.671085559804751
0.8087792231882751
0.8376279338301256
0.7894526439406233
0.6927136233480197
0.4754522872293243
0.6863996927304562
0.2392406975295147
0.18363561339613987
0.1530443676601344
0.7111097968653749
0.9187932016589712
0.4633402805672151
0.15013066823324928
0.9621249115270257
0.5121119158966226
0.40861557877936505
0.22693165079845612
0.916689569120811
0.5081541764450852
0.07333331351788497
0.4635159697966047
0.6490364652279697
0.4274942203379496
0.8831909533825125
0.40568227798930334
0.3779814248437592
0.7002789969335028
0.23987535149103212
0.4926269426914528
0.7971256809419458
0.3783416485411176
0.5378897256724791
0.3665957652807632
0.033915400832680076
0.007337344578781657
0.830452650736231
0.9662647337988466
0.25060982721363423
0.32669879419396
0.015190636826866388
0.8563671516827333
0.462556013252576
0.3100396661136421
0.3410964598267181
0.7243601115494428
0.8272131628841537
0.798441685297277
0.804989223187666
0.9206129622496526
0.7174548102346556
0.9128284615762272
0.8069136335989172
0.5268627331244026
0.5733486438256771
0.07100184825078293
0.7661066222309928
0.16406392388606583
0.15803831331968754
0.7264565595267299
0.6300463906429725
0.8087965174662172
0.15572093540691812
0.46415884103887795
0.1484413401893402
0.0759099205453101
0.3248080922823302
0.6501808061773908
0.7368456019826909
0.15878256445014705
0.5373529386690921
0.5756867150677978
0.540540170515202
0.4268923780162758
0.006086066198864537
0.6264440507147913
0.22461540432360994
0.4832427149007512
0.8408247040673548
0.2915108463707493
0.9587752900058689
0.6043375438665197
0.11179457067990228
0.9417735760139234
0.4856958974028718
0.25002552224149655
0.729299599859587
0.7980266816963598
0.0406842290695969
0.6081505620595294
0.29805041611708905
0.10555781938409814
0.9683279350162282
0.5930175595556538
0.5861032631760037
0.7031696885204396
0.8560943333978632
0.3070171009424476
0.34936650646029366
0.08885328931320002
0.15581448991873503
0.22970113819606885
0.3942346569697843
