1889014
0.3704270668331936
0.04493599557649508
0.7471448107628709
0.4336591960137084
0.7039138093951924
0.6975962270809032
0.9792532860951436
0.2650043881712001
0.0011530187456670893
0.653945266492729
0.17723834586522724
0.7438688419617403
0.4215233024301024
0.27847859127048125
0.21756179606871295
0.5359289527604233
0.8546267348658307
0.1648791814882098
0.8985347765710618
0.17482027367731234
0.7569180039742176
0.9283359612779596
0.405441845884008
0.6341941634764792
0.3642517110014344
0.5460798859947287
0.2814004478727655
0.3314581183955976
0.1277681398169016
0.09891871530798535
0.46825668550351474
0.21875321787046764
0.606705569857314
0.25035380280775454
0.36699687905806144
0.15011335776250867
0.5645542754234847
0.8595708027672464
0.9902498002433701
0.5820677313552363
0.16513787161869364
0.6435124860308417
0.3330510104730555
0.5771553127665567
0.33025134302691017
0.2952643442259464
0.9679773131484886
0.8213828140618367
0.4163531124954519
0.38095076064186384
0.23727083789842862
0.7330512224160654
0.32893197608358926
0.8614334515018562
0.5476663565261181
0.8514443274983723
0.9361086149475337
0.9953016363016394
0.6321896704505691
0.01394837983787578
0.5760660697878037
0.4369127072891854
0.9297748555404877
0.15568059583188065
0.9619465217050447
0.023191381847039616
0.32896125512591035
0.824609305194253
0.19062513421342941
0.1358270439302094
0.32187852441864295
0.6312493073575353
0.12272960253066689
0.21622089277598266
0.5589489892931979
0.08935228916528026
0.46444158710043815
0.8547979832846738
0.3106982411370305
0.8898631661532347
0.9079892735715606
0.2341132145039373
0.8541963926014126
0.9157010959987142
0.40126640620709964
0.07602931512953282
0.48384211758424844
0.9903745897803979
0.026749736350963893
0.010754955138260525
0.2967117780901416
0.3408937628822144
0.10961463012683337
0.6770590084883822
0.3697893706955917
0.09333356651099722
0.3576007007080998
0.9557861241827871
0.5038925323856847
0.822926115700134
0.24360733743150176
0.15970245479297107
0.46506443626045935
0.29011113921183185
0.9146711347029549
0.059474192663120706
0.5924220780031749
0.5144554582652635
0.7169730739367612
0.7562500375667813
0.43317169899216845
0.008839997227582774
0.22747349956031504
0.0701390162146337
0.5217191106681777
0.41567507965602724
0.6009074322235018
0.9604046934654424
0.4259222137006159
0.1624016531462964
0.8635797232238378
0.10421657985069455
0.6055577572765938
0.9309932185538163
0.6983323970475156
0.5754665855729291
0.7341456586721825
0.7580305807024139
0.4306531817797068
0.47659447887280637
0.04690378080713942
0.10263753585848723
0.8358154538485097
0.022404073732464225
0.18719307944815944
0.9692804103739896
0.7055421093874473
0.7577773317581509
0.4425534268354011
0.11971900677085412
0.15082576923604463
0.5812123197221067
0.9955702436188256
0.35538361154887566
0.6607239760760456
0.858659952460396
0.21801371326583274
0.8160260993379187
0.15732146601309194
0.2425794125487074
0.6479154199230563
0.7428570422039361
0.014944882030304862
0.564013309209662
0.2038126593071924
0.42618627837479495
0.803397100121225
0.6515766780106028
0.9945836573814133
0.7145570981039951
0.45720737903591413
0.3682548251006328
0.2212778282775495
0.6325839095041459
0.9391575599574267
0.897896292413428
0.1511638150741882
0.04464602488203229
0.002350443682139325
0.5847704358595773
0.49140879261361514
0.16654783384673366
0.4251474044875222
0.62381541289288
0.9749287378084704
0.16995784586089113
0.037233669864819685
0.11312302003904928
0.780226984092037
0.8733156936133459
0.6804085167261151
0.4910824670552175
