3820756
0.08260742909771335
0.3573080668638784
0.42714278067026845
0.5279731560047888
0.08518756796655325
0.16459864635383759
0.7330206523123892
0.642553587701758
0.40471847498804836
0.30558393329867106
0.7723216975644194
0.02202235090203586
0.21642614554951634
0.3156722997956939
0.24743636565458993
0.605964002603035
0.4801795899157606
0.24753178930235598
0.9104193200144535
0.7262059648292464
0.37950710678928545
0.33658592429464973
0.2970690715100974
0.11653026664098465
0.3909691647040884
0.5673514578720782
0.20417261758284655
0.4571534232661153
0.5105299914059395
0.6411363481378048
0.7925140033704011
0.5799815180032993
0.4457960609493714
0.9794063708031254
0.7460971375837195
0.4850615578417139
0.6464668777342976
0.5621668717792747
0.7471350694330381
0.8743144309613852
0.8900689697938183
0.5969958781136154
0.6367090264318468
0.9955486030656258
0.7660217989393708
0.24190346519361083
0.022602614599758097
0.2079179290211206
0.8083098280157893
0.8639816194130197
0.7686675764691153
0.8294011795071067
0.2155121149178021
0.6058477506857155
0.7541796831547224
0.5075441505296963
0.06666729399682947
0.3531739900417382
0.5269943054842798
0.5666207404903532
0.6924281199786548
0.5491336924662035
0.9909131711808393
0.5275317358873344
0.3931865729720372
0.6853853643830062
0.06552514611127558
0.27117547136093445
0.009327110517556969
0.7142536812300764
0.33588584426511414
0.12168792647048843
0.9434917952886791
0.0730558037005421
0.06975155115625942
0.46286397683044467
0.11071825983278716
0.48906064447501907
0.6216858107167931
0.3692356114705474
0.9495373041348616
0.24235790345263564
0.16620717399502805
0.13269717013752225
0.06559427842814702
0.1039521464686648
0.9062494332997587
0.49623143277503334
0.29908398940794434
0.7376869917238277
0.3885561610589814
0.8682044089596497
0.00826651242501375
0.9571430564470746
0.3242339791303134
0.7838614491737661
0.14355697203044304
0.8624426110185599
0.3605393802751532
0.40507010554936695
0.2501593764720297
0.5469326669973921
0.5790765644365151
0.9050205072698881
0.8819410063511042
0.7600078601363953
0.1059347491383481
0.17150732541588798
0.035220557707984046
0.6398727592505309
0.11089494132156008
0.38058144039861197
0.11836949515696604
0.3888328785504772
0.645688023533809
0.6417743114531124
0.6616031330355059
0.5537428023106622
0.22538725692208406
0.09676056330854832
0.44106385001253934
0.3955282527967031
0.792370218439035
0.5652404254832769
0.942276073514024
0.6842386270851659
0.7188863395544569
0.07498551685325305
0.12027896479205025
0.1398753351004367
0.8021180290737544
0.3874075558759501
0.22721894285348776
0.6542804415668473
0.7847251132487199
0.9356719378984316
0.07291155747262101
0.3756589035709489
0.7942132075598362
0.4292934608598733
0.45985767359923657
0.7148471163279501
0.23606925405678458
0.7473148969337291
0.6914270809991073
0.3412292361467948
0.09845762873859254
0.6415830589344453
0.9903969672191911
0.2762422272981574
0.3303734436653839
0.20230172015557668
0.38476193593672303
0.26369902017173896
0.9404996947334525
0.9999540987454544
0.11870614952968972
0.6986987622343703
0.7306173560521357
0.31085207145479743
0.9288569315913328
0.5306821325315325
0.12526898326881264
0.8579833911952074
0.5894143480461091
0.7212283281317414
0.38847765075882257
0.054491844020217006
0.9744783632350953
0.03347998790263507
0.6286748116847861
0.8240398647883047
0.5118716364300787
0.15762111778324372
0.3845923245870857
0.6904669232564957
0.3099829426899774
0.4356218418426754
0.2577252714813689
0.9785706940384382
0.42763179655258765
0.7385033742575036
0.011073643136572442
0.6485031993640745
0.7266828530492768
0.37066552858470503
0.7892230386310946
0.4981866501787503
0.49811358921395676
0.22835776958656961
0.6314255942088034
0.21131904774164612
0.584467082833287
0.8231645359773003
0.24719391099666854
0.0029531698702920384
0.03509638520564906
0.19641378661063558
0.10302277740079191
0.42029633518407394
0.42533543701911014
0.19670790488314693
0.22920460906065132
