1173616
0.8613364309527489
0.2869676232611885
0.9508361032379197
0.32754911592813063
0.5900523647286607
0.9459536502420249
0.9793948073507134
0.6784360441114583
0.5929693903985352
0.77607889968869
0.31172265883672223
0.7116035538013042
0.23696893054082202
0.25089556700223337
0.5616678402593747
0.27298741583257424
0.6739120313390373
0.7735878002287173
0.5057418608273757
0.509162142142814
0.5450408150839309
0.09453021557094854
0.5639193298005468
0.3860541922014724
0.03933158043904761
0.00947176454343257
0.14697759675161148
0.5366358782857579
0.684735857616572
0.2048303416277517
0.05448895078884319
0.09754190150080666
0.6194108107752876
0.2738107489390591
0.1163668272449575
0.6174036161700399
0.9894532583485928
0.8655343146754179
0.3109069331462656
0.8237959578685221
0.5503169475035514
0.64909559012369
0.6635528371733126
0.021044842733677127
0.5110054604236486
0.275438188587647
0.33315483612379626
0.15774383538068293
0.1532981947837686
0.8021676956638617
0.426280152439409
0.15068032925654495
0.7826805978614343
0.10989717721383485
0.2451710209046315
0.8809734610930641
0.12331364391268607
0.6834463840740892
0.8712371329346366
0.38857717896247035
0.3562918896701427
0.7571929517941165
0.21350700529052968
0.18290371691070662
0.61860351843206
0.23110017139653194
0.9102527028718311
0.26017403595164545
0.9296198574254948
0.9524227087272054
0.7620409624038451
0.3722035548275394
0.1926053447987054
0.9278178727195714
0.6957530874134713
0.32668304382449953
0.1306541265064911
0.7815667497203865
0.6116545843596242
0.6156158612744284
0.7596225051953933
0.3078363742860133
0.8493853521070105
0.4664247884555801
0.2750406510313279
0.27839020248922164
0.4237795057851097
0.4893424931613677
0.03565185630429035
0.7618808179798268
0.6277134426784367
0.4550522991885162
0.6631406681982096
0.08683579539967767
0.0767197391090284
0.37814631587837055
0.14577582009006673
0.23767361425787636
0.7788933950359158
0.004820469570488872
0.23310792987965834
0.911563366374302
0.35365613023349274
0.00732709052386693
0.33952595078933545
0.6836686735160727
0.094233658903771
0.6730572475687624
0.6363901222942807
0.7292926394755447
0.17123926415914936
0.642726958668781
0.00562395784825076
0.3336669366802706
0.9085471080811052
0.2999925317046064
0.05206088004356113
0.9836056125895237
0.7276768813304704
0.7439220217478071
0.4275062427811954
0.17996943854914593
0.053200658393579014
0.8861014881256124
0.3063885512068013
0.2358644861263055
0.1992223907340127
0.105756128464504
0.9710385182882518
0.23272424544970405
0.01576885026581354
0.06911796428141459
0.11404815703467852
0.9949016326221901
0.8639702499438974
0.7733733449499879
0.6458265601538054
0.4131236273925195
0.31019790557879534
0.6108749600929773
0.5073825762746719
0.698137902238522
0.7818649993130098
0.2659050944019721
0.23152942929597664
0.17810736670310412
0.31138605694621124
0.5541275864112997
0.7701193306136042
0.0667851456443247
0.40982954914082137
0.8939683440863853
0.4105813858525842
0.2242287942845027
0.05808674103047573
0.9595154493039574
0.4419491428315796
0.3077897335650216
0.7809198720947803
0.20613114680328326
0.5987287060134661
0.8683396566531896
0.7780408042096655
0.3828204487588782
0.21037260689966153
0.8851729023304764
0.1264112452307562
0.849501609225482
0.4147877352435677
0.952750010022593
0.1392438726318701
0.5026760735270015
0.7562211788684742
0.8334242651203585
0.06972340995632542
0.37959673577265596
0.9810303215514028
0.3725196096547695
0.4812554000466227
0.5588847692890854
0.869258760724848
0.8356049962429027
0.771089846436443
0.8046473023857181
0.4956030593048395
0.5725367150830755
0.530455210173791
0.5114993054061199
0.40026986999685266
0.5388165587584918
0.6518783892242584
0.8994949182915829
0.7683863009843038
0.6120409060862245
0.35315433757223824
0.08082476959267404
0.8660413303860125
0.8296914604323868
