1529460
0.8068952682641022
0.6117776479045738
0.9173094795501544
0.6512925809756148
0.9392222516793626
0.8975181679271761
0.9870059477509351
0.7020005939126657
0.4326239364178702
0.1613117320529226
0.4053523047574127
0.2718623351280993
0.9999791477580093
0.02135243451634672
0.21683347169141975
0.1496931042972126
0.13652199706202073
0.25040880109473684
0.06916423624198798
0.2534063170309727
0.13975182504892947
0.02317686972035926
0.09618334582375943
0.7302072267316242
0.8133268028826758
0.9804673333911788
0.6645561723927431
0.10679071798609341
0.43163209447322715
0.9908730995228316
0.9052150184106085
0.7652083685625296
0.6130023562042296
0.47591440608358204
0.9123800372309732
0.5210466752719273
0.8521169907515634
0.4312601758899228
0.9861677329733831
0.362784726557308
0.5958765443649103
0.8244762584878016
0.3192084721831008
0.47467650124125427
0.9121066189901834
0.8788526206265449
0.08335780272432658
0.510229171404642
0.9967258640418679
0.8632126845714615
0.9595013017289221
0.7093255544838905
0.9925525620437698
0.3992105622280576
0.7716158857666338
0.8592653161924576
0.8517142447730001
0.9704721222720066
0.035665156861229175
0.288476238038752
0.2636635427213686
0.2720387384904448
0.9145703860907871
0.051373309486485996
0.9920921386131839
0.2739232829586302
0.2824122416865751
0.21381994281262495
0.31657459159208534
0.3891898300650838
0.34418333263796574
0.6808722235613214
0.6585621061925175
0.9348197641128899
0.5318247984663638
0.32196374156493357
0.8863856321458368
0.15272926279955756
0.20294492851390222
0.24341494348566084
0.24021708846598022
0.4186537045979223
0.005531383087899799
0.9341276590664516
0.2954759501326919
0.9082170260070043
0.6401330108653411
0.6675519582270201
0.8919578551924354
0.912354947942808
0.15040111138380874
0.9814889736139606
0.49600107723427667
0.1983630857119133
0.8035438593716352
0.2770201904456111
0.03429548415625905
0.2981918847707089
0.08416239807139636
0.5788296958837665
0.840477684172848
0.372212677622338
0.31810018408169694
0.2814131990874499
0.9894455037305488
0.3445300300153952
0.9673520283553901
0.269143494041563
0.9593633337864751
0.3350174553794075
0.692742991319165
0.14288900320508924
0.2576197241585506
0.023605035046006417
0.8680012553289883
0.41185848676303416
0.37453703935322447
0.4739491588137187
0.3470134638598069
0.4165716897526913
0.18742217408541995
0.11646591467318312
0.9354648600742046
0.4373318378065597
0.7275869795038838
0.044811591494973935
0.19873072708957173
0.9123031953448658
0.044255026155923916
0.515244913484929
0.9497995174191464
0.940272655748801
0.7518115310729594
0.554907490348062
0.004172389855953362
0.27540143217656976
0.7306413826956176
0.8829104247846936
0.5630977693316656
0.8347493783936903
0.3668400233815474
0.9272164715027159
0.892163545456563
0.3340808873231721
0.6623705296196185
0.5806590066004232
0.7991838371483085
0.04343785489295904
0.5247792933454264
0.4810401657633703
0.7834809054107369
0.8111922306964313
0.5543723433219973
0.0231027217725549
0.6280774330569747
0.44376637214395265
0.6867924076490683
0.014270958834349479
0.6369778781179448
0.24793697891910016
0.12022694297764869
0.8714083010751194
0.6816319286920794
0.04361399496506102
0.0590157133353012
0.5224404273352669
0.713837347005213
0.2372133853154571
0.939215744018437
0.7245440658052835
0.42675307851353406
0.6092182207453504
0.966720650106548
0.3397039825993152
0.30135799752023085
0.31425010246937946
0.9948203851950912
0.2187911162460774
0.36260454406963016
0.21794857883904817
0.9956262696205361
0.7369176121236513
0.5876805526915829
0.10218360128274184
0.6385755881290964
0.6956748639986705
0.05820657327733314
0.4586019742357915
0.7792689472304666
0.2619632530162975
0.6288603701098036
0.5602356769189182
0.98318233980967
0.8484732134232643
0.09683386475323341
0.2518764132278686
0.5613355965309866
