1187977
0.09285241072540307
0.43645020903003806
0.7517731047129097
0.1940634241750575
0.2724076345986963
0.6807215299106271
0.26328607035811913
0.7192123405544943
0.27384973606928076
0.6257226923376
0.04641170710474829
0.03466213046442268
0.3804627828546602
0.7172841769398827
0.3108953793745859
0.5852348896958275
0.46138950838861215
0.5954615055989997
0.36639954268666053
0.5692742884324361
0.35462191433862933
0.4520601206864835
0.6138665523169516
0.608113931038658
0.18787439332626388
0.8448186510412997
0.5314197131389202
0.8601345199514838
0.5282388107074825
0.21583964672104428
0.47978457071088765
0.15561189741336412
0.9399979721080647
0.15189599581846858
0.606313201469934
0.909222819405555
0.9997001038137745
0.2455301504288644
0.8620467112957235
0.2789885158438119
0.06857383149912355
0.26840261103276974
0.16285212277418082
0.28360109244422693
0.1545894968514665
0.25213495505266026
0.023521616999035988
0.36449102657543164
0.009949186862325043
0.9869317316051883
0.572823756925798
0.18465860563398373
0.2045147755314951
0.39455497421721564
0.7178475432133036
0.2932062595650442
0.29165923645597636
0.20976356539985175
0.3675821024431999
0.6526721851876701
0.3402536230222888
0.4131193225436822
0.048526110690727764
0.9256806841473647
0.04497844883287072
0.8981002731396597
0.9492227706134191
0.8480877070327434
0.3468744498307178
0.9267511306981664
0.41596752756858535
0.9777148791439457
0.9970250783352874
0.03063931026517852
0.1885376983412369
0.6009290367740903
0.7784886323381955
0.14767498885729957
0.21264390241385622
0.6037384124696148
0.16507523720806583
0.9503913852187902
0.6949060129018507
0.6697406265359463
0.04029036371683914
0.517572029066269
0.17650655864542564
0.2541717488655262
0.72574254365279
0.728649292361375
0.7932770725767325
0.40146997939274653
0.975540369379373
0.019089063021424657
0.562823949870865
0.6231809885493634
0.7816798159062527
0.4250139708610665
0.4934020536043272
0.7336965683530564
0.8051496087312991
0.1666080465232609
0.5445960194408639
0.7532321671705234
0.9984590924365572
0.3723837571887162
0.9864703830967259
0.7306128022082233
0.5175194910504984
0.9301818177453113
0.5017016708135427
0.6128509124102373
0.3342859342499632
0.8658134135276018
0.454307067979
0.09416404989299088
0.056294496294789
0.09654289465481525
0.10893522928462174
0.7139940162511047
0.3352045501721578
0.8841490263918891
0.22628755487845675
0.34175338272494016
0.903683855322476
0.8210909881580526
0.38308843501580725
0.5854391131367708
0.7184499171638934
0.7233449628806102
0.5691258208432125
0.591917576783425
0.9070080983700309
0.37476602375678436
0.09923400437956031
0.16859853875847874
0.21660307145622515
0.6703692247308242
0.644692560785345
0.1493806084895708
0.4461272231294854
0.33971249965205086
0.23636721759622403
0.4521639098665211
0.9052059139286435
0.09660351425659708
0.42101911937395664
0.33089068645910147
0.2894061646098045
0.7576415792009936
0.36256154732993395
0.911987417886932
0.4864916831635929
0.5996440766659844
0.5716438917123775
0.22324747737266248
0.7358742957730842
0.9847973789623007
0.11979474896638176
0.5726062202792526
0.2518874619524136
0.07240967009555332
0.6484572503067731
0.31492523365927405
0.8912350956152547
0.25743330634356154
0.21860162840453623
0.7568161384825489
0.6959448632356169
0.8284630035261132
0.06320114896568085
0.19269857759513132
0.17538187176652598
0.2217049900425161
0.6027096622162288
0.8397009793302892
0.0043552239996274
0.16245177785235265
0.6627798858208334
0.7446768805813847
0.40907644169105917
0.9318859627692875
0.6938138871713859
0.5735235472202286
0.8887055052669692
0.9745755287090198
0.9335380643500826
0.5611536271246678
0.07744636898845625
0.07081236377010358
0.8766470328171395
0.7998848948879052
0.49063110004215593
