904172
0.9835895610222151
0.5036943090784498
0.2504238802329074
0.542955727174481
0.6595163126824155
0.5921547653988748
0.036569623475713464
0.7645021575931067
0.7488720518572425
0.39914045986361957
0.7888286412266643
0.49063267176411274
0.2892322113167354
0.2981914982034378
0.39024941904661126
0.3694071726344136
0.5898322458362166
0.4863998167176774
0.6984046176018858
0.09924025621512589
0.20807024167907995
0.05156931251545627
0.7147157622638073
0.36663691510204743
0.202347412384409
0.47914280036727597
0.732523362909037
0.14058028292704805
0.8631806088573276
0.7551766688614966
0.9514818665168883
0.7225281809978931
0.14112411839602734
0.46480706844692865
0.07808530354075272
0.8347632602155235
0.28788780114075785
0.06006713444398193
0.24560612855408537
0.9448818193182535
0.8061417637227201
0.7765772730659993
0.18145620380789296
0.9704942009236195
0.6638482040498513
0.5155456548566586
0.9259557569351495
0.4857497880923135
0.8705632783426013
0.3756796848004711
0.5637221050923508
0.5600877397891669
0.9360030999123236
0.4190231100384785
0.3673673764264803
0.39965461776774447
0.4352695602577047
0.6853980912597075
0.47291979961829245
0.03311831927329234
0.8904834625325889
0.43204500568521353
0.7073611566527708
0.38614711546764124
0.4451735961431309
0.06821702447584344
0.47089829378338977
0.22261197214096484
0.355622498291149
0.2789009299237888
0.6400639292599551
0.595608624205422
0.15247056812431348
0.38749882212356745
0.30246810552488435
0.6476858155771649
0.43623241027632775
0.09422067862271388
0.759998475203071
0.8272043634858743
0.6619803282899266
0.3451004203557402
0.6444942455428155
0.8465415392603391
0.9413016422586502
0.23596346307676352
0.17839451346904622
0.9978936661900818
0.8437383729535031
0.5363366142306089
0.5825894660849322
0.7637192033424237
0.4152686544271942
0.6302064834188953
0.3846780438568035
0.011403809535766807
0.1479916461172227
0.4136954674492256
0.9130636792696842
0.4455174573937475
0.4330287037650501
0.9641390952330416
0.5757950296101062
0.40607330716484835
0.1077552967003591
0.6007126744340542
0.6177860913989087
0.5474865931196438
0.06882977784076472
0.2936686366539274
0.9260260054703139
0.4104712036875572
0.5640867413375854
0.2474106980284051
0.10961612659996312
0.4079005642588255
0.6992138792214215
0.8820445383083194
0.5199474702846025
0.2856984100982617
0.8992333733764674
0.36870912076923434
0.09605952978672683
0.6911142598104812
0.5501600253510721
0.3359065375147029
0.9211965826815897
0.08327740532550953
0.8128098898997304
0.35721251730068315
0.15880564032283606
0.8547122608576955
0.6485851238472683
0.35516368615101357
0.5996953244237265
0.19753676701453204
0.42616174876498425
0.11178192080244709
0.3968025616527021
0.9443554192882126
0.08835906570766583
0.6631099065521965
0.6899903444745918
0.34139623840652644
0.7500709137520081
0.4732963027590592
0.7305257936005812
0.47023137692144334
0.7709901591265482
0.9331828817047685
0.803364953864253
0.824459233997219
0.8009601092376335
0.9090101910982398
0.71509731337357
0.3690153558921482
0.031137253863822156
0.7787720713530565
0.8663790001030919
0.2623185578942502
0.9007519138516846
0.6369137938703339
0.9599108135298243
0.3052474207560846
0.8071047757238788
0.12248236461280859
0.2084935606138384
0.09598179797162731
0.9455386984671744
0.6315017460464082
0.5024195837589758
0.8160326102232799
0.2664769093281659
0.5112596002911043
0.37143619138278894
0.550322639127365
0.6782201775624712
0.20235677955180364
0.7337431992214597
0.052969908016214484
0.047047230695250075
0.1937839812205221
0.36296309660524695
0.9104642085652721
0.25026415462554097
0.08695476938884084
0.7237494054361822
0.12521660722077277
0.5231999607569897
0.02653805339074533
0.3276747229359651
0.24500083796803318
0.6077473721990111
0.24909692697425367
0.043267265605691274
0.2975940897813091
0.7578991487751775
0.5249550601187294
0.85754057042492
0.9549645715493842
