669433
0.4868320248844188
0.8243759437223359
0.43108795291769997
0.5476414190454946
0.0504419046332093
0.6260541557760936
0.41478995471719593
0.7774423652682736
0.05383500236658223
0.9040819677580841
0.903409290965029
0.2355228936701611
0.24013233914442744
0.9789687438002785
0.5898245796525364
0.12275049245732228
0.4750452047096213
0.09895468780010175
0.15338059618616895
0.8906958490351005
0.17603177255814817
0.8297740733308452
0.16680945367766253
0.8740724364246039
0.9514460640407899
0.07418807019921736
0.33840360509356804
0.36924502583938745
0.012942220582311315
0.8170203964503571
0.21959813586678711
0.028466196685187017
0.0034987713358412
0.49709361339065206
0.6028462562586785
0.8857896653673166
0.2437786957520196
0.24437797683341622
0.710648882216326
0.808147684262237
0.041143007145958865
0.08882852418465637
0.9338251172714498
0.6738694946363277
0.6284872217041964
0.6468002145303912
0.31558761095401244
0.12095606565889117
0.5041710996630704
0.7215953283539634
0.19771302547762726
0.27871621539942437
0.42966434405678855
0.7166109318202472
0.4460742053743487
0.49890767878663966
0.10813195447816037
0.7527185823355009
0.45502803818534543
0.7363162057290482
0.6150345660661674
0.9059223456293372
0.6936281697981501
0.8937443580996882
0.980921133914815
0.03700550397851066
0.9013599556705734
0.1426712046171036
0.9369419919500526
0.27178989811043686
0.1670700901128923
0.9583828443750949
0.7252130652141655
0.3087965840372926
0.03199080324554293
0.3671628894837696
0.04901228567464644
0.3805099865911403
0.4462351007561267
0.6931711834433844
0.6918919268168181
0.8751120799193075
0.8778652302459123
0.9139277370501874
0.07014145906130342
0.33746714446551074
0.12461447432255324
0.5858585583414337
0.9996372739743227
0.8113014145117518
0.41056739846531287
0.18514833823797816
0.2559673809445834
0.25893681109565236
0.16358175172385003
0.6241847646661368
0.08582055805499644
0.10060082280379345
0.46396044455289953
0.6501675948035829
0.6879806329957234
0.7522497729105181
0.530859596137075
0.8099955128303207
0.8238692340760064
0.4090061573688766
0.7701447089229434
0.6743317672047048
0.14043052198698935
0.22072479374823084
0.8458835577027408
0.053789908560452404
0.49225406693414253
0.4368669926364034
0.9573912105728577
0.011468853560907433
0.5351830454742964
0.059775568783296595
0.004719118472891748
0.5786063176893516
0.13025651713170072
0.038607888485338915
0.6077063144895379
0.21390850017364926
0.6446865536183339
0.06059809540189398
0.0071882120208675016
0.2121527654177715
0.0656718835251322
0.5519835565860772
0.721684078490985
0.46394958819168075
0.9532017178570695
0.587845079654356
0.458861460553209
0.19608839647302823
0.6496050168376541
0.028273901781819766
0.18830242734877123
0.580681912953922
0.8364517205132201
0.3476932108777081
0.4705723313859733
0.39136181106241463
0.483514288914058
0.304825272153875
0.10731948457612339
0.20606801863935997
0.46984932820363057
0.8127099305679608
0.9281095822857838
0.008513034017578636
0.67366062400833
0.111344076326643
0.061926127770796424
0.42419159730550304
0.12545672588124435
0.6199255504467593
0.3547441453838166
0.24184498418166356
0.8981173143352229
0.6513492730200483
0.6893112543597073
0.3175787161106083
0.7678345732109297
0.508517442659639
0.8392467670089864
0.43637082145578254
0.32149725481304026
0.3501895263267365
0.14679584598623863
0.21449779751348008
0.10893639107784547
0.6135120303906181
0.7520525755002747
0.6664433887339112
0.6425537290107051
0.7110318520967622
0.32119211722151164
0.6311452197430841
0.5322047771825118
0.18191138378676175
0.2222288868938822
0.8549731782968354
0.8098109118397959
0.470227452049536
0.8790440678085333
0.16262205254984197
0.5460253424544343
0.027650097323387857
