948813
0.8728659128503446
0.7900481521188198
0.8878715035710821
0.019160229820973318
0.018506451811186375
0.2920436132599651
0.7691416152841217
0.5400112385944932
0.5727569735113375
0.5990092324500841
0.10481171844852055
0.9140931366409323
0.9366713258467625
0.5059655068978511
0.676977003105176
0.14890491288662944
0.06438139227955175
0.28241754004121733
0.5250339942881079
0.32524817552359286
0.6112500239882724
0.6872216691586683
0.25272364437481976
0.0546030217483775
0.5278636512415185
0.14673730048947287
0.4903802143561047
0.5597652596790538
0.6457939135693989
0.9969293296048385
0.7853655581887307
0.8697424077767069
0.762971179560937
0.19106298454992232
0.29620758638588074
0.886507378529189
0.2296768040064343
0.15685937648181636
0.7997510616615224
0.6290602443650122
0.06057558634788385
0.5504568645911438
0.6856672786831375
0.7893499400508418
0.15387354067208614
0.4992496896485591
0.8089588518777974
0.8449598477392766
0.2856001495882191
0.5516520827307648
0.2986344551982725
0.36506204592701696
0.1651784691521797
0.9590622737804811
0.6795180268524549
0.8189969660429118
0.9878606901270771
0.10377787954795914
0.9541950178241431
0.15093681499578204
0.6002701333319926
0.8563403732180621
0.6133884657576626
0.6194426122907659
0.6072057415304037
0.39676284623374747
0.8955959474258581
0.9173259817644045
0.4910283211645007
0.5663221558909189
6.076347713223074E-4
0.3850789289705908
0.08936215389120561
0.1300728267244572
0.37656527456717204
0.210235892929017
0.5825099631282965
0.42496678261205945
0.6465101270457274
0.8653841734642063
0.47889261609917866
0.7444394742402209
0.21790781893146827
0.6791405533504339
0.9549898109629498
0.4675495162273545
0.12742635332853214
0.35726302149400935
0.30567122718980355
0.37923572369542535
0.21328318288732462
0.4751684793479589
0.19147243894247223
0.8479816645632042
0.2787662223481522
0.44847874715364067
0.8312833703235741
0.5281546090860783
0.5130720264379391
0.25481892880542123
0.2820815474287188
0.036512227724271984
0.06939466707997122
0.2279430520453647
0.4717561466713176
0.6158473818472037
0.36523695254221356
0.5743646459308924
0.7067331184159712
0.14346684251858643
0.3662046250374754
0.8730202585451677
0.9630256600091766
0.9681776349567159
0.8420844100263869
0.7100964591963205
0.3874983655556299
0.9666806188904032
0.3427941275390137
0.7740017514768393
0.08554737204630702
0.8987470237004298
0.4318336525013706
0.18956672873750302
0.45206299111935977
0.6102813328560556
0.5361537244924963
0.6059073012596539
0.014455588320864798
0.8843495039414989
0.6238989444378413
0.5689873915225693
0.9996887743460016
0.7724785649948054
0.8052703110528601
0.007769011249888047
0.611678957789007
0.05200995448041956
0.8667916712124317
0.2419391311828144
0.31108395147652834
0.050015763079985565
0.6955537391568087
0.7795546788029819
0.22641718912571407
0.45026345614837915
0.5275480301870153
0.3145478156948278
0.19358850877990985
0.8569410190681205
0.9629924516530078
0.7568863798318052
0.8203863660510566
0.8273316679147952
0.7315891011954571
0.8322844243339548
0.40308060300500204
0.8053529206331267
0.26194429106424433
0.7737108950244844
0.48423829566871235
0.8888522969803401
0.2119191150608546
0.8935448380560308
0.334010521133969
0.645777781553341
0.2504689814700535
0.3730778545524748
0.6615604153135893
0.25781812548803895
0.5465684726484851
0.43516561786988106
0.41896825231132295
0.11483454408325366
0.6171081300725155
0.17618216727826985
0.646862653020256
0.6093817770882527
0.4131875491443191
0.7250320335988153
0.9291910614723469
0.28784336704504987
0.783019492802887
0.06982684226143354
0.17395731262362013
0.7031822911093597
0.7396977541079287
0.8469347581662532
0.11741720460021254
0.28403451314680295
0.28337126857538053
0.6224624481973773
0.16113817743787873
0.28585021656117215
0.8799057404286215
0.7128311396264232
0.8944921229814935
0.42201333319558554
0.08190298028124576
0.3889594452474404
0.9295653431094374
0.0863468541386454
