804556
0.45872344014572375
0.5385333925613157
0.6687521602475107
0.5166465446079583
0.27030606886354724
0.2673071261551514
0.6468318299482083
0.8656298425492618
0.5831997620789463
0.21039222172841687
0.9778266042133295
0.7120735832231186
0.9568799731865282
0.12248895609448174
0.6823282586029072
0.5558624863619879
0.19070795834800292
0.9661249611294277
0.4122290866400371
0.3185200724094125
0.36682736869757304
0.918431531545553
0.6972283180140755
0.9704842980487869
0.7268629451927305
0.4608448411174185
0.18604481688583296
0.05028295690756146
0.4622860732773495
0.3906297387131298
0.5447198159151004
0.32905787823171917
0.8586630070811963
0.9300377719089761
0.5503706446042945
0.3514251478786792
0.875603573989257
0.9770754186218492
0.5759821108364757
0.09244796567659419
0.16707952565135376
0.9412723318137108
0.10029992365669715
0.5105379552363289
0.750883111221962
0.538503568271938
0.09661560953678916
0.3473896374699278
0.021348449263758562
0.3808339072196405
0.15521067443512582
0.1285916653893462
0.5660594209035802
0.1905161551366058
0.9764526241944275
0.9523480402896756
0.2951195290076436
0.991689718447566
0.4350132539092233
0.318780906307608
0.7206607361871518
0.6889896327763632
0.7604057632825812
0.9485759612684391
0.8346199020709043
0.02919027721995182
0.5050135080161329
0.26727081969945066
0.9244128788719707
0.06017217456499846
0.8780102572928492
0.9902751036383014
0.8389879514587462
0.8509141663196151
0.7120481595988625
0.03375045124491616
0.6718419749051877
0.41687743600877913
0.7993162367678338
0.7977680089553394
0.56293385160819
0.5070620671633506
0.5845483990620467
0.7206992967171452
0.338031929702052
0.1521804230693572
0.23478759477602296
0.8875861558168421
0.0018830641593158282
0.6478062925664428
0.9191877380463391
0.3902738098168669
0.680692981562374
0.9520222695213635
0.7268631607167094
0.0833810353082517
0.4697589624624413
0.3140022645132523
0.02677072658976265
0.3577194891773383
0.7836974763721565
0.3181299403394263
0.23083692934695055
0.5615641279736271
0.22956090123617923
0.42766791853834907
0.8600187505394411
0.7402152833094583
0.7272392191208786
0.5426569563404413
0.5327133773921242
0.43558209825890826
0.5868938279991855
0.048637541588601674
0.9959088614815298
0.3900562364182121
0.5197725528739577
0.3259517903751791
0.6016939485304102
0.13273355590487557
0.10660601346086018
0.7137960622236001
0.6952221316242492
0.5910809126944976
0.07688763248958808
0.4788598291293833
0.22495137241210506
0.06743367788734167
0.8626907218223333
0.4253002478707568
0.5119577913756435
0.14724958906871288
0.2822777382456725
0.40096523045347643
0.5223476675360995
0.36483249648908345
0.8816084652282228
0.10419301425697725
0.17526930677484343
0.7422795677656421
0.41595535743636813
0.2761791141734128
0.18875230737991222
0.6386938847085336
0.18918580488152636
0.5758168174455075
0.7165786619690331
0.6992439935277903
0.4848728716533829
0.17708005122334536
0.5616166901782523
0.07744064970896658
0.12124712699529905
0.4034329519980391
0.06452510075244922
0.519040131965933
0.24110442134934917
0.5194133561078711
0.8614613395924409
0.34227269845797303
0.8081354827533472
0.13645234571106724
0.5804047190194838
0.8266336503662234
0.9227449418606061
0.5581552443920698
0.20293171589534142
0.03126387252547258
0.9932790471134614
0.789684592490198
0.25675678216860554
0.6039849691713329
0.0026828456291675407
0.8665482186660691
0.22407932568445155
0.7133444534429625
0.595958995052776
0.6200113279014596
0.5517534796841389
0.8385640392004522
0.48040235225178873
0.9895139011445448
0.43152415130883737
0.7860747344265747
0.6784354171440022
0.5168900705651255
0.0820491771971309
0.9663597096831744
0.501971993249972
0.7128494900833713
0.6091545590313394
0.6611167418230268
0.7275873785359278
0.5730948947014246
0.6467451555460244
0.7382899155122219
0.34337530063940547
0.6396143040429932
0.888021206300633
0.0313095989385862
0.41122337814848076
0.6521002432581618
0.3051265006353995
0.38891916916500036
0.04234009443396769
0.015112345311574793
