759510
0.505079231486731
0.62428970189522
0.08456305449051937
0.16202177566502696
0.8015435939609601
0.9737316251344235
0.018116196579309185
0.9590960919312079
0.8025050525354773
0.13791011038842882
0.8574002517138547
0.9082307543434828
0.6986636309787984
0.8815701799928023
0.7628192361625311
0.7725431377314299
0.22974916694848335
0.6550954318653223
0.8774461062199923
0.4929636062141143
0.3566913137571266
0.11556971969460506
0.6439229607159956
0.9149899612725098
0.7497469131581663
0.17342881741372118
0.8185593030496607
0.5478829906035028
0.7322632624220204
0.30911723661880186
0.04935776410538528
0.19105065437496882
0.28167037330756317
0.4051421680973707
0.987236564653825
0.5289692861827564
0.18245953584362662
0.6211429211328278
0.033506031398133795
0.3438428544123183
0.45031895378866293
0.9030707284884816
0.9916964297846792
0.8243019217259525
0.7022619526930397
0.5623006689699839
0.08812302040788222
0.5587957640889367
0.23449684675838434
0.9864735113237677
0.05311349164930568
0.1939332124399612
0.1879520435321771
0.9510923804974211
0.21361154720641606
0.4108784908731098
0.3307834138413188
0.18937550182650653
0.8379102364270817
0.8270104762508531
0.6678556679356362
0.8475923524571637
0.29455701506978305
0.6654052497428786
0.2991031479012586
0.20408830921817223
0.9400118686401828
0.5513031320293779
0.6918396356364331
0.5624279770809528
0.03342892771922712
0.5925733358777076
0.8065008741110198
0.5425651618081025
0.3919709590044608
0.9802906658994264
0.32096731354054353
0.08867320562356007
0.9463551506521523
0.7058902246891039
0.5355290622694184
0.3882466077109469
0.8338679643517176
0.6329680260509303
0.40871893758175515
0.5543106559392245
0.17487523278710915
0.08464626461674363
0.5736530382547768
0.3610532720657702
0.21889380705014327
0.3115244886633053
0.11518341009607602
0.5429189180034114
0.11757883615117948
0.6905887314873699
0.3500804524737584
0.16818174223391924
0.1845209434935473
0.27205230949173187
0.8456271899285001
0.38024119777486654
0.13553589130755428
0.33895417924959526
0.4364216053081956
0.36336007341055687
0.4681688781181532
0.9734413899868944
0.05484721241356594
0.7342916223321653
0.8354242356790403
0.234014580210393
0.7775862349100652
0.6872188147636152
0.996270753683265
0.43961627995105435
0.6087134538930912
0.12665522001986096
0.6842615685321263
0.22929409272885926
0.16932356851295227
0.711434130491463
0.5256469966263118
0.5202716934470119
0.6443079363514862
0.20263817420991392
0.9596473531174728
0.22261252318773816
0.048811756700221864
0.7592992362880003
0.9660922235454897
0.5852627780064477
0.12006595819538513
0.8579243569629242
0.28942141777507246
0.3461114037768799
0.9147026051791446
0.3253800625048062
0.7630820358210187
0.437806515019874
0.4973262499004487
0.5693943910175625
0.28464528138071465
0.8614196544293734
0.9430284313063528
0.4669118338856275
0.9695053943381683
0.4816502156832043
0.24469578839801265
0.527763715779299
0.019812411049618284
0.9201142661567854
0.6153767736493609
0.88959254421806
0.8853293875875902
0.4273637660546532
0.10663608068314556
0.4196956300653426
0.3641938323546391
0.5996329666736688
0.425739521059202
0.7004297699085525
0.3941021819636563
0.07291157814639593
0.32767670267085447
0.9570456755181818
0.41822509880923653
0.8747945067234465
0.9824425397162054
0.050296703968035095
0.3752006769636975
0.9436605206250879
0.2736626132093589
0.5008937134242497
0.5588412569394473
0.4350833119289961
0.07156217835945144
0.13885417478926831
0.8207291532977423
0.8269801213218001
0.1414413943556192
0.3780197831786233
0.8476654784189218
0.507854488757331
0.49823485682179747
0.3044944939503119
0.5359747884111364
0.4865915162911485
0.6983966025459146
0.7374800131758908
0.8059583308673972
0.09761544513396403
0.7722658722118525
0.1719635919514061
0.5523267968162248
0.09182084902430387
0.24323374684510635
0.04493897784190426
