705296
0.8102331874233106
0.3015404495724753
0.9544437992281479
0.08031760649462771
0.6315650622848911
0.146914034139918
0.22942478833473712
0.5624146598278397
0.6124446647345392
0.6113744266077735
0.22996684991488037
0.2638701065421337
0.490424684022013
0.9555685370035858
0.24271757996605403
0.4110921056074799
0.7386559098529358
0.36188199202360827
0.025387099957896786
0.5087864669396424
0.6243427434558826
0.9058388973353667
0.27411674443513667
0.06486235818223562
0.7700912158947156
0.7359983162354641
0.7354791032924896
0.2579813011694817
0.8592932294779099
0.11057190902630465
0.47974153768828465
0.3722426284749476
0.7604800775250035
0.9868377969676521
0.37643918210128247
0.3869754893715973
0.010616853450755137
0.18852786384850329
0.868967918321167
0.4543340730501516
0.29359909907337345
0.7867169433212168
0.7318213253779092
0.1233688060543987
0.2777514906515307
0.22134410655582581
0.6122601395118882
0.07647351972145677
0.9349177843823048
0.8633476535371476
0.8076163631143743
0.8325846622820922
0.2537700465244431
0.17149712279525764
0.9100988080799896
0.341235173407594
0.08125468825060778
0.3333571171881614
0.6628802971337343
0.642542884803993
0.678631313046163
0.2964193551719386
0.6144112563027664
0.8004386512483644
0.4623499660243279
0.39329072526921904
0.9323183140649581
0.12991724807814364
0.31505088924977576
0.3439271402512575
0.043910567583888116
0.3338197891239775
0.7982608086477606
0.27825395814972353
0.6072304732403131
0.540633376180923
0.575897619451891
0.5641158649834662
0.6847497349050543
0.39202006940010947
0.36648577737534327
0.6483499999360118
0.8912257067708453
0.26726391681949035
0.7820223922607656
0.8228786980813043
0.7178967343621288
0.4515513579113313
0.4827243987971864
0.8130685649193472
0.19710978930417267
0.5559768056044245
0.17942514879078986
0.35220507679247814
0.5646372981902888
0.779391837258139
0.14917835475397823
0.45378309443995934
0.6013542648974473
0.665692978907018
0.09466665258854878
0.9224152524434195
0.8916112068325355
0.854869563659915
0.3743002478144112
0.7545118023917573
0.32255177244287037
0.9521098675486489
0.8574311155649663
0.4714870826467509
0.76678863858694
0.046489974023309566
0.9178966419693156
0.10109924341052356
0.04026489863964555
0.5992468880856576
0.36914591206378156
0.47663145550526753
0.9077926124538135
0.3913633457852759
0.46549103884068443
0.7589745450718879
0.12067385838872213
0.9711690329691538
0.44656458711957014
0.6032723325391866
0.21397390625597856
0.5748886926524396
0.4858536306208028
0.18964253855763458
0.06543016885711994
0.8065450818169839
0.3192197710151733
0.4165879968351508
0.023644701720169525
0.45835028506055386
0.2756036763041829
0.9160640110730268
0.7501218927596661
0.7286964382197384
0.9096516324970407
0.19076951549547938
0.7878772119328702
0.752082853792625
0.9447907985351355
0.09708144113357298
0.2687570285090699
0.7937930025593191
0.7753186839240249
0.10115268251118614
0.10227328208829167
0.681862149867197
0.3473618001423163
0.22104634314637062
0.45067113687222793
0.04985213741600947
0.8410969804900678
0.3343798311168684
0.2881116734272203
0.7461766583650626
0.21041867928489033
0.5788045153492279
0.3662657147284579
0.3291973223070851
0.3012736997818696
0.9017476699922795
0.964279013833854
0.9120368636344058
0.9661746285461683
0.4261955186983739
0.387983174599558
0.7470323680683904
0.3199419410241058
0.19089734610417108
0.30139047678884523
0.8469786458536038
0.040513912966193666
0.9962224796022812
0.6229250374049355
0.6287875864562424
0.40870239499715344
0.5410031493235405
0.899506894851991
0.034916453883055976
0.6020619876660411
0.7710485217406706
0.7835193386727327
0.8388943440746353
0.6105784930118962
0.3766157859403868
0.480854227811751
0.8735029759462984
0.025672323750011605
0.6739763594504782
0.812643729000326
0.7336438821150416
0.8690512000166297
0.6853170161907212
0.83895162228846
0.10065146716183226
0.5742356251356501
0.0915666501126946
0.8296102615445442
0.2107870768829463
