668468
0.21111962063638134
0.8743413221476142
0.7355546609312494
0.14787677746309047
0.05271841908783126
0.8860521074084367
0.2134182802797555
0.5785309406420222
0.6232937992865031
0.2913211254195447
0.6868194643008383
0.26811157420409726
0.4383366807550999
0.808203144241516
0.8896817072779756
0.21658857500298423
0.7494258906114324
0.9443119288129882
0.8300945639531742
0.5356539445492777
0.7407710050979305
0.9708013095883813
0.13763676276953452
0.2519384136409375
0.7892859398294492
0.20625340221360888
0.3127462172666635
0.06590243236071602
0.5963295900041238
0.29287714488947314
0.4836366472064546
0.7219492505014166
0.22678845668490322
0.539022719787771
0.8944238217576541
0.052535119364412575
0.34996514910023246
0.0748681505481581
0.4975391073283665
0.9475273596655084
0.2667763429637061
0.5222365487383405
0.7041714645053544
0.46978869355013064
0.6290521000106192
0.11485371911928
0.5583935868164697
0.08894156973490819
0.1092679772939521
0.7219576614403671
0.34379188445124587
0.5374938687172247
0.6628303030352327
0.026022688500594415
0.9058335929627237
0.10698309809619799
0.440074024638042
0.18446278725745713
0.7788691439644914
0.29652343339716425
0.8514215097331905
0.6655303046538961
0.5435811960066098
0.6021159259688115
0.7666901094743017
0.5902275343033923
0.7088563544936215
0.8923091664052774
0.33832478893267237
0.834900388730138
0.8114694341276829
0.25427418431984883
0.4783717040076323
0.35328497509806445
0.35763429821058756
0.41408374079023613
0.5902973206222124
0.6621293267619993
0.6923890564585155
0.8359628456402648
0.7592971394391839
0.20111406165841106
0.8759479237668101
0.38750412910528853
0.23852647506660551
0.32564781835922907
0.17056584649282858
0.02131772227901818
0.7337255908234914
0.020213890278710234
0.7971260737795761
0.2683125051098888
0.6849999326809654
0.03029702492196673
0.20757480179122112
0.46378140160583015
0.4720556976739043
0.0025204360263407777
0.23749151902596133
0.534690983462379
0.22797959064279583
0.3954747185312414
0.1524972409959381
0.8650509175334656
0.7366913653709427
0.37782175485562297
0.7828669922387547
0.22596658739314324
0.7104857957087758
0.6656086308253909
0.6526274195308922
0.007953855725410408
0.596620998130282
0.2673279380897171
0.2525836780833747
0.025322301631149235
0.9456980440968914
0.40311219323967373
0.38113458343735074
0.9759087888774045
0.28961637330886847
0.4435521375481646
0.7823984855096061
0.23417108486103866
0.42317859104306677
0.5739797859614267
0.14808684155582463
0.03162652333186777
0.9609572066401934
0.03165890881714195
0.9177261492752105
0.23584839350987452
0.04982476071564024
0.1861772308704256
0.21124321018766412
0.877708269480517
0.15758817697077276
0.4374359599720167
0.6585926283962724
0.29628002408548315
0.9294568982857362
0.8909840423197729
0.853019785763807
0.27179703094969376
0.20661396089996054
0.03704591832772297
0.647715855771917
0.799281146240464
0.4349473897584323
0.2074434615996128
0.540036720029147
0.2189384665847337
0.8570392172584954
0.41371383744809787
0.9431202396830322
0.264143102815806
0.07679789252844516
0.28007685599422394
0.2316518117089389
0.21380757238196257
0.8136592729935848
0.17650724325421085
0.06669103846785773
0.7431639011922493
0.922070194814656
0.3300182028009848
0.6538872327035129
0.2554571915154873
0.04200792140470555
0.6463645979250192
0.27007503142581846
0.44677889024694295
0.5675774967599114
0.20972563410253442
0.6051556572631338
0.6072447666625946
0.9732686728937908
0.9445285110438052
0.20933354019723494
0.6939477335080528
0.9212422391555753
0.7214255912972689
0.6101917831980547
0.5245937376556973
0.9880557276129511
0.26854013547727196
0.4697542013185485
0.535454075947323
0.2955265647721135
0.6094462001010476
0.48859583395056305
0.42324538026644987
0.8079705407868216
0.39095065275765994
0.6322275963547602
0.6477738883433746
0.5668418735313103
0.3865962122373735
0.6543950380346559
0.21065792873422917
0.6738408237873902
0.6659065015215985
0.8225952073639423
0.3451691027225823
0.40484354905082176
0.4047453422179591
