26112210
0.9784801859608471
0.6097477212340732
0.28831571003446455
0.8958649082091927
0.6985427309876108
0.6838436937986961
0.15436533948367803
0.8845641301179856
0.46016494494249816
0.5358102699274575
0.25866624330756927
0.09255062597706298
0.5012245304201702
0.16628634061094627
0.4371290232685541
0.429565680446224
0.03835653528469629
0.6870657787698575
0.3860750892130633
0.7087655582513541
0.8540576914990309
0.5580810475668903
0.3584090177855863
0.8005614153941935
0.3735596315925417
0.6646565901864355
0.8707603823966228
0.02840284912147617
0.49410227661052974
0.12730400780088036
0.07224961778301275
0.5966106249717273
0.3791883638941087
0.71373882185756
0.8046899609781242
0.6700455066133952
0.9932046058952346
0.10397253252228267
0.39840884694856205
0.6187362758508316
0.349084531958052
0.7429551816844685
0.5136609679652355
0.37079173361697193
0.4148608788646285
0.9285544420442498
0.6887106373990446
0.3203187906889807
0.2999919059341871
0.3201169719567184
0.9079202582624146
0.6093838513247076
0.6438836025375989
0.36512416870050357
0.654214525747988
0.4183659865377163
0.9082956480876432
0.7554950365615603
0.723836512934042
0.3667266185916912
0.7124672609678314
0.8620625257218799
0.24422352385834623
0.11497101844956736
0.484948798097082
0.11440256038499885
0.8946574031443442
0.8596766168707066
0.8276510439614677
0.27206249332861243
0.05562001651648518
0.9650712139361173
0.11439379559298812
0.14097617464601098
0.19580964990547411
0.41041528808305405
0.3684633113156264
0.490207517663514
0.6621455057431589
0.8937888562226604
0.495884402019098
0.7019843110164521
0.13852797962695962
0.6190314007254043
0.41539864616193967
0.09600771357289495
0.6428986342054114
0.8497471878330763
0.9097002047504824
0.10579416001259567
0.7058905744273039
0.9510195219342236
0.9250619210893989
0.37547727405067943
0.537559493894165
0.8405405317623763
0.08821188589533713
0.7195597127086912
0.6157346811578839
0.5113258620195241
0.12088782517954133
0.43862659114856506
0.636035573755202
0.5335589588980726
0.6831390362385047
0.851851563484525
0.2861871045612182
0.956060385492715
0.6123822891773577
0.3064222223960148
0.5080655238715078
0.06440208591107466
0.16520459023520695
0.9823641343529139
0.7051337159102024
0.7815610939346881
0.4359085452906001
0.10638241867275877
0.6301073107953732
0.6810711406653867
0.7706189272692773
0.7352846159607016
0.8801408258546785
0.5190485280714683
0.28915708436903087
0.3530505058233273
0.7126722191239518
0.48030174038122564
0.9398615744674419
0.6419071428365055
0.14910307022932223
0.9310696466860137
0.05976979639245017
0.3704206380064201
0.18690336409706976
0.7071653480439777
0.7678094923284855
0.8536887327408127
0.11632012450566709
0.5696077250639384
0.812779642083991
0.7209724153790112
0.6063942996215806
0.04138901342148027
0.7361777906949666
0.1356568453475525
0.26039699209792244
0.5466713383486279
0.08886504812302831
0.21395913871748629
0.6608885857979269
0.2796652019029523
0.6457762938501685
0.03421976687727857
0.4067621229987013
0.25925182015806914
0.8300722605235995
0.566217804232603
0.6269792237808118
0.2178550674428572
0.7320883160099176
0.7774094648964135
0.9556569220072745
0.5657206323954433
0.19846794000836565
0.49329536521189576
0.9351951956086666
0.82630673930281
0.9957322292791897
0.4922031593992563
0.7860529456585482
0.5996581191160856
0.38227959121454913
0.31335957859007724
0.7400574704320267
0.23244972125873642
0.48291868574849817
0.41137258011527666
0.8594270247409213
0.4451777498059385
0.1367680699453684
0.07308109155421294
0.1619997011802371
0.8801356135718913
0.07419593959753834
0.5712274432113584
0.9022150326380743
0.171504801434334
0.14993714714549755
