2859323
0.7224187401226494
0.8989309136040454
0.2813538894212111
0.6822504668888559
0.8247307591528206
0.12745857714253217
0.5461358082061345
0.05588871770752635
0.14906541398130768
0.017755013262413244
0.08313554628085984
0.5210270588234696
0.9103002548005271
0.4825680053738828
0.9137407395876573
0.6472471391198555
0.41329599052093635
0.3089801073831865
0.05196820390180912
0.22880158283218988
0.987947804189957
0.6482958889174172
0.03252332174220618
0.6927849101477666
0.136229603965917
0.914974682346226
0.2234582069701775
0.43424989444286255
0.7516731121125453
0.5336910235906381
0.06964916068752047
0.5997549151479729
0.8478190463599724
0.5311847661261305
0.45780454101985346
0.38529694898612243
0.9753228370269654
0.4052273175997365
0.8077232449432529
0.26031223021556904
0.3137791973565561
0.3409691751183841
0.9217003386897059
0.18281720714796856
0.3728324272582263
0.8379593011390906
0.044599683150541636
0.7471240641770175
0.6447423723158656
0.11539650512488919
0.9768631201152732
0.3632950294126909
0.30602619619524074
0.112057301744796
0.27426401771521514
0.5679107411215315
0.24505296065688575
0.047011848540270296
0.273252442308219
0.1501897751263307
0.14490897372720957
0.9985569387321985
0.18111172520463503
0.8126451908814101
0.24941301424194018
0.9179743356466623
0.2907222453374171
0.8024654916091069
0.4835477112731421
0.8965328511424637
0.1270821599202976
0.7846233969112731
0.24701069552623067
0.9665670916142249
0.9897382691486916
0.3121952871597683
0.8998786683800872
0.42551598279618175
0.3854348368785768
0.06481419609733896
0.24358273874366265
0.4210411240853563
0.7174919734092763
0.3248174734510908
0.6550520361593809
0.9520005866162115
0.5145274745100952
0.2546253097725314
0.7964205711326181
0.4839831555656783
0.026873268222298963
0.2904590213380822
0.38322503348863224
0.923234293293381
0.6242921956084633
0.834499458653926
0.9549475154467181
0.6801780098947902
0.34696548661950866
0.9276922843850731
0.7031284784021663
0.7013887439552339
0.8194034343933114
0.5366659279811885
0.04331487250561927
0.9069157039928653
0.731806861524495
0.5325949178066938
0.8079093152031929
0.07544569676475532
0.9941535464221138
0.3438070722211811
0.5645454182375137
0.7628939361564119
0.2595415741101985
0.5515932967385647
0.09080036089060639
0.9533950450318773
0.3915530740157669
0.15479117222793315
0.24478386498683158
0.6247274772015308
0.9389643603273387
0.1375910069168672
0.13031039625701857
0.19898163869139585
0.796825494187355
0.7023350647910244
0.5706307339893679
0.15158045052709856
0.30454303488970913
0.5053129414739004
0.9395758236641901
0.95883833271132
0.888975542689791
0.55471575477493
0.02277080950892507
0.7841342955841014
0.20811240134987463
0.17073954140885583
0.26482108650102454
0.7610091336592095
0.5993138007313339
0.19873054672948198
0.9881948226138896
0.5651283117470601
0.5161620931774282
0.35579261805781526
0.5498238617200704
0.7854118894692144
0.9563339416140866
0.5652872186834761
0.5432665706406232
0.5666849181505744
0.6730665863285971
0.6331538373059004
0.30320089895813407
0.22918567709143634
0.1688365719295699
0.11758804355044516
0.032626168522727705
0.5835156710613312
0.6226451715955075
0.22361333854359533
0.8124543435349163
0.9625108553404728
0.9330455891149112
0.26159545492263436
0.46189369788489565
0.05048164521567344
0.13724971477960435
0.9856448709798863
0.03437757588560553
0.15604581379550786
0.22539699241117317
0.7327745857954303
0.5565990881911402
0.5401392507238535
0.2995869788446811
0.6862579291324501
0.766959903762837
