3840525
0.8568727857272391
0.4884062243086773
0.3765368470134127
0.42771734501994374
0.6761101350021026
0.31382336105869413
0.4006568493406685
0.9996126965206381
0.3911122026167547
0.419076621594747
0.7407844274283999
0.8462374735524145
0.7728750118008443
0.9239367903624374
0.19136023246025058
0.9739765653073371
0.7412123972748573
0.4074143545897777
0.9231196878192389
0.2497860970376623
0.4111057725288775
0.7965953429412925
0.7629420739601965
0.22602193480247812
0.13477706551948165
0.8373704603992143
0.5927730448881889
0.8619377111918638
0.1272762697578218
0.5705435141288048
0.10205691037286746
0.16440404174523338
0.29902123613836684
0.747817740271145
0.9007986278295712
0.0011109779408575715
0.3233142932959766
0.6033097663565945
0.2521755958058606
0.4150802761891138
0.05929243261007522
0.0658866486182007
0.2128639593126821
0.31934669788714165
0.009018141761127696
0.8716769656036326
0.04086670225813438
0.2504377223814085
0.8980504446978719
0.42239094201982974
0.8994560507366565
0.00736180860146507
0.6946136567556163
0.09157141749935382
0.7887553867487236
0.29726391851168577
0.3607008737955788
0.7472105411839276
0.7596871185447964
0.425809444254316
0.5784504400420826
0.9974028004563793
0.2721699082956428
0.46962225581413564
0.511810073987878
0.9138194267579633
0.7641518765296187
0.849893212125578
0.14992761942945265
0.7769713591151068
0.12514997339388245
0.692558361057557
0.7945616093978755
0.8937653446136276
0.18182325763451224
0.4075457820683184
0.11365658393937172
0.047391038205754965
0.1707430561413722
0.5043134098589114
0.28533893975497326
0.16812895412587292
0.758659681881648
0.390533651191719
0.5962680641221859
0.30650367266856715
0.04990061597775197
0.5720909810882571
0.18216624613246224
0.9540958656882793
0.1343896765222753
0.34775255809384364
0.955245535810784
0.6269392386376095
0.7755363957640593
0.9916155628919611
0.35026795979497627
0.34685372339286746
0.8617803125009058
0.2708904667012294
0.5558862529629257
0.949621674992423
0.8394358210108336
0.2830268064255561
0.6045017227459837
0.4824152502938702
0.4500638563562336
0.3766111927427336
0.5745899738343431
0.7212116498065964
0.2550366068717067
0.8873813895707203
0.6750038859426235
0.5066297333517968
0.481589146862597
0.3392967854808713
0.4240747645953805
0.06773337888461595
0.6743435880906125
0.6361241521158401
0.9106591445209593
0.7743274741279719
0.965903770023095
0.39794661438278134
0.44079345372545453
0.6232996074869898
0.8226971029177473
0.8192606316027032
0.9392693783382876
0.11096493844752153
0.7624727510200167
0.17825888167931037
0.14282377464373797
0.43680109761488206
0.33490350950606196
0.0662202143913545
0.35621720577486593
0.49069370310967797
0.7231002040244557
0.22831897313277383
0.08052532302235405
0.989314799452213
0.5866058663080241
0.422842645927168
0.6638431749839377
0.8035414714779701
0.8466782283250534
0.2173082730099405
0.6317984623760758
0.004910101520455568
0.18656527710982795
0.9922681644175657
0.339145711583437
0.09992331262157028
0.623406157735658
0.6784642281625001
0.512181475273206
0.11391254688204044
0.7859707240251683
0.5961390395447146
0.26475788207900697
0.8098223248182188
0.21311909096286563
0.6814800299004564
0.963491019437568
0.9307401931242311
0.47124263735511707
0.7823019028081601
0.9861541450932396
0.26655391665776473
0.45831266402707016
0.21837747587012002
0.1924470341208684
0.8865728131689323
0.3031070831009095
0.9293659996732282
0.49752714656774266
0.832606081953089
0.3065559745425325
0.3148469931606057
0.344765146533234
0.19144161675651938
0.3969222107455498
0.007696868720942995
0.9884298014374895
0.1657017354246152
0.5511795929438487
0.10998126160475064
0.35176429698527634
0.7507578187865857
0.013349166009293811
0.5539274354108711
0.0269241692342731
0.3430816496389829
0.820611375482485
0.44063308038219284
0.628648049947391
0.0383328576326174
0.7266512440339772
0.6325893955201523
0.9066540047900364
0.5386092220391359
0.40149098655274895
0.16627679433965925
0.15845831620430528
0.32855685064591733
