4038455
0.3361262445188219
0.1828542984529119
0.8790947710902239
0.2577468380054081
0.6027697573048777
0.9963125201015318
0.831707343261371
0.8269426548839311
0.47453140259726423
0.6745992636003055
0.27615854487469604
0.17277246560220483
0.24488801903709456
0.9246671523804917
0.9911203612053164
0.8383447894226835
0.46744423261451673
0.4632927728965488
0.8305167611031684
0.9409192845297923
0.4430203314978559
0.6524675035464405
0.8671730417354857
0.2031626352187651
0.5737111498004381
0.062142047227938035
0.5405045061318339
0.7068699687238423
0.09634385152211644
0.3679625344245956
0.6766523374047413
0.4537784782588814
0.7783019702542529
0.03145061974363306
0.962708926153631
0.166461921860383
0.8515442822688698
0.18253849037265046
0.6942650923486904
0.01176333882285241
0.533934969010263
0.28477382023328823
0.4566614645606114
0.24499896906271168
0.2606517321773274
0.16271873075447751
0.7216387266505335
0.21837156548559433
0.3740969599569657
0.29227508386962564
0.9316878213982163
0.5639701365834322
0.9190307998347828
0.7124947423974506
0.4277401851383006
0.11813591661589884
0.3058275276974186
0.698660299656752
0.3716410009681882
0.2415246322157586
0.752831686904834
0.9406141481784216
0.8214789825927254
0.9046081376800208
0.7011343351968651
0.36740455846666065
0.0118722387764012
0.2578713181228458
0.7417478423141156
0.8292291351071615
0.20006150248662968
0.7772388176710576
0.916652640681703
0.0808093803010157
0.21386582995996717
0.1477854041668505
0.6397261136688815
0.32653239409592194
0.3841445509092505
0.8274166562866558
0.4658414447731546
0.05906953890036404
0.08344384658116011
0.7635293591522025
0.13920145846521703
0.2368672091089351
0.9753205499480886
0.6995214276231391
0.4610873916628041
0.606600374496714
0.012460767579170029
0.6242437378509518
0.5136236953329419
0.8306179851089343
0.43571484695107354
0.7612887149329917
0.505788573233347
0.11144678318044265
0.7705149620577366
0.6807229841963521
0.6809063905292472
0.19305819399066682
0.5465342207411211
0.01861209095104932
0.11790963103055585
0.8088891982756709
0.7128436932235271
0.6895820668905107
0.5870416226114753
0.403199550069558
0.2254705486770776
0.5962569835482471
0.6269113188657249
0.21948814840720265
0.15010833813326085
0.05308097491191255
0.40532816194711874
0.29138514273149796
0.4412111139255931
0.00904674966677288
0.5609845677841465
0.7373423029461376
0.12790480825437311
0.20120044434318718
0.9846118339575101
0.8559116092965057
0.5347062787825186
0.9637402491530915
0.4615114953670163
0.014259786847329203
0.3478915950757754
0.9725091454409472
0.7078861367773096
0.39414032988663683
0.32426177218451524
0.5623824519552154
0.5030590181552861
0.5415511122492042
0.10113233434026703
0.06983518188293913
0.2774242307174609
0.7989738411876415
0.6069855273404913
0.5274610746712908
0.246487105916379
0.6376746393190497
0.8274767784587453
0.021989452260286257
0.7237834179547272
0.21980859392102703
0.4543833800680941
0.7389015411001905
0.07408647163911464
0.029984571394024773
0.1389218096755508
0.48943072506046337
0.16753498250399335
0.08454078749238303
0.2645182765740256
0.8699038922337321
0.4144666215382138
0.5710442142380445
0.2338952481435156
0.8984458318684686
0.8824625606877007
0.43086170923558453
0.15762358032264145
0.8255511136638172
0.9739802398593579
0.14050178671798197
0.2684576930481174
0.6441065415179087
0.3464845870640365
0.4453007145100044
0.7879269087643149
0.9580919632822976
0.8709838500309154
0.13316245178041763
0.5626517402245955
0.443615325476577
0.11435533489627758
0.17804035543672647
0.5891086715341429
0.9788591525247711
0.007181613560481748
0.4815041049219929
0.5469342292785743
0.7638894791019807
0.4370464148053649
0.7066329169613801
0.1140230935376666
0.18383018782344662
0.8306968600973588
0.4726145399673418
0.08974247267446278
0.8699515399257198
0.5508827896871985
0.7591739290557171
0.8201086552987096
0.7735354763196676
