3667240
0.6092044846223801
0.8194457928354439
0.15769490712547118
0.6123076797507003
0.7333366506194262
0.0720320920336065
0.7493239686313414
0.22763096142118389
0.2436233842193053
0.46543838418515804
0.4882435802757884
0.4133900134658388
0.8720903058961492
0.7000910517667561
0.7643289672597703
0.03812747836319064
0.33606119294276204
0.1245940819621123
0.010449118803930402
0.3419528525621409
0.2703239438230325
0.9526129374438779
0.004546694976566679
0.9344005369244652
0.1453148770033733
0.5434612611878079
0.8975877563703651
0.24741645382264743
0.6549739821197121
0.5332936383708846
0.7270282699638879
0.41690425851412427
0.9576105472005599
0.3426821871421428
0.6456969464903437
0.462023479150084
0.8642610399341468
0.7715663880708967
0.9150978176015617
0.06731215752752673
0.34261477505252036
0.24617310168378792
0.32785471359260965
0.13930800159696466
0.47186209657427924
0.24863229761507
0.213599756714406
0.7178154417321652
0.9101851276524393
0.4594356998397111
0.49309343891425195
0.9353830888407539
0.9544304969821319
0.6866094760689363
0.9659314054070285
0.8192149400784187
0.24489958351116692
0.5577255208755636
0.9987996874803674
0.4462714526374655
0.11806717348891704
0.5571231161425616
0.33154000112369364
0.5527769907278992
0.8976598696831842
0.23395149246790492
0.9708088320981703
0.33818238285317237
0.22204167750734716
0.7013357272340348
0.7271088413875295
0.12155496319434034
0.2652731923852244
0.06291113312159324
0.08130295967568213
0.5099904035281232
0.2793604457585559
0.37873957200420294
0.5077451976307163
0.09967924970220643
0.15179660172659948
0.8521018168451918
0.2012783725544235
0.9362083586446992
0.7808254427848876
0.12321834518530106
0.06072824846780467
0.6702225943208595
0.8147374623173604
0.8463957901578049
0.14496356111599673
0.8129058337937399
0.6401718612104047
0.013742616297947263
0.16621373694188735
0.24940019923358814
0.5481171734598926
0.05453123771266677
0.8195726567563894
0.12966959349048524
0.10728213292206645
0.9878884375687775
0.42439419532645895
0.5949826579310938
0.8548679768067874
0.9072768705379358
0.572941336027213
0.09828553199267165
0.4218188235731727
0.2197105741068398
0.7180889391246489
0.34115763465295623
0.8088093723416793
0.8384203805621463
0.30300015167153704
0.4987295689621266
0.7999308826556529
0.40586069816139947
0.7227970054437881
0.8957522418349453
0.9734999578608853
0.829648936682817
0.7548137349077931
0.3263581755665297
0.8556246247333232
0.661624278754773
0.5920822953280583
0.006227815848020457
0.4483417164594933
0.20150175934117853
0.09103207112012157
0.3567724921131734
0.008153066591301661
0.07655458522075376
0.5395316470655149
0.01705712772750867
0.4922753887548341
0.26817331098721264
0.5277947508063502
0.47299812058474744
0.048645673172904136
0.7913967606522658
0.7813787874810079
0.5927376153029623
0.5158438645853985
0.009981654896630054
0.28702505713312654
0.6621301878592728
0.9097096834811023
0.47377272681379945
0.9812285694483397
0.2679092075387206
0.5995193801916712
0.6194551984529538
0.4734461189219348
0.8172527120595459
0.16408088787386743
0.570196092235423
0.5448500430130834
0.9972294714740695
0.7962326141119732
0.9691691253119888
0.7845667766425027
0.8378297578936744
0.25625483721905296
0.35940308752936057
0.9456403574392368
0.6460326685028183
0.9037804527953698
0.7132606166920538
0.060761519167900735
0.11131549061517299
0.828125439759168
0.7249672146151726
0.39688418187032737
0.06828934132750508
0.8986664738799743
0.44727885761553665
0.17370675544813774
0.38781916345713774
0.6840179204072719
0.6091303067054424
0.6748331699072833
0.29066021291976407
0.5072964072654204
0.2942814384526099
0.16196491376553623
0.7594541295174985
0.8914435232974163
0.8091521788920896
0.926744785630944
0.6997904697446891
0.7872895513827177
0.882405032360443
0.6258424090459103
0.9983738833760942
0.18603193785139815
0.4156304240768117
0.8057841924022513
0.46354176086875976
0.6045194011369456
