2043794
0.010693160348604125
0.7225566499811489
0.12487341339668312
0.7478372100846638
0.366340162399025
0.37555486217945666
0.11921138970763956
0.7318209758536905
0.8514670143722285
0.05871555902883774
0.59830805394491
0.7240328872744196
0.2890039557721309
0.6265352256103744
0.22408205233681466
0.5901228004278068
0.134009288845501
0.3820346633976057
0.39662282887610223
0.8919791526800952
0.7752379983972582
0.07892754777958189
0.7094246297358007
0.8045448397617716
0.7203905761756421
0.49184623643883096
0.9443489026564501
0.4599684128893141
0.7889770288922549
0.1813437816376966
0.25629771052586336
0.9353594738900113
0.4174796802672125
0.9456439950839891
0.439421061018585
0.5103703025967691
0.7027195250087234
0.4870819237247196
0.588301396244619
0.36628748512930265
0.9313948108812997
0.01516543164185824
0.8822012446627683
0.751296022542767
0.8230553872421743
0.40913035916810336
0.4440380286767671
0.6175222040550433
0.41144877779570554
0.988446709898135
0.5701080371733512
0.7911659662034561
0.2497444539417185
0.5112126451404102
0.33518537745664523
0.03036891190476998
0.7308502645404517
0.8209436738911924
0.19941474002993187
0.15451811924297643
0.5048116994985862
0.10183968408479382
0.03384924438964687
0.7951746310133694
0.1250291073438028
0.9904462657847799
0.24221612872834164
0.3862485784054317
0.8164398536220107
0.03483691964528057
0.27098249060528745
0.052232267211773875
0.9894612210883639
0.1100897220635838
0.5476396295366512
0.8451936319513215
0.47881141515381254
1.237048541398167E-4
0.6933599469764994
0.5491470031067245
0.30186453397801283
0.07072515083331088
0.10467594822169846
0.5874014384642886
0.13315443090998358
0.8453336442935465
0.49771603335869485
0.7430128634193554
0.12547372398402923
0.27145935911552754
0.31553724235815417
0.26371504040486016
0.6971726194386756
0.7058448053523954
0.19682475335487115
0.0012634190170587312
0.5216078698277067
0.44797925102912173
0.5448593304755392
0.01902530405826397
0.7373869400052754
0.88771699688466
0.25433356716799105
0.7539135367048748
0.9445180612563675
0.9850731653692161
0.5932811220548931
0.11554093266108212
0.3373979322732983
0.9969008831992489
0.9121643871235608
0.05809350855225148
0.7242285257196154
0.6327936696615145
0.13404266374669283
0.1681148994496141
0.8069987749565183
0.750750860341945
0.2885664325181254
0.9693427955691307
0.5776600817703806
0.031085351039784936
0.33142408366745746
0.25195425023401385
0.9329128909236134
0.9053737051352053
0.3189372650190161
5.012522416101284E-4
0.98009200017609
0.6520326228864102
0.9767025045216376
0.5428343587886579
0.3991799586870506
0.4377857300774597
0.3539249481795703
0.015047230653742916
0.050135625980262
0.8226876292121257
0.25306265427956864
0.04311811158105272
0.24159250586145364
0.9041166437130123
0.9828819979733756
0.9342430478285513
0.06024682938210102
0.2531077414678915
0.7040529674217245
0.8793991237231531
0.5399002795558929
0.4002756772528351
0.7484493079234262
0.6823093468647865
0.1192764795888035
0.020239495546437558
0.3859371747655237
0.3870709914045004
0.49797613014709463
0.8845189359079326
0.2847474958815175
0.719317273314875
0.5872962571094724
0.3912737322601998
0.3532082021549491
0.3992683995980574
0.05312461114594258
0.3562262213706997
0.9999370684910571
0.9347029485316594
0.6780868854204147
0.8283576874735646
0.6846149546268385
0.11898211703460104
0.6794040171609007
0.9881103615398951
0.7510703425388106
0.48204147707017675
0.4148244490593528
0.6987504620453713
0.28594965128272853
0.32053270755731234
0.4876905498353751
0.12815093851243897
0.9973300442712796
0.5415870408037599
0.15343635066058003
0.7586420521417176
0.190552857209476
0.9455019296428437
0.02211083666738789
0.016630345818647307
0.4272188875224049
0.7926012330126498
0.2598510639934778
0.4741750816161202
0.6478320757630417
0.7666695165882126
0.905761135800159
0.7716297109071973
0.7651772606496411
0.019729369087142623
0.27370449261406515
0.04317694872191291
0.02261475089292797
0.3873332822309583
0.45106423780068716
0.06146458350509498
0.9078688102418834
0.7012057649327059
0.5963707051894588
0.050071615889185184
0.979752410011395
0.21328833407188408
0.22669832565227377
0.5255138780968743
0.2661889222586603
0.12813594664923944
