1076559
0.40464526944152046
0.3918325621395581
0.3177893263891852
0.07237388260974331
0.9000501344342364
0.0043923584104083035
0.18390599105287686
0.37915221203244
0.8169301994198671
0.029378611898494333
0.20213211591530467
0.9522973141032894
0.6735492340984613
0.5729276647989545
0.2847746240807104
0.08767431687042748
0.11948690418599772
0.11520948558503319
0.3586333128455117
0.5531748758136414
0.4149113280692479
0.06404708969021033
0.9995691230258018
0.861647842793904
0.5003176019221329
0.3233541233052736
0.5594752787949412
0.14657362836876475
0.9535494779614746
0.4116917259203049
0.8866349190717839
0.4198589152142469
0.41074883208647217
0.03379156942830552
0.17481828578190983
0.2090798754281894
0.2579262803995932
0.6802541482271224
0.600088429420078
0.1537748168419153
0.10409331608701045
0.6543285680718287
0.6540186095854401
0.30011645987120716
0.8622745403474038
0.892963788751616
0.5209081365946548
0.33710064805655715
0.15833833479895776
0.5292563777519564
0.8159505964979361
0.5148839430120691
0.5356234198217847
0.7457036385835084
0.2977950252205329
0.4511559437084749
0.44997350384098544
0.6487138054941328
0.37568396673397597
0.6524589616766309
0.6627696467894207
0.9440633939112844
0.6051624401593
0.048004482923420855
0.26546005714173804
0.8899896215745661
0.220252677593744
0.4605367850446944
0.10600557820543743
0.1685343541345623
0.6384855421689412
0.12450966643018024
0.7672305908412203
0.24634984667814064
0.5910856154527905
0.2194629790519702
0.7213167783300402
0.1938194743978794
0.13459846869171066
0.7714026199784951
0.6177283209009187
0.21874231289665969
0.7674666245621511
0.6247029934102502
0.5141289828968113
0.7404407271261801
0.7454514605438076
0.5785075148802425
0.09158528770510588
0.9383225170259756
0.2722466299230869
0.13396735325490838
0.4921897318948558
0.14674243676060095
0.7331758754280089
0.5007942930230015
0.2241494461772725
0.07622036923268738
0.6951255421969296
0.907358809140163
0.8327341754740752
0.5004344047288563
0.6243894618522328
0.46470069533984293
0.7672399455094858
0.9467673384580144
0.14973507728737334
0.4665606713660043
0.8512929471397502
0.7559756073894286
0.8461930704954016
0.5999111310207881
0.09806017202959594
0.3281824458667685
0.32740211871150426
0.6754979897930218
0.5856726037980771
0.8359003176481787
0.599756326486788
0.5930612479927501
0.9185037579026477
0.9721705554343938
0.5731462042823341
0.3409880616857749
0.30641768609428
0.0844255174379348
0.9484918035470312
0.0421952214777046
0.2972238122047963
0.9469622898866462
0.11723091299879584
0.9834302895508086
0.6843668943444988
0.9071725526655153
0.025851581962100578
0.6757712087346136
0.24035204119000797
0.7860256802506469
0.24201070173125183
0.8963717191495859
0.1614843161543904
0.01847348698239404
0.9955936741754825
0.007658553895307119
0.9847741767372562
0.3116153489310588
0.07566320858516296
0.29676052433346123
0.5096984912294404
0.09021942337173716
0.3521686396649757
0.4933904100134414
0.6871595032991638
0.9376966722448721
0.5236536324252814
0.4406837080687841
0.752450691710241
0.20308547614681027
0.8337073972451409
0.7042330743637555
0.15918319751205445
0.4389212031015043
0.343347739911362
0.6918048294750478
0.11631962195396173
0.05004589572536333
0.8952515441864864
0.9229626831084393
0.30660895748086126
0.22268620005043216
0.7654887875650057
0.6101196892578994
0.594573590441665
0.034466738552556
0.16442873331434182
0.316213783551611
0.9832557764885058
0.9981533044489301
0.3511364522914575
0.03862994200220471
0.9894485456032099
0.3003347527717857
0.07444816774330276
0.01605180526301353
0.2906064231408785
0.6785100734634905
0.12340032588762462
0.035836774828343465
0.8739757347309167
0.7643819236968666
0.9912821021327595
0.3506017620840405
0.2159565171786465
0.026636731444341755
0.7488051979837675
0.07982067590851527
0.15048084937612605
0.26601297554836334
0.2198363594929681
0.5618904678566253
0.13637490380554995
0.8560629793035894
0.7685103298541139
0.1630091195125164
0.4697278574438065
0.469674599953644
