2345395
0.5339827334375187
0.7793942255744164
0.2909072842339945
0.23897751839113268
0.3394145469205597
0.05631166939225163
0.542385348060589
0.44683859135754334
0.3785861721197339
0.6639397259188705
0.5019024961984617
0.3521193761646605
0.42028227419464914
0.644150529487558
0.10851109322974639
0.08530645759326572
0.5089540297079278
0.13202220192291414
0.8674076687877359
0.7497470837701108
0.522866760312398
0.8206476654891789
0.20533649266523313
0.11596337189351358
0.23309327895697252
0.5873858255189188
0.8015372336899103
0.3232840747794157
0.7680659277052562
0.2181769462824138
0.642155898932344
0.6434021955586989
0.9746703878958634
0.6488964918946921
0.945689501899246
0.0035520522527670018
0.9015231703953748
0.21718366977878256
0.12751648819766193
0.25045814101301656
0.5457340144793463
0.2586322842728981
0.015369772515344993
0.7824080441696804
0.4422287835227495
0.3429277197889036
0.2543214441961793
0.1826208086494978
0.387706245628442
0.2020861196067536
0.29063860832708754
0.937842633710862
0.29559246495393876
0.1524752623685629
0.7527828349218624
0.5114374343092557
0.8986429002300221
0.12828943446764351
0.5031031803413606
0.6863604979388891
0.08834923466263811
0.6639652920209917
0.7248405546778085
0.317465264575271
0.1505912118341255
0.02187632057771871
0.13037337014122818
0.16908293005216357
0.9672269941253174
0.5066044915841719
0.6112006336509006
0.4475012517125613
0.7674184406082557
0.32883416411724686
0.03220631523705708
0.33252456150712084
0.7483453518440707
0.9293179119023276
0.27342055059300174
0.10588575959103186
0.30049299283987474
0.13507219633922762
0.37204194291109804
0.5249119082857224
0.3987095044778327
0.9396239884978405
0.4741723091364318
0.8862570672325132
0.685520118352375
0.3478564082545258
0.5753096780139043
0.7634072282664548
0.26707068268383305
0.07312802768630833
0.6314131303358326
0.2942113708600892
0.22555447507593918
0.9640972442609776
0.9739433698694269
0.3627759822186033
0.9987715949244363
0.3216790111852672
0.5589553614498634
0.6120148866725381
0.022441727091128683
0.0791990939095032
0.9093460081895899
0.8906381818290058
0.4535844714828928
0.53256735252755
0.19041743122786847
0.10945533881541514
0.24588277210904674
0.5263916112980002
0.986247265523713
0.4417424106469445
0.9784372965557631
0.5960482158630437
0.5052449779927265
0.5938804065174743
0.658495519065093
0.7052604091708654
0.5270131268958418
0.2968045881853256
0.45710573237282226
0.3747199440402281
0.21723182207286484
0.3576563112340687
0.12072847494022554
0.4228983371601013
0.937368430205157
0.17081685849657258
0.2634086089894514
0.4209972012672192
0.21651183898134285
0.12118507041343263
0.6754989312080425
0.7578548980604609
0.34546649602381474
0.1897323809222079
0.5876415462040462
0.04262747153641344
0.3219109204494647
0.3405835093348416
0.5288548505110958
0.826849654142254
0.412991014320241
0.7739281908610592
0.5565025761339082
0.5988727501448837
0.5329041222935798
0.7093896567291886
0.4119763454557912
0.7531687259042479
0.9576850132973168
0.4531023715319036
0.756250620873248
0.15856672084258638
0.2611856250328868
0.36866325467544103
0.38511270090823857
0.9845986901757661
0.9619161944325785
0.4976415519089392
0.27657355717571197
0.20230139462093877
0.477999013436889
0.8234894732097948
0.8369777730034585
0.7290457762265565
0.6838753419942946
0.5421872197616399
0.6141072188374259
0.7145632033304685
0.1308069887578902
0.9789235361938515
0.6767717345949114
0.6170581915483487
0.30199806156767717
0.10534859541038077
0.7906493540771207
0.06191487748787261
0.6494373096137018
0.9928912536176726
0.47030303199666834
0.8081316700760799
0.20321703181123885
0.9938134717178776
0.1422690230951107
0.09549566900614859
0.09472820970047502
0.0021354397013082504
0.3074667957113848
0.8979737325327131
0.6525766440392456
0.905058970323424
0.7139685907267247
0.8497077613845104
0.593405435152952
0.3135743944211319
0.8601896904308479
0.30680183361901214
0.5860265827942893
0.04320095082952535
0.029223807061160234
0.16934659286676768
0.0162359062846138
0.9110975276561406
0.6589844871728778
0.13082770359615548
0.27416542988312154
0.6488313687761266
