1144381
0.46466435769600656
0.8707667632015835
0.4243682071717041
0.6393189356810957
0.5178468752366399
0.7077188304921853
0.03796034367795997
0.8014714993729537
0.19359711465703755
0.49042830361771117
0.2506386375984665
0.15560719432859327
0.4358660833149721
0.32795046300701336
0.535096539158911
0.014239137271478963
0.43353624902169297
0.9490364034978162
0.41826567564259587
0.7850660120969061
0.8972336438795584
0.7789204415197324
0.15967915801150634
0.9632952445636304
0.33850999207252375
0.016064471239087164
0.2665131343084627
0.4143642055946791
0.30695632618253954
0.5232883419927022
0.35136328953084917
0.8062455591690626
0.3218552025496608
0.9337016590065242
0.5085969353323634
0.2437299198509747
0.11742302056059539
0.04012049289080788
0.05073698775263591
0.7398416791067369
0.9321252254304573
0.9874180306167065
0.5328770767908989
0.9161068197606159
0.7750316151940032
0.09844026142363249
0.8772073891774261
0.6188276243157084
0.6882387999205797
0.08337969247379173
0.9529837594978479
0.42618891232620204
0.9448866109301582
0.5155731881972638
0.7088562288984278
0.04370002360679259
0.9862673382139329
0.3504161837646904
0.3352568636134998
0.11459877694422804
0.14938230922763518
0.5606939256531512
0.8646887045846184
0.276450826594025
0.6674267948925292
0.7366762050665311
0.5539672842451888
0.5490456605814859
0.9206444171885545
0.6560181381544493
0.9219419068655995
0.21434168034178458
0.4721997036586504
0.036354681434498715
0.6674993908460399
0.06116708261571169
0.4150916371535609
0.04304580826029436
0.7658875585945558
0.043335863075455006
0.9325898893956658
0.37845866042431797
0.8058325291733892
0.9029038995394789
0.778526277569337
0.9291249179348449
0.2613655306977556
0.9033728409524859
0.43148175767835906
0.23344085520420932
0.32006333170118406
0.9477059897283594
0.800018118762866
0.5886581022920067
0.0740558506355804
0.5961718438579603
0.14464667616581361
0.896320727017027
0.021157855014434568
0.5435515441490099
0.8712490307961605
0.20355059018453792
0.6716000586642812
0.438904735931666
0.3224849947431774
0.8421424961172269
0.1486112944873047
0.529983471501834
0.8913017109298783
0.8796747399071924
0.22685306632090285
0.5660030556637363
0.45361520094470253
0.7555956223297803
0.14562043214915033
0.734269633268864
0.5580077395716373
0.4577749776011282
0.8432772528935655
0.6228036648630421
0.6207210613825868
0.907543866032552
0.1917978152791211
0.7118292400332089
0.7951127079557021
0.8862606033051215
0.6572505679194912
0.7627063268053392
0.7255788951172252
0.7205890503000038
0.8070534294034016
0.3389147260195552
0.291215565261284
0.5855939556714934
0.3411824437888633
0.5346689948570942
0.8015081843118058
0.29206472896528446
0.7679885052712498
0.49558284718672674
0.48878545836961407
0.5071923904987229
0.9015437565365694
0.4479768710874448
0.38030751235527904
0.8343603203252516
0.656990567217347
0.16891279267245185
0.08570981711665304
0.8135868608209774
0.8690575899410302
0.8930765984263894
0.7877594388363081
0.3115447520442036
0.2560227718391408
0.9882912049261672
0.3005319214465759
0.8516008230436098
0.5967664697024438
0.7801968446179939
0.16315060122139335
0.33980185207628555
0.5282889862403246
0.546402503508785
0.2106492742518925
0.6237424190919639
0.12554252733982918
0.9798795161199942
0.18430324948100507
0.4661953012486789
0.5036769448186645
0.5330304609331181
0.351609878251267
0.02498510821260791
0.29349344285910695
0.599017215439107
0.5584806026230635
0.36671507961421135
0.16860994185330314
0.8615483099192168
0.04399271128621729
0.4332638459317466
0.5916177437144889
0.16899118313569517
0.9604516708974139
0.045654408403109636
0.8347827795627754
0.18184145005775132
0.8930692365531908
0.39929942357580817
0.2094712166133692
0.841762860728744
0.008862749279935356
0.468661872176531
0.8734514046384368
0.15555563283572915
0.24808685375548678
0.6592222862065583
0.5478672126086006
0.9272957385217794
0.13660605950653193
0.6635365038851779
0.690202946177131
0.4084134741751484
