1360054
0.5854438239496941
0.2005825783434294
0.8650056923690284
0.567999552362913
0.4484579959679421
0.32282299141804327
0.9448476279960148
0.999827429132943
0.8969004357323619
0.18129778907229932
0.07676145076861862
0.42893626208028335
0.9041097586064382
0.7572413508240309
0.8661024797017095
0.9011922487802236
0.7721101787029463
0.1412901342200764
0.13172421789922106
0.038014270608679124
0.21143430186947165
0.28032564036313223
0.4920133961781036
0.9109365176300724
0.44181684822152856
0.5032638607828426
0.26829760599664865
0.45286933377504035
0.37980619624308987
0.1572898057571136
0.8133054994437454
0.5605146020500267
0.6726943602964099
0.11924535543848169
0.4440038711111147
0.4403615141806678
0.2549711354030382
0.210907347446458
0.17222633916122154
0.7669608470474324
0.8712053035167554
0.25922965246183327
0.2705189712826733
0.9222321505953622
0.686783027905244
0.5707155748290726
0.6254292260690978
0.8161386033007775
0.7958670086020414
0.10603892657668623
0.4818585936744211
0.601412431339809
0.22254892711016483
0.5830689572679215
0.14871149067202372
0.2429661107807145
0.8028597725007747
0.38842670478434593
0.8482478110586235
0.9799752468172557
0.9023058425684105
0.2204869111038239
0.6539688435576412
0.17534139708524676
0.5947395944651884
0.015212850888901008
0.4737824031308905
0.11444343186589778
0.7440628922498375
0.015417676111505574
0.7111771546339664
0.44105495288837004
0.06968165112642533
0.8971103008977652
0.9681015643175086
0.8583852318258108
0.6430634118418962
0.24002716799103618
0.9541125306237679
0.32192462929312127
0.3095624947592108
0.05032757080801231
0.9567303933139341
0.2544934404334396
0.7803982175428245
0.22269556948743707
0.08439839635639634
0.7323601869030063
0.6402421144848165
0.48260979568602014
0.4856706666782187
0.5485939983729904
0.6989836979690854
0.6266753344554447
0.7002011482876694
0.07457670491933666
0.1044620243214418
0.2511777696485741
0.4934556323905709
0.7831232180151437
0.9060768008411823
0.35770872027881184
0.37107285734981765
0.6387952403688796
0.05522207045719563
0.38489556084786547
0.6720942788747092
0.6129075885567214
0.7067427859348913
0.023646059967542765
0.3472789287518422
0.6416670221911738
0.4029376856388286
0.4564112164800055
0.6517538789949271
0.5587306448196313
0.687225742593063
0.07148566857779237
0.4132406845637945
0.43191570149162406
0.5280098758395683
0.541208071926194
0.9735938704208932
0.029699418455828464
0.127276315225621
0.02365021934141498
0.584606145531033
0.8246282237770073
0.27930078774033384
0.9654658799911499
0.9864064247911154
0.40097289661991886
0.1776736897393275
0.370280442136542
0.30395075004630945
0.3366940162870681
0.925070709829664
0.852029612304891
0.057717846221739255
0.8880569726245251
0.3497299288964024
0.4343181754874751
0.2817712874926124
0.5091291854941051
0.5881982510822688
0.7651222417924851
0.5691246489297478
0.026524609741589544
0.19607289960496666
0.5211128761251174
0.3561683119542005
0.2563403737432126
0.3890341734237379
0.07215754372814209
0.5474444246516116
0.6019330408828126
0.7742264523205068
0.739193239190484
0.5543866539015438
0.004417659402924379
0.6024175364153621
0.04762027232425026
0.7327438475759217
0.748029293229799
0.4194935383122742
0.2853565522229491
0.09991103921958666
0.3484170495240151
0.8891683965060324
0.683764431577273
0.32339100663346054
0.07710104509252624
0.881593474387785
0.19542823099014195
0.9499337711752922
0.2903906738823706
0.9396261551748111
0.7072256597433572
0.6249559994129056
0.9997850262364194
0.6645763245260038
0.20888033941879913
0.09803844340068735
0.6063597469840563
0.9358926819509726
0.2934841321367557
0.18573692329362845
0.595040722425867
0.8362643568629622
0.4821641356170969
0.8616261981194256
0.22187416360522016
0.3211160745701086
0.9614947536730002
