1115389
0.9312532659817354
0.09464986164431022
0.5972210732469779
0.21557440771898173
0.4489292205752202
0.6814437064047631
0.9226972437783068
0.8017875510937528
0.26699655594607563
0.29050700710016586
0.137824840772239
0.7225020153325233
0.5591009434929426
0.3018392265452542
0.9989905449432613
0.33145684253690566
0.23717482901601117
0.5754839105987507
0.4430359377670796
0.8544165044900536
0.8661305610643619
0.34930235424369227
0.3508216596636985
0.749722620779033
0.3812244270121572
0.3008355963031504
0.3621061552971584
0.9899293509547493
0.47507311577094546
0.581306482994117
0.9395716134684472
0.520809175234823
0.756719908317597
0.27947827240071466
0.6726189516819583
0.1221719131331741
0.5631298250046021
0.19939326995166518
0.0681471060028277
0.8292051951123528
0.460427291907203
0.5225297449128332
0.42800391421130723
0.7048298365614089
0.6278166794866771
0.9961570553445985
0.05221328218543697
0.31956978929989277
0.4802834760646225
0.39154841289739584
0.5833671482885826
0.18765130302165056
0.2063840725703544
0.7673700698777242
0.2670662172336863
0.35856268152978776
0.12900055863024085
0.18555092410037477
0.4290479419691845
0.2520011604686927
0.07071916653905086
0.8153105927236309
0.31657072988522617
0.03184430170979213
0.6399104244741823
0.6743031476561893
0.7392853589969748
0.03826224943533141
0.974918752691661
0.913591813583407
0.4281617493121189
0.8883745839395806
0.8520379086444989
0.9362365581990081
0.6369300423623847
0.829673330534757
0.06353796560207059
0.3200768201633658
0.6904896722325597
0.14920368758878277
0.934604921037702
0.2522213763892073
0.8506364891082852
0.44029619700787515
0.379574207719792
0.020754229468540553
0.845372032271184
0.8439827826617217
0.6487557407518658
0.9741773717265757
0.7904262798199513
0.7103749294309558
0.41689162894838705
0.5539071279339374
0.07408486691458505
0.8181290655817738
0.07965238160424581
0.9127303006771532
0.9882977490210612
0.2803610441303779
0.8516638311136132
0.3983181733910397
0.5918954740544909
0.602459693281751
0.9045360386132038
0.3182937227917859
0.8745525854959688
0.4594587631494689
0.8675803471703055
0.4428473932631678
0.5688884095366101
0.21581003113385877
0.36656218748915725
0.3069415856118547
0.75787838859746
0.6611796062874085
0.12130119327674338
0.11383201052043923
0.02874998540437057
0.006238024555802912
0.44871898775286645
0.7349649791280967
0.16423240026179675
0.17673050003768842
0.27356757648641794
0.21146247508924365
0.0407653531813873
0.48264541662006777
0.6840070611782981
0.5765518537380916
0.4852535950043615
0.38129302235909523
0.4874973923637359
0.2884656615154817
0.29735778316393724
0.09131690549549853
0.6112013579530524
0.040929522210463753
0.6850212073392711
0.5079675759134863
0.2169731203623464
0.9571297751819001
0.8850832217165775
0.35479300759110155
0.1713440200131544
0.5612508471574175
0.2608369419564336
0.11603151603376394
0.4018879992441017
0.4521530724055489
0.8866720485132589
0.2310459134131646
0.9357173288498967
0.1611461958686573
0.24028786922152257
0.48830591361905806
0.6245731590174768
0.7862364589594101
0.5993558839357201
0.8632004898216697
0.598719406058342
0.341786319949696
0.25685898559651477
0.005373594480133859
0.9359554269545391
0.7884112588429341
0.4565685320137508
0.14914477817086635
0.8051637658611643
0.5085838254458245
0.3362423355989985
0.6679123595534242
0.3038367285279533
0.7844214241411431
0.7306048840794683
0.2311641571209867
0.253638546886064
0.7662630437574471
0.6484841431394388
0.2901793172838706
0.9988671447422919
0.02142426610476611
0.926780093599766
0.14644588625525723
0.48431160081835
0.694441918195431
0.3715693397353459
0.3378779166340564
0.18792074768496192
0.325990331268849
0.24313654631442705
0.019809681587556915
0.9557325398569378
0.023891908800327766
0.02545443836986494
