1668698
0.7761436178646047
0.4127676208641743
0.06328583586462844
0.24232658954971498
0.55875934339618
0.4946933268395506
0.04948237989264004
0.4665475202980215
0.5177847019812779
0.5111453450232442
0.3830618364967505
0.9752927004499162
0.5724822061266491
0.4549469082902817
0.2517910449736326
0.3058269348202409
0.39134268795468863
0.8729190268075727
0.5085038219367751
0.46327142655884457
0.5521097681763784
0.10829789719246685
0.1376427103710457
0.0011625163537775096
0.7044315198011128
0.22369777672290725
0.33802098812446657
0.570053545991823
0.15142346744879254
0.0427800848404194
0.09511716868138043
0.6316900868972208
0.8426631248362427
0.5815292511738273
0.7583997514319614
0.13703859666809814
0.8190519322547877
0.8340605243386093
0.20676109449273228
0.6180122116304534
0.012708277080235697
0.5415432598983553
0.22890163494190752
0.24098408607191812
0.6395082894286334
0.15560226800266586
0.7317853366535212
0.20500822307501043
0.6284490913090712
0.932347350005837
0.22910095458358715
0.051992252504732384
0.0703063855947842
0.3926313990941209
0.42568773336092414
0.6995655700465507
0.11323569589446336
0.9156241158912146
0.2712297692084684
0.610548714119055
0.17972819526778283
0.23390029939228585
0.8308977969738993
0.44316937865135186
0.16310492910667207
0.6696307793304557
0.7712313189007881
0.9873498715039759
0.5383433223809719
0.9659085958151884
0.35143036921509885
0.6264380083273853
0.44401686873597657
0.450302680427331
0.16975565142250593
0.2948893655856243
0.9471685490128686
0.9050779974289593
0.948316580931776
0.7397683897158097
0.6606212607169234
0.23683847533766966
0.6728499115742987
0.714253373428147
0.9701696269094964
0.12573255196491384
0.06467655575201348
0.6492961664061399
0.13010667248882712
0.8125635740853362
0.039607386072973094
0.5091084034519545
0.0012229420581909567
0.1007345717793714
0.28031626304821633
0.7289700393412093
0.4294749153863747
0.48022055698393085
0.1664619581929473
0.11808218655016478
0.21440098744802005
0.9826670399573657
0.8643217805212772
0.5128878042441899
0.9944501058847386
0.666632943078285
0.587132540280422
0.12871292047665805
0.47957208693073483
0.0875651198832319
0.6855460455106882
0.21896346227372643
0.7797198004524951
0.15603040029728799
0.10822482125321065
0.2968126519295252
0.8074251010362017
0.6522077184212831
0.16095149076945214
0.9076688682769112
0.23497794717103582
0.04256067499889837
0.8432173517153078
0.9680149175235947
0.10211036127741502
0.5043701003463331
0.1308886949208049
0.05320396569221608
0.39584258634408254
0.6092578444152472
0.35380210065202067
0.06686888563872528
0.514800764007251
0.7769003745950449
0.11456384585910828
0.02471023307579745
0.9772243471345927
0.12829279808200889
0.032813727776289436
0.2641230445320132
0.7831415973301278
0.6917076813857547
0.5197949399555999
0.24933631921376276
0.5387657808866579
0.6594467666865551
0.1035105089851438
0.5887341404080059
0.8885417858292858
0.18886955239213143
0.7470996946873311
0.05572294699229097
0.612618410943704
0.05615138768664951
0.6695214456289961
0.4851699218489448
0.928842088066991
0.3322323002406259
0.7573501183645898
0.6422419954247441
0.9462130925366184
0.4540179832916168
0.27266185960587963
0.33740586253275917
0.954214506808076
0.4771754003208648
0.12700762683018096
0.15384171053157203
0.9243886665188381
0.9781850759084589
0.2576322698294119
0.7213221074116728
0.12317509647111424
0.46924494186833643
0.1493307939401849
0.6340121874914956
0.4307902431099525
0.6428132037031571
0.8242372540948616
0.014980298704165729
0.10227764845495935
0.9331361405422022
0.5480029132753378
0.4297003559594803
0.3755363678303987
0.974981126539419
0.5485348981995259
0.9988320183026667
0.07780002350838999
0.3317275018206194
0.43591420041563345
0.9438518331626455
0.538384484707885
0.9625350522900913
0.8685195202351195
0.031028412108832115
0.16011664432425599
0.5337541943802447
0.9041330806284222
0.702886184649432
0.1334895782386729
0.6913295681189627
0.21512552411730324
0.27042133686979
0.7606826841969067
