33971779
0.5174538580215495
0.8264177068055578
0.9107973823993962
0.7630970249547702
0.8860248773997956
0.5723571885039384
0.9704915662255985
0.6220043435931664
0.29473158156190005
0.8527425825903345
0.6501795919140433
0.5402252425213596
0.670801770168794
0.8164194370395556
0.5465743820430661
0.04135554182601864
0.24052428140060167
0.6967466635256376
0.7492522386768158
0.5414036443218654
0.9792427223897875
0.0051607491483205425
0.6028160924702023
0.5934322529190684
0.6040706742795712
0.8656230112844736
0.30671148564966333
0.7983517273086691
0.10571816938832512
0.7187013385376969
0.8266950169311146
6.248157386287145E-4
0.6431008229596102
0.5760742576145924
0.41376265838603954
0.13126032004801802
0.13878882280849014
0.24825780179085066
0.16557921426168687
0.6345833395837235
0.723978252949524
0.673051528334333
0.06151497928764982
0.1345203497029509
0.6467608533447599
0.01645144142145294
0.05682920505987299
0.8498313544581884
0.01094772864307847
0.7524707625774942
0.42924040337157443
0.10885862050673101
0.1461256007886791
0.21895384691613762
0.364744513596985
0.9873485985135662
0.08666917861652801
0.35435738002207495
0.34125629670162283
0.854334378698295
0.44921265051227843
0.05788745251306682
0.1300436919292105
0.9484840406127535
0.8822411208636924
0.6264916654919958
0.45969460476173374
0.5421073374766896
0.8843708561962803
0.00436087454469225
0.6846727826687793
0.3431907207566338
0.04575958687536108
0.8853648458078147
0.09247279140516373
0.629213036397186
0.11907747659405354
0.179731715281359
0.12916643894028246
0.5693889267497713
0.9658303450023001
0.6314752718128512
0.0807013240436607
0.476634547361122
0.38047376596545823
0.24881968821075284
0.4635117100857219
0.7396891848556082
0.2915062773397279
0.7448923127041936
0.8023490868891758
0.7965480744232887
0.711855436150362
0.24042186288841905
0.5488003729538733
0.19180563122314886
0.5123883800913326
0.39123472127174386
0.22312885385443482
0.5178426444456272
0.18534552878567845
0.5225424430307238
0.2778640100951538
0.2465745654482434
0.5339486657305572
0.5612727740439801
0.084502523098962
0.907053031928706
0.21540626290419151
0.5817086365906659
0.6966364635335462
0.8997476558498322
0.9862677234410004
0.5518455258835583
0.6981742906393271
0.5420630487135308
0.2889945340753618
0.5448590535197363
0.9784385220017408
0.3929898246971183
0.6892304832008139
0.5029368442454906
0.7165905690226058
0.6458041210357904
0.27107321538048945
0.43606620169183496
0.6855687364120859
0.6907922188170487
0.409689170245517
0.5318312895668684
0.7166050471222172
0.8936957416559297
0.8472229679076735
0.15308927804942773
0.529422270481776
0.1652864454861348
0.2912789884064204
0.032160918940987604
0.574307560020576
0.5282712516146487
0.005257715451358225
0.8924319379952378
0.8437045655891074
0.7216144243064028
0.3484802623848694
0.3622355082023788
0.3559047076379459
0.6053836474359554
0.7689601850507278
0.1326325075114777
0.27706430012576755
0.22890606535842073
0.32989979349609544
0.5025212019188323
0.18310658004149516
0.2428432710011652
0.9747000958502915
0.011125150729417999
0.7180138785096697
0.16000886147171822
0.1841383132408786
0.4911355969644974
0.9247132109272721
0.7341933133687346
0.6076923905167514
0.5696736047874278
0.8528987142840038
0.656803331389036
0.7301605350942071
0.9704059797420935
0.10870954249476539
0.7804274396933755
0.6774994257495355
0.8749607018402643
0.8645382868181426
0.49828152221420374
0.7942389680570625
0.5670803720727027
0.93749274397199
0.9981456897742526
0.031033274433126645
0.7518562302821349
0.9407929955095162
0.21507188417141132
0.4400966363136357
0.7137433242759145
0.40514640226944676
0.7806424872653283
0.3582522861202969
0.7591302328291866
0.17692488926623529
0.13932304498980674
0.3707369009649297
0.640944696768583
0.14413278829449827
0.37525058007968426
0.6549450127598495
0.09694868982331828
0.5497193249024296
0.24751575478008325
0.2447103352926353
0.5350834360073586
0.5636582562843007
0.2132876947657526
0.5057847860107095
0.4914899360994859
0.11445037038778172
0.47635509443095936
0.6427087149021561
0.38643744802893343
0.31725450565746127
0.12486644585301232
0.6567203471630836
0.6784009724654309
0.24555897849813846
0.09420629559368121
0.016511088248200134
