5008614
0.555707164266931
0.28797188785350447
0.36533534003785484
0.884151930499092
0.9142911658153697
0.6293584644291478
0.6624897129160893
0.08485924973684533
0.7614019234294667
0.7892963170280183
0.0723601764926256
0.3190041234195117
0.7310182623461395
0.1303218157381162
0.6882752580592918
0.23266055770918148
0.4196697899824612
0.37443999219058777
0.08334124410300403
0.7698511387449893
0.07556370573153626
0.043729913511038054
0.9200560540988042
0.08724935604722173
0.685607523398592
0.21799313209414484
0.615917459122087
0.5411433285039157
0.5878356129444009
0.8721991957027956
0.020405152291523843
0.3906861026962305
0.6330718975651861
0.1628727668156984
0.2593477698219112
0.7442827042954872
0.4131088772423157
0.2619985467385638
0.8585900840434383
0.7788732355015981
0.34247615541459764
0.33093091166109256
0.41867824070241
0.9076453300110509
0.05497643974074762
0.6902220572419571
0.20589964064196264
0.9262435712318318
0.8655466495187215
0.3442223764340152
0.1725627430596094
0.2989810806194343
0.6278247472650631
0.36053311929264586
0.4166627067582479
0.5361704459897326
0.9961046805932636
0.37079438770709816
0.17675860451956205
0.37401896899818754
0.9396884770444913
0.9677845131926324
0.6352112668576256
0.8757206896174615
0.48334201067852944
0.5235131217411062
0.6554675613134381
0.4697635938903182
0.47206498636298777
0.40708903205425573
0.4254649784339153
0.9061833346686915
0.64047151469329
0.23554854577610507
0.2006066316484768
0.2213619423135632
0.6198958023162094
0.9386671690677831
0.22416048945255518
0.4801019547679116
0.5013632900270553
0.40095928764846145
0.5257276316060533
0.08933789235451606
0.9334902348158415
0.13089327350541569
0.15360593308717696
0.9760614439484001
0.4582856005523739
0.7457833051764218
0.8412170153726092
0.7243045129359177
0.38185489898381497
0.8602932704267149
0.879685967122934
0.2483362700063474
0.7305530568323326
0.18549467259776964
0.20534252348439208
0.053881028500295414
0.6643699784376198
0.3915929079709599
0.3699378784808819
0.2350130106443753
0.4588277955293055
0.39797922998122826
0.7745633947332013
0.9372452777973425
0.32819571835183625
0.6675838943387155
0.35645520304903755
0.005704323067582062
0.6186701055649987
0.2553474757153199
0.4486240885385191
0.27982962213962215
0.05514160881668173
0.6460708225428501
0.8057179235397667
0.8348418117842138
0.4929314495956173
0.8443990615505478
0.4685174011924035
0.6672309683546036
0.6547413977386924
0.6383585516635827
0.13469365644539288
0.9812064847829971
0.6822021135810018
0.17248568594731017
0.370566327786207
0.6317812062659757
0.3917557180475505
0.42815018956757056
0.7720967902072698
0.740164812629408
0.33943745332751285
0.45899945150878985
0.46189505305813616
0.7226800571690953
0.8180733015035251
0.48089575198516243
0.6738242847197609
0.9867874486002151
0.5964109288745831
0.9679089774871663
0.6953562685429379
0.18313896933325136
0.8913477595147785
0.837454880625975
0.7920747255332122
0.19393743887221482
0.22629587630766024
0.2339344229338669
0.8507338161355645
0.9869696941361897
0.7937580846769885
0.1963918223290858
0.003102749685148898
0.8205437278413655
0.3965294402442061
0.07991774251507522
0.2550157343127475
0.36527808343666646
0.09308375295568261
0.2427752758191266
0.7037279348514188
0.0059367214929411105
0.9260431478684256
0.14779968820638778
0.9199955736250027
0.33707205016066943
0.6145363516735476
0.9137797315199918
0.5399367170043188
0.7504174196922294
0.24659321277994706
0.8706319511641697
0.8343108607187657
0.2728919043577599
0.859575449644041
0.2425492206900054
0.03751421097163621
0.6525331340577684
0.377154927425839
0.6660322441475116
0.7938017023755722
0.9512783635244431
0.37053720394894496
0.6782749655067678
0.832518151061554
0.32070302826259156
0.028648335063083508
0.9288184366775027
0.4241558851603088
0.8432137506361317
0.30497593470108186
0.7496827672657692
0.49397194043679227
0.9581434276338303
0.43579629665100406
0.2700809687127087
0.08354960441775083
0.9215457806798399
0.8255507101909716
0.796687220750679
0.5724892158584888
0.3649075373278512
0.9103215611041032
0.17385657608997795
0.36486702232178525
0.3274077224770683
0.048917381813387784
0.20053801327256526
0.8438313382792649
0.5811296560635476
