3623834
0.30054575465918165
0.8050036093164067
0.7443330123670999
0.517213497412979
0.7935307353017933
0.2039575873955337
0.447045322879819
0.8221517770444949
0.8211550412640856
0.5771994819514584
0.44392483850704845
0.8695874516927311
0.5192578311201852
0.9605822381480233
0.5676151850180609
0.4728956569382965
0.5118509052759787
0.91718421646318
0.09059084412059659
0.20580763839854077
0.15603340983659986
0.23204929846502864
0.9607480853154219
0.4274552188251547
0.40924567829388603
0.5589681397107815
0.4958760810478534
0.5481732954023718
0.515406026005511
0.11484367434387666
0.15071957221058674
0.9637061180258137
0.7409242976344679
0.803751054629583
0.34047629247544986
0.09285373479190395
0.5439032975930794
0.08947263158251828
0.5716293748770681
0.43611665812085476
0.13511207347263687
0.4883898362849275
0.5473776700952178
0.6485447837521826
0.8054640385530195
0.561618440492131
0.8836841638263637
0.133784038383167
0.27458715384573595
0.1555323921168561
0.04452833673251644
0.7667058504864048
0.9948787200671924
0.5759475147527332
0.9318426852701909
0.16656145818752388
0.08323922328869926
0.39217125744069226
0.3713705316375999
0.9342779938464585
0.14200748754321613
0.3711773839960345
0.4208013499791535
0.6659849257898576
0.9489020693463929
0.3855330727634979
0.061372804941597914
0.20768628693943092
0.5434032252922284
0.6762116740790302
0.0305381322160998
0.4693855469896171
0.4422101862339298
0.896438746577588
0.5976292524033782
0.7680079507308888
0.06145615626060463
0.5529600530977746
0.8506452518230242
0.27479670067631223
0.28531643390239125
0.9253041112318686
0.7588390955240636
0.343346697055534
0.11782895427703444
0.5716497768522585
0.45971052452482897
0.41556084444377905
0.4009915657675813
0.7873920616534247
0.019381477907124856
0.7492404184828363
0.37808300607096823
0.764339499129251
0.39509959179586585
0.0538572156647904
0.04838636658197237
0.7162311909001159
0.3496704912332582
0.034789723327591116
0.9779914461392972
0.5911756199742669
0.17201462551998647
0.17728303332982098
0.9202209062335819
0.5720283596522359
0.052814375342534525
0.8131625027534098
0.1318120417904386
0.062332665136731746
0.7095178267020595
0.5290582652306218
0.21871612754265002
0.571372674527347
0.08583532582824716
0.15311784160374176
0.36676334754284934
0.9687362985177437
0.5424999120305052
0.8497349749138403
0.6929872219123286
0.1147275282909177
0.18300065060631243
0.6752714113885067
0.6458409886721259
0.39562040245186125
0.4389668398263612
0.3510785773359859
0.21689502517463732
0.4712320552651714
0.03326882409086751
0.6630932747147887
0.951163092247873
0.7194148980290713
0.2034407225875181
0.9402630826465582
0.031105442161695307
0.4907516832976091
0.8533567114655912
0.40441741232048867
0.5981736237121988
0.8579186070346561
0.06226238278392382
0.7673766287774204
0.17056160364321915
0.7521688832194311
0.3323242349224558
0.926907734699146
0.7158549226605518
0.0578919727692947
0.7327364234125338
0.9151848847720864
0.13211982718525883
0.7004448940684113
0.11781165901998147
0.28036881268917835
0.5056631280895548
0.6039059182941857
0.050962921807425454
0.17230599427085513
0.9717685198228488
0.3339856381784707
0.12103605108318083
0.9221530829584395
0.48566599173066083
0.6970596194397504
0.1854703765911574
0.37966142646432044
0.3563624818124199
0.8897762768319624
0.934787702614729
0.9119428608192042
0.26832594722405034
0.6708168681637436
0.07214847316574458
0.0783003795789633
0.25468720154569247
0.6674347543056453
0.4851535616576963
0.5232289118693455
0.7156282360682344
0.3239881842889927
0.250536600482676
0.14598626680446025
0.24743555768404313
0.015298865171284759
0.9553141413208144
0.5024832913359094
0.0685366799643563
0.9080049374546129
0.29860299240241994
0.5058240908167903
0.38940354444241865
0.9803692239830585
