5028597
0.8412912289270102
0.7064367662529782
0.9150114596126782
0.6496115868172145
0.3843117272378811
0.3970520341452076
0.9855759797709407
0.8635757043626153
0.7744283743145787
0.620838481713673
0.09087962077474987
0.7764196630851787
0.3235612717639793
0.9687496806719598
0.5731564068899025
0.31863257863482686
0.1744884331636276
0.24789906722946164
0.01766276686446344
0.7753872869168225
0.737470842338222
0.3973299386791045
0.587954288776421
0.2652479347946516
0.6259240886882295
0.5019446171859818
0.6998244025244316
0.033425285415464745
0.04506384026990362
0.9014571980048723
0.7520944441673287
0.7696251986841399
0.8287461969833866
0.28655208252221276
0.9275338881475068
0.13223671015910432
0.673439381558498
0.10341532330672176
0.47582170521048284
0.8671835772037787
0.10084466207792864
0.9918224449090538
0.01538496833920966
0.37182154837140124
0.7168743413266071
0.5886483491207309
0.21530921272724002
0.725304519146756
0.2922337350506633
0.4585187513478942
0.6430613656016837
0.7177437297444793
0.29381386055160197
0.6220277515277461
0.9658704812872055
0.16938370922062418
0.9094467334876399
0.36897694377096246
0.5483950704009432
0.9226326038381447
0.6760148121953432
0.5930934214428518
0.13657245754578162
0.218700183872778
0.9054944143209919
0.23739006893160086
0.3769325249980163
0.3211755300858762
0.7465077662695623
0.17210407199177358
0.9836856740117652
0.0796022524962926
0.004176657678763518
0.967021102086038
0.6535892255077222
0.5886552735955402
0.5475565703425033
0.6988483202616841
0.10451242116761272
0.9886315423893346
0.3280488894543677
0.6533968241290015
0.02221141504207802
0.791305848074281
0.08104127945676853
0.10781513057213321
0.09645879707708604
0.5458551643119517
0.4067449647791085
0.6875903096309753
0.24030607716919394
0.04056538530161602
0.4483543867337446
0.7678918243912981
0.7455700020398979
0.596462987537802
0.749237469285807
0.40921194042023035
0.2879601552426162
0.3129542407873691
0.48932432869318454
0.6530883701120827
0.7370988587273692
0.7757477705746086
0.83025521843453
0.08845333307845393
0.46523370428578203
0.4133557426896133
0.09354626689833867
0.006698375561721592
0.41674186177804473
0.6846956661642885
0.7644855591920993
0.2886065195135542
0.2875489702398527
0.9138710097415192
0.18104969172665786
0.9080560642104578
0.3032202152761644
0.4481925512896755
0.38542509800204383
0.06395374201443749
0.11939839368567873
0.029491534528929275
0.6261220587589859
0.1890634354218117
0.7796439940470805
0.460680009775268
0.5170685476016186
0.6250687230510955
0.8634906810772013
0.1283480352713684
0.704471150632434
0.11942507929635215
0.017507792566367475
0.4699158230790985
0.9630132368161008
0.5602042633376645
0.029503912260578025
0.10897036061800414
0.82935295761003
0.06200945991063078
0.7008836051916436
0.6829357859345014
0.13164407394368782
0.6161559971657822
0.7947101702792654
0.9720375135494466
0.9650215966740577
0.054569977756207866
0.09516635800031614
0.1940249898508366
0.7012977644467941
0.30959282557534795
0.44634640009765925
0.3717101661397123
3.1481548523559777E-4
0.5312601688672199
0.11901147286984093
0.7332189388330441
0.6571482231277195
0.9539853102519174
0.015062102151715773
0.5650773890421237
0.13942564951414627
0.39414913471089497
0.14264147237101954
0.7955990438788121
0.6736260790116142
0.7777490872073864
0.6371742193320211
0.33228629547635913
0.5284650573767331
0.9504336204016509
0.8743314226294805
0.628652377425182
0.6528394271177035
0.08026223106658203
0.5339150013455373
0.7114913208103661
0.8902969610396613
0.4574937278927337
0.7440859480208875
0.7872178499620142
0.42286054177121457
0.7625533493084462
0.9040981522726933
0.14846191814131504
0.6068010272236619
0.9601669394384361
0.6969744873373964
0.3438315117728461
