3628302
0.4312381373655675
0.3065656566530188
0.7402234045840853
0.8228921892650475
0.9422562438999762
0.06693178501921748
0.8032549391849391
0.7301233771608778
0.7236634063703524
0.057964479636482436
0.33391934946616864
0.610016564768335
0.09635575703627541
0.20139419195189
0.6512145111139066
0.575273134311003
0.9207060799407165
0.41756171396985275
0.781603856491068
0.9034560695275891
0.3507920621770425
0.7720448828796399
0.371490665893791
0.7914492971442797
0.7223891186393959
0.3991139534769341
0.922693823775238
0.7838747220621987
0.8896194470181907
0.7684380731921454
0.09520624821212054
0.7504372946694398
0.6711683339701319
0.5319374554578483
0.17763804430951036
0.6710572905907967
0.061872439712030936
0.34010073542459063
0.8903844030272458
0.8971803766072344
0.9798245623621342
0.3575386789799817
0.6365005614047389
0.10880551670172367
0.9173402778889764
0.6231340109849446
0.707464921453358
0.8747708625202114
0.5387593425614147
0.46995770139675064
0.19478223026169816
0.5542769460254049
0.2560026680582068
0.21562256208207553
0.35611046060368245
0.3224893448758198
0.10869739090643005
0.22221839385182296
0.5265400480980108
0.6442634211349525
0.6499947473106701
0.975284754858981
0.08521676169615999
0.1577246002407351
0.5447932315371288
0.16107162735939085
0.6147986550322002
0.2497254449708599
0.09274328630497808
0.8725168824591619
0.6408217854872663
0.06832591386740328
0.006242158041998791
0.6953088683603753
0.18753062042052215
0.5369873276885738
0.42866385904778004
0.8442038635097481
0.07507536888693422
0.1870990887202716
0.9817144423636909
0.6338688468102189
0.47079350293399425
0.7968327475280838
0.3222672992703286
0.4550752504772314
0.5234999998488882
0.6430904234534413
0.8132708379214799
0.8953872790905658
0.4745469709846539
0.6528616168840095
0.955145180878701
0.5786768479374244
0.16799898678679215
0.7779783206055979
0.32007361217062946
0.046493696183441235
0.9041080563083695
0.1292444450708521
0.19512533043252667
0.015581080015944937
0.36448768432517376
0.10603063084043118
0.07493317282641643
0.844260338075994
0.0717576192290581
0.6533946436647889
0.9122092373079277
0.6004466210210245
0.47191742019131966
0.33340033258452384
0.7220664941463717
0.5195520963809531
0.7712373859653944
0.3059990124155423
0.2489920292667579
0.76299909071474
0.8279964074710786
0.7115091082750842
0.7455138526130638
0.19514933640443266
0.5824844952413597
0.23725275352237052
0.4556823699735818
0.46207752722209894
0.693794176758471
0.22623345365667957
0.20723100923655713
0.20609273074428414
0.2231447708321812
0.15931327947231788
0.7194136679905687
0.019758588968286417
0.08608568375100933
0.9562329652104793
0.7961196872766344
0.37722809112896094
0.392066949227021
0.3773975288182937
0.6806376130783335
0.5319737622003822
0.47346358178728765
0.16249137761777221
0.15801703838040881
0.0880895163256813
0.4263638053032547
0.15802944794171636
0.1607877627957729
0.4919097172349015
0.5509145042896041
0.31889064105704346
0.2005706216243096
0.2729330567594469
0.25651459498931983
0.12270101409902634
0.8074438190252633
0.4126418660803538
0.6513580100276992
0.9263770065900053
0.7865813406201841
0.9436080817123498
0.04124866327748111
0.9110151171606962
0.5910556871047195
0.1459213637195811
0.43051778108329064
0.7582921625127613
0.8535798220507249
0.016390586402768692
0.8603902261428658
0.2383815839366159
0.9547358591932813
0.2978789998758371
0.4119567235432351
0.29444660681580437
0.8401538645845303
0.7417250817951512
0.4021031418681743
0.33184919412433955
0.04549001086155313
0.19458780133253184
0.6851765454879449
0.13542188528440968
0.28645245886798465
0.29986021833889764
0.9630349951484675
0.5824800579678496
0.11550956582325134
0.0022627575779713416
0.6008714200852653
0.16261670576950327
0.8765750937901031
0.5413974232262039
0.5711312073581204
0.06911929487925395
0.5302234440977489
0.5087779750152185
0.6405451683737282
0.5068235116470784
0.6510794670826162
0.6014180396252334
0.4483050442837895
0.48398772739507145
0.19273575340347826
0.30057228473448816
