4277682
0.5956258031723296
0.050777681155163346
0.11485411907119758
0.6913926051627227
0.026233597052151447
0.8542572069177367
0.49567392609931227
0.31331570331742153
0.7132303582636036
0.5770070093479956
0.9139757897100896
0.45550568233367017
0.7699033585124682
0.9233382837518486
0.787974025156703
0.4823790023428298
0.02677310081124107
0.7935696822446895
0.44552630415964045
0.104714759981133
0.737867480793224
0.8453164580624297
0.42705033994305575
0.7082652017516354
0.7319854711892849
0.4256348007553773
0.2102470011472024
0.7019323358538563
0.7817375097148126
0.3220813341967319
0.32784552779373044
0.200400608612314
0.7354981231280289
0.9826755374960121
0.7637030316297179
0.5290490051574516
0.45061155216137594
0.972578176187944
0.4847652248862704
0.7023306986988007
0.901589938244183
0.9517419242905323
0.32582873567417503
0.19036704347643152
0.22052362859745056
0.7448392507881787
0.465635133763188
0.24253120825524854
0.08033601333215556
0.6777565592414068
0.4156615028849132
0.041567837550491094
0.2690113102281916
0.6316933059607047
0.7220566444996919
0.4126174947653214
0.3177283413283467
0.014383142140896865
0.39518185841944653
0.5829395884588994
0.016898410555304277
0.36891428187406883
0.1476955680996549
0.16621994485938307
0.4944149048675457
0.7778302207990307
0.8731886522898229
0.35557799582019034
0.8307749643037251
0.9803885463988532
0.15844737715045742
0.8997425817489486
0.41330929250610626
0.8934578539422271
0.2822190005195899
0.2640892535227817
0.31451122764651884
0.4764180196489034
0.9868828394102124
0.6708353359940823
0.3824974501959235
0.5015501708169217
0.2885559601595836
0.2887808331990295
0.3516622229707216
0.5796674164990748
0.5078305315043259
0.11356571497023271
0.6128257499076103
0.29411997141144164
0.5212704012564768
0.7069020530615268
0.7685533263732913
0.1320329579342826
0.866779721026363
0.6645431390439323
0.020735968088063994
0.5333419605232849
0.5219970049276149
0.1290511288809666
0.9837821481056361
0.08841907614461075
0.04171934828813528
0.7909129669581799
0.13792489438490152
0.2949571250326726
0.03917697238182172
0.8624317102964987
0.21351158970789041
0.3059093211128784
0.6234147244694423
0.41302656966062645
0.07155112794227336
0.7027240209247996
0.858061618495655
0.39623733764726
0.30641062373859607
0.6467743429541738
0.32580858484011777
0.3166161008762842
0.9553966216041789
0.06513659533571459
0.13864419332774425
0.17133374613226582
0.20440236837841574
0.08496561090072141
0.15378886049043394
0.1439219603715305
0.5004098012098608
0.24440440926530493
0.13800394377474057
0.3620025211941248
0.12614865058051528
0.7630217373493939
0.48342736845887757
0.3021303681515768
0.48367170458302444
0.3011713704150438
0.03782353122728088
0.9167349610044109
0.5415114899183663
0.07510795729028907
0.7226569356709958
0.15011170476229407
0.1955625591484208
0.22628145451083936
0.6120823517866031
0.6017840008173188
0.33613586053789124
0.815665472741776
0.7768167571374495
0.020975786668392504
0.6976536005691675
0.521718726585461
0.9388600064668028
0.2890678655710568
0.6189887586246404
0.6396331710397096
0.19199908241109587
0.4691137999914363
0.3008821978629702
0.171597366782812
0.9356369728490742
0.1878492691410597
0.5497068221694589
0.8295288701454256
0.13765881478610165
0.5106172985845379
0.5706132411141984
0.04469370169596176
0.20635668273498964
0.5544118274873285
0.94751896903203
0.04130316588309069
0.044619585587817645
0.3463342400490099
0.35001793180673835
0.3598045355306423
0.5420937900122561
0.32483364880133014
0.4928044792126324
0.02020419618183955
0.2913366349996086
0.027196768144751804
0.6514398073553855
0.07736719732710684
0.370995546662812
0.13145127361525477
0.85756849495152
0.4102281635952275
0.32801662030449874
0.7904493200804062
0.5657937721187344
0.8083376470416963
0.6226611246947333
