2164272
0.45292389945770095
0.8083192580812875
0.15251525275101852
0.6039646209081743
0.28821004270650574
0.2383048647301984
0.4728786437795671
0.9104245159536567
0.7352774524405343
0.9900877280661013
0.3146256142962327
0.8356080688720202
0.9569998984000975
0.019149014563604627
0.16694159625731197
0.30223813013599576
0.2874815872736499
0.8056704886595359
0.4805165964761232
0.19459984131279473
0.23118831786776706
0.4907644662586954
0.43764885287201616
0.1387090643502441
0.8598095566035395
0.7561425061169506
0.8116244224011755
0.7932261920953153
0.5864511641088522
0.5745976195623882
0.7556624582382844
0.08159459837400385
0.2943754265792178
0.7980016174424638
0.2911764575552799
0.8135292035668504
0.2805311823115888
0.3603697399441671
0.11462658541990112
0.11615816814854318
0.6075042415380896
0.263545947405611
0.7525912870345132
0.4570808206085474
0.8171348641276813
0.08563407749246366
0.5265309864177176
0.7364007555116582
0.977054547543899
0.3740707281572234
0.11245657534358366
0.8419154524855262
0.09846332158149607
0.5790917037864649
0.21637971989415206
0.9014209209516978
0.08899232906464294
0.7837514026287428
0.7489707965379155
0.7017974051993086
0.6642722368294665
0.022602057331417402
0.41319456546135747
0.853401435181887
0.006132055926077795
0.5110855871111908
0.9482399047391195
0.5526598073848746
0.8974166297135779
0.8202889112922322
0.2975248054020285
0.16447923157775923
0.09186965877902653
0.6897975776527924
0.9007567315981516
0.1036150201458691
0.8202047761029846
0.1301064570242656
0.9182586784752904
0.9765438248600867
0.7045096808080731
0.38140977019465894
0.44217264337866
0.5491230007053527
0.1437678512614563
0.6930680812560579
0.3457156131854706
0.35002280586819445
0.3395397470080589
0.3936371441049933
0.043385833295563
0.2585171557052721
0.681611083376645
0.02727774945482697
0.5751387708050067
0.08206448241799857
0.27097427315865674
0.39119373414967995
0.24613921630192026
0.4177980010965565
0.37738741770265616
0.8966296528055948
0.22778572739146696
0.250161558037998
0.4141958641517687
0.13806304863955954
0.25054304257495874
0.01603350197504938
0.668922163962044
0.06046951225987218
0.8726604512792243
0.48295008120402194
0.5550675363214868
0.9192739985649143
0.6432073023525234
0.19984647181656323
0.3940712136068415
0.8169325381027696
0.06163816255809873
0.26671219545835767
0.664993393061575
0.018562450214910653
0.9607237139677551
0.6323790682267573
0.3691481867002925
0.009440423045492308
0.27644556964769795
0.40282715046838447
0.9078143928271823
0.06291695007017051
0.7173598011105251
0.32726470491091664
0.28932972970022275
0.38267897248670535
0.17221669166465503
0.3370878104667968
0.4129977425821393
0.4410890402181259
0.3268770992111374
0.26458316773803525
0.204811771649978
0.9628397524974406
0.1186449884909675
0.4640701102686704
0.6127204862153041
0.1562737217662391
0.7021382574920503
0.6312588017238631
0.8148803096764795
0.7836853540355251
0.6267362725295541
0.5652454788339579
0.9583744278964538
0.6801451108857763
0.7970365248861044
0.752204908660305
0.4102083521533195
0.9939960492095702
0.2650195967680108
0.08567590983292284
0.22281890873346621
0.4148802155327894
0.06840060653714286
0.8755180463257075
0.3407639442645365
0.600090333998637
0.6473942204960245
0.8526252062222164
0.9502650648826274
0.5715666335699963
0.17135363512812496
0.8662860671110489
0.8766288449843983
0.3003019745486012
0.46925041532512723
0.12243524411005346
0.9331252803869352
0.3142146889724615
0.36273690911115797
0.39148127716421266
0.010388542464303763
0.8843846866828756
0.3315412272683165
0.719088041915246
0.0014222377621488924
0.7785769404938419
0.12223057382422997
0.11535908752759749
0.166940089048923
0.5498834641898339
0.17618918697641706
0.39491890534891283
0.14401743708053394
0.27761129399561235
0.25724354164762886
0.01684813338111535
0.14206575307153102
0.19171684906088193
0.14039371745693874
0.09691048933935209
0.6202778991953307
0.6632156924281948
0.7705964257174704
0.20514816143298553
0.0814687439346905
0.6849810481098811
0.9544169033557218
0.7926411505275034
0.9827610231436705
0.2905448241395635
0.08132208980072841
0.036922197493203246
0.857772559799706
