1638900
0.3636522213549951
0.10339442817162836
0.1627520148747219
0.0925011874252073
0.6894394128965241
0.6951446825614774
0.22286577119977136
0.027112460927016357
0.2390937053903538
0.5723829747412789
0.4254272028441488
0.906558320808773
0.6139562814913515
0.735959500030603
0.17804125681045235
0.509441387238658
0.6550724478099293
0.5604774712891716
0.5678426929118948
0.8778603669392376
0.7269452243164757
0.3678847003441643
0.39379391732244107
0.7924695265637792
0.9958573165480266
0.5577375498007499
0.3130440498278
0.35105802760138516
0.44532611094840324
0.6833664744973141
0.26942225594923297
0.8431516741429995
0.2149037924659436
0.9149283306133147
0.25917314369086353
0.7283830441015674
0.33536500970397576
0.2839168520643197
0.9316796270746566
0.8469633960709636
0.7796224708728059
0.2798614938724008
0.06546753179687437
0.9461311823705857
0.07671639556544385
0.0226383320364979
0.11713873651097073
0.053909693865563324
0.6934076143491684
0.873741263175974
0.37502624995483536
0.3535535428550718
0.9244383721113542
0.3061987828474796
0.22448695747457037
0.4838240431040557
0.19524051101201367
0.07074586165674612
0.14820095055577198
0.016790146619697355
0.09563823712786224
0.6403652658857957
0.5428760985555141
0.42447375714475943
0.852884208604224
0.8892896953025542
0.7484695536910839
0.8126848206289379
0.3919402753320782
0.42226367944087273
0.9991243024496734
0.28913743125110625
0.5782718392214008
0.5470454304817222
0.09297718264910104
0.35008367744122537
0.5781110042332844
0.463153865716905
0.3782606199363434
0.810704002590157
0.9529412730074952
0.02527364627441797
0.007855564531975445
0.010414160150265861
0.6286865726125197
0.0048385745354074805
0.7549155523210113
0.6203197598657068
0.6366924863914134
0.6912835107695156
0.905537315336577
0.8429431691809001
0.5283892866342037
0.1365914607362707
0.3125954173862746
0.3693304071895419
0.8389866221990679
0.27780329901812517
0.8684337135205709
0.1469753827693201
0.13970644944484634
0.0726015732040235
0.8535470306287549
0.7780014210281058
0.2327436940205002
0.07379672133471749
0.069482647880312
0.9066758717391834
0.5888513790047745
0.3904218738769327
0.970416230442919
0.44622802764319935
0.45711163875656713
0.04475796535249965
0.6279237917739843
0.35929795207646675
0.9215644148822661
0.8457180013683562
0.022527783652405375
0.0582632237827202
0.8853514742195461
0.9343336316295798
0.04772384257170004
0.9264836555192582
0.5980916465062127
0.12074157408035069
0.8758669360679611
0.9823547297773848
0.43810348694334666
0.8641401837008177
0.19875905469225796
0.6943717065587556
0.5448456302165514
0.23654031388388497
0.44731926160440394
0.5909066958262101
0.19393812930184862
0.8072000778159026
0.7128357328924252
0.9304511658376321
0.4798170936483771
0.15852628603970875
0.9434925446546768
0.2580794858942036
0.1746256478857744
0.5843836614562675
0.714100414668625
0.8314501930451255
0.646919098308095
0.23111503173242454
0.10727214812054742
0.6871307199007118
0.3193484980862171
0.37673462968554927
0.3602675976785815
0.1160275799780367
0.5705587547313744
0.3322389836250079
0.7173768064184068
0.40892486359340174
0.8989168861705767
0.32990271815710404
0.27758706046070114
0.3388001365068739
0.4348708718706429
0.8197285270899056
0.8786504724620445
0.31450726413748986
0.01743683455654732
0.4968530322502642
0.13673387859057584
0.08599475338198193
0.2502264950253644
0.8944699759228952
0.8564558184849214
0.7515989944918847
0.2971239905680386
0.24588982878808374
0.8060847416133287
0.7617674951644563
0.6589467819584351
0.6757521802345721
0.898711117197743
0.20914075091523254
0.19009954226641612
0.9512812595116277
0.8506436115554914
0.3759906078854832
0.34330602912890196
0.5203975818288566
0.08093116814721957
0.6532207478046586
