1770526
0.954116940855903
0.6641747437607238
0.5086523578470524
0.6431469209108904
0.8716707512488617
0.5752919135707769
0.7930747156301665
0.7793291900761885
0.035929426184103
0.8527426079284537
0.44683801392180267
0.3647705769426003
0.7998545886932117
0.03066210673297942
0.17797291866953557
0.2254383503104811
0.30749927432226143
0.8041760416283079
0.4363657945164895
0.14066511043789665
0.2749664866618491
0.21726411379921895
0.6047099679992236
0.5683291129914765
0.06210484355468948
0.48130675178538085
0.08557686389091534
0.05537431767259404
0.6152911688428399
0.31317478497892814
0.48983068631173987
0.8538891839708957
0.8085835579138554
0.8034507828339289
0.18552767510254664
0.09979003235303985
0.4309496209165288
0.5601781560852229
0.20741177826217827
0.6745777156805753
0.8760852183863982
0.5175568333285929
0.631987740000084
0.7029964282978954
0.31852446929233524
0.3577642959985231
0.88616692390207
0.7213448318924307
0.9057310762187585
0.046979902771821735
0.1986034273223226
0.794805281984196
0.972339432375311
0.20556554263405247
0.7666640297346845
0.9771146523177053
0.1279509566197432
0.2723054647179809
0.8905450748087436
0.007008795837086468
0.31779283254605606
0.7118867952292786
0.0678141482984248
0.4681060962188358
0.7051010124313692
0.8131225345521926
0.7967661137752221
0.8564539557400089
0.4225434190443379
0.6585377893571067
0.9970746545722613
0.4621913493893761
0.6045437321690689
0.25461496322489496
0.8753256431142523
0.6722388767927548
0.9005935070058693
0.0680272472393012
0.5058636084938909
0.8818098896444662
0.1042493458042596
0.5632658180077548
0.39126197873417057
0.9161910050246576
0.051997698734177256
0.7580448391907783
0.7449353371175867
0.6715922950411225
0.6255017780630894
0.1682215745225567
0.34773097550885557
0.7299086159405928
0.4821267884943836
0.8575751101446345
0.8499520621441979
0.16328445897432975
0.8251103309806642
0.3749720035554174
0.7602945535780108
0.8220527503361716
0.7180020508912303
0.6175161377938826
0.9457697239484522
0.27708647594438063
0.9786623643996467
0.2676034164920601
0.4948714102006556
0.22891626300230472
0.6943590358241742
0.49630984273578205
0.485046935738753
0.34697083181108224
0.05626215148640701
0.98047070260859
0.02183642957040899
0.5966617219594139
0.8469549725344828
0.016967428145008068
0.9513793900007133
0.9376974464347816
0.7429465169751867
0.8433531732206242
0.8216185224489605
0.907577076045448
0.18841708438694882
0.7896461966277032
0.12289682633610921
0.7449738659604772
0.2359848385958574
0.886751931645339
0.5451944298423491
0.3248322424513709
0.08503016878896774
0.8931885125080834
0.36237434928815215
0.4698740258033074
0.3792018715422313
0.23333747950768302
0.5601558505512446
0.1060282223924317
0.5725566487184188
0.7103397570449482
0.2636765493087775
0.15081902162770677
0.6167312049215473
0.6086323352721358
0.7954620636337993
0.4858441731283033
0.5574905930353817
0.1700195772308365
0.3135562767711446
0.6188422009026928
0.06857357834409616
0.9029217782775179
0.611066598599557
0.9780507798566632
0.25552010174363116
0.018150526080798146
0.16531518409352775
0.36181857578521937
0.3027995814333211
0.9211405566668278
0.056588552999719655
0.23030550324101728
0.02406496368528621
0.0012733649572139738
0.995554142924717
0.19575903744997192
0.07970474813968287
0.0026216805500576257
0.35898886191280155
0.9411643202637836
0.5097708027670055
0.44872974038134383
0.3495647833264025
0.04211454552399718
0.11422666851954633
0.05196997162634631
0.9384095226090597
0.323720453003009
0.9589406965310139
0.8545603377769249
0.7548187123165713
0.680373440723903
0.24456207460685175
0.08474590749085353
0.03678834397462427
0.8618319243306118
0.4277611464027803
0.4259104543831582
0.3067681655421136
0.455279189540275
0.4542101907757041
0.297945712986859
0.15939195587064325
0.03218819289492969
0.6839485992489671
0.21279416823670272
0.4205741837630066
0.7453015449148939
0.6341642052018472
0.6530186038496276
0.528378188426763
0.5967230522999367
0.29578604541192965
0.7549682085563295
0.03676843242378869
