940716
0.9805711275408266
0.49685287171228076
0.4168294521736867
0.2883260568861118
0.224479193541833
0.8753668430083181
0.07003509225794069
0.147935337673187
0.3725982657270508
0.6171841609853783
0.12279030668693192
0.8511212182547948
0.5787759352631483
0.49786965474494427
0.0027459713326538626
0.790636688303306
0.8401440753725801
0.40735376918026467
0.11980344317337499
0.7996739089780304
0.30791608910412205
0.5528088751631668
0.33064454811893496
0.671338030322687
0.06671135163216246
0.2852879577488897
0.7830298896528577
0.2337732274948907
0.29127620235314755
0.504347802184245
0.1966395898483655
0.39939533975396924
0.4758762071351661
0.190179543017717
0.7138567431631753
0.3934347770502511
0.7710526189585117
0.06410928120328985
0.13931697740736437
0.3907125087419119
0.4128996350800589
0.27361433310657945
0.830356614095394
0.5684052729568457
0.010097936900953286
0.22098632295021337
0.12910494341341383
0.46727972664584916
0.32202406020006835
0.17942652331891584
0.041654244521816874
0.41665798039728963
0.04083405166605503
0.07820030685907398
0.7187798519547872
0.23385637430560746
0.09012075233834183
0.6761491753662833
0.7949802461140582
0.4963546333878768
0.8165862154791987
0.6449576991527481
0.9509663393264136
0.7931212756003148
0.8471999480373165
0.2580926708615521
0.6565657378113823
0.6425512192129801
0.180098240751409
0.11387155399533655
0.9550213095587615
0.6083444149968432
0.9313417589226555
0.554823166364789
0.07532744216142573
0.8933118685508447
0.20965168162008407
0.8962347997081098
0.269114697897448
0.20542869623646842
0.13632653812270612
0.014396741311776484
0.7896453208555431
0.09241073004559419
0.3863966731901465
0.99605271203382
0.43622294309931486
0.9205936065820585
0.3491740139820414
0.11187937369332879
0.6559704942283836
0.10121609176788293
0.18846280630021472
0.9847503464994198
0.09936940415905415
0.2799570706560728
0.6131853493984826
0.20327523039401563
0.9691698373426446
0.2985117858628843
0.574402840637615
0.959177139210731
0.8663689124335854
0.6667189726801658
0.8056206155722653
0.5332447162440779
0.5741998483601366
0.22113234383711644
0.8853971093975409
0.1847576443454243
0.87030951719368
0.2421987133019745
0.7692123387955075
0.6144597118883752
0.708246328374695
0.802169616537683
0.1950616441161549
0.08330856318954039
0.2571187491556791
0.7381929173628488
0.7870045840990383
0.3560761007027793
0.6914691392187129
0.6978459768781482
0.6524439300902141
0.8722186771923183
0.5811411980391027
0.6107921108574718
0.025426209335995154
0.3449234812157941
0.17844939602479537
0.5680024266629644
0.5816567510400944
0.9216034394337697
0.7134119028999316
0.4390928662469161
0.24215172754353442
0.007298966343723179
0.20502643758703387
0.6088425543362941
0.297830119530075
0.24507972956035662
0.4306335128762794
0.8996796188916534
0.4951429968891038
0.9760800251459386
0.1880579054146463
0.5506816293359431
0.5842924232457738
0.06253202385590706
0.08823004596999018
0.42339478122881835
0.8021654767287013
0.12736281802655702
0.13401053612256042
0.5952513840900167
0.4552496152208566
0.5591283543931195
0.14680493220382484
0.32662731568059844
0.9556657389005944
0.6679190764888395
0.25424532400497013
0.6988174608314369
0.5772657267273998
0.21830205148462478
0.27983321091292246
0.18779267860143634
0.7284713260610207
0.6841843275450793
0.989864937346523
0.6096707538979138
0.9601752087023981
0.7472161256528591
0.4114575418423748
0.30075906101397953
0.5754661856671736
0.6814698260716855
0.40526303495292004
0.8875360582777307
