975504
0.25967450164987016
0.7440736093112984
0.018239468277514215
0.5953714433230672
0.5673254005543644
0.6368961107523886
0.9133784047019053
0.9852382725473294
0.3502546561178793
0.27306149261200263
0.2132420555982123
0.5946157906284512
0.8230662684389759
0.8335563224989291
0.9524797397044209
0.8482406955753286
0.8609522992267259
0.8057838080233706
0.09349233878178453
0.3584120098854059
0.0604655429169314
0.7473439414941797
0.35696433816705053
0.4835318693047357
0.7697424007848661
0.22838229568875346
0.176748722402028
0.4431556339832923
0.13486669387059902
0.23230585669360093
0.6488693580821594
0.05762974854772007
0.9165269151245204
0.831073832588289
0.9527891322063786
0.40475064801504357
0.026589753929423865
0.5137540065110762
0.423802525650098
0.42102726540394453
0.43669410192653535
0.2947759543142454
0.007152225219510755
0.16145974287299714
0.964656101969306
0.6384954782009239
0.43876028070073225
0.26618921657225203
0.5484100900300337
0.4567711187383847
0.2576762714004852
0.4947299337339508
0.48258729874513995
0.2214617746213685
0.5979504172996692
0.36499173432897136
0.8949453810456308
0.39764804747007765
0.5125256654919873
0.006631043958973959
0.43526063771985524
0.04353645509833304
0.7300620490811465
0.55362635282738
0.15071683954111326
0.25868083534924124
0.311936479800755
0.8005953685382212
0.7944185140547134
0.6351440438558074
0.7114429752838209
0.4274986866101035
0.34013484093971014
0.8472301424539989
0.21969012225745
0.5090963468890698
0.19418168796938218
0.9265974317514061
0.2971862960247532
0.4323730296125712
0.6730289261958989
0.06398826415530345
0.9164871117940424
0.3775818821415007
0.5701213392726694
0.6812981514273052
0.5048959865766187
0.538726422976417
0.49044920621836674
0.7018500722783502
0.019160504676551393
0.4471579223989032
0.26115621036208136
0.6760611559118554
0.9570271147528578
0.34292878697983253
0.2922541923492966
0.3381698446490371
0.47407167218917845
0.23495805720832974
0.39765620588461215
0.4414339711843964
0.37015385955777347
0.031134871981456258
0.41695108217481347
0.9146941816333266
0.7312947195844332
0.5868466936477191
0.05776697799408659
0.07461087069809913
0.031346352471461336
0.5190583520299132
0.9414949372161535
0.8699222562582991
0.2999257162968759
0.4971971950731562
0.013374422206501868
0.6587339109438424
0.21406849653769322
0.24240547173791027
0.22379290331724433
0.7856539492061767
0.5355000497619931
0.22758641235707133
0.09076322600208364
0.9950855268469454
0.2823792058560486
0.9955466899109477
0.14093637342864485
0.7112618101450986
0.052888713022587686
0.7297124290381484
0.5309300228898106
0.0037379153017486066
0.7039632981115859
0.8374757132420003
0.83313685973894
0.27983845633247295
0.8227730860325021
0.6647859135900355
0.4337056542561749
0.8542413765729143
0.7408878848039806
0.16870927400280944
0.8068153481776361
0.2592734234086661
0.07417761728360028
0.35865662619606975
0.47472638802254785
0.45256400831873567
0.14296397566872077
0.23233269167169246
0.7473565065329302
0.6454101939637211
0.21035844818718763
0.14262265422671117
0.3117213606551339
0.2788549349338314
0.7553627672046624
0.19300322909900303
0.7005606490296071
0.4820787648275393
0.6773823632596584
0.1174841343447185
0.7560093088441093
0.9009126804302466
0.7178661421256626
0.6743855771572709
0.321091950445738
0.1848722715227712
0.1658901843614018
0.37344409155263836
0.45854720725416287
0.6067066431050188
0.844532131082621
0.42947094212744075
0.7930841694523421
0.9127987635189669
0.5208848222517117
0.38562182830918257
0.6602977570328348
0.17009481158720474
0.7947853975800434
0.3280836128425837
0.9523161859925842
0.5751629749837815
0.8373987374599944
0.8570776618577854
0.11123319664763032
0.11441108891645402
0.659624731797066
0.994202192934834
0.8853096261596427
0.2706296116142476
0.33972243445383554
0.4636208776586842
0.7557454494052241
0.757563838760188
0.5147119181475498
