1185601
0.523544378955721
0.8446703565089081
0.15318102867573558
0.08255074797603934
0.2040094779384466
0.7851048750405805
0.9987540824812979
0.10145922412666719
0.6075507649440627
0.033623304896068684
0.3110446037698298
0.3861166754348291
0.8231066515662426
0.32012601275664776
0.5552053174357667
0.6357670960712727
0.7484624278975627
0.6524435629805656
0.5033917546707748
0.13214395974259052
0.7077048559894272
0.7705530602141666
0.15894387416806977
0.6209618684473138
0.06376064297360107
0.49914533519959503
0.7852249067300023
0.10477443068075087
0.6225581460411994
0.7757948928380087
0.41622295868027703
0.533923787542742
0.4505465633926966
0.2774929107798457
0.004341644235101416
0.6059388237615128
0.7087530789580753
0.12006089223482375
0.7953758655870506
0.013623025626174567
0.24425266098301546
0.06297076057377149
0.6114895802385251
0.5182049770926885
0.9738715036997133
0.016354700812526102
0.4700824234664226
0.16630779284060893
0.5451397815638547
0.4174962155271321
0.36975231357806393
0.8181263164504121
0.36595478152360883
0.2208511800333567
0.1341320462606692
0.9090837211261381
0.8571112030620521
0.8286560909230248
0.9201973403737129
0.02837225440659341
0.7008002613271268
0.2784379681107072
0.3697147218105522
0.46516538792196005
0.933374626044563
0.3992485348659537
0.41081780428981507
0.34692141782753705
0.9621218502735919
0.4502029472782231
0.4012708401978138
0.37408174519293347
0.9734837900349568
0.9629112639854823
0.6457985430651773
0.44159930723884777
0.7441053467527128
0.12364857685711916
0.31693169216809947
0.6301161203652943
0.5662905931430124
0.05161750207592064
0.46213844225990897
0.14824116081201222
0.8558901899275454
0.7564146928228661
0.0895812050330661
0.8122625770685274
0.02333910290136021
0.3908207622998493
0.2906597101838744
0.5607618723369414
0.3575086430955582
0.6542906928442782
0.9795707537744293
0.31897935442207315
0.9972328350272485
0.8480299153318029
0.10843585398750966
0.2514137135841191
0.5468137447410407
0.13429870004558087
0.1511179947283211
0.07102129942373192
0.5295062484191285
0.010595646817012083
0.23966921674905417
0.6095132857375486
0.6669274542883504
0.8736286319150702
0.5844209411745196
0.29563179511160953
0.9225320789752952
0.8184895304546882
0.7120494308558549
0.5369190388980088
0.3537397080350486
0.4952066558522312
0.6155187422989836
0.2553760171000815
0.07999537858788963
0.9278571106533952
0.12562428081314314
0.9885405086663305
0.09299043067261203
0.690678188744927
0.6859301836885782
0.03489650544935541
0.2104658297454386
0.7311261093092821
0.24121380178671936
0.09616048214633399
0.20646500180693161
0.43158661659472264
0.13410140807932658
0.7488722809720819
0.0385994330652345
0.2094511134018181
0.7453992038704954
0.8638515180486207
0.13683478330203047
0.06952915235227397
0.11069383726417215
0.7844630070266568
0.9185007880114426
0.04327582070490066
0.8991177091556484
0.6732678320691836
0.050674078577143566
0.37607100053026565
0.9497436821228766
0.9415189863164061
0.49377729508823864
0.6567943865724941
0.026894705327821122
0.08709394987228747
0.02918443677659366
0.8231990157878318
0.5777244165608084
0.5838387694157805
0.7988165221156034
0.12209277773331484
0.05374414640693248
0.6889314741277108
0.36615787410828304
0.6550961507138112
0.7925432074384784
0.16475529120262244
0.945817980920693
0.09875160899849522
0.5467688204228677
0.9479048836440616
0.7427098880173338
0.5520180513661253
0.49450269863031693
0.7403317978275678
0.7921104154913801
0.23469177859867507
0.9684915860049672
0.3462679569174183
0.29831403765636977
0.93705283502431
0.20125940206486992
0.33344900939087097
0.23228625770681455
0.7040438043597478
0.09894869848968313
0.25829195420384554
0.8676688545602659
0.22654552047119936
0.42880992252155625
0.2620645648908764
0.009683852502702761
0.807822496808674
0.8335766926027715
0.3187166512461366
0.90292850680957
0.5749681825136931
0.7705362317832585
0.7949261275591997
0.19174944386227877
0.8131880874854287
0.8139239199686487
0.26904578344642416
0.8508286138897725
0.9150171892998984
0.7563413455797614
0.7480192493009072
0.7038095905458911
0.4570748003519822
0.5982180669422464
0.5199677775481771
