913656
0.0042381661440510365
0.3437187953082551
0.823906477360279
0.8850315735204314
0.5657855037612817
0.7899686327748918
0.32882089257702773
0.918183471180254
0.09766914719234432
0.15532414309212694
0.9841010595829857
0.23511408017073987
0.7263805791845048
0.2856151775102147
0.10360137066346464
0.45592157066666106
0.16627482066496035
0.0717751925246316
0.012576982231275902
0.6912212577803016
0.6392722653562781
0.39243884238538274
0.5082586172126726
0.9114235251029443
0.4378679741497682
0.471522682781254
0.24957791025344556
0.5023109733505909
0.9758396973259041
0.9524547684933297
0.016625675560794972
0.6586788278731843
0.2774905808900816
0.6674773403312108
0.33999546921977386
0.5226854107886121
0.11895805130303971
0.16345475143944632
0.2159856373263752
0.13469196912310644
0.45406585175731473
0.5348757138465948
0.49570291502453934
0.3317545416711829
0.33239113114583874
0.010248235488655943
0.06443104473644612
0.7025626091568197
0.24866417528842388
0.03984169283807315
0.11219830789494822
0.5875030594212031
0.7503134181172277
0.3407397969118946
0.6372982090157634
0.898659667281476
0.17391397046627743
0.4694251728825537
0.8215876351711549
0.22694220343974125
0.5814926700547453
0.01262425343451301
0.06970732329968532
0.3021712015411653
0.32408885317542124
0.4138991105161103
0.3139397615583186
0.3768278289572644
0.17266435353976894
0.7864807490306611
0.6522398334017769
0.5153108558207268
0.6254023272758975
0.8020958271605533
0.5090440759979751
0.08792560525545645
0.8256294347958166
0.8910469733179117
0.2867842950739248
0.992462369781181
0.5060412596665506
0.5405644682586055
0.9106023040777307
0.25610506310140047
0.5126063733174899
0.43645487224676616
0.759581920319721
0.7065431888777816
0.7554693428298995
0.5573302460180763
0.22488563079803991
0.34354329208918566
0.8843688365091662
0.10120889758059004
0.5385030190471618
0.8908688263845879
0.5925317967794296
0.30103712607083133
0.5758883716470781
0.7633200012801304
0.21570026990765012
0.7686883828286184
0.051585754688254326
0.3447986495981056
0.21189268526473504
0.9962550558335276
0.899009448561176
0.04068464697913732
0.18269669970686087
0.03895492176422599
0.6538683232140312
0.04144492840841063
0.32833595659433523
0.20573292548933708
0.3452931247886678
0.11427740809359521
0.6164487904000551
0.7916462254323944
0.7395457432045677
0.025725974872498503
0.48846145727172674
0.5003785754444627
0.778259815650362
0.39058497368266587
0.6276347205221782
0.22573768395585636
0.7064827463821107
0.8410447425916948
0.1693072448713293
0.2877472274431866
0.6953587346882923
0.4149123047451815
0.7465547726479735
0.051952848273531194
0.7301138147058838
0.9728743031237375
0.9334294856027919
0.09981934772144829
0.15607309533841152
0.27215201285682233
0.973139193177861
0.7636040953736335
0.553761607567517
0.04753117335059387
0.15997103202232
0.8908493715367588
0.5487097095752684
0.08063204831822546
0.8814604043317301
0.16164459529752062
0.7524052200664384
0.7744179780878491
0.12125004829587283
0.14606640921315683
0.277903636609109
0.1923235713926933
0.17328086311233826
0.5597132234562728
0.17692928493617677
0.8700165187142764
0.4243999051327658
0.852008310884948
0.7048695815224089
0.962689617338762
0.32516779121948947
0.344953037347171
0.5358853963538154
0.45191265015103954
0.08759164473930114
0.6292703069354808
0.9224310620047279
0.20345642136572284
0.22370615263307247
0.8203853113893536
0.3217968756541274
0.641134133826686
0.7703700665476039
0.5784493852478647
0.19685870779676695
0.6815881259760626
0.9333407973723282
0.5046196819105926
0.5390382901254069
0.3610826677917037
0.9276351140489026
0.6400657787260758
0.15854885256354834
0.2777464760525954
0.99137958773368
0.31468215013531087
0.9403209758765255
0.5713414627844772
0.9067991590010132
0.5192426571481282
0.07357362634540965
0.6675166190350257
0.874688045534887
0.3077419347900353
0.728815715181906
0.4246395877641582
0.2576521092084213
0.47592546386498524
