860090
0.2476250318941816
0.05465030075018418
0.9479202211626547
0.09504547118998052
0.5405393706484818
0.9741199048980077
0.7667383455349434
0.9041891050019044
0.32952948147838446
0.7868360794842612
0.8866082448505435
0.37615710288867965
0.535366303372614
0.5709220870382383
0.32488317430098224
0.8236844737674235
0.4068039581489854
0.8996451022108247
0.7491935004560858
0.1867824538803834
0.9443799167958049
0.20629096906196165
0.3061565243688823
0.4817259618590828
0.8893215549029785
0.15757333299610266
0.19434603307293896
0.7024993582156631
0.5140397022005577
0.25667717161755643
0.21263131670928304
0.08183556353817278
0.7290104887224782
0.6206691198452554
0.9964406559818771
0.6707415085847097
0.9554165716575121
0.5068904104169615
0.29219928434719933
0.6534103059409496
0.8037394359738339
0.6990804068450566
0.4141377384865591
0.6786788625370083
0.8455649000302821
0.3063619463433366
0.9778610195093606
0.7596968536536909
0.6691838520873641
0.8768525749128504
0.11151525503779602
0.970231480974278
0.9691410552180821
0.9825480519396798
0.6080828982415868
0.2490397065586495
0.6357046345406613
0.5932580005568513
0.9012834705017505
0.11299768808738819
0.682299762620578
0.6247559133716556
0.32275215490615505
0.9751848803620586
0.3772699107484191
0.01993855988858917
0.8296132080191166
0.06587826519711515
0.13089947472074737
0.6016731075611172
0.27926141249671477
0.6624197410454158
0.5294520027857247
0.7221423684582412
0.3721093499821959
0.4481775751200313
0.4050483674416684
0.4258819767260281
0.5832538294219948
0.3413307559913312
0.9835299109635174
0.44233605120887853
0.7604604366205292
0.06096291973746004
0.9620214114667045
0.82864006237501
0.578559952629026
0.03095995968503784
0.8337292713256061
0.49447373626282143
0.7092959009632918
0.9614636904904582
0.899580847984159
0.15820794334396426
0.390858115719955
0.5931417402806566
0.18463068787949155
0.5072040593855509
0.06278199093362835
0.6412910407840561
0.9117302860778709
0.4650056920770562
0.8695888237326603
0.934801020604794
0.27577771662755135
0.5042963206863057
0.13048773107861777
0.10925973688126378
0.008934371245212902
0.8868791074749957
0.32265503029447373
0.9839940450057967
0.6305159312020573
0.5605672517641662
0.7320522205592055
0.9295933558543282
0.3348350394760897
0.19775730359135202
0.6884392033046329
0.1154732106996883
0.1860940714991014
0.5215893932977237
0.22018431442998798
0.5162939879848514
0.6614954346564648
0.6329822388051324
0.03966858566586928
0.9515569091519521
0.6120587721701223
0.5254625487377161
0.0015262754058307237
0.23445769413663853
0.39520310722704344
0.3545923384450653
0.5636598526945606
0.7140860471141862
0.27397385001436925
0.314929515266406
0.3249121823748846
0.10931706175740363
0.17486337069496583
0.16984065393278802
0.4134743417618547
0.5532479371833101
0.5494956545815769
0.5781171479011478
0.35655285421833394
0.19379205787913656
0.3950144413797143
0.3662291973303189
0.07451525696086936
0.5290493392610597
0.4538357068973453
0.8061843229843695
0.8116782018563113
0.8953304557180319
0.23549514113354564
0.776340751175781
0.14109801690179335
0.17121961845293088
0.7816414675188254
0.4061577898821923
0.6621682529902533
0.8128190257932055
0.029796974682164024
0.4357491442922483
0.6475249025608376
0.7933253015954096
0.22232722624300816
0.05723726106707305
0.6897043361558358
0.8843467309121952
0.054131338974204635
0.4472895691251588
0.348195448956338
0.9868772736221298
0.15588570880605646
0.5488511242874667
0.9039714971934105
0.896601406515114
0.0692433260079569
0.9149697450286547
0.5912837599297047
0.9712120077165071
0.08621184900359402
0.5887436874156382
0.0954433739797611
0.6566806814377152
0.19700349492208447
0.06080377872777587
0.6805137800225857
