595647
0.4484724364640894
0.614885021240556
0.8930881650340327
0.2454136085873525
0.3514673236403246
0.8812559111881574
0.3841029590176266
0.9562720043444227
0.2789243984355513
0.6016369468399111
0.7514470055657568
0.35606570374770863
0.8010598282040727
0.4513342501855123
0.9514905856302386
0.8996441522231544
0.12193991557960726
0.7831322954088303
0.4341723767932254
0.8369785777714448
0.1773747837902705
0.9513059305443238
0.5723505184634151
0.8717174683684104
0.6232433380580008
0.6353242815532959
0.27023596064645716
0.07305067567573387
0.8904277135014647
0.6775592798978886
0.3943705492802265
0.8701357124160001
0.26866789254329426
0.993257154634701
0.784871230528772
0.4554111615889417
0.6740300315748815
0.31122592148872474
0.12516911049976676
0.07644156709614947
0.3533149944328289
0.8601377257610103
0.8752296290250247
0.5055092588747416
0.283616351067302
0.628039886316837
0.8062487053929432
0.44198831598545263
0.4363698722502163
0.4916143430275246
0.4140765292226424
0.7246063148152196
0.39261920116994653
0.3369194861079656
0.6341295306205037
0.009020110196818587
0.019855640445995526
0.2747948575007432
0.8323078874426262
7.018650568859641E-4
0.050672323652174
0.19180377458002051
0.0044445285986568495
0.4239518626553963
0.43960624690084815
0.1715343215014078
0.4810689459378049
0.6549252747720242
0.31692391537318587
0.771274727856622
0.20477705129828228
0.34988008055465336
0.2067401109680429
0.7455242522528661
0.8242562584339522
0.45942364314342987
0.9317408000960261
0.5704960997880193
0.4320225592275986
0.7353559801143952
0.28791542225088274
0.04271416519793436
0.7621843300158289
0.20877782379644882
0.140085216918032
0.30000062692069007
0.06005541054441865
0.1464520526738694
0.06264844656525059
0.8445970535882067
0.6371978387599561
0.676977359545078
0.02984497758402893
0.535856456919508
0.3334821118937943
0.6191532399772272
0.9459761445591517
0.06388971981466418
0.7220112298050829
0.04198580409642794
0.9983987172493275
0.11574436342507077
0.9132621976758887
0.7391041782571297
0.9147440396574169
0.3021396127317906
0.2415563288871886
0.10992760905991994
0.21069696860707288
0.9254767627111089
0.9499781316916213
0.9057435870173842
0.4258011697946882
0.8387889348830179
0.22911965427127035
0.9209278775421638
0.1621410000138439
0.9704899833658566
0.6105353457168587
0.9878571652628508
0.46438266472407597
0.5712276366268035
0.7675504838886952
0.5686361552233079
0.7095398122519233
0.8768407224059195
0.23407356308353755
0.8275801381327302
0.7109619696291284
0.6753664708530952
0.41632103623739747
0.315465612349873
0.18342734632084634
0.21623839981684223
0.5428710508097133
0.2998807347290853
0.06485311526546822
0.006261241001748852
0.8752197846007975
0.33557866087998933
0.44502067687626046
0.299644218269039
0.5840225981796353
0.8845560455705134
0.012845033007995554
0.5083196023371677
0.18545956861653012
0.6676506656898549
0.0011005657058668072
0.3339685133434209
0.3276727833594536
0.957771085977404
0.5811487993177531
0.1546216311471157
0.018981232178212237
0.20944247370236768
0.540095589444733
0.08639731277409168
0.09758557181881822
0.26017277458902077
0.8589390256933872
0.18488536535778255
0.856734608163533
0.8362134272973304
0.5026512382714902
0.4508797123941879
0.2598316516817851
0.2486097799787118
0.33177083741484703
0.661608717497564
0.10671754171899062
0.9750058913379857
0.5499650284243489
0.5613071139521048
0.8453747062394792
0.2884895347855544
0.5131535304843851
0.6139188219406081
0.462554571428886
0.21683266960063585
0.04316907743251075
0.345915477998768
0.03233788718689967
0.8938038397153176
0.6125622532149536
0.2886601652085248
0.05339648909011674
0.7987984815031373
0.8970411029455253
0.667442180905576
0.6637315174529641
0.47185402155291933
0.22816885402512443
0.2782527773281456
0.18592180882451648
0.03818668865450914
0.4213255995299725
0.44356832373986754
0.22642377147391402
0.2797071345944878
0.302573368550496
0.5448516169568965
0.7292216270206037
0.0505427624964111
0.01294577433641031
0.39217808950812116
0.9671350712065361
0.5494143559057193
0.8298171013662012
