640326
0.6040861721195812
0.9149601749147409
0.521586161317063
0.5385690333691091
0.7887382863331915
0.2389236526156744
0.9575114860667162
0.08974131559200338
0.43821883933077876
0.09716416323201893
0.9858060624900957
0.3126504551292486
0.7563343490346242
0.48311104779756553
0.8407484205553168
0.13427522064085495
0.5731146005685573
0.5857968903711546
0.6466172868875248
0.1112626686299395
0.61072132601576
0.8738529607209956
0.20317566845283197
0.18288662103671882
0.05520871099147118
0.274915092073993
0.03972995941420232
0.1756205605926685
0.18111470431098287
0.14883461448877777
0.9598398772063722
0.8929740443291156
0.7026195099987631
0.5626595562060586
0.8036389271912932
0.13693611508028225
0.8580157781978465
0.8411713885992488
0.5658573163802996
0.6763154631796753
0.9734926911068813
0.48883316817339895
0.32502187180680897
0.0024615752339165464
0.397743719523307
0.35732493365648965
0.6629412238549366
0.6942971119274103
0.2506663926897973
0.367412958896305
0.38346607054414694
0.35228665966027806
0.3874290135962887
0.18471908037326468
0.3756483200944447
0.35491221706107157
0.3434384085357709
0.9960275832807236
0.4088050245162169
0.14142167957393303
0.7962496210665176
0.9360865405364697
0.4956258294833843
0.33106108723453564
0.25721661228223547
0.7744312734232843
0.2143461753580237
0.7516974230479091
0.2886910809232327
0.1875780271789399
0.04214017264282621
0.36968368436091525
0.5318339319343515
0.314005716842498
0.31927102526283047
0.18801321289301187
0.22561180327499952
0.3176646798686986
0.9371687953853991
0.41125599476147157
0.6993092740027084
0.3703209412249524
0.2234888000583879
0.5634643397952886
0.5288946254832051
0.8038652658973032
0.7833361119556256
0.7891813144544404
0.6618352491779821
0.1807865889238386
0.24822505206474144
0.2678801207698478
0.8354662900923913
0.6843292891475311
0.982974961159708
0.5286079985278473
0.04077441945299398
0.5394247595561773
0.8056263498806778
0.46430398572614395
0.6164656573596858
0.14130736566335322
0.6865948436037582
0.014204513009944408
0.797444970764044
0.19079566237505174
0.21066228047697433
0.8079465367291305
0.1873421841666164
0.4135399902518554
0.30903809277547445
0.5464233913354056
0.6764773149951249
0.3751073834230838
0.3986061417115083
0.5321431094112623
0.7846658471940167
0.4945960754917986
0.6016053599469672
0.5557852392947188
0.2725225030651498
0.6065409122859126
0.1613754835891642
0.29584687797729625
0.13542960255905612
0.32419242473138077
0.5184314687761891
0.4947138466725287
0.7710942137121207
0.016821904815267352
0.7660136901170823
0.4371890109051312
0.19462595467587163
0.42952539379002097
0.36539310154105964
0.6764539890466221
0.6643251177379823
0.8460700509689101
0.06859400594734533
0.5276368517294094
0.976878599878964
0.22364597000195396
0.9698294548401238
0.5806028959969248
0.9924191066566082
0.9129577551050386
0.48682720710822824
0.3712814606477681
0.6579105015040005
0.41790967977864923
0.8593571702316432
0.39478676803052426
0.9115805654882738
0.14620902023016813
0.4446539400364957
0.8437860054265232
0.3716296525378281
0.2555323819644878
0.6880606105897348
0.8120136537482153
0.6392019476750653
0.509469923163116
0.15210344230193573
0.21552573384864593
0.37861374097130907
0.5232831718981963
0.3983390782220989
0.35323358527084325
0.07709085421231787
0.9015818924890726
0.8336994531697742
0.8534513961604262
0.5317751006266523
0.5483460271491775
0.8566918592634345
0.734637842244487
0.6635179867292443
0.8642892433216092
0.7686947517206795
0.44620685721026154
0.21498687202021027
0.6373807120360806
0.951722548828055
0.049227981672435916
0.2548671542621066
0.17941177096467265
0.7564156000605766
0.14703246126216263
0.18045206150621784
0.6648151604926177
0.3926439661188944
0.7821861090122298
0.08766848738624988
0.6875141629662233
0.8699972983719838
0.2789852393547021
