917151
0.9605964158118625
0.7673996383211305
0.6965646147875186
0.9295779442071317
0.12179622571486959
0.9101030987107885
0.6117920771850267
0.49700727631883823
0.7802664500318762
0.35205455422162824
0.10283831811729649
0.7399193310758542
0.3156124633988292
0.30738356507459275
0.833730645378549
0.5513734539852091
0.14501400067845205
0.8740430476512464
0.40275794707144197
0.8481380194013929
0.6338377194464989
0.25360524983995536
0.03591852243193194
0.04704989514491065
0.531248321479711
0.09249930648043192
0.9228747888216969
0.821461524604979
0.8389299782682534
0.06203093627338607
0.9067485851967463
0.8434942577391286
0.8540372648858782
0.7603443161955131
0.15022449615110733
0.3867626782791673
0.36675311941866384
0.6415572017705284
0.21781086085130263
0.9894291516875726
0.6383384552176808
0.9556199116575723
0.7377411131925959
0.8588937862247827
0.8373164042927637
0.6170197686554728
0.4368810931647732
0.33711996939211575
0.06944204857019431
0.5112726767050857
0.878140348864786
0.5395409402105124
0.0013656630779409484
0.9952136386742356
0.6722689572717553
0.23068843957848917
0.34840609716535786
0.25041862966547546
0.28455327309181266
0.10612954166090138
0.17360812538932013
0.7086602326100571
0.8118076661507896
0.912992964544436
0.02826583759490109
0.9841202773159419
0.2661918232354106
0.2603122482154109
0.4533515900442485
0.6191521657492136
0.9697656130397041
0.54560708773008
0.2567981665160666
0.4787070424139439
0.6373272138696332
0.15557097505900175
0.28333943781949555
0.8131070834128731
0.6049619047400043
0.9864275018561982
0.10162252638431868
0.8496704014685376
0.4478627490851971
0.37346354356871436
0.14756272653916536
0.27076190999000815
0.9233666163076977
0.719442579467705
0.383419487137167
0.08916496884093938
0.7737818845846486
0.4680469146505122
0.45883058176428526
0.24123871962005683
0.4284672272020008
0.5811927988751346
0.6930482687650376
0.6841468563949433
0.05575323992102221
0.3480077110695672
0.9368801447838132
0.9055132317830581
0.7326822854561535
0.17845439750871628
0.5183443789246086
0.5321804330268484
0.7241734453940913
0.016031690476773774
0.027807253925124842
0.15931769873949797
0.9931039164039813
0.1416773053028636
0.6563787222892549
0.6119447760426241
0.09892938239584859
0.434943134204991
0.16559926244475232
0.5980087782956589
0.584850006459594
0.608708876390188
0.33695942284724223
0.1154711100753244
0.8021607240710579
0.5401454633605096
0.9265511466656966
0.03543231529890123
0.8753075220216683
0.5833343003595036
0.7331575146766401
0.9991424882575725
0.1723044021397434
0.6678945613733059
0.3773460617529234
0.1388157221962174
0.21254826338628063
0.06316541252260977
0.7846377051546914
0.16048685487993675
0.4177019440003569
0.918935660046164
0.16758187877297548
0.011719561685522129
0.4911982380682549
0.08140865778444772
0.5095758802206674
0.6977948411075673
0.49805104519017007
0.22703533532145104
0.16752458475783027
0.8070793868714687
0.9090417522493162
0.0570438903085152
0.2309439223505968
0.9595935596457833
0.9719827311035658
0.15193977527943314
0.7018701166718377
0.7023692258884168
0.777641814534948
0.09794492003432897
0.3929436971274125
0.3410075487613037
0.29904512286748686
0.6662905760142738
0.6802957121675429
0.8189178632598888
0.5002577644737278
0.1514733317766238
0.8933711143410316
0.034038228407360926
0.33437533263806907
0.4560292949568261
0.17558199785194162
0.9174092677042394
0.08034154865768739
0.14707659972179044
0.10769160541184908
0.18879298160648628
0.004340436162492356
0.5038219651362982
0.2500872183239389
0.9515982068971652
0.7738939219359187
0.5254218963913678
0.030608392458741362
0.19269530579559324
0.40142910002414256
0.9750350011155783
0.08135470004468692
0.8122725851652933
0.7489616016792021
0.7985967604491244
0.21090449592428695
0.024707095133083223
0.7866748039645335
