654255
0.8540452857406132
0.8594405950128811
0.8350971178017196
0.5780589026949363
0.04707486686679996
0.8005244528584564
0.949051698951629
0.30035753211541527
0.3954033088255712
0.7051481916188436
0.18101747487782993
0.9782830309389525
0.13803899740928283
0.2107406789685896
0.7847192303513111
0.7408922755285816
0.8257873256458741
0.04802645671900463
0.8480293261621498
0.843701348484138
0.9430862471250144
0.6704509307257557
0.6486199802003515
0.9194128245921744
0.03382931237218667
0.009792936194237045
0.2988354575505139
0.9995600457641215
0.3208303974631017
0.7873163067119034
0.902348537087252
0.44198651873501427
0.37596767324830627
0.8850078452471046
0.8406743973275891
0.9273990693547343
0.8716770438245934
0.5128939567591388
0.6093716234837107
0.372803373738955
0.8243477810830087
0.296123496068758
0.8317688809152936
0.9504512706599995
0.02630647116646645
0.9494504241665953
0.6923129339938469
0.3979992022208919
0.5554575078148928
0.9069440881892189
0.05214206419205536
0.4588974231619105
0.3502819437748679
0.13120109996135998
0.9362460834062508
0.601600352504888
0.8427786389775432
0.3390277560444849
0.9145827303188444
0.13200833314649973
0.5530648264382219
0.049507253465857826
0.13877728387646582
0.4356212628572421
0.36673597858845985
0.18556144581582446
0.441540619523911
0.3642056599741743
0.9397176152493939
0.44156182403731936
0.9576985994324188
0.716346016881447
0.30522465830946477
0.267240374513663
0.1837331342327465
0.35207223122256537
0.2935762878169431
0.11209528177953998
0.2569935833949245
0.7288253578161795
0.8179977777769999
0.5246830829456874
0.5062448097655198
0.5493433719123181
0.42817308836755497
0.8076326601361716
0.001975811629651991
0.7716202059722432
0.7881947483889945
0.19191335125382747
0.9179007210321178
0.4469104429260029
0.8966910457609791
0.9128332097267855
0.004342288586030363
0.723823084897538
0.9342922215775565
0.1454402941335491
0.3696948950720802
0.8848679215660605
0.5972315261640789
0.48844372418088244
0.0679225743156111
0.466388433450753
0.6557585624500344
0.5734678224637302
0.6980553990584537
0.3536350330974445
0.26217602154776765
0.4203969947816698
0.33590478241091815
0.2398035595501462
0.22569323573764122
0.3597648555157784
0.6387268830402151
0.991183437584231
0.06992327458776426
0.6995864372242024
0.8903201836763921
0.2701308626008181
0.19373222139638113
0.8267271947987813
0.08705222469054574
0.23340215222920957
0.8672834254206815
0.1018482951456402
0.9045670960858839
0.24545317722439064
0.11250089385469508
0.7321627938866345
0.530434211797799
0.3246308186449549
0.7408099455602525
0.7876825754909299
0.8997557436842388
0.47475285784391774
0.9508953853950176
0.6643313129321985
0.8287587086007684
0.14539277093687542
0.9253507240502423
0.591244053316439
0.9056550108565868
0.8112565983089715
0.8074740241258553
0.22976925263017278
0.7685605322777381
0.0643590512796417
0.28810000248142686
0.01813446384194506
0.5770227075676552
0.6722764794538587
0.7872395615577733
0.6784321300284443
0.06671316531596261
0.7715745829983295
0.8764315777254474
0.22152733111221778
0.5661002198406531
0.7375790674105586
0.1550941453183492
0.8606846705746337
0.7494237610390522
0.2999778639025198
0.26779545330066457
0.4761564840233721
0.7020529301100478
0.1583135249559141
0.12924756575496787
0.660670471347016
0.08231445626020228
0.6922452781259801
0.7099583358710763
0.9196995228107141
0.7781379001159707
0.3585299552176393
0.927860620201805
0.3005922663187307
0.477371425987004
0.01999153078120164
0.28986988212194154
0.5810878157444808
0.9973796421810285
0.7613195882191867
0.9322044142325184
0.1604341070434273
0.05254289531144707
0.7123570131087725
0.6194355618997545
0.9652736558308452
