1023640
0.37753549388899865
0.021607470794493433
0.07961713820118932
0.007656686468809237
0.7697672528382109
0.4010139526081502
0.7764775585724678
0.7139864627383918
0.6661319062939242
0.5976295162218083
0.8495393246575467
0.781397037309834
0.3272125478400797
0.7386220142687833
0.4891648779714184
0.11200895032007574
0.5663526316878649
0.7431247156686505
0.4559092515988894
0.32570392954558325
0.2315089103743504
0.8977650062224659
0.8021940049144654
0.4585044669480396
0.3245602924191714
0.25227401761981505
0.10919899795583754
0.7163400718116879
0.725754543249716
0.7073997061131674
0.7130011818142453
0.572926868615554
0.9802324732517353
0.5394169828542791
0.4613733899690333
0.07568253810987002
0.49907717525478323
0.6338481560314131
0.5162877750309278
0.9550443480902935
0.8290936622948869
0.8855775795818919
0.597052128787087
0.020252606562874753
0.35353184060454457
0.06336476268442603
0.8451398556274369
0.36860803618083104
0.9002241755438116
0.9338302635586079
0.1841570324690831
0.1354060665579031
0.2541162407166103
0.5933092302741388
0.6470232739220086
0.8681969846650768
0.4979273826095809
0.7655376407359199
0.6473252862189699
0.12171570999804204
0.437685216375197
0.28895671490834973
0.5829354513535975
0.5387707269221554
0.10913662944898583
0.13949101372544104
0.4773700603404428
0.5075766830251925
0.5065452213162271
0.11297656329326
0.5879951318020988
0.46746049682522584
0.2271427211878524
0.7259849531721049
0.040069859126222185
0.07256642138457126
0.682510362544439
0.9846105551460884
0.581751502143416
0.7171304882012508
0.8924235918160275
0.4178572027675096
0.49756747588259564
0.3760901661692537
0.647201039976893
0.17558230264864227
0.5664936038063715
0.32124051108670293
0.00135735912384094
0.05052524526139168
0.7056604015908663
0.03584329882709525
0.6443664452499712
0.9997687189299619
0.601841690980653
0.5695409427974786
0.6835997583588806
0.11305056253127321
0.200263271833933
0.6506220509620428
0.7700124663743136
0.003665007733241299
0.3939013603852436
0.10413168021928931
0.2989074584466912
0.28226211823394287
0.6363241622367405
0.5120132690186274
0.626115699281246
0.11467436192662239
0.48726213059827095
0.5954159242815801
0.8541884405187489
0.8619701035493976
0.29247563742379157
0.49949510975661804
0.7637054482212702
0.45425353244042554
0.29812139271527116
0.017480391262535533
0.8915606371175173
0.45930124357290436
0.5047019092570431
0.8034795477703021
0.5910944235087485
0.7729457756653766
0.47681503035719097
0.7924329085480917
0.14820021298761465
0.4801869656361315
0.14230337443582652
0.37082796746234514
0.6730397280007147
0.7143320205194277
0.33803627899563893
0.3232288479314833
0.5387604548548962
0.2760356749589442
0.48943984996921286
0.2173711603109495
0.5966152207835498
0.3649320537903774
0.3470234744161933
0.6845175701430835
0.2611429714774498
0.02362032715410356
0.1455335456344634
0.0019650668954900308
0.8295765886851368
0.7970863190927266
0.8999986700692131
0.49104016233370906
0.07640198510579443
0.6702125951405307
0.8078131142837268
0.5066133088478655
0.24700035564726253
0.561850165298877
0.8871376166667665
0.2131096496517324
0.06356322937176162
0.5259947976356307
0.04928034810384929
0.9171878874476459
0.25197797431136504
0.3389315048615601
0.7763530167198978
0.4587049849889119
0.40013876373457435
0.33578111775033814
0.4553801091828157
0.04927929519393093
0.6661465055238804
0.2007030845882528
0.20617194225561752
0.9917101246951526
0.9691185564019297
0.9120788690754458
0.7326553977638156
0.9137072904121284
0.8158367991462843
0.19732082847336663
0.3259885460968771
0.5058292037644687
0.8432208089562725
0.6615215687508754
0.6526684222119348
0.26622351417334444
0.4896207042278262
0.21997928378561205
0.3719739309709682
0.42370951317312666
0.947181360514006
0.5867046866651642
0.944469045083244
0.035937266639818444
0.6930384826963744
0.34933563746690743
0.2169234798151618
0.24080292779379409
0.44886418190072896
0.5954556887157912
0.4988918194985722
0.7769957636751259
