980810
0.9330709732269727
0.8153253460416644
0.16609696122917406
0.5179511633603742
0.3174832268496378
0.9395130311803819
0.6319465461443936
0.4579299924123238
0.23800673846624776
0.45417099003516104
0.7481060966609946
0.3637586645173334
0.7231787412758219
0.03658443951269341
0.9304722765403846
0.41428597238514253
0.04763160092044949
0.7236873731844039
0.6518624237992907
0.8248290586893443
0.6865289595266852
0.6763165181636557
0.8130794776301086
0.14056377057662017
0.19344949434190428
0.5834672466571706
0.9060124900457769
0.9770271386617454
0.600624954870346
0.9543021841530299
0.7797017924404083
0.46370591822463536
0.12709812854272518
0.6715116188516786
0.5500001790408867
0.6679331261522848
0.8839410707681028
0.6518151622432488
0.28911907843587936
0.5912421601207821
0.3999203309303865
0.37739259280458415
0.39489876588690886
0.011278845480906852
0.899502961674557
0.01154582989401487
0.40701157132133914
0.47244665404257735
0.7616075632827061
0.4439142677035631
0.9566653093125623
0.1679675948299425
0.882498957158456
0.6780338759582506
0.5783171536763951
0.966363392100852
0.9942710076080665
0.5797916263983373
0.9036822464671393
0.4986488012341518
0.2537892797581798
0.01293282698274667
0.946046767712394
0.18847147822959265
0.703916588894409
0.5430037654547667
0.9176937302031365
0.5083311416478511
0.42675906856628165
0.3180775989820567
0.5772812904976379
0.0595185065212972
0.9491091437921462
0.13580255604907776
0.34555247708982895
0.2043782789685964
0.5303970126007207
0.9886925083510582
0.4643781686043216
0.6549614660182655
0.818771310119578
0.21045527929303331
0.9647812781266082
0.21836005708621353
0.7359015312225207
0.4554905728656834
0.9104454533314043
0.4688299197461421
0.8804885979165807
0.3872809566062092
0.25919684980359436
0.08976607893897837
0.9419253334282074
0.7512669416654258
0.7760811500137871
0.09941571435186936
0.23707686086265733
0.9373206380706842
0.9781362122549885
0.4608630454806818
0.7605435033098509
0.8991362092360777
0.8142864883556806
0.5366520288721511
0.585496322990847
0.7944449234546751
0.4486152219478774
0.34053288669267245
0.684622923005382
0.33598221337853285
0.14718464299947098
0.44966425695221135
0.2439108028630096
0.11472617843955835
0.17894348003035576
0.9371628444766078
0.727415053669076
0.39231606752763115
0.7528203102679696
0.9133430743772556
0.3899780176497948
0.3069717415002252
0.15606599531809706
0.02680304732934069
0.7472247694978424
0.3717572477393749
0.34811030989767133
0.6889000704559982
0.02333445548344726
0.8886870263059206
0.5303555917423415
0.1271894318493778
0.8827542936405619
0.47462579881831946
0.2784223452967124
0.6403420370425248
0.5577498008072835
0.6006733817922949
0.9131344917482055
0.5683345846782812
0.44670944208143537
0.40914133890771387
0.43111255707732443
0.23792977311999008
0.6589820986820873
0.4185402219489235
0.5661135984866279
0.5950762019118517
0.06436666289125104
0.3119629717920255
0.13848221727710108
0.1615876059150232
0.42280073268942364
0.09837228268715892
0.8909015759238512
0.6741017007451752
0.03262578920596315
0.17948832757144562
0.4464107021626147
0.4632487873400225
0.45880476652812496
0.7351413362151145
0.8469502930859371
0.5796982182937268
0.7224362161098591
0.7917331064748869
0.007212886872209889
0.6844514748642353
0.7074851619940417
0.5966664721988868
0.5553845794131287
0.1492648604666339
0.33560468018407164
0.6017598661061169
0.5500146794207792
0.3306077178072089
0.006369907180618584
0.022035991083109496
0.20272447500233315
0.3097182569707053
0.7687085957700764
0.5406129777123797
0.5316639316125504
0.5026964280409432
0.7258894362048541
0.6618466958475704
0.09978251472776412
0.8132680361050743
0.46779049822866525
0.48592710063432043
