893081
0.5401701919628779
0.44061099814557847
0.6975882871770892
0.3471978671298873
0.36563917990383676
0.40823853240595487
0.9226430741183012
0.5207048603878299
0.5878831267535087
0.5273116422943152
0.5802312198130662
0.7246725872829991
0.7480219875033688
0.6378603084493032
0.0742819180219666
0.09334836411282565
0.7013718610167139
0.40902910074879517
0.6958671435804837
0.5353054114537678
0.13042300656796768
0.38963961306154815
0.3527871918718305
0.4897803904034278
0.6934250690640267
0.6369613927515958
0.17111096472745946
0.18416219860974792
0.7809748051699434
0.0886131747051988
0.8826203362401635
0.32432946665916185
0.9742191037432141
0.38490765863843945
0.9239308467617213
0.7037904230752022
0.3777618011912317
0.37739028913883366
0.6726029082261668
0.8249199011462547
0.777122347375053
0.8607489628233327
0.8616897057940877
0.6297819563049305
0.33014465355099276
0.8199594588868048
0.83116335793877
0.3269287429473551
0.8811967457744341
0.7053835116527678
0.7971192827696946
0.5179279079991038
0.02043630007322328
0.1781201360418504
0.9614320605700936
0.8557288878643108
0.6779574905214438
0.9274928730437185
0.30170251684580995
0.3258211864037719
0.8115484437928452
0.8625063459167307
0.3051696224477578
0.1250011938871437
0.9076179821223938
0.9252621989914797
0.40033016622909956
0.12348797435742453
0.2247900842513587
0.061387766714973035
0.8322416126432707
0.21701356938090188
0.6801702096662823
0.14424842070300403
0.3034276579557156
0.6753738611474784
0.5492606654148944
0.49672509921429875
0.35080040928780065
0.16824535917149108
0.8324134737719001
0.1118291563387599
0.356520563072267
0.959537868379165
0.7737512842670388
0.16687759527737422
0.6282646287849396
0.30635364637864404
0.15206873195173787
0.7017954304655674
0.5034511688837844
0.41850280105966375
0.47159839129002423
0.7231540904442915
0.3866726871113271
0.2703452762885772
0.4471698529551006
0.07913681313448051
0.2194160962909225
0.7324370410845032
0.9029731654723006
0.2509444393127179
0.2222306673217671
0.3133730221709612
0.8276374857471676
0.3906021174272005
0.8959862321325488
0.4025773007531518
0.39404794368189167
0.983427740532997
0.578926094215754
0.559369079549334
0.05344493531461014
0.4379804305664575
0.1004104835972105
0.4114039962149525
0.48806395466024
0.6780383288013012
0.23049889137855006
0.2735204085042273
0.4797741632746476
0.3618495335788461
0.8959375868559405
0.00224852245315621
0.5108251041772083
0.9444009078489144
0.1473196828077309
0.2734110314619539
0.9063276747201171
0.008476970183943888
0.746260932980206
0.8166834685892481
0.2574976921416541
0.3938563561619113
0.6914031764437997
0.2308216862502862
0.5817770012718875
0.6533800615164437
0.4096092028535647
0.8543841117151342
0.12461840328230667
0.19580913132988276
0.4960552874327666
0.4503035736197839
0.07124566010385147
0.9837302615736772
0.39399503987293283
0.8839270801686366
0.9048821873593937
0.6927680908299783
0.4683568279337167
0.5326223741529083
0.43533483784797944
0.43333176811255936
0.6786175255233569
0.4826937770300207
0.0984840347769661
0.5472347464478092
0.6956526593883229
0.4220430950935684
0.9640293752811915
0.48533657861615187
0.6130456060851144
0.7323563840188119
0.1858938696698692
0.5071028614899795
0.6505333571929699
0.08714344613543412
0.78015782044464
0.896961345653495
0.862309741217657
0.8497498198261685
0.5024993335153187
0.0747195591926959
0.42513613242077275
0.10439575141016011
0.32371883737952145
0.4980913639655511
0.6952443530598625
0.8004295573098301
0.03664569437715992
0.5442363011903621
0.650251102817987
0.21978104085194416
0.5562906634504894
0.19123598256554664
0.5018074996658328
0.8473590094086966
0.19881949454497694
0.48163329511449604
0.2721006979342352
0.21138482108174406
0.8764759962203483
0.618762217289
0.7593050919037705
0.5384460438829393
0.9762877807056433
0.039523058763210606
0.7019269666283438
0.24406387420401832
0.9394197542942376
0.3252901336201883
