833551
0.8800545803765036
0.6681966058312627
0.6107792681501955
0.5511920649775526
0.5072047707717474
0.032042342354908326
0.8387051127022629
0.9999322795911566
0.03507921761046173
0.2970612397260478
0.21975022293436153
0.7779944498529571
0.2277206863862249
0.06974084426571914
0.3440681060319821
0.028713171086907963
0.9827814043498001
0.3876778347053934
0.6068359102776881
0.4927642967843415
0.5266831318012771
0.9210497935086125
0.3925405207734317
0.7482556666124818
0.14593909408806793
0.6362108323950223
0.21410845701256842
0.9515098000787046
0.6389076885678128
0.022658552360013573
0.1064635848337786
0.23038585058109384
0.20438390421577812
0.7008076314155078
0.8082544971806812
0.5482831252563091
0.3888452104989022
0.7618201579902757
0.45407999559293266
0.7205483624051957
0.7511641976085314
0.5119770301684808
0.24822515218722907
0.3345577302914635
0.41399612570414934
0.43450918463453614
0.7710280716370845
0.5793517441880113
0.6548260408150134
0.541166893541687
0.0703044020515119
0.3667138088626759
0.867004607419383
0.8508975853349643
0.6583187185144752
0.942279693295747
0.358076893582549
0.9999008100203147
0.3512730635303465
0.23919452355145931
0.3472125726677565
0.22115742026512342
0.06497769698824962
0.48154400777851236
0.16033984776890353
0.548043571848977
0.9957032368378543
0.1829154217811444
0.9265177171899703
0.6359446875220812
0.7864291239514308
0.4052900221734247
0.509921109620475
0.6239124171130761
0.5401032037527247
0.8376875360040614
0.018035956137471332
0.09672211299794997
0.4115888603494502
0.5727596492336761
0.6749228968770762
0.21588702030300355
0.0865683027811458
0.20203843454749582
0.5748888609282704
0.7755686772060982
0.33582734012278004
0.16135261268555834
0.31753815324949786
0.4852296741555543
0.23271995868355888
0.4394488608637509
0.7186769752455613
0.29880638120007996
0.1954856011166266
0.44601459059767745
0.9636852142962148
0.5430530006765342
0.25499094640871656
0.05196392577465769
0.529962201310514
0.19875171333764607
0.9387501124601064
0.6443546607447965
0.7584684232199432
0.385338835243933
0.13611466793933225
0.6368795827514627
0.9141723664311808
0.7360567006218689
0.7542032489348944
0.005288150230923994
0.7742026203178383
0.019845818176076446
0.16839311107372434
0.34063886317851966
0.9011895844562061
0.10990838071036357
0.3804575373231093
0.09275685530295086
0.4601591561490127
0.8975380199775361
0.13051496792346062
0.5863080943171449
0.9074537601073995
0.930521946626418
0.7667088245221876
0.28547175286624504
0.011561444139658539
0.7458179603523659
0.8179052375323025
0.3011741451257671
0.45082410457608746
0.2955054450580189
0.7990534620247545
0.07173068579706343
0.4202177124131913
0.008319674965586277
0.6048581554456809
0.5212819133085864
0.7617947936953859
0.9943361204035545
0.42716625916109463
0.168715008874203
0.8724012401285842
0.8720571807410172
0.7642459813986758
0.7087443024539334
0.1252525272283107
0.7399004564586762
0.23574969189051642
0.5619220405236348
0.19945213889798652
0.4671505833086772
0.6100511498733466
0.41587653712216555
0.40515366870004144
0.3341345896568273
0.7528782187742188
0.645575449115756
0.1803350345375191
0.0614077094392288
0.4390676735008153
0.42485248084865423
0.7375913326789425
0.42631775077037837
0.47390172439976386
0.5271331440850274
0.0454765210293776
0.8337704434124713
0.6519285603837797
0.36350603250765734
0.26590804109344224
0.06101180149476926
0.4189188913447497
0.12427144112846877
0.6881165768875086
0.48050818416830476
0.7190941134983242
0.8082093280136338
0.2940522995807704
0.46868861992769595
0.9784161343093608
0.11479084292353348
0.8706867921748298
0.12078554782927176
0.04107159366355939
0.28117735299961166
0.724674309020234
0.7605321146352222
0.8706640123782099
0.5319567212895386
0.5749585852772967
0.8661982363918062
0.33412752636867715
0.281159654008191
0.5122038701935675
0.1899311153416574
0.5258127209197764
0.7526292457678717
0.26354304436333986
0.6725960298464785
0.874534575594344
0.039696147113215896
0.5672369016052605
0.6033172752171428
0.5798408797749112
0.7169956781708019
0.6667703293990033
0.13758674190391273
