1706152
0.16462154068334167
0.20729089395212785
0.950181959777017
0.43447903444925995
0.4420833257700142
0.6757462282119072
0.8902393023106423
0.9444684513304306
0.8046219912665893
0.22229950605345883
0.22123432133125975
0.884283096019068
0.7097955974294664
0.8571434769234587
0.09895844292402722
0.38379288139432743
0.619344801090701
0.33925504425349895
0.1343291102139501
0.846868738946434
0.4979396691079694
0.44263879949777785
0.6346855540692635
0.6778542459298635
0.060495080744781715
0.5081324412264149
0.33079623019563376
0.46433842025654437
0.858486447466933
0.4740914382265614
0.37104042899083267
0.8228527116365272
0.14400579811826597
0.41526240904924605
0.015014444946157779
0.4362935399864154
0.5038142177813933
0.2748299542042505
0.8764650459787279
0.5905101132810842
0.40186824316883296
0.6043192374172077
0.17403434152904018
0.11293101345584222
0.29027820677719873
0.39281976870776925
0.8856544146134272
0.766730373467122
0.7170556197152763
0.9230369540860136
0.9371920807935687
0.7852666389251559
0.38428209743302344
0.3153749222904846
0.4241702999879343
0.20523314796486136
0.5177193916296097
0.041075274810121076
0.34397561451171554
0.029319418961922472
0.9161810496474113
0.33025792202892523
0.8252649652428832
0.3623955605255543
0.45156746607225595
0.9517894001018572
0.15470032766672015
0.3267438796136938
0.5568694803629654
0.7815701457834058
0.7427707958012846
0.4575801256856036
0.8688010344473622
0.9454040006235414
0.8138425610531639
0.9390425685369932
0.6476283322773123
0.08666736505455808
0.7551994423761016
0.7194291060484554
0.4890768392932837
0.33666873268912434
0.28412905842878833
0.639351372699526
0.5490538729919914
0.11960264937844944
0.2675910140039518
0.770282964099458
0.7829479962878886
0.9257278849171249
0.04032852258362629
0.1671393144580161
0.233046017586926
0.5515732408720597
0.10111328537380049
0.27742458652585655
0.7335319038901862
0.5975340293668403
0.37081206996531946
0.047417247703833154
0.8312629190060926
0.8219176931608889
0.25271087607736054
0.4788069362366322
0.796691919478125
0.3724032877819823
0.6920884186560224
0.6138916940020422
0.9298738694064883
0.7063743247684569
0.5600930140599303
0.07004741713512164
0.3225085864360149
0.23894083598646565
0.8177805628346635
0.5519410439388613
0.8401935721748094
0.5141421183131191
0.4666666406962354
0.8161062586828315
0.7460380782433408
0.9231646672674831
0.2751858024645689
0.0115373695119112
0.42857495504584564
0.8135612839579843
0.2437155655346429
0.18979893101794676
0.17457840627058663
0.15151929168411538
0.08041709634919203
0.21427518016790448
0.7527803146070853
0.3118690413193931
0.5743204247430483
0.5333463858237749
0.5298365034878626
0.9903335866503646
0.05470200758654076
0.8201466401975875
0.6464796908339878
0.8985838541954745
0.8339818910555679
0.39935398221880103
0.6934134577020338
0.8101762590736359
0.6565724801955161
0.6513231933301674
0.026909526158623298
0.041351832847579484
0.6893854103472955
0.49131772188774225
0.7639574032021814
0.4760527562354194
0.6152098283686417
0.16873602633072504
0.7296764045221851
0.020000599984261624
0.4013151937413242
0.43256326242303944
0.19379239542282822
0.8287825178702158
0.8183166178881196
0.6144008746880715
0.46980843259510374
0.48835341337583327
0.06750591085035962
0.28058670876024094
0.46254752694669043
0.734218357771904
0.17092637918115305
0.06497655926102808
0.8266866326224765
0.20272700212871486
0.99882531405328
0.08522838736465299
0.2641546152499711
0.9080918051758698
0.8699422124750124
0.27924786066382257
0.3093176479359129
0.39999086856950494
0.465239802349647
0.46096302600324857
0.07634136879698328
0.09121650880835763
0.4819322899606068
0.691241688551954
0.09959687228906744
0.25952941039885935
0.16034121636979026
0.15884442483369443
0.1973048351828669
0.03247697408498906
0.6658280468712688
0.9848217725486271
0.20117540273451084
0.30864296437840855
0.3206067402573832
0.7078268398776455
0.7282470868247041
0.4132575131640611
0.1684226016320045
0.29196842609424445
0.14879543667581152
0.7918711057865655
