940308
0.2500488118265032
0.3481135817711225
0.39742736807784473
0.8572670070823604
0.406611593138526
0.26168946289935957
0.5474708356942861
0.49495761645680236
0.7035469482246783
0.8305386199552496
0.8882780317074566
0.8988580564592656
0.6984265657423621
0.4626441150394539
0.8220752591061685
0.1274909182170898
0.518881639152334
0.1255949857792087
0.304015226553912
0.5544886109081585
0.4674996885816983
0.49288215299840976
0.836910410303658
0.20419165863093147
0.12024038016253158
0.9366289313043751
0.8242656642670303
0.9355315306910703
0.8558803572726188
0.19777867166938223
0.3965615907073148
0.051784433080795944
0.80523498583014
0.5198109529533854
0.06891351782397459
0.10794174089264474
0.41280618546365366
0.5731826100714322
0.6918916491311022
0.0994019780332035
0.3846757031767053
0.9785590295739512
0.32558583413300035
0.28908627834831135
0.7524063051305478
0.8212339178374669
0.5425525638333519
0.2270510838844606
0.7867097518409353
0.4438960491042344
0.4343584037084429
0.21111049119027725
0.6191076041764413
0.7614508537245716
0.4737058838927286
0.5666686444757824
0.1452501834593719
0.24203995853042315
0.9198620852746623
0.9666175048528246
0.8145382967622192
0.9791281348948906
0.7905759335716508
0.43455565429341203
0.7428871574582077
0.5993806530807427
0.0997056075883086
0.49482614591748664
0.5631058244897662
0.5958078659545654
0.631755095050349
0.9460390240907598
0.44272549759390667
0.7193701513761958
0.012196569561647275
0.6055472306026846
0.9915859237112852
0.9635550126648341
0.849061440574499
0.27153586192801604
0.15509927416532743
0.5570516068412101
0.6175386734185953
0.7358832956257403
0.7334561867201616
0.7116137873603463
0.7262743830397295
0.2926133328261433
0.4171629456046976
0.4838576928141223
0.9882968224912948
0.9672976040514557
0.33915049309995715
0.8659496568491195
0.8040892334999311
0.5468024445763952
0.13773321012834372
0.08941431197053684
0.03908077850174008
0.3834111523905067
0.0032623919265984958
0.049633339573454505
0.5067018137808514
0.32586534839028336
0.5756686863718545
0.35247494626895925
0.20628822846111416
0.9295539762325628
0.02560989926090329
0.7488870104058569
0.9063664356578126
0.004453183668897243
0.26459079385166573
0.1332029287075146
0.7853928685872912
0.21190076741595332
0.9531342701207753
0.5017703012636237
0.5825129025364496
0.9554972600355407
0.42639918570783386
0.030366411929262926
0.09489632565564388
0.6261707639535496
0.5149661994255922
0.2044474341868694
0.15635518128216186
0.09493321918147846
0.4486092655781334
0.3762766394342243
0.9208761199798321
0.014529977110744441
0.909888283069639
0.12098683891995188
0.34581807893835226
0.023718505918677413
0.3387246672855543
0.5560754902963589
0.3362153398641976
0.00686652543419386
0.8433001967913387
0.2016425835803154
0.012682502222489456
0.0562488593984255
0.684172808082453
0.9832685531164885
0.8081178875034551
0.8601833661155479
0.6909428111453566
0.5185339753605772
0.7752204294986019
0.6324716962550481
0.9517119235455905
0.8943910003854155
0.46214446066882175
0.37139288044379093
0.1997854092540169
0.3225891565641592
0.17889445603438436
0.9158979421565968
0.28971127920977546
0.8361627689577928
0.06909367998592597
0.6145635616635301
0.37338231703252867
0.7825327962168255
0.41650335881263345
0.6131177373380199
0.4920186583524423
0.5852448879763799
0.20195579552776555
0.4897840634731818
0.39545925259042325
0.8037819128098609
0.8202148994488989
0.6394077748737859
0.7515452885032847
0.1703650479680291
0.08408306610616678
0.6859581518937077
0.846485677571795
