2635126
0.05388062596763965
0.6945395772567263
0.15551489931864482
0.9279316886072948
0.1737256313840383
0.7477987471925259
0.7054262255084681
0.6888112782080377
0.0972861409007374
0.6542466781627216
0.12399616993023466
0.6391102328528251
0.743303893379276
0.2670683015484948
0.0709346568126955
0.9411570996964861
0.4015253628357601
0.6865076031255252
0.7329237535362992
0.740342450419148
0.343810879847824
0.7790894819137146
0.10336544222311905
0.9346087414550927
0.23368343287371607
0.325567951011693
0.5975177509708064
0.1162497329001454
0.45221961359571705
0.09578455639911687
0.055955500718666396
0.4156373995707301
0.5113932810834477
0.11730775521206527
0.09775349703024827
0.9440834330680438
0.627089695332331
0.20021301807219016
0.529982859782971
0.9319944540184352
0.26963748848570546
0.5425975678558265
0.8803396356423968
0.7379023316823631
0.9674424840762664
0.1987551760342261
0.6936310860192242
0.5090949805069132
0.1938166792483086
0.10135746708319338
0.8999296312406729
0.4523747093041819
0.023885793951938794
0.17752932118015252
0.7149880222307425
0.5375413872566805
0.41187587125852354
0.5750561787101331
0.15268760856859687
0.2928904994342929
0.8533366484937984
0.9899963076964007
0.951800757380159
0.4014006602746427
0.7242120082742733
0.9716760426063801
0.9288260894568027
0.42534668927938013
0.8038437809416727
0.8703234159139336
0.4755666763194646
0.21714605797821973
0.010507376842801674
0.48892941710467264
0.7687085924757886
0.019483982710041925
0.3538076132696072
0.45013224818881925
0.18296394452019016
0.1387912156318838
0.40517375998334937
0.8254327562980562
0.925059360258446
0.12359310315368333
0.010191521274628523
0.4863485933162712
0.16863553716124913
0.10913068292662131
0.28255387177494695
0.6398210953239373
0.39102379879766713
0.9004567397653327
0.3214961998178646
0.7619505396736944
0.9797441092235356
0.4454025110350718
0.2318075783391188
0.44428513759755395
0.5719678050962257
0.407118225654837
0.3083988467414358
0.685507542490283
0.5786140572632825
0.3625247371013768
0.5827399829807923
0.4444252313671634
0.18152156337884606
0.7970610503488884
0.38451524518857694
0.30821195718192784
0.09611919289004034
0.758027820322385
0.5641005953249131
0.8559685388906826
0.8600669111445813
0.13842401997805287
0.8870844889011608
0.4004926704182029
0.5093769508614224
0.17167612977589664
0.4370091524754439
0.9144655682137762
0.5486491412001021
0.2546483705191416
0.46240293926335285
0.6985799736682808
0.07845270071035071
0.8016606867531991
0.29248758197484137
0.3487053089855773
0.9453933415769361
0.08255952909938469
0.39674991733487885
0.945406367096966
0.8981819670990355
0.6318798930040856
0.2801038683831977
0.5563555295026327
0.2958804253577242
0.8966934272778915
0.12721288839573286
0.5349574658729723
0.1802427519455202
0.18543478328422458
0.9302738088744852
0.4734205906632354
0.3670648410582341
0.7916436557261977
0.6649653806071228
0.08181102615238167
0.1202428140081887
0.2581947402638437
0.3860496135702641
0.4781382781117477
0.26373701231419266
0.7054914175245985
0.7831791272723412
0.6922880307220126
0.9379261533442631
0.6338177647769314
0.8923348018965984
0.44981392389400887
0.09544203478757451
0.17592724978125485
0.7086515664655039
0.7864745142222127
0.4611082149886214
0.23548184030717068
0.20956077540772133
0.7243024959164037
0.44175437756992
0.7694658178706698
0.711650775189618
0.050965442025546426
0.8164079634455247
0.9802029549159239
0.4234259681113133
0.641311585922482
0.5976625195350348
0.14800633729216905
0.7468639995408303
0.6252210963505448
0.6476276999832321
0.07449971714576786
0.8561450971166112
0.7930822074107208
0.1651955810725263
0.5117971490604722
0.7991833577193526
0.042664182864296074
0.1408816128545215
0.29666802019741934
0.42195858504687933
0.7864658054267418
0.8208831759415771
0.5104369932652095
0.14504222158102587
0.19956876830574322
0.01903022996697723
0.34289705480400945
0.7717784381156688
