1264671
0.6168598540764368
0.36420726312058704
0.12326400557777595
0.611497078162464
0.0432764696624629
0.6547166646124256
0.47259563724534626
0.88839349684177
0.21273034090736864
0.5265786826463371
0.9008778399266895
0.25658948260368775
0.9999347986042744
0.3254010755976482
0.9269032465831946
0.9031865271121476
0.1125495161130573
0.3823450127692559
0.7415956381586805
0.9062306004183764
0.555030995760045
0.2647377401876445
0.12332876702818829
0.11725155837374268
0.16151065297174927
0.40245603584174294
0.18335549982140154
0.1904318738973496
0.5217551989333747
0.26863826286731496
0.3983768145207274
0.34969445709907365
0.6931220040232291
0.23159630162880585
0.9734083734805596
0.24871936960485252
0.35833591475775417
0.4288336337007955
0.9269766207935891
0.673091680869214
0.43852300652344356
0.9177502041371381
0.5593913549320764
0.3805439654409586
0.7597176628160982
0.8562606162101942
0.32027893598924173
0.9532078169027831
0.510066563327185
0.7926053288596046
0.08054507197752303
0.1542089362148843
0.6742546889146911
0.30352696277276625
0.5125448255625707
0.6740658275301099
0.2731113149609731
0.027876011708462878
0.4114296903820115
0.10341745288893689
0.7823276797830059
0.5723797895784457
0.17739695867763972
0.7971981238452718
0.55755304213382
0.5522882785127239
0.19499070164889798
0.6690778426981273
0.686857627670313
0.5064103497571709
0.4268595354976805
0.5469134544588059
0.7528260194627963
0.9885643266754165
0.6609696502270115
0.39398097091066686
0.9295730423869494
0.6202835296655245
0.6447662934483448
0.2501692495227782
0.15245247147573115
0.895747729193283
0.9452582546495444
0.44802198266496385
0.7817746878655445
0.80388515351088
0.10442222842388038
0.23912932628980688
0.36493542072645313
0.017058921119857295
0.8546618766913491
0.07765095103647457
0.7914769317056448
0.7626709551675351
0.3297696205824512
0.0385670179454326
0.6638417774181583
0.20116000806474965
0.21851983671700959
0.2244623318575274
0.5763107080560548
0.09730946661070172
0.17538433189457914
0.10683209525865389
0.30628769599959793
0.08375859492927351
0.8830520687843412
0.03779982045206798
0.568112954415632
0.23415508615229097
0.19243396182077965
0.08534611230728295
0.28910222874577207
0.33080327095477935
0.3522923949755816
0.718502227560804
0.8509880748136172
0.04290531583030699
0.8672176773719481
0.4918683454052789
0.16583913475168965
0.5658429896174283
0.39761742516333354
0.7728915582761093
0.7543106515014071
0.038078468642772645
0.7301298573087355
0.5250218264087266
0.9995709339892499
0.2646470051701515
0.32146224095857123
0.5193341079528307
0.6692064075157808
0.9761286592399205
0.022558881597362967
0.09722097393549312
0.1486989363253004
0.2018287322551402
0.3476182980861324
0.030943675825185313
0.3653339738077205
0.6964375020821324
0.6150938134418442
0.17571251501746543
0.09564691589803331
0.9944301330495678
0.07338985445646407
0.4100860328081951
0.6691830152812468
0.8875102886955012
0.44405214280419103
0.08586901568645966
0.563446080183159
0.0515207041140604
0.2200168725101066
0.39804784830221196
0.8971802569073952
0.2727114466102074
0.6761548536774787
0.677932048079908
0.7577049633823073
0.18114744183158116
0.605553697575203
0.5301064206901093
0.5603605250379421
0.13501833508511962
0.26177605197179254
0.5327275794937111
0.24029506217857965
0.5890872377375593
0.8309110627092519
0.40243602595343164
0.10350961325195618
0.4304247571999149
0.6892961489970557
0.9086154723772006
0.5334828034391842
0.8873054632979638
0.8182401170951555
0.16229161831244276
0.5770243666449625
0.6182388439044587
0.47646606793083524
0.16093675767196736
0.4434185974326196
0.6110995530771289
0.3705802073670451
0.04288338478599096
0.527102785741655
0.7498283405225891
0.01785557179655073
0.8752128196408832
0.9385603956796671
0.46284003831869736
0.08548984637827406
0.5625934627486944
0.04655473191516246
0.9427580030737216
0.38209183606990527
0.813999281726819
0.6954438445300645
0.3529937729549537
0.5186668342465707
0.5783013690657931
0.6245983177404522
0.6577551710821092
0.8070729666497339
