1447235
0.5485975389971897
0.9272256380648155
0.1638299606717113
0.2547909437990712
0.9553537435836452
0.3628413535052465
0.30257364080639093
0.03750692551219226
0.7342897111377196
0.1579433258127343
0.4320119975125576
0.9667712059594911
0.9305782952091515
0.021853756491976406
0.08721021376182048
0.2175602636168137
0.24925774289917446
0.9077404046427305
0.12214981017126125
0.856092477558566
0.3762554936576178
0.46355437936805144
0.17215190548297787
0.21345403426318144
0.7844649164875471
0.27388738855280204
0.05462459336105541
0.7763563594657671
0.8939623173849606
0.04069064156114521
0.9716951401888755
0.7852371805855892
0.33356250033190715
0.04441124195738766
0.21625609671372825
0.2872299675494523
0.1939824477400377
0.5656256782480565
0.8381334914143194
0.7549504060327337
0.4193651025056807
0.1908045665637369
0.6087368689101429
0.8276616225176691
0.4374534385525083
0.0989934371850123
0.22827842020521727
0.4019271603074305
0.1008740309516829
0.6787742256451189
0.03496985274284836
0.031160533377269983
0.31843938883385126
0.4843674902246419
0.9463634133016464
0.2259478766113434
0.5574592924162789
0.05440104632724552
0.3847063341287933
0.5815391240716856
0.5717028074975594
0.9990547792935834
0.35728091187488387
0.6673027005798248
0.6169427658135805
0.04633205512748195
0.9223611611514457
0.10634576695334907
0.9859334912201422
0.010291300912299461
0.47115942016564993
0.3237002280157255
0.9087724183118694
0.4627948897569135
0.6061076638743298
0.935847261924283
0.2175810775073197
0.44612482660332975
0.998115529809761
0.26650142388208997
0.9001889143242424
0.4632650090427839
0.2971588285675839
0.539707624446084
0.7248908764353723
0.08760442528055135
0.3583943737963661
0.5220210656795564
0.5711078936233557
0.029193308150844866
0.6516737146996581
0.01163731230797449
0.7120963060360813
0.06781647035738914
0.6191213553579575
0.35499254712093586
0.21112919760173976
0.04616303435457192
0.31883971524435517
0.775809450471092
0.4705151480687009
0.7584689569813349
0.75207348077075
0.5474082934617525
0.3697984295374839
0.4603701710935586
0.9080693526496347
0.8207875961452905
0.8098900627717399
0.03522810468430959
0.08520678031396423
0.3731704230049704
0.3625714214445592
0.9953077997073249
0.5534245212569572
0.9197568135004187
0.9488369724481497
0.3325826529006166
0.6557824519438641
0.28070943571122686
0.941520709074472
0.18151088957666017
0.22713408161155613
0.975308786875174
0.8343049932567471
0.4892162882723583
0.5687018197752296
0.8166305113629367
0.28819593355835493
0.6918753258062549
0.6142693089884151
0.39907185098214704
0.4441513134547228
0.1981018535038469
0.6327751032981855
0.914386871588159
0.17474211944924678
0.19695945679736426
0.7043595062884156
0.28791707436512703
0.07716639113061086
0.1274443348430202
0.11798371599924284
0.3779754499300375
0.45342411622050127
0.33176821825451
0.07978153205107796
0.5629784201181673
0.11228651311196636
0.9252508685909793
0.020788840039166145
0.7844265460248964
0.1855295199511272
0.3248220050559839
0.48429064377818465
0.7479888654070656
0.5898654019246875
0.654932170393285
0.9856493299236332
0.9662945368931535
0.25621566298088216
0.5720324574342728
0.7062951750363067
0.8936204828944485
0.8816626789199956
0.46757820694665875
0.8105106905359235
0.8750678103881745
0.7445432177523057
0.38990085751767656
0.37938884616794866
0.550907486039261
0.4909151822417165
0.6715348877608198
0.9811514602072093
0.31989314822675885
0.5667188675336461
0.48702299826046624
0.43923395748971117
0.5945721715840718
0.6991887768298378
0.6218070412138577
0.9131678325530784
0.3357923854570385
0.7075375410418596
0.46130173616912684
0.3501476632954008
0.8133266142880237
0.995725309149765
0.8123554520205042
0.8585733902488835
0.7725561623088101
0.9870988615334232
