895599
0.3570729156217296
0.14705685147968217
0.7084133444967832
0.8282120011318991
0.30409425228590414
0.8290112792470677
0.49039973128350933
0.37012424128834676
0.05750944858583207
0.5919706642487278
0.5235019662502964
0.601710768569448
0.5145364625341897
0.18525764680238155
0.41811073710171553
0.35037774255249965
0.5293244840881814
0.14782820588106815
0.8396615738362737
0.015615353761099793
0.8886702647720227
0.6775072493892219
0.4887062898462553
0.14852230639954545
0.4198429860554488
0.016374912345216375
0.7052698044779107
0.406996219704562
0.6081872285541996
0.7259016085815061
0.2808784234700099
0.038691602072192244
0.8165531349178393
0.8186853662757411
0.41907976742711706
0.23721488298732984
0.1749532563980123
0.9101901177280821
0.7527031868493811
0.181953325107311
0.32903113400476347
0.6675558582701058
0.23626594029974912
0.9079199778395279
0.47204854306937305
0.2913138916280428
0.7790025505371135
0.09903967467581432
0.6213713787754267
0.4226416039084414
0.22835818464182867
0.5707404632987115
0.3894552206447591
0.8053696004350791
0.17368966642116002
0.3210586181983528
0.29970606548855616
0.8959498562696607
0.19816685317175942
0.9757804521428096
0.7117614450973124
0.08044287764029334
0.6146195399160123
0.25517806684217137
0.977138784731364
0.25052602016613224
0.0231237878863102
0.5030180720795062
0.20123442875256137
0.5721899146781967
0.20594286014571062
0.5249867095751662
0.20917375487204848
0.32424878998702833
0.24116713034078974
0.029677228677673417
0.5732833102491212
0.9570291003785205
0.6031005674359603
0.40881574044917235
0.782811620468448
0.7491034909556445
0.1258480226057369
0.5711038640588044
0.08975995852861807
0.17204978970003604
0.9495408237899637
0.9948834680724309
0.14308928477898486
0.8566068803101337
0.2676945415258808
0.3006279035527728
0.608611086283713
0.1684110282235538
0.48174325094126746
0.2499490839063283
0.04499623198950087
0.04284230391711619
0.08939021819941673
0.5514190080603648
0.09436620227151382
0.22506488093786192
0.3533844116619699
0.11899572113898316
0.21233406664261056
0.1728448281787196
0.8144248124525023
0.5718879611063353
0.9326898380319812
0.6634136084781349
0.8886923386847095
0.2516285364902331
0.563496121416671
0.36226069788369897
0.33232379208586915
0.5301889247022655
0.810806455716835
0.16952630054442275
0.10121210929232904
0.510011948397734
0.5260396664903788
0.3542777899122618
0.7273202319387156
0.5216662193724473
0.9224090397205266
0.555989238055794
0.1671219144465087
0.7401601728480083
0.5610307875693888
0.1190846683487492
0.8177988778614529
0.18166273053753945
0.13767984491778518
0.06178119406579019
0.39967543482890233
0.31411693556918086
0.024032088501029447
0.10553919507353016
0.4173687970241522
0.3619702123773435
0.019584288674847627
0.9807663987669444
0.9904319762973637
0.3245146447738462
0.5414066388783902
0.5994165266321393
0.9499867106080104
0.9356446977623801
0.5136938199733245
0.7941087223278538
0.46036945071776647
0.07615326334500061
0.7734669270795009
0.4502690132809689
0.3486705362163294
0.7435178560629464
0.3893304348151361
0.17526198851082797
0.8165164754548627
0.7622172096088697
0.07979903103867758
0.17701040208755392
0.23586267011755946
0.32934427681123546
0.16641585795277558
0.9654450923009879
0.11370348665467134
0.27348466098724633
0.006604514521461491
0.5523668897569393
0.4407143848879346
0.4238350027047353
0.21418774451780864
0.2701089126278424
0.2688971326621813
0.15293805242659786
0.001021967305797955
0.22990854406819583
0.2443985089983648
0.05215211195235503
0.8830713977878925
0.5832179393592836
0.525283038550714
0.7293371351494048
0.27111331626019053
0.3866897743443639
0.2872198798965263
0.05989362230554862
0.198461194588896
0.01236334851972376
0.9616289845985375
0.023032803647966005
0.8452861665021146
0.24700924654632828
0.36422048288310005
0.43544071342509116
0.18199619402793787
0.9688557588407679
0.13910472023347975
0.8042728116985044
0.7688001365477322
0.538590790252644
0.6477089554248961
0.9640820396352177
0.7684235164883114
0.7404734002284769
0.15770295679457147
0.631988799353301
0.6528836213132335
0.8938718988692844
0.3993307562858779
0.08429159532825692
0.28308811449500504
0.886875716792713
0.34473390043232366
0.06601358016790237
0.1659584472218817
