1423080
0.8807431905111636
0.8219754288510681
0.16103939991330118
0.6183046263334186
0.788269227523993
0.6081615144824234
0.777113454112101
0.8826293758255375
0.891937112573822
0.0785098326643292
0.7958558661340048
0.808372923934056
0.6392423687050005
0.3436696623441071
0.678821216046759
0.22998914431873874
0.6397857072991366
0.7278587456336922
0.8142356686368739
0.8556646129457784
0.3540917278681186
0.7778873569097139
0.47077191771213045
0.5773821730009455
0.06795027217306804
0.919064572409958
0.8094138048581251
0.00806957902316563
0.05208189652194295
0.6935846061251626
0.8910114094646919
0.05689738677979328
0.7645682538679816
0.9530112486244128
0.07275969320068443
0.09316442421166204
0.23042406847935015
0.4231272329645963
0.1496642915366363
0.09556396495246577
0.37792089053304767
0.3832478188040479
0.5971484348891865
0.11007749314486914
0.49138042059308573
0.12643523847453786
0.9624003339663761
0.6074293915222736
0.6644910548805247
0.9836488371521068
0.6623088816718753
0.6974763561712387
0.5267249223028766
0.024746133509197965
0.891176577338195
0.4009960311519265
0.21032989103581756
0.4414554570900502
0.49282938089145145
0.36401038006489905
0.3716039275372286
0.02489512971194474
0.9867277080227786
0.407187191992733
0.29588420101991697
0.4989717287861871
0.35012663382015075
0.49897446017584635
0.8130211620187263
0.28386530575599656
0.3756393296631473
0.7302978904792049
0.8771039697144335
0.24633783869884307
0.8109509487969156
0.16762013876485382
0.7625154643664274
0.4867380993733019
0.2133586503038496
0.6082122807343794
0.4046744306190697
0.4315831311985703
0.5412378955084273
0.01634989649858143
0.8658884230065608
0.13535019442854956
0.5441816161241618
0.35746338091431495
0.056844996661526426
0.5663962735112165
0.712885323922035
0.49528550664561866
0.30018936317001044
0.7680660148537545
0.9621277852877762
0.3028370847953661
0.826867374929448
0.16095772040473766
0.6341025132873949
0.25246883945792076
0.6084014672396906
0.6619586004728569
0.10804141899077857
0.723053892796746
0.33462440394633153
0.31318450246024043
0.2971618779118018
0.12566400901422958
0.790318777619911
0.12399076348285265
0.23644386622350733
0.2892806618477809
0.8515473791652519
0.5887147908897968
0.8574407627930747
0.1592492024601977
0.13525231292194762
0.3936071934228923
0.5497906198639465
0.27602472010022494
0.8223500127004184
0.6968910670106576
0.25074086896986214
0.03143911722903692
0.747967827184953
0.3629836958151792
0.24271207686359186
0.41380157175985144
0.36516689433727056
0.905244963475556
0.26706706996501106
0.3653501717429869
0.3124282107431354
0.5903669639768958
0.5741034922301266
0.22068192159461297
0.8201758859539167
0.18528937707146698
0.4699792383014929
0.45298780963831375
0.09532543215071321
0.8970103191856815
0.5382161040460993
0.9684202938325246
0.7844192148141697
0.14256831649249968
0.8724162094382886
0.44269800010005
0.24865123454461646
0.8069978929035038
0.26664525429086405
0.22947493517401762
0.9913333151738014
0.09620763838304758
0.8114151821599741
0.3378063356284172
0.8843639634003562
0.4985697981564501
0.29607515448468746
0.6047336320213954
0.780782760876674
0.9570400956091817
0.3865318849896693
0.13864669372484406
0.46339263188503566
0.9447142278113857
0.7428629290507933
0.7543007505694292
0.33641172644575423
0.21131838912475587
0.7581239387574151
0.9276625938923099
0.6703763960074148
0.9822715489896482
0.1719237124829469
0.7109516826684914
0.043543950485390504
0.48360038955648366
0.2184696630229499
0.879377642300708
0.21936339723596898
0.33244021289144277
0.09312233921536939
0.10507139468364768
0.1342226349944149
0.67021488866726
0.5915259297058215
0.7334164963623223
0.3995160571969826
0.498536110249044
0.46935632585085274
0.533231220573133
0.04448922641326991
0.8366628614890902
0.7317618749843173
0.024227836599083452
0.6103009163184495
0.32563853971236145
0.26382158972838476
0.9176484502457779
0.03710345718175012
0.5770180280889265
0.5691638028817143
0.7506067190113394
0.6434205854798359
0.3496548029425507
0.6906195989355296
0.6237491241496755
0.9289316542763473
0.9553443596654403
0.7392450333131032
0.2537428383226442
0.6120434839043458
0.5817399917922865
0.9975024674265045
0.4007847943884716
