3435932
0.8405010886621279
0.5568769389196778
0.3135773055989225
0.21887445074955003
0.9305754989508307
0.2110722368812652
0.5424549022372913
0.6091978126372927
0.6419552494270886
0.02742612053976967
0.6715951973673506
0.705051519221967
0.24289097684055616
0.0019849870064734265
0.39094477658203486
0.6346614000847598
0.7488651544843992
0.2706846792608084
0.8930221724697567
0.8956664370331973
0.032445647167330116
0.5825907686514922
0.06460578529006167
0.7334364725244705
0.18931804955811415
0.9848083446863017
0.06607998023613981
0.2717941772789485
0.4733850770067163
0.7708683697291976
0.06040642733652868
0.8790694456105386
0.9106744535358335
0.7267922814486584
0.18256962112357766
0.38492921518252243
0.7991684628612487
0.28709874840961247
0.5243129396726613
0.17352270717880802
0.46253593725543163
0.08554113129635599
0.7399350653593347
0.6825407155960195
0.41059615865081567
0.4637306321381366
0.6381659595885744
0.2719217869316992
0.8008210550682591
0.18833388907562842
0.08309320301603718
0.7143917514153489
0.2932630405436307
0.3904399306606312
0.16863724388989298
0.13492611931155452
0.5297404200344032
0.694130991705369
0.19693301781459827
0.24720020507291973
0.019576461645585908
0.7185346048242346
0.8080579442330621
0.8017740910827751
0.44578045418966517
0.8059909351372062
0.7721607381899168
0.08593650935290365
0.8957683458062687
0.1654279222427827
0.11464154208224353
0.36320610876487214
0.7635335740410427
0.7036694418841942
0.3674370017702576
0.8371234479445585
0.936302965192856
0.6976533431475452
0.19062176720933421
0.22455658642014298
0.5048795661454776
0.4109966287770844
0.3717545040875536
0.21866625347969737
0.17734231547752644
0.1773604447062317
0.977658982736678
0.5046561580215343
0.8448416846573961
0.06115859269249424
0.03698244731122202
0.15753671338386488
0.708699144617301
0.8628123749048826
0.16602885517638877
0.6365386360675799
0.26660860593724134
0.47948034712358734
0.6556022838002685
0.9370302694319325
0.3369845258650621
0.887998744221641
0.43706574936038844
0.9530193473821907
0.3648841685796582
0.5574362121479127
0.49158311305220037
0.45665961166422286
0.22621903690309342
0.14578780307998385
0.3837332125957005
0.6192820063546026
0.3111018559199634
0.6913007801989669
0.08026316051128546
0.36368965744030435
0.09942442567005583
0.5740328178080724
0.07906314341526066
0.11724817553999678
0.9132244765370082
0.795856795917102
0.14892193396828945
0.19367496810865192
0.8644951066503379
0.9680277580767643
0.2841418862128898
0.17274857165366364
0.02619871578814359
0.645236786452686
0.5876052389797849
0.963290799798705
0.5708297587647364
0.6010595968165376
0.7647655580105569
0.1415543644322782
0.7166699794938317
0.8271087529770114
0.9075245428256112
0.47930791633800407
0.1505650389853519
0.2604297288543189
0.2198788339499036
0.95375772979189
0.38061207509355754
0.9749466554990621
0.04971660839583869
0.08462283939651549
0.8160446859919079
0.4600781829177186
0.5911294924679932
0.09305182240653986
0.8665143922177322
0.9389317192854122
0.9175964414062369
0.2662465116223375
0.34685552975306577
0.9808643325441169
0.05224373705259466
0.2945306904053978
0.8757812856695647
0.5316058932353782
0.8520817089545587
0.8458979916794372
0.566705244157005
0.9209319580156202
0.9782659309440778
0.5536813624685214
0.991948501983479
0.4384782550529652
0.5952887000932268
0.66862862170438
0.4043850225034813
0.4241640049317056
0.5918445435503762
0.5413642657583467
0.8993034081676123
0.7963105301416444
0.34528747377407665
0.30761943470188646
0.14236681248274574
0.44906359203363355
0.5534368346867558
0.5450998808437558
0.45515316400436123
0.7705308908851544
0.3638527583665313
0.5660547819311508
0.563102481875896
0.9780848344530958
0.31522437223420485
0.3864452579419886
0.5273715367574713
0.3829149873518243
0.6921711343588042
0.7020767664629138
0.5161405290771035
0.08623903430266255
0.6121278318243089
0.7841910342097511
0.9949264640068118
0.11626658728289796
0.12439973387109415
0.1569510945134298
0.5110886710540721
0.05122597320149813
0.49769055871374845
0.26207220048080493
0.5493908099562427
0.4118261698415213
0.9153977762596556
0.0816144334037111
0.8454369553790244
0.9199599992333953
0.26380689277759506
0.8219744673598117
