657182
0.23318477786085867
0.08605621843164168
0.8730654665629625
0.8636437548552455
0.0278095694300593
0.2999770464505739
0.9907530871510436
0.4723038421503589
0.18304691487689428
0.4088125595691041
0.46669684114613197
0.823426309706445
0.8634035676014336
0.9821304325112472
0.03512681560294484
0.6142725008855231
0.29794582587518703
0.18802339319775718
0.030109773638166915
0.6275172016416665
0.3030421939011275
0.4749127988546591
0.9306327787413671
0.5562642247500743
0.7351320463670585
0.7315021057847361
0.5464223881904023
0.7624705116373365
0.6823370072049566
0.07310401575856318
0.45274682867553684
0.6907333902522244
0.2516015435704333
0.37951305180653605
0.9510578125852699
0.6790901016046633
0.6005241749129901
0.9464951945980377
0.4093628569947886
0.9084069930728481
0.018944608453853706
0.594623437892092
0.5924803704464394
0.3131003065772925
0.05575199895653693
0.02796659054895212
0.4315521890063402
0.9133193484851114
0.7096427317335383
0.47638893506494107
0.2857590978154181
0.8310770092750119
0.3763874755452512
0.4823921779005864
0.7700796609366559
0.6560974704764247
0.12831815491527332
0.25027891009301806
0.36710224713316575
0.6126298907092157
0.3956404750321275
0.5325188374617416
0.14707280250038546
0.6485987692997055
0.21711899929896128
0.5090620751799029
0.3089394915161665
0.30907824305480547
0.2835018625286192
0.9984750868546144
0.4285909702270453
0.41064329050960935
0.39604310295525313
0.26905995399031024
0.9129831445888499
0.3780471422045306
0.15992150692786256
0.7408386219838968
0.5365643243600744
0.3516630971299848
0.5211178708259023
0.38777785872651294
0.6858310444669341
0.7449592940530311
0.5586013000569107
0.2769084244282176
0.12342928588847335
0.4851704604141479
0.5099040469752404
0.47397751433958457
0.14643948822429376
0.500024052661747
0.17255820668086408
0.009694961663510915
0.507458864391157
0.9457214533394563
0.8285690343581447
0.732167477818224
0.07042174378807331
0.02767617933673916
0.20593660578876583
0.8572623163467588
0.9337882910720124
0.07293933888811299
0.6568585913274528
0.49213861846281926
0.18236185827837703
0.5607144614125501
0.5494033528160351
0.11127496240725687
0.9721536395933246
0.048416852378649344
0.7732318981188208
0.709633056317929
0.5673285385516462
0.4019265687424617
0.46650774923572336
0.16927762993027817
0.37331762919025835
0.08003028430592063
0.35498261989358293
0.5154674432812607
0.4010678213233203
0.3177732084518916
0.39694621479767855
0.7335856158422751
0.8271914638028931
0.5810422038716319
0.08494182268046901
0.018480830652044422
0.8929411593906574
0.7609421547811948
0.06806495786631561
0.7909065519082389
0.5089009091333991
0.8886784302622821
0.9433591396568031
0.9105797048841701
0.23514435872324602
0.5796583255755231
0.8094970881527711
0.5566917765966676
0.49863444431422677
0.5439989127210119
0.9854509084842284
0.08677137602593055
0.030359448113950416
0.6296605951476336
0.0781532967912223
0.7795166370029448
0.5948311230772823
0.1102373597511741
0.32524972527633245
0.015253759438344283
0.07664716680589012
0.730411713936861
0.4598589272128113
0.5915497216603113
0.8968884133362508
0.3678552086269764
0.5888078104508603
0.41242191887823254
0.2469770021628045
0.247778196838636
0.2225288397775882
0.3183871919174298
0.0283808732019466
0.5229657297656187
0.5298079844942566
0.9144015349829745
0.5449426152747474
0.5691734671869207
0.19227767673193397
0.5100665329438439
0.7483262067761893
0.4916507380955484
0.20877244926934535
0.7803816701723022
0.16619449947768983
0.9654645898813369
0.46418200549061606
0.31679351643722675
0.3547471672413012
0.6171371088773496
0.268178956144838
0.3641028825645568
0.8502719744806123
0.9202327813414443
0.402100531584614
0.892970745851865
0.11398533253784993
0.8233789738737124
0.7725669980648039
0.11498730243945288
0.8367833780071544
0.8331269806682404
0.9540438537022812
0.748119252397993
