931769
0.7400893002218085
0.1676228826258107
0.0507698256223198
0.612370268113577
0.5275757842678755
0.037696098786133225
0.825404707795139
0.8486508306806557
0.14478800956231386
0.10730808500629585
0.8236441418539181
0.8666421055123771
0.06333267637872275
0.9136747774627877
0.7613437219844572
0.7566473516282763
0.4710143030982702
0.9844016568611588
0.6153915009997125
0.1361431746352757
0.6044432558262556
0.29367673329895494
0.12913244819150127
0.13403175584837312
0.054036162942442956
0.4474128187780889
0.8427016674872421
0.44069469052122
0.8314522877321402
0.4584085237579377
0.5751453944217582
0.7498866030234095
0.14675117308315855
0.4700135847607517
0.7860623230797305
0.8242766581624782
0.37525830845165176
0.9764750491421575
0.14526486107856507
0.44009162200325047
0.8504588600942288
0.8720042187776658
0.8007315519066246
0.7787804462414559
0.06916493906577514
0.8888097596551634
0.08869696668748794
0.7782607703341013
0.9749467311497445
0.716346256122564
0.7998567390145066
0.4188801731062973
0.9189964013818588
0.22946989405282636
0.5776002989382637
0.5462852705878184
0.5647260370165271
0.39378345465179554
0.2794395283247244
0.05633436243869683
0.9587558921762078
0.6761882482255491
0.887914679172491
0.9451772303736682
0.681203544509838
0.3473999003299201
0.5157028776039236
0.3169399176351564
0.760939019527327
0.9404908230562818
0.458851997725093
0.8444788270002982
0.6944794572502201
0.954879616365826
0.023525411101951277
0.25215736035888636
0.41391657676878246
0.4807953458651789
0.07389211098000903
0.9792263699241259
0.03930044342249894
0.686911182242351
0.45208114849712344
0.16895431619663603
0.16492448778422109
0.2679757113869372
0.7232320001688249
0.7425943105990095
0.31062435230009566
0.5294974178027472
0.6958624885536919
0.028479048312608057
0.1550092374332257
0.3944022660476667
0.45343056607289023
0.2408967627880526
0.605209566283447
0.9216438616440975
0.594078753158211
0.42539698372830437
0.12159812181171681
0.7425036109671141
0.9460885925652712
0.37112982026339203
0.5658389007874218
0.8147336964235039
0.11806370647374953
0.13750532225042023
0.9338766804662392
0.28075146589419075
0.7088499830849819
0.8007135239510733
0.6297218412856278
0.5112129250373908
0.06714328148384463
0.6906428212119187
0.795688853572746
0.5516109885299941
0.4719005589008919
0.9725420539016102
0.7106130635431163
0.2682979090997043
0.8067596927780729
0.13672504412712483
0.10589067316223522
0.2583852486444548
0.5595506946897667
0.22534115568205149
0.7797211874986356
0.39765289244380075
0.6655067531682941
0.24027193403978053
0.31469278959506797
0.8302826727597125
0.9605169266839293
0.3103956751081899
0.9301315253557635
0.23760810418883316
0.39392730077120264
0.6951472747440193
0.5744426083541926
0.1694914158028351
0.5734386523206572
0.43304353972936316
0.9105256108441226
0.3848406057063135
0.9254870258484292
0.3968787286289618
0.4823278882181674
0.7762171261459548
0.16891823454019328
0.3290453449340994
0.3161456405999613
0.8077268877934147
0.555034291074017
0.3525675221461845
0.1497240024530364
0.6324975881864008
0.22081216115850588
0.11100025856603035
0.76239233828151
0.759812789522286
0.623363185450152
0.9327304571703307
0.7003718874400282
0.08788524830566136
0.06339790670260803
0.819042450669597
0.47603839890274624
0.18074114932413643
0.029037631994663582
0.388499753223318
0.05458467448968096
0.14770503202567997
0.9885533037356617
0.5537445949397131
0.386305931520315
0.47410959526755414
0.4318379097979943
0.6386779738601933
0.42613737716617706
0.6434109572593191
0.79088167685202
0.9597820458898568
0.05615080944714912
0.39156709586113037
0.20972962194344869
0.20126282154019914
0.05096135851407424
0.795066754251035
0.8173558177918765
0.44081697659883523
0.2895210110601296
0.7878732314304983
0.5651427183512807
0.07021539150549216
0.5488549127804937
0.9143216302469676
0.6851872412331513
0.6830917811353728
0.39584944440062264
0.07617382731948896
0.19448282255374172
0.05730712133159932
0.5994414245265085
0.9297087908710543
0.3146830096477282
