4507043
0.8071895172943353
0.3742296469500763
0.6589118351387534
0.6615212731152045
0.2784614825049818
0.6625362968535403
0.18678176007691305
0.050259969292817175
0.9401605622998987
0.9976928147391213
0.3742518421448162
0.7879849924640469
0.02059322881047232
0.9806211683828953
0.8935787773821059
0.6820127800436451
0.5414847378600226
0.13957451171606383
0.24600705741910656
0.9711935032167461
0.49196802936532014
0.950079046530839
0.8207846562652924
0.3321224352979154
0.40989094101029844
0.40134861558197
0.43877661452617
0.17264347653502943
0.7777576975658501
0.3815166657534529
0.19756382653403315
0.2712627499118402
0.6167649767651826
0.4877724280501481
0.2834553400884421
0.8455992503281397
0.21915020969663712
0.45064963522737245
0.24666295598386034
0.5545623582789005
0.9558855910851779
0.5576455560617468
0.8574269313604236
0.2741019316871337
0.8816477948491955
0.8307689392466522
0.20433399898423732
0.20441527083529176
0.45643248585014706
0.78584124133005
0.465435012879866
0.2906803903160776
0.19795868508146586
0.4955400993103314
0.2310308544072095
0.11262346590391148
0.4853338891308804
0.4974227448371288
0.30037575402093974
0.11385085055922017
0.5735857208530568
0.7154033792643665
0.3177737663076807
0.15963372083863214
0.987430960927602
0.0571092021852978
0.9205831355424526
0.926898328796726
0.40631864786884486
0.751739044145591
0.6138683665989098
0.29366255239074013
0.6891841903003801
0.5418203416166747
0.9922214761294207
0.2650368849320791
0.4738063504476291
0.10870746897198469
0.3545848270613996
0.41403643559742886
0.7997941301220365
0.8151241607782164
0.36768477623185314
0.5477295496640135
0.7868204129514665
0.5009938694637608
0.07574187662678289
0.8253893218433007
0.604544028284539
0.5814069238246883
0.9910238653304643
0.6199615821690194
0.2907101159923011
0.7401476476739122
0.15536698351347644
0.8220723378639053
0.6057799717493959
0.026591821700998497
0.9902846223530569
0.8509316929142776
0.26704391344448253
0.3723257108766894
0.05964726470222892
0.006541027833763979
0.7240911147754927
0.4079724917488742
0.3574526501982379
0.6078310638874653
0.661838939810593
0.8379609336717393
0.5612164359189373
0.20681846541297377
0.5950106421242283
0.7217045426580208
0.8962885591588937
0.7545527227063908
0.20316885233825555
0.8768246023374208
0.18164908467624175
0.6785144100119929
0.7706248671108725
0.24623008727171414
0.08059586080224657
0.9553766512723589
0.20814442882005957
0.8881695410216552
0.10824800980919358
0.975391920676384
0.7453387254108164
0.0978476285858223
0.43493246595227997
0.16069684105534188
0.4215087412336648
0.9640693770263195
0.2399903732905686
0.2520208327364464
0.31557622724844114
0.2982969089827895
0.7134537256201988
0.3499560511119908
0.19693603567938367
0.18862872376135886
0.9145804378765668
0.004697340824781682
0.822703169680648
0.5875068860796554
0.10700875795454146
0.3556980661391377
0.7045543009072835
0.7062032117112973
0.9706674233208751
0.802726223248595
0.5859031178208041
0.4242887126118
0.31204206774896937
0.15232838609613808
0.12696020204007386
0.795198684224675
0.19906471072255605
0.2464653578020598
0.9428403168681367
0.5566754008920418
0.9229438453824532
0.34089260834415946
0.13829282048902858
0.7799122514535829
0.779886641349976
0.20731549982678787
0.5961573816803396
0.49394890993094676
0.871776640814401
0.20551541741290613
0.301354402058279
0.7765109952874524
0.7372477708340028
0.040286929426078366
0.7780590309930987
0.46291845216099803
0.9802232589102067
0.7457280173619136
0.18774427768909907
0.021602194343892434
0.2528570085534376
0.729378860861826
0.04636614064698308
0.8089110170494715
0.6427331796753126
0.23836020455354479
0.842551354684879
0.21722946008822464
0.2721804436051204
0.9488694626537303
0.3288552363322834
0.24696532433740992
0.6565366042047907
0.9565297131758869
0.6146555002485018
0.4137117594166423
0.790421952187472
0.4523684984049522
0.8101371459951678
0.6866397364247968
0.4748248214207518
0.7769026279396533
0.6746351930848166
0.7819851766845592
0.3415342233136248
0.3216395848471637
0.6747641843528422
