10302751
0.08875443519782855
0.893520636031075
0.6295305729003774
0.9598824398702143
0.9234219827252658
0.6054276643343285
0.8359397937801216
0.3987544070784813
0.23514935802973647
0.3687024836255719
0.2682937082164707
0.7707296808051992
0.9008743932779651
0.805423807002897
0.09548438282540006
0.3245559633116787
0.2603075613998358
0.14083991376205907
0.6942635409269877
0.5863267782468665
0.7612955777891061
0.5189690708891037
0.2637308407581217
0.9497760822404628
0.311983691299221
0.9028685509050381
0.3900031172722773
0.5021191747958684
0.09114590191356742
0.4231783812418942
0.721405603519069
0.5173736304022356
0.8781755433121092
0.5255065587882272
0.1640941370390987
0.6452026437476972
0.3161028110346049
0.9638748569952075
0.609106914529882
0.18465208339853767
0.2615261237730555
0.8191074994988026
0.14269327472727544
0.870384804147412
0.9895065664516073
0.7811545858015446
0.27519042040401465
0.24617226491168764
0.23919610042972717
0.44264637166057974
0.2599103716535045
0.028772925524894855
0.04007645673213989
0.9057754979954422
0.8612028654193998
0.20867056593866673
0.6448590396312359
0.7766096370644239
0.7112422132418351
0.006224570461617396
0.9830657245008853
0.08035625107192834
0.02784455331782143
0.22827210311314317
0.24401759013440993
0.10613112742589204
0.9557343471969287
0.8361402290962083
0.7168392654158123
0.7115500433341433
0.9098969085356364
0.34745204251055284
0.1981142945629153
0.10897494219780457
0.7958813485583635
0.4576253088358888
0.9458832196770359
0.8312383350323962
0.2259837578598668
0.5706537917201471
0.16346441232969489
0.6586893973951754
0.24460111965978126
0.8105474499115874
0.5048305591504413
0.36849769936232046
0.5124562893917695
0.036484805767762585
0.841100957083329
0.1524802820314306
0.09634537983848357
0.4326240784685722
0.9615499275333621
0.908179269597542
0.2694944664519595
0.4684728996262876
0.762452899468712
0.5963832671314857
0.8896242811779699
0.23825051266349595
0.4786612776201493
0.7857582496496409
0.07711414110460013
0.9382119168801044
0.7608252601358176
0.6844776320539142
0.9397529796851692
0.021882081996976388
0.2573843389644269
0.4525957268138535
0.2743118007290707
0.025572777163900273
0.4908114948341933
0.12902134545283028
0.719807683786848
0.05792095831687838
0.8108771224406932
0.4649571993046234
0.351063261974496
0.6412705929716019
0.6218689767026052
0.7354180573987011
0.5077678712147277
0.7780210428008163
0.36096293614121644
0.5221457191063074
0.4471392382134928
0.90204688391342
0.4880514547713226
0.9130746015118469
0.10398149312619309
0.9316007355750364
0.3583082184641736
0.35445687442675644
0.6549112352577917
0.6572786875223031
0.34344196613503486
0.8188670928585827
0.5754710511102186
0.4817246676728527
0.3230072052887861
0.7138468951144875
0.1678476690450057
0.710331007291092
0.4096519959235151
0.4962043980016786
0.483041479596483
0.797028976481463
0.7212303000630391
0.3423352584413102
0.18177823655997993
0.5017159220426476
0.5141787006182718
0.5709628960346348
0.5592780389625158
0.4157298522475972
0.42511153575558236
0.940062115362608
0.0832429672424726
0.2473161275808039
0.8611313076720744
0.21079464911404522
0.6123108465973688
0.31104318077877036
0.7317053433969106
0.910220675682352
0.9710000296474616
0.971431743078393
0.3802469382571514
0.21142281227674697
0.6429525073339847
0.8399233158168199
0.3259063876804651
0.03536172167118079
0.3489856435202495
0.001222730944617001
0.5457671824009551
0.9913735546957168
0.6176790587612425
0.39737618332439073
0.2298220599709201
0.38263727036584727
0.2572121271090231
0.9066582331410852
0.7913786009534365
0.5196458392834232
0.9709926857716512
0.9262583928359868
0.16192394020524914
0.35017026995683387
0.19127690084390137
0.9599165916558933
0.5728744706902643
0.0033979822686353023
0.20687120969302197
0.13282422816240969
0.20656349918670747
0.4942300999412742
0.9277751259222707
0.40536149773579244
0.32111699662166493
0.00499698374544566
0.7608424004065117
0.1154489107833766
0.10345567034381464
0.9448484518703696
0.27855418682575994
0.6905830352818518
0.43858528258147245
0.7714063149861553
0.28658580649459886
0.6961313597200488
0.29380036218965544
0.22922091769210728
0.45908668112600404
0.3362883524917596
