1508512
0.9980063423309562
0.7412454651044723
0.6942319453859054
0.3688912261404106
0.7286994118928093
0.7796955624924293
0.18246821094721022
0.7637595584474146
0.1288403016921158
0.626895167170551
0.43048351670312046
0.6445429701095459
0.5987391452045692
0.5666519086041552
0.8296541496549532
0.601489397776868
0.2574656889914434
0.9525180759969114
0.6172962356237625
0.9757587592545272
0.9965459366866682
0.5764704109065935
0.6933361404592926
0.3652151355233604
0.4417139978825708
0.32081342711605554
0.4783089397264365
0.7574784164425036
0.3985689327785257
0.1493632115756186
0.3245426004703025
0.9126900109524043
0.443230825926643
0.890379576702946
0.8669336061290807
0.39707326702329215
0.3831106210558385
0.5818795989399443
0.1496898645874436
0.5545750541215902
0.3159329420149072
0.9553031285142206
0.978418637313418
0.9690880835105501
0.6272501007538468
0.8706080257902555
0.6400963546647935
0.9179207199498194
0.8852249940005904
0.1891707391010754
0.1645223539491577
0.2733314661009062
0.3155844141117842
0.4410746793015907
0.15843697227517373
0.9435698992744095
0.4366213257907974
0.11823592930761673
0.8454059418225679
0.07300998220296473
0.11783860453381867
0.6908570094057856
0.02774507749724542
0.6554251696853257
0.9256137834033765
0.27058578777399966
0.6847352964197325
0.9169332335006367
0.3438482773451661
0.28636740165628394
0.6436284687236467
0.07493543631385025
0.4005933335223557
0.3816567756097602
0.5195444992900532
0.9899276675001373
0.6695108812363885
0.46478953299549897
0.5785270187103578
0.7903511932033478
0.7805608320019327
0.6582658245987453
0.3265633721598452
0.4915738112651802
0.48243155939110094
0.18031515686324706
0.07556794139298528
0.6132256086421084
0.962384204338645
0.3871850784056938
0.39100735119410956
0.1276013290905278
0.039543543373928736
0.6918425935882891
0.44156727378605964
0.27929733153874337
0.6207434166267654
0.4379571409848185
0.8919313898119181
0.7900787246376223
0.04177535110601882
0.07400814922686927
0.3275307874116218
0.3869173255849575
0.6943246533934054
0.0792967554453593
0.6032344296366494
0.761623534315098
0.2660672244597546
0.15963814776227025
0.787304277174629
0.16057350840174434
0.8156105470404795
0.9864611167461973
0.7088795613558849
0.4203346925236443
0.8096616655203321
0.900706243522464
0.8061867175837225
0.32041528342123515
0.9298678831341146
0.6421758879738804
0.4851263248734068
0.33653026089134364
0.7733234718146845
0.18232482559855556
0.048686264539491764
0.2317262847740329
0.023187606865080812
0.638131503621422
0.6125637799282098
0.7510569569078188
0.8239521770479247
0.28950181817972365
0.6271292221231528
0.1749981059368566
0.3449131646874306
0.9409542003391305
0.8062771523934095
0.8610575862929778
0.07375770475808296
0.5376556909078422
0.35048599289297777
0.13643220422671087
0.6827000410658707
0.8442984580046735
0.028885467406694953
0.31986911168157617
0.10958862568857985
0.5595671587630933
0.8103549600419918
0.8805478710897975
0.7682971626049617
0.9410223100934978
0.9182915889459596
0.36163449073441767
0.42980401282540126
0.22205377570045526
0.28934693428796343
0.914054670045869
0.8720894663217215
0.03154486186144578
0.24829610459410267
0.35622366602846967
0.3709534023039116
0.48413247741685117
0.41238825172698845
0.30090297855680403
0.6140213259460348
0.2187178863252901
0.728753121665443
0.7987072407840069
0.9398600051063821
0.9504295136743217
0.974038533135835
0.5274150213553518
0.3919382535647047
0.8563201280709245
