1908964
0.986125956907455
0.2176662411226865
6.179561229749941E-4
0.6404106794702428
0.22375579007974356
0.8899575406124091
0.08600740529229045
0.4182594525850477
0.7856739553179454
0.4663508904531978
0.7172597678373718
0.5167052750487587
0.2911233021064714
0.31189802894902974
0.10803052572704264
0.9671943516403562
0.3737764331260457
0.7246586613690427
0.40631026446641394
0.9694455197856723
0.1319219122971188
0.44763928671288866
0.08313432901570816
0.3629683280701931
0.5855209057529422
0.7554265460945143
0.3403604437722343
0.5560935125591382
0.7310742701795956
0.7830505051316001
0.9591788372415754
0.7381602835207142
0.9865540321754382
0.4287712678381038
0.6330718152052837
0.20946788209918787
0.5409278507428206
0.5599935221808005
0.7888078400685543
0.570323501405846
0.04973596964140814
0.8300274290755351
0.9861648143790607
0.5088680772087677
0.8380927298264902
0.06031420279830735
0.0018804064506069418
0.5116755676898218
0.9653481099465999
0.9647015595543842
0.2758623719159292
0.5978963624633488
0.933519279592112
0.16344381474173952
0.19584850126281106
0.05772673979302034
0.5320871805395163
0.9330917668147655
0.215921812728877
0.17558089602834126
0.8080181264309879
0.5056680326450356
0.12461298093860707
0.3548142764119472
0.9028491839896772
0.6287222699751691
0.8736298261550377
0.2503111259459624
0.3600531854677761
0.12119692034217544
0.49543873662132965
0.47018368490291007
0.13759752377018508
0.4532302349746332
0.17598627513049359
0.022540321383174855
0.11802958466642544
0.07208699211408187
0.7086958409678396
0.6224442946578974
0.6873338455410243
0.3239274462374878
0.5697304626366392
0.388970335560324
0.3726703849213485
0.07449186858054146
0.007218570183792794
0.5233190330653787
0.05938437339938096
0.47831247046613146
0.46076507523781174
0.002298737180112753
0.7726242150401715
0.8956840497611366
0.27083334094944433
0.6317735447544464
0.28942623255032707
0.3610416924489579
0.018551654471562373
0.4604850912929125
0.764712715495557
0.5179792760180723
0.8220187081860858
0.09918785926764395
0.2513555946711393
0.9971574293612412
0.3823171497801968
0.07822990225695736
0.21236497176158187
0.43869022183730555
0.5114832587084048
0.10956959453550874
0.6269216363618529
0.8233699395653448
0.023491024487737655
0.7547251917031877
0.26960118681495593
0.1435056547787663
0.41582632789654317
0.1864706934607976
0.07192841860058374
0.14220859510375017
0.24405651290217611
0.6409871896379866
0.6595426855819465
0.5209026678035689
0.04880502947188814
0.4059929192893166
0.7792380851372883
0.24029616350148042
0.5094678692926483
0.11850509876928805
0.9657452356799364
0.6785216967692812
0.7065634945349827
0.07414608192475047
0.7660728231371466
0.6228723032238138
0.42296828182521196
0.7751026704168272
0.8403343162123196
0.14164913125974454
0.07611585802878218
0.7990159360037392
0.40481547505130744
0.38206271856975604
0.014892284359440122
0.7183687157683255
0.07437278426639937
0.237922446350621
0.6104499745176597
0.711341324010289
0.6702672713907075
0.7905433913185854
0.21541196458295853
0.935150198871414
0.35469173264169784
0.3600955930860865
0.17487047416358736
0.9175169162558604
0.1904047710051474
0.09466389819817855
0.11958501601354166
0.5749198860167679
0.6842822501726156
0.055630550545453405
0.3119299605715762
0.7184780202790059
0.6429661241167504
0.17964644245274963
0.4645532825284088
0.43383524193406187
0.9102709727034606
0.18338331816796172
0.4879653245999235
0.761556310725874
0.14693035993509695
0.5946084161790813
0.6459587297743528
0.2252549568551404
0.7308168456946624
0.16510165699556179
0.9558312128260911
0.2756925674178563
0.9349536465593031
0.8042596673666088
0.36416797453992933
0.18031671779420266
0.3530314381519337
0.4970762724139751
0.9410067876374998
0.4757352098452008
0.8772718393345714
0.05851057229970846
0.9034545111434958
0.29740977066236873
0.19394569518250127
0.42801724342192116
0.21086670300325594
0.829847164091516
0.24728934438705907
0.8061124386732571
0.5094727833551926
