1409674
0.645393911228138
0.3006770855618862
0.20396438404344874
0.04038628108517217
0.42503652150574645
0.3946615729342198
0.09752820059713718
0.5060027934849587
0.34262867974052946
0.5078348427006365
0.8227860037123972
0.09211386093864105
0.6924681968132483
0.2574554302711265
0.11666027256640099
0.5496532651825325
0.8474329694679636
0.928282093054087
0.7465463518078164
0.04223834166121854
0.4828846172771504
0.4182065100214881
0.7945328511232689
0.3457897447923779
0.43124954646676394
0.4024255467086886
0.5016135912620382
0.2763202651158888
0.5623626216268842
0.7196293972523216
0.4369580972081918
0.904110516344318
0.5122006720082103
0.7880617685339283
0.9845751467929097
0.7516966001738143
0.1441625383121965
0.20428539305190552
0.7089466734984452
0.7760616421178123
0.6279757951716324
0.9764159520961115
0.39850634849952726
0.5469653818863063
0.8365903212269873
0.531969977220274
0.0810379009192077
0.9945240301882211
0.23922747069254102
0.3891400473841886
0.2745314386931409
0.93454578062601
0.7906470189622321
0.40794521800991845
0.8469124650380849
0.15981972902060593
0.6543201366356703
0.25428916396849455
0.015212124209588729
0.4909865385196479
0.22747418967687305
0.6705782453969064
0.9119167560886261
0.6776295558015569
0.7986395230915432
0.3905656780956963
0.2703754298155533
0.09264251765665477
0.6082106751813646
0.42511822944383604
0.5449523326915744
0.7611375292798405
0.9284270391616246
0.3353276172930172
0.960140562949287
0.8465545700602838
0.37474977906530127
0.8431089888878446
0.1957554613282677
0.2995777769187704
0.8338871067115888
0.49074676989973
0.9051863141521
0.7742216352198487
0.3710248745892377
0.7518329234607275
0.39987142264754805
0.12032927950075745
0.9006679780856237
0.9727933058149711
0.14621762964810148
0.542578361685722
0.7910529647376286
0.8846817930053743
0.9910896933515879
0.8798773912863149
0.3385559758587865
0.11075382067593864
0.8236367477897414
0.9133360261216117
0.46312130704621257
0.9351744316542129
0.2654807849721662
0.848528094508709
0.019459508602215903
0.5142440108267804
0.1796321250870868
0.11853635574293764
0.038929339556129205
0.795140937529255
0.2836747125551773
0.31961170236475367
0.9205173558371019
0.18647263423495053
0.9931198493607781
0.26893403906816715
0.14800623708270977
0.030414898943375457
0.6808355583500406
0.6939872078364423
0.715058840517385
0.8060226289876546
0.48088473161681244
0.5389928672701092
0.07192803472782872
0.7307270616737327
0.7822872683459687
0.6169171406849602
0.12141643207382236
0.4803701651896456
0.6797278866779333
0.35376775774171854
0.7931388139430837
0.47787900993688504
0.4723224806329297
0.6826048092542116
0.1142637242236264
0.6988735893643463
0.867712393325024
0.1883224806618632
0.2752531442490387
0.5207971036026197
0.023934429134399804
0.389527240362712
0.609963523650085
0.24560979105305247
0.6661923725227816
0.17480905585370654
0.8824369364202976
0.13429331066997252
0.17151834040493041
0.9344050503430279
0.3437988952202382
0.9005852603634591
0.4994843694812352
0.46248644812342443
0.7244252379785048
0.9143781562865211
0.0346929219926726
0.23179490210383868
0.7506618708821868
0.7395036776620774
0.46090926939979104
0.2315187044043686
0.9624523580872357
0.05306144303085891
0.6381990118472698
0.00909176027371561
0.4205926315920716
0.37263879854346516
0.7099312935210196
0.38456164510636615
0.7425105665448177
0.26032830297680554
0.4752547995605272
0.610880913609293
0.7203490209879166
0.3820966951347594
0.8599954393975631
0.6287999760818864
0.23806796062952085
0.6324250937727104
0.4724472688984396
0.7897014223639147
0.2598699909290776
0.6767482654458461
0.8282355790561907
0.265865810652435
0.033034669517259196
0.6263892044421925
0.04208877633616093
0.6717664139323288
0.8985195223808108
0.357717034494888
0.7633986366561446
0.24555527418942813
0.02306138193362861
0.13699344956841797
0.6669702116267143
0.6908344832908386
0.19763962838376714
0.5681479737900516
0.9361009740995918
0.40786866845821046
0.7096875147286185
0.72062155509792
0.795487155789874
0.9908802731481864
0.6704779743669503
0.5969658447212789
0.9764211164574634
0.9273973694784116
0.39712245017128567
0.9898764555468269
0.9632132291419616
0.527117190212674
0.8710183565635033
0.18443856040497397
