1469174
0.7823791507791817
0.9938616017753032
0.3211916915153925
0.15272522095337193
0.43255152294723187
0.2548843110396348
0.07938356648156752
0.9024737664777436
0.723264505231815
0.769812569907398
0.5192814945710698
0.2026766563295469
0.7938745588732294
0.7609906647651355
0.8251555224930461
0.8827378121203414
0.003140432677417593
0.3144563608870773
0.8070201586574248
0.4975313809537856
0.39264509147255267
0.20111812164011678
0.6271861309536364
0.3846606267789
0.3015819845723351
0.8356052415317976
0.28253183805845494
0.7081335550934822
0.12764623000473307
0.5135241444495386
0.23704125685234634
0.8567261271912343
0.3434685241233486
0.7465350532357536
0.568976499086102
0.7636259745932302
0.506696427766129
0.6540814705333992
0.42655091418362456
0.3790160472921841
0.02393341313464159
0.16933629940304806
0.4935288965454466
0.6579987654274003
0.1047442374147114
0.23680918471901158
0.29779345719182126
0.38276097028015066
0.72865612763539
0.369263734708525
0.24698302480019962
0.059895081707796116
0.8024759355283451
0.9706092918650083
0.2507705070439201
0.3112150567484363
0.10586610071839808
0.7874004641679488
0.6857277541674129
0.6108356214352557
0.3908426829057181
0.7954824211558535
0.2612420735453216
0.6803289454794108
0.45725722850970274
0.7315197554850962
0.6177085058612507
0.7385231980057727
0.4212226449476142
0.0014768661670788719
0.7360074512461787
0.31521380433038537
0.5116036016255582
0.7158147321853826
0.06224381663208145
0.8882217713228016
0.6434467211112788
0.14244333906562145
0.047088104428901434
0.4656659469131601
0.8040164963652606
0.029930672036324046
0.08150662631177463
0.2514589872774775
0.8855802120789553
0.9971567961915344
0.23361125428925833
0.3549597651753321
0.4628853134769956
0.591327622719215
0.005803804648594979
0.8895197061436274
0.9162485867192953
0.010466851281118461
0.08459084272002759
0.4376732365930688
0.49224542639033964
0.18279196434998946
0.26182060261498663
0.26457873613907446
0.8524070840978886
0.3603688603808578
0.05934963173791574
0.28530746247217675
0.4911191714508314
0.6874371751950595
0.28293685156368875
0.44878363730947846
0.12171352754282616
0.26133554295440575
0.6357074832237537
0.2992734857004352
0.6324580469472308
0.8739410658053426
0.6357940393477189
0.4334584508921653
0.4170046144228241
0.7535558622658527
0.9513236100886157
0.8829178637561318
0.20179215456777266
0.776308901667651
0.5958115564751092
0.11348539765387577
0.7362104449945829
0.48514486893712727
0.741025170818046
0.9051249998202352
0.0990194210963562
0.7748138743692068
0.7518439882205021
0.46964593420297707
0.5950465648694336
0.7346807611843693
0.5182630282468584
0.3063683954131122
0.28465368305564764
0.24454436175858207
0.18989138599887823
0.07187976976407517
0.4100786558833539
0.08646896498470724
0.27006520735763684
0.005172785983039829
0.09855206306571718
0.25374248181683057
0.08646284937042503
0.8988173128372714
0.25586254238317774
0.8763596446067428
0.19589122226100275
0.6748633711946277
0.34079563789597467
0.4101473935506439
0.19283991585175275
0.9948675036015892
0.9590810990540072
0.21433664768728256
0.6563620056911701
0.9912451745958275
0.5885343652591666
0.8468359202973782
0.11819884273823178
0.20371305572931164
0.8511149934655694
0.34006086311744776
0.3869335965840722
0.3402992251250372
0.792458752095336
0.3976704878582291
0.4961415355805686
0.6532303396669955
0.2673460089014923
0.7309714804048305
0.9731475708867293
0.5539452905898631
0.15869538615150514
0.10937758959934307
0.34606718525912095
0.4265488635309398
0.943666487517484
0.2737881952925636
0.6921075204898263
0.7265422233516697
0.7667866892808799
0.3228806350159742
0.8411925240433109
0.739182038591793
0.3301127723802535
0.7530369290329603
0.4229499939196345
0.9761198866340491
0.2822765476055359
0.6437692073937381
0.7879685004914507
0.30741875949250574
0.9711397944813801
0.21791288721268676
0.09093822088238879
0.4075035772849549
0.38889477244400616
0.8136284229291735
0.35168851024860714
0.9726890316513014
0.46484315859829306
0.3441497276850586
0.007998956144622094
0.8818775792088597
0.7214914824908624
