1603063
0.28496657311150586
0.7802696447195258
0.8954448025648301
0.2833302896571869
0.8345168393573346
0.1158806234922718
0.27034340671898716
0.6457954864328402
0.5740079741438425
0.22915330422125202
0.14950418592559067
0.4092482231434008
0.5154640336541881
0.7525324841573183
0.44433818183625706
0.5367061729427857
0.9655288445902002
0.227408097306544
0.30785173348905515
0.14569960904403312
0.0777306969741055
0.8475300195990692
0.9416214694018238
0.6479207071202959
0.6364861715908311
0.8139533500572153
0.46034510655394767
0.8347635573006246
0.4796124993807004
0.12311955725906176
0.8874244376366619
0.8962594974666825
0.9066276547058811
0.6378979737099625
0.7464181822441389
0.1038633091675929
0.2416833809369291
0.8371379763904314
0.21561137398663788
0.6742621783009033
0.7151157054851797
0.1418944134506679
0.11308960495998344
0.27771575126240444
0.28849005369919656
0.497909165608567
0.5890181685175865
0.26670937427343544
0.7495583260018172
0.6808015914847865
0.9174164202527174
0.7373137092691374
0.5731177606454949
0.16908990656212686
0.8652366737944693
0.6157572969834025
0.5665917927796871
0.9446961484782141
0.3113244381808581
0.533308843077769
0.035999011730552866
0.11688800064421012
0.7613469885956652
0.18542745051340648
0.04931808793793313
0.7568514344446897
0.9326801360119075
0.6027808709333552
0.5102818359391008
0.1821153970865813
0.22814192267944622
0.815281891538318
0.8897015404133737
0.7117286888432697
0.3113798560230038
0.4715325945341742
0.989569665846618
0.9541331627080122
0.39930745462006956
0.20612584090471409
0.7976738788267302
0.11750487257741937
0.8402247802599009
0.6887523082709802
0.962911831721718
0.3217339562618632
0.4982481044920616
0.832987258812281
0.5456100405951648
0.36062532356045274
0.3724430662477807
0.9303351599315922
0.48034003264236647
0.7431670880239859
0.8436782273418997
0.16840524491288078
0.4615608434515094
0.5619264109230037
0.7705014839215699
0.9141562286372682
0.54536222452399
0.023674690760666306
0.03525427329991504
0.017276565682352252
0.18721610427642787
0.9925835784081425
0.511674536872983
0.40899403733398665
0.4424610453504919
0.07157246332883749
0.577058838211248
0.4903472041418845
0.3610276478550465
0.11769042959461828
0.7419493699210692
0.4291289660012133
0.6235590749564784
0.0171246188604941
0.7511649189756435
0.20560062422147385
0.0572824845621942
0.7767304479747061
0.7517285957557563
0.0794475582690044
0.1950781614878363
0.8656426442614651
0.1295916169811917
0.6950562253225696
0.4137872799203324
0.25980364084865537
0.2927037991665621
0.5765159712013773
0.9553449400565572
0.7919421649714574
0.597905087189313
0.38148561459825325
0.551030550402382
0.9573619006101786
0.37809418454266863
0.38000256072418304
0.12880400306913986
0.9266179305053441
0.9669454782887947
0.279079412375553
0.7968362124664744
0.43563951139499824
0.5036630844472311
0.7118472610069323
0.5749872799777713
0.40892331564257745
0.027727842071529563
0.2544277975766772
0.5252348820901457
0.10199639569731667
0.030242261611784338
0.9362234561311007
0.9007173176319191
0.8634157500919836
0.1609443725303391
0.3268512752472912
0.8799305143690656
0.058477135100473476
0.4984984257199979
0.9473836756471001
0.862996869987377
0.20028739813899654
0.06415731994851215
0.39019680033777115
0.10403840442506584
0.18519306602263752
0.3065719139727585
0.4896315394778532
0.2026714526819422
0.1901056291198686
0.07633034981575093
0.7808286864251928
0.7818219090821893
0.39827294508341027
0.11885060854279439
0.30828161174139335
0.7889966159210752
0.7605866549727865
0.27750305675687714
0.2925336116760735
0.7481348186123918
0.3878855526040782
0.20191180083440274
0.02747499052119351
0.12288436611708464
0.8025903888987342
0.733026098786224
0.7550038542099361
0.9630018485978454
0.7723818699893908
0.5672579295472618
0.1878380257309441
0.9103416223669315
0.9238067281539118
0.9492159668168804
0.994440925808615
0.26915607007805376
0.05585173167836199
0.9264251872908018
0.265647237960812
0.9097920322505355
0.8144746680135116
0.7300025930743569
0.8734317215183587
0.3280974379562973
0.6177878207311188
