800198
0.32623396021814755
0.3448245650516202
0.12782996240590994
0.3576143326327279
0.07986324182203453
0.9662503461629837
0.21247658122157909
0.9826576897212053
0.4474923020443783
0.9828296921614352
0.785790897335064
0.004973169814834977
0.6020571770915989
0.9723996387379098
0.41261558570478574
0.3979788859096255
0.7685463243863963
0.07199478362530043
0.6830398025955984
0.48405295270464543
0.22529266436071083
0.12657288893278285
0.6961964879202374
0.6606930853591421
0.42045706519117554
0.6371126227403093
0.8371440751608108
0.440383526154285
0.038121671472925
0.5701408604134466
0.8676045933915066
0.9107595860120202
0.10995574049784496
0.5146611803413136
0.8974898200241949
0.8337413176069554
0.8825205781713691
0.008711682952243782
0.9916534509067415
0.25227271291823317
0.25073151929665316
0.94254819737765
0.5084785811518828
0.956697761168239
0.2668835840539058
0.6704359821534946
0.9979255430526167
0.6527407999136271
0.41959625502586384
0.9571832853863176
0.42269470049344327
0.7056409382085899
0.9769919174977607
0.713933444745423
0.8447503635582999
0.6248740228625291
0.6227205579303411
0.3232025801903974
0.4387893537709746
0.061908978293288563
0.03946764974129713
0.04479190331297933
0.6089064786434435
0.27878944426974195
0.6207188881872349
0.30878821107585164
0.37364789252053854
0.547635730569333
0.1822765742707152
0.23093208375900443
0.16298826133763644
0.48638758627716683
0.001923575676169187
0.21915163007557625
0.018008740016331903
0.48372110135058466
0.5891407997745332
0.46722763366295195
0.12815788555257257
0.46097242640584013
0.4548629419365514
0.7655124587625664
0.0012409712320200494
0.8750932819782761
0.3869282038023236
0.5612351533460166
0.2782352996511278
0.7944567053242135
0.2383138432151306
0.1797822799670893
0.7317050533413447
0.3810048471757731
0.727589622160621
0.9083087255053799
0.45590385792237853
0.5166378278768313
0.9558096004023
0.11816146350340584
0.8631921603746232
0.5133901269272378
0.2615239003556581
0.32157250485141453
0.3510072472174339
0.6809445947384845
0.6777854279689658
0.5607141713071715
0.31788582993446957
0.6813053269050682
0.8462397202064575
0.7363215354077272
0.20040267048602134
0.5520690654224768
0.6020769655312995
0.9909933898542663
0.6023998325295769
0.9361120609595307
0.45065746847699506
0.8971349032876162
0.21355316251289402
0.8994129769206262
0.05623077166143664
0.5296296510440117
0.7957833859862073
0.23180679920748848
0.38387591377388863
0.9745373706020969
0.7816734545585392
0.9221050657761256
0.6060754867361061
0.3266306130895864
0.4542806379769033
0.023126050178799762
0.3902372158802211
0.2871133305538458
0.16166703210715405
0.9887880310370728
0.7505326335453009
0.5693300139783907
0.828196212181902
0.3829790576071538
0.34833263317790186
0.41383901941415213
0.8898055507348792
0.6164331458534601
0.7507603084237167
0.7171175256879239
0.91986163282859
0.49259565176628917
0.08498214041008245
0.23240698845544427
0.6494518128683257
0.7143635961630466
0.2730730318410455
0.9888662264781372
0.09264428765022792
0.9581746486601761
0.29185757896548437
0.5428587965316641
0.9518713072797642
0.2611266290777423
0.1349071789200723
0.7535962076918393
0.40116991348468034
0.22896783854156377
0.08986191602993288
0.42821012771605593
0.6724228748785447
0.35128800970100504
0.4285544675905075
0.9961664841618223
0.14869803031397932
0.8336601473483034
0.11424449977780737
0.18257054363012515
0.8101389285367122
0.8799580809208043
0.7959564842937696
0.10554887086395992
0.3236446493004024
