1611596
0.22675661259522872
0.48984432776961406
0.30509391401773145
0.5775525843547381
0.02431154499938082
0.889461934773354
0.49523343704234324
0.8894009099679748
0.18355205874868685
0.7654197881132022
0.33631976239528594
0.018799322557135234
0.09653413012318912
0.19241347102748785
0.8613048363819611
0.5534028471782632
0.6093138424065747
0.35287922771929825
0.9499020662453981
0.8783993232363677
0.9985851329192416
0.48606604081416804
0.7448514617723019
0.46433100112743164
0.9996157214903159
0.847810588486177
0.11673104104514653
0.293583468138514
0.45689870369894836
0.16569975509799562
0.2908703255379186
0.6626866879563116
0.8979347169521075
0.5603651990959977
0.6811764856298357
0.9505251240406045
0.6523320640064745
0.7278052947999115
0.9743344937657314
0.6196042536701146
0.2583887330768978
0.7757796108099825
0.5593345067134738
0.21521902141864158
0.27152651556073026
0.38683108203040273
0.3595332409123331
0.49919453250796386
0.9958051144010853
0.16147276920296572
0.9441027541587227
0.448789915416102
0.34093795248620484
0.4464364260902852
0.7407521832093741
0.639531486892966
0.3581409240393929
0.4224552919211829
0.7887615479763499
0.3781145720372957
0.7994925182956603
0.7625361393589738
0.43493026798462564
0.9042718121389195
0.697548159145968
0.9645886349527099
0.546596132119043
0.856550197333635
0.8486430901031299
0.42658646668725453
0.11096303103435012
0.9758296463538438
0.7222437884649482
0.8652773062031247
0.32692983939932574
0.8976428315391508
0.5691260771970996
0.6333731560203253
0.41857089023377614
0.4480229517169295
0.035952777199392494
0.03602937219363089
0.50502758354595
0.8235572659161025
0.17710962974696431
0.5500766717274798
0.042905044450349816
0.6520043042801156
0.9297439498888805
0.6944451040420603
0.4870630182357992
0.8850969254317514
0.2380160433141557
0.2947431011019208
0.9786194814654152
0.45461672560594546
0.5165147704849488
0.875694162332666
0.8225578533635407
0.9111407577198436
0.718615070856795
0.8873253420044421
0.41880141711960206
0.9590236514602952
0.1526792223043627
0.4745792053238955
0.9256195909300835
0.6883609552195481
0.09365642791546436
0.6397234486715543
0.7262019554783439
0.6919309672863202
0.24088469609189767
0.7964486473069952
0.08437961678232542
0.633485466909521
0.1670465734500438
0.1376269925125948
0.23378068293007648
0.7414992829414883
0.07643449274182168
0.08489577784762481
0.5842436436190757
0.9106584400213321
0.34944356522032527
0.9618680271961828
0.2663998965938016
0.9318898979522794
0.9080487205344865
0.15635030630046143
0.17446660574205375
0.8902724820896051
0.745174870458863
0.0467431031255201
0.6133544579255267
0.6567726194894736
0.9422683555559693
0.7047684424384026
0.7781327717024048
0.18284574130109643
0.368881250444116
0.02183458552405715
0.5783420778757341
0.282960200960363
0.5636101138503838
0.47141166435522397
0.44273819730313213
0.2126062878266649
0.7762582849896407
0.7248907555271915
0.39963195779929894
0.24650890486899957
0.4182534213422693
0.40822298753250497
0.9494514727726409
0.7979929743094809
0.010206588964193908
0.7886093547608807
0.21101407801893635
0.12895359762577252
0.5499154237063631
0.5372570864346041
0.7479893064529561
0.576967970041766
0.5063403231541749
0.7513474385069825
0.8088914102171636
0.2855551506741224
0.04126412700546456
0.9294386485394532
0.4677650230628241
0.11768990090129416
0.7325955889401399
0.02472328181811978
0.8081470485154686
0.6744917498445028
0.5601907834926256
0.9908247164625503
0.4491781887170734
0.2594985247589746
0.40041021021258594
0.8518639422348059
0.707749046981171
0.4898206475347999
0.8486334420924787
