1749797
0.3859856504936322
0.3362184097500307
0.1533191540179708
0.4320063359019026
0.7928507696871915
0.6484520738641293
0.657764707912366
0.27227207830073696
0.9338795952068101
0.13126695156013712
0.15824638292452387
0.8394736816184767
0.5190993544737333
0.03447350059366028
0.07894508673269285
0.924682722099371
0.501417186033057
0.24262056918052066
0.1646015411399797
0.8042544329431247
0.940954071938934
0.700669490611795
0.5073421833329297
0.5375866984319186
0.7722921837518383
0.9732660259030976
0.4595658183474647
0.5245396624877835
0.796413291885501
0.644581676216944
0.09976295189709994
0.2922571191381076
0.15969086525303555
0.8980444010331405
0.5330641324054316
0.4744694128574338
0.6052984082859683
0.9843031808777827
0.6485518570293347
0.5282036716208327
0.23891222711600768
0.056578230451161726
0.29966812400544474
0.6325473284897659
0.012854778146602963
0.850589500551052
0.9817483095890102
0.2480522352195147
0.8080331820594989
0.8098207653282354
0.4205194251449036
0.7117480752074107
0.40786246038879603
0.877821966334898
0.24782013804635084
0.6710348445946374
0.5548888541594515
0.13572323330817948
0.46844470014679307
0.8871216468585095
0.6634537179880682
0.90967517999578
0.20355895884246833
0.6462495424066487
0.2808450391912243
0.04532794929483719
0.3292959839691484
0.8182089217988423
0.024383026336500024
0.21817933672126855
0.9288574475015274
0.20872518841936205
0.9147905793161683
0.13880105386156805
0.8302007382472509
0.8779838854110391
0.14162361057546136
0.9394266928552212
0.811278932164772
0.34924367701052195
0.9819570838006095
0.3224621844795815
0.9817476260733708
0.6169863832488421
0.7686877471567887
0.5935640578260446
0.7384036035128532
0.9327851873921829
0.010858051182816242
0.20071575733154334
0.6026274912347812
0.5462821726591728
0.6922046858076195
0.5027800988742481
0.7103831629437586
0.7939532978903254
0.2279208698117231
0.48434603710159896
0.8380332839200789
0.2507438087844319
0.669910994836418
0.5706400987587523
0.32134600287531867
0.9016934480269434
0.7887574914119282
0.23703453478427816
0.5437814410359887
0.8987278980057324
0.12198026884669266
0.504802304764676
0.293676672532844
0.338919447955627
0.7405562099189222
0.230714440789744
0.36047392543642176
0.9474550945356235
0.8157615195288199
0.8007248323476686
0.8626270620864441
0.9004266538387327
0.39579540859233986
0.5433450065624844
0.13912518693000075
0.7023450094567655
0.5377682274318238
0.9698735496251012
0.5188655329724412
0.8371735333802183
0.9171938138994864
0.5054454003961366
0.7180046443774493
0.2925445747299076
0.5301268073416076
0.447580845670819
0.537694762656532
0.8139369271448086
0.5873359193036148
0.1324343238304565
0.003252487290287265
0.9908006832456872
0.9501732237652768
0.3618163697617496
0.8981192696029966
0.7062662696686917
0.6115927376293722
0.756254384091895
0.16365109552606372
0.3858094701110043
0.5095123929589008
0.5865106889861909
0.038138960858267734
0.047312816759077725
0.7624010536019353
0.4254449867069202
0.6829348848719129
0.7517694490575627
0.10798831958605226
0.403253712362281
0.04466578705828206
0.38592489305383937
0.3275746124570851
0.6779856069080371
0.23262528122781778
0.6453887534680963
0.38388469044247364
0.6815803340604489
0.12415267336240421
0.014381132883098169
0.3257312317294969
0.8010078924937731
0.25482928026318163
0.07722648789123676
0.3708702975713831
0.8883045332146844
0.5125817826932946
0.5072592985893515
0.044667395516775676
0.9977191968996862
0.8071059599360427
0.8879339031188137
0.5342451176802632
0.3916961449722758
0.010360755492066498
0.16849551712195177
0.24532885060524523
0.5493717360449041
0.7869161213968875
0.06149514634153219
0.5997244517348679
0.6034894936151346
0.03264782534978228
0.902876641927782
0.013623081920209223
0.22189494992473613
0.9591979587742451
0.8476844667659299
0.5693104259452731
0.07561080702300604
0.6112512608042975
0.5829492426587902
0.3237176308325863
0.9350365035699577
0.8658740056240734
0.9097258862951045
0.550453381866639
0.4077441951461499
0.12827619061876516
0.7912489078613623
0.06370363306467275
0.8134295183087935
0.29137326353092163
0.04806736074075224
0.37405086314263114
0.917178719366571
