1149060
0.37353311699172675
0.7255673317186963
0.2455876986800274
0.4342598133566228
0.4267192182170346
0.07293286602649829
0.3987600719180193
0.9454259071065847
0.2384046726289103
0.9885192562621199
0.17362099286410893
0.9828698477892401
0.624126076588153
0.9762147861048601
0.28997780289072805
0.4836588565484843
0.5156142523521982
0.8768222245560047
0.3995416687443708
0.34044448853405473
0.03200518631257887
0.7709658679115193
0.03999933689960844
0.1745686765065867
0.7754198069380809
0.6886243038286981
0.5146654195473909
0.2374547015367542
0.453083633927138
0.705600574880745
0.9725100542078391
0.10756242267133787
0.19664504961187246
0.932694457667595
0.8183043840666859
0.9021294474337233
0.4639390653059441
0.5981057179734213
0.7272936291074724
0.8058485957760703
0.6807936123276889
0.45570466687700706
0.7653057566474903
0.8222273760307731
0.5653990650909696
0.3137157143812631
0.38149585060989954
0.7212780992623832
0.247743852295078
0.6200501095972515
0.8775999244480298
0.3859270898798891
0.2903567372351924
0.47155628784688386
0.7991231310322741
0.35607620778132576
0.3802170623737141
0.6529237983692799
0.8205828111973432
0.31664149042475476
0.07236837487351822
0.5427901180436778
0.12395180299099973
0.15830962672872984
0.7123204921742785
0.523891804578975
0.017266225004159752
0.7465615135340601
0.5142225899015684
0.6461190359082079
0.20612718923887696
0.42364782744148743
0.5036199021421816
0.38967605399062477
0.4366267470974552
0.242444999966143
0.37439507284034756
0.36139396222177633
0.8694926016474825
0.3061459787570041
0.028040610477133687
0.615232438259896
0.40074254909364393
0.06653951438279959
0.2525607864286554
0.48181515499107497
0.25867677131310507
0.07832357838903803
0.20747214004130188
0.8398086849632251
0.28998188155101023
0.21345554288919466
0.9306700701138784
0.9310423182604063
0.4685358959146324
0.013305491085952581
0.8349337348185708
0.1615684477178163
0.02989178995772679
0.3281526544479366
0.5240868000703165
0.946670519658602
0.9999087573058846
0.20237422567249508
0.17376774603934242
0.7422475636904698
0.024346783982414077
0.667556746449844
0.3586606704527706
0.6327892259920972
0.7628126430146264
0.5816153353380321
0.03205290871454192
0.6245373821372969
0.7508578481664571
0.38049385327268337
0.7505934908450923
0.5669057502744579
0.7526919805505113
0.8985147570336396
0.6258647876799005
0.11550944810225061
0.030960115698554502
0.9394754506765837
0.04696260591624224
0.8051463343041042
0.9382754704149874
0.9924186811835836
0.36282470500055963
0.11325656160214004
0.04865671006437622
0.8910041177075123
0.9783401731165338
0.6147235743700893
0.897125405980263
0.31164265820909876
0.8584030584273142
0.3042279445095517
0.9678962776767418
0.36186640790572255
0.03524924523518125
0.6762402730818085
0.6136110508535819
0.52651634204648
0.645947286273961
0.9141331833990699
0.4765425713976986
0.15889333644842463
0.38558722764236597
0.17603024489581853
0.42349003151126796
0.2643555365938647
0.9104370876103612
0.8415806096804359
0.19192381956887405
0.13583400437017457
0.5951107240072038
0.1534010873250754
0.05070362894998115
0.24672838681933285
0.9405235025228874
0.3809965501808914
0.6211298977635168
0.5948268351785816
0.7867021682215228
0.20440506549494997
0.06253160002884939
0.8005816282660495
0.7899893732588874
0.2442290008977852
0.6981979869198962
0.7880083043555127
0.6078274455366048
0.18791766792696718
0.35790105706926134
0.8136020585898942
0.7461257864239546
0.8918685410023238
0.9896204087358448
0.02516149842589721
0.966066202380319
0.9101827824578834
0.9521647069752954
0.40287561153653895
0.3491337060930212
0.9106422511021209
0.7617302957830524
0.11304267976326898
0.2722707523411787
0.0265322460412708
0.7981534388519549
0.8046247783601017
0.6317350442959307
0.3530995972461204
