2065882
0.8445052026398362
0.0952443634667266
0.05273610702235754
0.4071215717482036
0.19194775712900647
0.6717836154954077
0.6605365580520042
0.7205217117743183
0.23111057827855452
0.5876205182803049
0.8709647955785568
0.8637397808940623
0.7833505826856018
0.4967961817004386
0.44728207752884686
0.1683706256574743
0.7184070491036283
0.261383250960773
0.3734234862950232
0.6756466049287452
0.6142070031019016
0.6881064616435761
0.7087129658007375
0.7347269920867278
0.18708089986787502
0.367173442094456
0.8066102099304189
0.569649605727955
0.19469955495712987
0.3084098523755403
0.45460859462879255
0.14204494141473345
0.7969831615610149
0.17207447187245684
0.9253661217476381
0.4352577187990837
0.9577828558923969
0.22391517990848386
0.18411147451195575
0.12348350697259092
0.4045655226067817
0.05573938884784191
0.578399136492576
0.44744969001686763
0.6025005749562802
0.2499035320566071
0.47906858650017325
0.05570452179723384
0.6391644655602441
0.3353852905914364
0.11915388420520401
0.6765883603540405
0.947512565317342
0.4117754372676493
0.12163407916362423
0.5800791657391
0.9292503592062681
0.00858000454065877
0.7646640375397348
0.6770174413343092
0.5812408945837265
0.8892688444956998
0.18316321635784405
0.33031483554044905
0.6513498531147874
0.2423689567821179
0.006554372383111184
0.24062517609618372
0.3224601718452538
0.8500283034009171
0.5114142271007522
0.2061686361131544
0.004477114298820473
0.7620148194654061
0.5192557701421946
0.35413868028835194
0.08446072082826583
0.578629023923971
0.7619894239624643
0.6542612300486392
0.12269836019765934
0.9471802477493965
0.42281160809720597
0.6670573920839087
0.6216349815163951
0.1614532294123885
0.8494885071553542
0.8044479297563524
0.8400997962288388
0.9619731246781896
0.5267283789835899
0.3943710460621437
0.6281735598622173
0.43233142223615295
0.029714996379685887
0.5120509836165482
0.391179001979311
0.8437925247887182
0.5084635234794006
0.525381830950721
0.9037874042622789
0.40258274227493784
0.2865589632278137
0.2138034709809029
0.8498690581156428
0.5038754417286799
0.8341723993772971
0.7179686967658379
0.7472332552043408
0.4730221846040463
0.1588806261135428
0.7234408010197727
0.8399609713179658
0.5468265000546101
0.4726960782124783
0.4381733237868687
0.7822767114584145
0.9443845938565699
0.7097155471829455
0.2541622029960512
0.02340246130499768
0.3873368615747238
0.04753902287943579
0.07766723040560386
0.46415106820304675
0.2877250177878734
0.8145711596879964
0.22682111925471682
0.056738747791748034
0.7556349559522307
0.0483152256983338
0.5080028341737198
0.7210696659691129
0.8308700380000756
0.4902674480846083
0.4302438673420719
0.5380370277567997
0.18825867314678124
0.566505273237901
0.9030542360541954
0.6634956639392148
0.8478035299347575
0.7818999160587395
0.3263496552803121
0.4709526333410544
0.2876951839805235
0.6134145313451826
0.6069685946944883
0.11599221282740468
0.9084512177474409
0.9831860834662492
0.2858210647028856
0.14715409097468368
0.8065860207036982
0.09920542850972625
0.7169847801712753
0.04630957374573719
0.4533573347792408
0.6503893193188176
0.1720487951755385
0.39501011866150726
0.4209443318467946
0.41329435267028813
0.5805487585448776
0.9157490970500562
0.019827554236240164
0.45804621653283806
0.05598822132581838
0.0690830428003858
0.5696163718383045
0.2552465200621752
0.8957942783135298
0.42539679591419444
0.8906177899912195
0.9897677791945191
0.30210018611550016
0.7553270256433341
0.1435383142376262
0.9269474668193323
0.27140876481220777
0.4504828740909058
0.4716408936151202
0.8971414852436875
0.4186475332042098
0.508347498048978
0.626714433183189
0.9476665499037322
0.33815534082150545
0.7891848564376791
0.17980698837151787
0.3582435871550481
0.1381504260043438
0.09688190069491665
0.898512881417743
0.8471050128335453
0.8813644623352223
0.8638711410553199
0.9166594007902488
0.3226544165704749
0.2999842251337178
0.13836671721370497
0.8069490651032009
0.24944586002829006
0.19678663679003316
0.8659261234367118
0.1868050448449876
0.12204746560969437
0.9660798104566846
0.17883434270624243
0.174499864921555
0.9820820621882458
0.6002705293579944
0.9171995567353752
0.7243558355999542
