1355702
0.3896011391330012
0.5924842257959035
0.11560275633657591
0.20086860866870437
0.40801825241986533
0.868996365563706
0.35853500179050857
0.09839026922356853
0.3195245866816837
0.9600970102162399
0.8108884981876439
0.24240612215351498
0.40251317955243104
0.32706261669469994
0.3705649882912141
0.9197052083796448
0.14485526991356756
0.005216774061566731
0.8064041168686116
0.5352901942424749
0.3854182291475309
0.6632526329850832
0.2661982834852238
0.5529093983299318
0.7133141170265812
0.8721185195800116
0.7212549132937107
0.623869548977711
0.14029927868839231
0.31881257923056017
0.6161975945314755
0.18786988830269624
0.9645812833183133
0.4091632493580394
0.7931114254007281
0.1308964822359343
0.7040989467962222
0.6222974238144786
0.14073797062130888
0.4527864550179894
0.5550444094731474
0.3532136223567398
0.9667116538281518
0.11451310041518159
0.9344321704001125
0.9235628287584482
0.5509677885603579
0.422679321209142
0.9247110930846233
0.3767073107583383
0.6970770528496258
0.7699962338757305
0.7960882753805393
0.9916363687578263
0.23175978271961917
0.08583650982581703
0.6327543507790129
0.23024863898752035
0.44290109609356354
0.027029900633129156
0.47201052943116384
0.13261787389372737
0.18934991287167446
0.34241382404162324
0.8106633151921956
0.2480086828377055
0.3557996125676227
0.8391533988890869
0.11565559476660503
0.636938960864353
0.9807927829710185
0.1977894577988224
0.496132788595673
0.26234036910185576
0.0249301125668292
0.270934587959042
0.7470564542295922
0.15433896392517255
0.5602350370948125
0.8336024446403506
0.27081085386246273
0.9676224680418186
0.0743715152076202
0.6974827710803816
0.4642269549486825
0.610919726782408
0.9585514262233326
0.037184989414565384
0.36650169648857
0.6840550792508683
0.26697401177333424
0.7920453817049735
0.4252009165450452
0.4754025818409555
0.4838418200296204
0.7408749014711008
0.45931321750480947
0.37150488813362115
0.9595313559270315
0.235722406779314
0.4816305807389222
0.472967068835093
0.9992947696821752
0.11929213864281862
0.8039040589370482
0.9626727011717856
0.14913990605200056
0.26004096337005367
0.8404666840993454
0.7945859112387648
0.594971763462526
0.6867454054615317
0.6431395416244495
0.3438716574462568
0.3119479529832945
0.1802940225485974
0.7248991834486406
0.5470332080863548
0.24643295978664148
0.3461812467535905
0.24154318681038822
0.9100216822536977
0.9063723532793894
0.7165654281532192
0.3064916964030918
0.7657608688811922
0.5154686438027064
0.9573292723376073
0.3492293112753354
0.9958196215571731
0.9774872732738952
0.3748125607638828
0.7556410967550777
0.8602409462382175
0.4667898150360772
0.4935866011103839
0.12614955397104732
0.3030031961283629
0.8709809215568206
0.28052799083128144
0.45669823123113495
0.38499108059850995
0.27586941463311476
0.19642471608871737
0.1631235913924406
0.02778460683232542
0.6581214578687397
0.5827983384305286
0.1342514229402041
0.030211370662816206
0.0651447407474739
0.5006652972083202
0.5050956277992855
0.6701347139719407
0.4573981257873191
0.7228733061167041
0.6183744787577259
0.4718993435775032
0.23058673735036417
0.45791333119924205
0.032440873056380104
0.6212259028071824
0.6578379865669893
0.6333388597809848
0.8093048856803143
0.9927367276899562
0.1621490142347981
0.8080520468278275
0.8242848499139396
0.513189120432132
0.9908728389623813
0.5789630596198664
0.6854794055795169
0.7982013761033694
0.275738039897228
0.7194002351753941
0.9908152566569006
0.9800671407404663
0.7541774487314649
0.2489190536390219
0.5114181547634133
0.3018475272404708
0.9277730743264616
0.6784605361372142
