4036991
0.4581400992756197
0.14117943109764775
0.34848592911473386
0.4246339585477886
0.564539590445161
0.5072216759395234
0.8033592292546039
0.16655888659266171
0.9979790316173703
0.6285289467235059
0.4757713788751198
0.2880115552593002
0.6843435120624116
0.37786108583156985
0.21992099941259124
0.7337772479775906
0.12768629367143858
0.7882347528078504
0.862932201063996
0.6053378806702389
0.03604051983934198
0.2780372827228541
0.07121163048259982
0.4404088678558077
0.22468584539123837
0.29459510134625355
0.39716948979113587
0.16161687448600415
0.7796892837726864
0.5877741989679216
0.3626578016742068
0.8770879965433164
0.5631712812775311
0.18163727805002738
0.862237723314685
0.025286840496130947
0.14663137750929378
0.12487581683012228
0.0023951414470341215
0.32226644638194635
0.16980056138796062
0.2696818092231843
0.7320819893599522
0.5915601955125551
0.9398699404517605
0.6539184782098529
0.26546804536148905
0.8352663939056794
0.8095787851547744
0.5428953320226116
0.3495460848530487
0.8394471663823828
0.5025268859309252
0.8247473361018114
0.8872412408724332
0.1977829665208084
0.09021014956985862
0.24736383823301977
0.29093264001041086
0.8844950567310791
0.7676599329774502
0.9350086895777905
0.21180392304391082
0.41086783488713563
0.9232004903412442
0.729216723913651
0.9671965247586523
0.15927393395689748
0.2527209366651
0.1612490984506404
0.07114772102202915
0.7044248421976137
0.8299914805249883
0.2823336307197899
0.7625528885914546
0.803640156966792
0.11193626556671654
0.15311259473283212
0.3208999674446339
0.26624927152324784
0.8314077883790394
0.5251651594565758
0.2612808757711089
0.09680903475888636
0.6098911557809172
0.13516749054228105
0.20839340396500372
0.1476417451677583
0.908698663823762
0.07619828682816432
0.36350446383896107
0.01326782027490514
0.6295986485094863
0.9108934662695112
0.9988533703851129
0.05262803682385586
0.27445474116566915
0.5475982439425743
0.3407316387057292
0.23456024767125705
0.07833476497200376
0.4133610272546865
0.5354841395669059
0.9678161704552409
0.9416817286347132
0.1265579930090701
0.13193303391098032
0.19897385468507478
0.30452100992541853
0.6971336328089798
0.6592353785619102
0.8399219004316636
0.3293122119759391
0.263886248675131
0.43094143358724835
0.021161603717708477
0.8889355372001461
0.5159246230817083
0.6640299287410532
0.7579940138963793
0.8924363858290827
0.23936570943108149
0.365953303970985
0.3637285143207546
0.4235340759709787
0.8805395083780272
0.21323436965274634
0.347370438134631
0.015533558535106629
0.6234124380788508
0.8219135965336324
0.5928151559832424
0.14116210763657933
0.24163526214087183
0.3931534625335581
0.3323966609777159
0.6569852068503534
0.904567870428423
0.7065651738395233
0.7997088107626101
0.509439280267139
0.19182775589664547
0.8293297519350197
0.4749376034734606
0.483151165436989
0.802354532779476
0.7109440192475122
0.5205137448761582
0.15209751324106602
0.8316786421022161
0.041429697062370985
0.3457141324826978
0.48028989897376784
0.035026716383773304
0.3651013803973674
0.23591197249031848
0.7110539801959629
0.19409269653285066
0.46249732071614535
0.6354955834005658
0.28260447900869734
0.5617475396230937
0.43983438757743587
0.9830452728215925
0.5125000429351486
0.3716573359305808
0.798356903894593
0.9631795030139666
0.7046949973307945
0.5687234896360706
0.9952061255512593
0.6615503727777197
0.15028783850504357
0.24145501707882522
0.6529458406077141
0.38778984113297243
0.21669929875283522
0.7188276580618902
0.6266364987739762
0.8657779742965425
0.34989518230274097
0.9318801361652151
0.5953588456847714
0.08142473395229077
0.3504026384224158
0.43424311281150674
0.7093452038523144
0.3252273374454524
0.726250541583149
0.42599167849083164
0.09438492069869864
0.8701855026613483
0.27459815400381027
0.2316575236767755
0.6919279033098513
0.285227165494111
0.29869897319302197
0.9459325146814819
0.9963181888328876
0.6001175408725297
0.027978735496202334
