1357347
0.2158786549934839
0.2272693021069364
0.7828983359890078
0.9452578125124629
0.713150034888274
0.06985968517548391
0.32755203418474643
0.04597649886544097
0.11988768854797482
0.8720060978280234
0.9836046591753911
0.18959862137097405
0.7530783306231709
0.6394844795120682
0.7957967103906748
0.6415710562934156
0.7496393648551489
0.0695969730498257
0.224143326475156
0.6694351659820489
0.7953180625318319
0.004909511705794123
0.792261946900299
0.27311341552511037
0.7757374527017724
0.40820397593125934
0.7723026930448728
0.46212146471745685
0.9840191595803439
0.6144126226642216
0.02772816724576077
0.2011960887151204
0.6571078485941455
0.5733105100299347
0.22600925463933264
0.18196271073141945
0.9068685743590263
0.16099917270653308
0.3803737048710485
0.5206481773279935
0.5622222441908581
0.40872311469083633
0.08306512657583331
0.33047787501977444
0.04503087961612462
0.6743179289773954
0.8521395054648601
0.8722789471562211
0.16513872661927664
0.36459709901055726
0.7296476755465665
0.6479441015306263
0.6389214818433229
0.8062419518419698
0.6411215028625442
0.3687933764107819
0.2108903307659744
0.25826757606153905
0.05460259252154309
0.20450403216032043
0.48934356227289744
0.8608948069139453
0.16202221194193922
0.09816157653994106
0.9947532369088535
0.5236665686175415
0.14656166890745503
0.21911750121709261
0.4635201424936862
0.369904206331944
0.0966925790237374
0.8177229013725325
0.14992541671433557
0.3751081577478861
0.7809166759636166
0.8446385211193939
0.7255523030893071
0.2636637412122971
0.8067955363436455
0.702306353668784
0.38814730920866114
0.5612222933676362
0.6536802296607773
0.40729918517575747
0.9608349003517382
0.9393841755941916
0.6906220999412948
0.25964821643362124
0.08779545640654252
0.6348189326374502
0.5692651974461383
0.8388814911695937
0.1139612341567866
0.7767156269068605
0.31609195672207
0.7763883020086718
0.8739808068660834
0.9144634903787213
0.039213938882298516
0.28985833161617014
0.40964748306333487
0.9017218276033305
0.4119690447606844
0.9079261411786794
0.5851824156875306
0.5635450960343873
0.9989083033241128
0.1617851983075469
0.6762087248013426
0.24998747261543974
0.049323871436993794
0.27541822963706575
0.2709481821695483
0.4626186189892797
0.5992919820749909
0.04722322861453243
0.24111708253900999
0.22964037626585732
0.5952736024640982
0.18319766149693095
0.11519362931206134
0.8008020089344627
0.2806362797476518
0.3154757446584602
0.9181739864574336
0.5350692123238204
0.2710313460242617
0.8198973342474558
0.42963018011484266
0.5620100099469784
0.585380432884285
0.3324185328422409
0.8558273070899997
0.9121185533897421
0.3962955980174693
0.5565581367983825
0.1118540466196013
0.3318055341991243
0.4170782334651282
0.5527060372052318
0.26616471665549357
0.9255418864378536
0.6520114291003465
0.20500304424221805
0.2126269705779078
0.10064994023320017
0.7024815265668684
0.9726339301582155
0.30411465324036036
0.029494506966552314
0.9435343869708415
0.34975876194483313
0.5068801030560678
0.9893336134745562
0.6637923323492951
0.6819399881938698
0.6163860577945813
0.49184699093736084
0.6962284785095563
0.11680593945164985
0.21297238851915046
0.0723677437415895
0.15811457141354568
0.5028239521958577
0.3296780874332461
0.9731007818737184
0.6655297044220286
0.992439172136997
0.2547344799349619
0.7251190774051359
0.7911369574458564
0.9544680391716005
0.4976910122611886
0.8106871510940533
0.5935057882865314
0.5555181761622747
0.7108295727919118
0.17046829308674094
0.7620777903210004
0.03133910540682616
0.2764698940935395
0.3094305692614612
0.2939441314452378
0.2363913621210897
0.3459624304407234
0.15077375619651634
0.6469234445473231
0.5335538670966362
0.347611755100661
0.5889579781924329
0.9979985387857702
0.4657729172655177
0.36846771298245184
0.9009216513773539
0.5769915171955553
0.937588230605248
0.35886787200322146
0.7888351575691512
0.0424265009818211
0.8268548824619782
0.8088090981796009
