914921
0.20398984577023294
0.2605012945951506
0.012548823517941288
0.26462808915101543
0.970920895665765
0.13475745725149524
0.4965464465662034
0.5703459389988572
0.12009049677012129
0.8308144704890174
0.07432949495372376
0.21051373489940595
0.7161056767048479
0.6079405250268439
0.8449721574110142
0.24373495747974416
0.7419965505935285
0.5708692224221033
0.1178118817760958
0.7968308876033172
0.24465387030158992
0.69857831146071
0.045190142581533865
0.756799011434771
0.3419353052204631
0.21985194587287304
0.4335887050793017
0.8861697350884096
0.5854892655061441
0.9764043616422079
0.405432676676205
0.9659174498183286
0.7563533687324014
0.1301624921371346
0.2449652772129175
0.4890279220657514
0.15964206599151876
0.9433760082737956
0.3289814066042527
0.5030192310487965
0.8801460034889896
0.38854324943871976
0.5168403199680043
0.43115845719438206
0.26242364067376656
0.02971182516024251
0.7540602632663577
0.08981197634435056
0.08697282027142728
0.9575329449912312
0.9299310581673577
0.6633126134462076
0.5283286393192863
0.557519400600733
0.22196299729855407
0.09792153382245006
0.0014411977136251641
0.5442761954829685
0.25862373394426996
0.23290913329872642
0.4294449711544662
0.00404478784441431
0.43669700756705687
0.9994735306639184
0.29893871666055594
0.15372056733933337
0.6407308397311257
0.187161024204049
0.1081538171482429
0.14657475507639905
0.42942435996663286
0.6026482304550524
0.4588955153883134
0.5332317942552177
0.4774364611114087
0.9271909205835861
0.09490004732293122
0.9210230207311765
0.6909815683526722
0.21673943540119567
0.6472584141188418
0.9656589804068987
0.951710692280314
0.7826666777764767
0.7118149529935811
0.07623190207424846
0.8857591767206041
0.14124926461527
0.1539573794877246
0.11788060819929869
0.40347467172973406
0.8264880922347434
0.21297201546850375
0.9560206597064904
0.01022242389017225
0.12354983874734671
0.0611462146508992
0.901862635065751
0.049797223254555045
0.1990562271287346
0.9620576583641253
0.9910113922373496
0.10935435018317874
0.6796430539582382
0.06799817234855476
0.5552603698940595
0.7884047467535823
0.4616565282284817
0.19823720587791194
0.7322642927726006
0.914302426186534
0.42254967666886645
0.6478381307429197
0.3985947802966402
0.07278491923893315
0.7484867696402765
0.19099847846026274
0.5087530693087083
0.014510130144450795
0.7928592028587126
0.9633924838336154
0.9760348393421484
0.0971663795184412
0.736861513452996
0.8347532258773712
0.04071200540339048
0.4276145913245196
0.8359715717840709
0.21593778277025155
0.536817106858764
0.7796547557992339
0.7051240111147731
0.983978508730988
0.590885858095202
0.6803915694393111
0.9205620065260581
0.35412974925251717
0.06433380374924647
0.28180682969741544
0.19779673140563825
0.07967845939508433
0.48571380867141245
0.7640291333374046
0.5428002426024553
0.3182935855787362
0.3099204179657431
0.05292405271878764
0.0675020910272428
0.8679484961824429
0.08847876011454514
0.5770111376821331
0.610855469207397
0.245957001367464
0.5383745252675555
0.6373463071752871
0.9131843864107758
0.2614225632622105
0.5564532638820776
0.7188917788755572
0.854218028246148
0.3144072018880584
0.9422365430348817
0.7330276118898107
0.18416425689502247
0.6443850603595045
0.9640731686839931
0.748242664222086
0.2523694415981419
0.14605298235332087
0.931864226921608
0.23967474661049393
0.46955687904135524
0.1723284892435234
0.624170460177198
0.2680532807084848
0.6273316702144908
0.9523732997700126
0.7583315764661055
0.28473002610053644
0.7425851551823781
0.866738235166096
0.6892963767909165
0.45186652836268737
0.7946271084279138
0.8422334741509191
0.1761839817948475
0.4654797715193466
0.5793194014448205
0.5558855326088589
0.3651660694363984
0.8739302269198934
0.9171804182469722
0.9703504130360113
0.10308035949418659
0.795569300279165
0.6213741054394063
0.9624101601608676
0.31825628519582483
0.7566460446915318
0.956693580352685
0.4516878546641848
0.48335383411362787
