1041829
0.09420598944351888
0.8020940113669321
0.48847372762031804
0.10958679885136402
0.9985970638393752
0.36702527401999774
0.21756319510647715
0.8125221678613539
0.8063316585347642
0.10575970785251343
0.499265167197406
0.7367175417358386
0.5964351403777429
0.4241059254292725
0.23924690215282807
0.029779055371080387
0.49204534252932564
0.87934487939968
0.15563947817651758
0.6159920400072482
0.3239094146671091
0.836919633447819
0.7948358502952813
0.7354977021678374
0.473557753061957
0.9663557618547313
0.09667098673749175
0.587058791453644
0.7813172275796009
0.5340842899948963
0.7051818999746597
0.9407778111623345
0.3779589531030477
0.18228470200271218
0.5229024906691109
0.771701751724142
0.17865856713170536
0.7705610072126542
0.7146568244656157
0.8060672840427968
0.5640799396332703
0.90120838403716
0.4810713346077248
0.36901108970599505
0.4657754572268614
0.9490243101174766
0.4425349597211484
0.0758899332572841
0.6717300544603669
0.773062570870921
0.4010938674905504
0.7189256139115099
0.6727573611491927
0.8004241100966467
0.5807747774090414
0.16671031028970096
0.7815908506471417
0.8411243030097963
0.1860895141210679
0.2161778582313728
0.5738940785062822
0.8182708806718961
0.2639805701967971
0.11496705768122373
0.9240482080355903
0.5792328292616099
0.4062254729517991
0.9066734598861717
0.03845712630585851
0.09117522225810926
0.7873257102878399
0.8423059724567359
0.9252433923914561
0.6182805919820689
0.39716362215917744
0.8483357210751286
0.6815911052160352
0.9281730063707458
0.09821842439640638
0.44504394253883695
0.8286248442035651
0.18150545917362337
0.3138906237640554
0.5684468455927991
0.6785960342433939
0.9213676212863825
0.7374915387133147
0.4648952194805023
0.38028162263022747
0.49811547398462985
0.4407126663115236
0.19951694307842993
0.8558822070326163
0.34042002532219584
0.155897487227318
0.3479910475379243
0.31633985104280216
0.7147774405848971
0.3081959327211389
0.1257120910030538
0.4218785902748585
0.00341852461955916
0.5816896420734626
0.5492240155570655
0.44070333552787244
0.07450041579924194
0.4178341369636853
0.2218728525328184
0.9511759821524459
0.018658989048156438
0.8650713710318665
0.9889483826634531
0.731419769853354
0.38244558193732636
0.6252244322424045
0.017154264702145317
0.4851864951994662
0.04186705803733737
0.975293947903561
0.81906767717352
0.9639535268966299
0.028193562750823298
0.48253275866333656
0.36531867268347495
0.8626002313285501
0.9433934299307257
0.07618478794203987
0.7055406036501843
0.5896467704149997
0.08400048659282744
0.09103004483141441
0.45371271515983636
0.6429206463481918
0.029913600406290874
0.3558869925061253
0.08433674378548661
0.857649283659509
0.24857426849249242
0.2644804729179897
0.2329595013108703
0.23635973249122122
0.2151632106131206
0.03659153355176448
0.09787331700097646
0.41859935220947353
0.655901811722783
0.05416308007539683
0.5993976047935119
0.10337440452006863
0.7842403035118786
0.24004351661378232
0.16896386805047858
0.8983358963630905
0.81865908486206
0.936307749282042
0.9122976097541549
0.1371250912695654
0.6460057310265723
0.6346034133109489
0.41931072121063395
0.1799239445922899
0.22573473767448626
0.21272724247323582
0.6778879758145355
0.5921381640620812
0.21811294343938814
0.03964502240035339
0.38957197148629963
0.38227415748727855
0.363398787126876
0.42542603846861127
0.48222099432106313
0.17245295798657956
0.33919841108680115
0.4130706853359918
0.7680344128319487
0.7736379200042273
0.17964768506748696
0.835967695606572
0.5049106847562185
0.14253517393858806
0.8527639768439416
0.8977258208313684
0.0849237773131798
0.10825907651999978
0.2612567549919964
0.27038158355299846
0.1957730981279453
0.5742373950609201
0.7572822925978767
0.8524934906455299
0.5793834244391587
0.12446381905679405
0.24307146588435158
0.8803905030289816
