1287204
0.31143719290408955
0.4747910343213583
0.42264097058151906
0.331908942998941
0.8435317403619861
0.13957792667198177
0.18295746133747637
0.21154796038552404
0.20972640902140338
0.35181768173453687
0.9903473236336121
0.8521679169224866
0.907775475599746
0.5893226439862747
0.155745755606418
0.2798057109743636
0.9612819842461408
0.5434154239107624
0.7426724165885954
0.7029916710459231
0.9555391375911801
0.5730592376174118
0.26267424009608786
0.8053796370263189
0.3342632222314711
0.43594045145037985
0.44728823657804295
0.9640867426276207
0.7127422209644905
0.7671141126907519
0.2763643378629995
0.6675772647328984
0.9756191129215733
0.6088325545103823
0.40840865927426695
0.3180573425605867
0.0964740100680731
0.5344337178663382
0.7806780661573072
0.42073063794881427
0.9415647839544691
0.5546745226124898
0.42507670518995844
0.8858975132414775
0.8015311934709894
0.046652047284621134
0.4804762834951142
0.7997630584960581
0.0325625836695429
0.4034629617059653
0.9729014296174044
0.5559525732524075
0.9824750454528621
0.9670101054007708
0.18209216187185007
0.6821153799835168
0.32733853913847577
0.07687178459697275
0.31627592071422705
0.04463087493068463
0.05074026086907357
0.744908726792483
0.7765513455851437
0.36931373244609
0.5604659943460538
0.5482896345815712
0.5081073177237595
0.17714751557449637
0.8563259539793517
0.822875923234048
0.8075697850237608
0.30145939654198817
0.23804722409364465
0.1344124760424077
0.4840904355957155
0.12658081229284268
0.7736006766576242
0.30673008306636007
0.4563608335509042
0.56792229483024
0.6360244189698695
0.9941726341979455
0.7085560644574574
0.5995231737971577
0.4607524210566394
0.8997200684957682
0.0252826181901874
0.8275195713757285
0.07565142555712978
0.2607855252148714
0.07892509061726516
0.20660749951788104
0.312414769241242
0.15142385622640964
0.2523568475594843
0.5014599150904988
0.12065733174471316
0.4826952024103244
0.04580003654113407
0.5061900464394281
0.8750006689538621
0.32218647648628507
0.03869071596147766
0.3523355823463967
0.5906331546572682
0.29920020562375094
0.15572495041766654
0.4594716316442963
0.7442749458720411
0.4138789480057805
0.4208325976895344
0.8124428413230067
0.5351730414443352
0.5265407724298035
0.4736449074764576
0.2853378799917595
0.7146969048616841
0.1677591651745709
0.8700933618210798
0.6747124434486583
0.5633008753612764
0.08022880141453848
0.592096716776213
0.9531999006341488
0.20006397412366772
0.08021609965948384
0.2508640835134883
0.009530911453697333
0.1727141369715478
0.40940157403226773
0.18416161134026166
0.8021168990082959
0.19498827372871774
0.7371785483807397
0.019961527589245964
0.42073455486759426
0.973375577624526
0.3689808413321557
0.30721140359699195
0.024481623717396483
0.2967364440399941
0.017969723073923083
0.49903299253868616
0.00405686091805435
0.9499844432801274
0.7054182299178533
0.9144795620057075
0.0025500878856483666
0.5569649507944258
0.9693888462798744
0.3020512127242204
0.621310791684093
0.15785831992449284
0.581808342461261
0.28148799792143586
0.7360968145782072
0.18288144821139152
0.40080108624276045
0.24993091436494674
0.35358728366175096
0.4967568841625559
0.8181507530028733
0.3043611601402194
0.8494767999996529
0.3573635749841829
0.5010169583056102
0.3542983265825844
0.24675093670203063
0.45717880159512636
0.7725423245138605
0.8770586657626747
0.9163754217117728
0.6975667256477418
0.027742651943443386
0.7024446097882683
0.7125145833604992
0.9836629746099177
0.03908071367621113
0.8045574464191602
0.0905276271448825
0.12155173259385277
0.8703823290668937
0.3254947187579874
0.19837339034201296
0.8496254343482139
0.38826078092873917
