1253500
0.9590150631774355
0.28068769669871607
0.14246378516044822
0.03697374097774375
0.3818227744349121
0.9896803246410404
0.1882632349387986
0.6256447185812098
0.6359450872197614
0.358130506925175
0.8597939606504577
0.3660383809726264
0.2377453798500051
0.2571439564360034
0.07405635418819756
0.29458759269264945
0.3174359537411664
0.1349660723767051
0.16725444783770238
0.5141274231187644
0.2775239020450988
0.7130297086317966
0.2993990705775669
0.39879907426319006
0.2994445959377625
0.10154804574343235
0.9467988154635248
0.019844850462516495
0.5247070734334469
0.48934617330941577
0.7408919921186313
0.5705229883802867
0.8901959759641906
0.16125799211572833
0.268318562743845
0.49512865811615203
0.4068453889673477
0.10129741871234144
0.9598258418405566
0.36011576234246545
0.13671979737733808
0.8509461393470792
0.8645472075327862
0.24457172074813793
0.2456079894461778
0.6092826462582862
0.931388659747897
0.5728050214218277
0.28655579161689027
0.7853102787928978
0.40070303740385427
0.8635635899019707
0.30433400652332854
0.3427246203948534
0.047127101338410915
0.8284096144541458
0.44165851286257074
0.3134938387751165
0.3084020698674549
0.6160340879625198
0.4750488883820343
0.799007716697653
0.7851935893784313
0.7698024147753225
0.1115333839959205
0.626184499574398
0.20337207131425128
0.6425803590756843
0.9369775549787128
0.5808073016020667
0.6929102150914218
0.5958967987134395
0.6226345778291809
0.8014944542561884
0.15649923305721114
0.29975845990716976
0.3685852967045783
0.48509135622243393
0.5761809889952123
0.8449386463440675
0.5910567072971318
0.5279037660888337
0.3377386148321655
0.18132077056657492
0.5451776916694426
0.10707575217604359
0.04028316618019179
0.6038844463430976
0.9155509907308347
0.49254788960708407
0.8024194847431528
0.622180316033175
0.4040910291531704
0.5724143973395113
0.7765695666389182
0.5696472825895403
0.9978974561271994
0.6731306794193352
0.4394771353989455
0.7358836285868823
0.9095041046467707
0.26090542848692655
0.23961253348303502
0.6379916643321634
0.14766437952454725
0.021744229483413702
0.351141999753229
0.2863728616011565
0.29890304539194457
0.634994869903025
0.6093211739864733
0.9458585379881576
0.3783861414184776
0.27887656147545137
0.18361766874657448
0.9448190012681856
0.5432299945881693
0.5363588827667077
0.18256290627044036
0.542901703158026
0.05219080808692145
0.9058886763400085
0.17827890993415385
0.7323069238660126
0.1027473802313622
0.5638457785290018
0.5888207554034944
0.11801703798010865
0.07990855470346225
0.37424195039308916
0.9629209539212136
0.6991538694664438
0.31064857440146454
0.39605922655458925
0.4744173993804687
0.4566454360339719
0.633692602186257
0.2997575167260774
0.35259125954896453
0.14164237026606186
0.9664464677973117
0.17186386650390229
0.5498375056110896
0.554631046180592
0.5791832109669321
0.16018830780843474
0.679535032103484
0.9069490479769838
0.9711711006122568
0.2920944651522652
0.1446793956349548
0.5644159783188804
0.08424669419943076
0.5843856310051835
0.42178595135944874
0.5870505047242017
0.0864076733832384
0.25574992498063365
0.6647673030222366
0.9993525970599045
0.11132023946234448
0.4513410050610831
0.14993291434471556
0.6523873270053766
0.14920601185153382
0.39395345559776196
0.5959556719587064
0.8719147376617052
0.7503939575823243
0.2873849430030091
0.06159436139627805
0.8260678816453385
0.3248930553370476
0.6149601184708019
0.9491564410994812
0.6915891971940606
0.5996614766233248
0.699823565974632
0.6231315789894836
0.24939276683897094
0.22981922659754084
0.5234928846608113
0.29112075273950744
0.49822852980229615
0.6508700600850219
0.8352944428822643
0.08813172089659271
0.23948132154325075
0.006070349532197872
0.5276886768104948
0.7555064863706007
0.35664661079819926
0.3864018579278009
