1509853
0.10112311406067886
0.9121923062350137
0.689781480995215
0.6801759205468719
0.796935512728915
0.6787623637690567
0.988238080403522
0.045117276918235416
0.6379611201430607
0.33353813712697067
0.41424412084630613
0.3878453626875026
0.18388185674204627
0.7553605238725576
0.4654029456096188
0.2639918628456188
0.2819871657072488
0.6390020592548122
0.9859433341520584
0.29676334403052973
0.47389982514513174
0.8569082475351606
0.14455766704553819
0.5525778375656587
0.004952425146944828
0.8849006644959104
0.8709235974430628
0.30947534985254244
0.5752830315507508
0.909670529253417
0.2635138975594066
0.30732154186086535
0.07035149368017546
0.09233630676729288
0.9080552924679145
0.8783949700475946
0.5134607110179762
0.4750343175134404
0.8790061323501978
0.3227682772510335
0.39399983448149367
0.18645664202266754
0.43567986020904625
0.5149638901487534
0.342509139724527
0.9274460985002304
0.07014947460762999
0.006685402862577017
0.8472994856205248
0.1992029517732734
0.6158256141778969
0.8249959803670852
0.3372415941865252
0.37435383108358655
0.583609007465282
0.7561352475453392
0.49147372133115064
0.5050783940199913
0.7567757801629602
0.15223685098425466
0.07915835107549951
0.7126843788306927
0.34626165584970425
0.2015289243136391
0.9810525132503258
0.10946764213382454
0.6847695882714885
0.16216982892768883
0.2995376512622806
0.4663880802590621
0.5211320662835197
0.2756924061344991
0.6248894190955915
0.2590389885169576
0.4656182750110395
0.9480997760185441
0.592949047181044
0.2995812380014722
0.03238358939096675
0.3149760320962005
0.8429917518708626
0.893760217119311
0.02701642637086865
0.49154612840452194
0.364470407320432
0.34981811594251344
0.7351458559109763
0.6494386763202441
0.007444679421296896
0.7100594781049916
0.48233084002432103
0.5589762125893238
0.6238898106704961
0.7760236347803163
0.6559598148993958
0.3891379796178588
0.9057110999762387
0.8546624910953005
0.2066473301616446
0.3669099418993067
0.4901734633713615
0.16561778137837402
0.979621851585326
0.3635576601872986
0.314588099963239
0.5186371538205029
0.9658572730947684
0.5974276864066106
0.5194810566568688
0.6953634066487643
0.7082079355195674
0.421203430012942
0.42310141504905274
0.951177173179666
0.6495649355416582
0.5961119954662247
0.2200096461850306
0.19046812185788276
0.168059438831883
0.5463984215037243
0.09261917007719034
0.6626552814507105
0.4085967057289569
0.8344546306101368
0.3669475538049436
0.47647215436050594
0.790511359168241
0.5003098223952706
0.19246602828528125
0.8364782134435224
0.24789388761871245
0.9687604447728004
0.9808191855874813
0.668452835400394
0.8421445647729979
0.9432374073864237
0.4993192117363422
0.2192738359749199
0.3755698133194523
0.07757866407081349
0.08250239382927615
0.29207740961989825
0.030343384883055213
0.24519586570020913
0.8986674115884989
0.008942240379872568
0.8589128520310196
0.9096937563115554
0.5881992992090584
0.38103514439058606
0.15993929118102024
0.44182159068819116
0.8766138936750616
0.5101017482313113
0.38811642076071806
0.2247061369798682
0.9576421337506366
0.9453800933312225
0.2667225820702698
0.04263552519445657
0.540305212900273
0.576461275904477
0.1985174485003114
0.558234844723469
0.4588150133210025
0.45531581250008835
0.903602778266047
0.6486931236789528
0.6552666407569562
0.10965017952150213
0.45212416813342504
0.9937728617692715
0.16247323757075394
0.23495315265997163
0.5051992912881992
0.586652972662352
0.4379254587010569
0.13403680984533328
0.6292148442250891
0.7732265034861455
0.029741152705184293
0.9105724931580417
0.006643498032782746
0.01629483991952385
0.09160367617472553
0.21706721903365545
0.730788586634452
0.8281702156279682
0.7060697652113
0.30792154826952156
0.14237347753433816
0.21851896965527373
0.32426103544029095
0.2546549731504454
0.34264925460537476
0.5638479874056573
