1886217
0.42148152263415817
0.3021888169903889
0.7600791321282216
0.976323555396615
0.8089399324927382
0.6983001579029657
0.9432978917126376
0.3339465070030172
0.7914085868632772
0.226311042207767
0.3035985128758881
0.288168753622169
0.27859292377633627
0.46096932824358516
0.927264867570117
0.11934948947767665
0.3334767857439913
0.9466393751102153
0.5828692973931844
0.10789841614327822
0.7766065354338174
0.5515519516292623
0.23466238951825102
0.6554232166621023
0.4817935634738004
0.4527502914034054
0.3615934230875846
0.41164975842719875
0.055770975772889475
0.3585747075956287
0.3160007293017031
0.12186694667623543
0.71641002090427
0.8929102499034005
0.781206751102603
0.05515651966587676
0.9624222846304569
0.28905520349417047
0.36869758014016785
0.4254253026055188
0.062044018987127636
0.6709510221596743
0.5332623221121373
0.17526588953038724
0.4790192321896951
0.23564682385827862
0.27841278330129005
0.8569288672830997
0.10126850689576417
0.5932546161061997
0.5745993666521761
0.11519811155154491
0.5409509231466346
0.36928423119298126
0.019184357405936825
0.45371810650283095
0.834196431982443
0.9291295220329604
0.029829115157108732
0.5493300378649398
0.5846068526793954
0.7456106075934194
0.7818969520015172
0.3682317780546813
0.9666935626544904
0.4978592380351423
0.17566881422103986
0.7332837200688517
0.03374030013115037
0.46346777502590597
0.35061417848987664
0.7935412261180371
0.4591503205594484
0.14570437854925933
0.6516550613065747
0.055101616407099985
0.18115642688035027
0.36373061895275627
0.49630585798907245
0.2466116364481199
0.4178440202176884
0.2261397031130843
0.2917678867732175
0.3132893435630918
0.17275634428889952
0.5067670350911161
0.4075016913696238
0.2600716593415807
0.6609225454372418
0.9466072571999293
0.22149670289842904
0.3975074117160923
0.05096843624542635
0.9168045781178152
0.42740221968118863
0.7832725726740445
0.5410410469138608
0.6950667909007918
0.11487930289432646
0.2976931319163
0.06459800102866309
0.33148499485757144
0.616978796277096
0.8434181759288284
0.8566825934935178
0.709624952778717
0.7560453648692006
0.6173938736594337
0.7021268471853667
0.9448882305485038
0.9135934165009465
0.2675468482799285
0.9341941603346811
0.7045241638985702
0.29979556178044353
0.01709315229005326
0.15549360267399126
0.3823066958415091
0.9046698803735507
0.5161468945932715
0.21256926642718432
0.3157727364117966
0.8757475460635488
0.2633104931463244
0.17138631981447827
0.39505145018268684
0.48594743961821874
0.9291862473308786
0.9130083988358688
0.47969726835923066
0.4305801111494534
0.8092565297237072
0.49707855997847117
0.013571186092911969
0.9238482778028044
0.9353382666201279
0.6252885733787195
0.1076987822139861
0.9529067762031413
0.0828245435406002
0.3778401754818691
0.1471656029385181
0.09148995258477444
0.025184400998955137
0.8929730424478018
0.6704935121676185
0.4753098802289414
0.9076996720154206
0.8129540247680921
0.8685742856751874
0.8978740966836407
0.5391751605265399
0.12949289456349433
0.5551200386495889
0.49806675225040253
0.7333669845875712
0.5273699650038423
0.8717221332666253
0.17978267793038116
0.5711307086626978
0.44713122109419456
0.3079936527314795
0.7290988425445063
0.5997998843597747
0.8660271719112179
0.8409030259548251
0.5759130777652839
0.5380622191317214
0.23094145317096415
0.12728929872870165
0.2846755082979685
0.012609700218098596
0.06787624271667503
0.7196824557085332
0.15278302776351838
0.2170952669209898
0.5396310434181905
0.21793453644469263
0.7454030331915844
0.15443820237863204
0.6266323332063678
0.11780096548891061
0.801936998835997
0.3002765560922793
0.6654417602536014
0.8724934019837622
0.7120310436669478
0.1083738988665588
0.6952903898875921
0.3443589949991357
0.6779849411237978
0.7680451417973874
0.4350577619281326
0.3912228991502299
0.755606655512339
0.01917351060046102
0.7414338251034107
0.8055649860075214
0.19700500648661523
0.6321495758358733
0.08357275531188735
0.20458282899666036
