2264724
0.7304763941811441
0.9107859208626458
0.41103726920943284
0.8705082361991648
0.475235526997824
0.14872816616686924
0.29468419490344
0.003706314458230331
0.8906131263286677
0.9605137549005501
0.5080038135266302
0.7687315839697293
0.1952961582553865
0.92901153610971
0.8676297601129009
0.05663761655175903
0.9469256234116774
0.2446574874233004
0.323410444755756
0.2895488620549024
0.9424993343906819
0.216136806001209
0.363483343252186
0.8810863575144358
0.6905338463823478
0.5193975588458671
0.07358222632211209
0.22768207323602063
0.70123180182118
0.4314869257161844
0.7477026091102372
0.06955743425819239
0.9317218345207138
0.3318327395269358
0.24119602322436662
0.42439947548444046
0.470507208738009
0.6959768879721882
0.70755898987364
0.06727587870765306
0.9485813420233971
0.6553991628643661
0.9666276110265903
0.7070879934752747
0.22423703398113126
0.9519534595749549
0.5145846880053903
0.5928687271542471
0.6044177950785005
0.7765709008476877
0.10513092879024499
0.2724900218599602
0.23752928261585415
0.5492670384733056
0.9063673964043137
0.6218522637932924
0.3409494851400713
0.17112357752933827
0.4693815399802598
0.06438621354822982
0.6110462979204012
0.6587972978606316
0.13222478684075978
0.10870545869689119
0.5043318119105005
0.3582422662818998
0.026914625668767345
0.9465051347196222
0.07545283460329866
0.12671362663427788
0.5572893908780066
0.8733112437646317
0.7110371713692943
0.9707547863234296
0.07198968582934273
0.721441327661038
0.4079858845213322
0.6327516772726667
0.4695354548884225
0.32754670767525684
0.2106221905978759
0.5297718157414938
0.6414125189144769
0.2963628643161502
0.0431770942430274
0.2657872614094767
0.9842790117720114
0.9678033690935572
0.4524134635323982
0.6620149439485826
0.6938458880993269
0.546289834785632
0.7097594221905988
0.8799889414176222
0.19068222199516072
0.8092189593329355
0.3131428858971962
0.7481139988431275
0.8221405843233052
0.6757246673994932
0.1757891652779645
0.8448303869189947
0.9347934873275451
0.1874018662773187
0.6925640042211836
0.2401548535651854
0.5182172439806866
0.12941591086500537
0.43401441418190656
0.05224388178561257
0.8836542930374548
0.6034294546960304
0.43408054424504505
0.13675893636230274
0.2600312199876619
0.35303660607950216
0.9095214471435813
0.2941962070103368
0.7650043936822092
0.5379016904267799
0.7774184963686251
0.35397574531217046
0.9401507225159866
0.9545582448121872
0.5216902182950095
0.37396817325408505
0.9271162013963798
0.40983097808657587
0.80037269247837
0.9802696733739714
0.40548037165845896
0.06710200163778013
0.682490055526979
0.564418886886675
0.6132900141662228
0.10614988565488026
0.5566596317838305
0.6538821847447082
0.12766083280179352
0.9640481692709064
0.5631471336749205
0.2765162989997093
0.595540980245949
0.7576177028417157
0.8669071845292797
0.5508508342569294
0.2736759393646472
0.22718508880329114
0.211214607071194
0.051414964746439695
0.062009190335071906
0.6869071266054301
0.9698130876716451
0.7219662974540116
0.6961987112838394
0.018679063786206762
0.350076885283957
0.23936249543179944
0.9026244120706507
0.704652475218247
0.4905028837425506
0.7669484932974828
0.6132073088280758
0.25764605047133604
0.9429192862683404
0.9787159361813444
0.7875560761427067
0.17924052307863192
0.43311894131418793
0.08412334712215441
0.9964022630669933
0.7521069633297855
0.8531942005728181
0.3383490673245545
0.6829805873801753
0.5561252310087297
0.15467170747571002
0.18388122363948367
0.9379562833451542
0.5871072615025438
0.18361511258520125
0.7367323019054888
0.6986963987523163
0.2524477399073889
0.5271842570451613
0.8041983615380973
0.5151277223184872
0.31978248393876474
0.1257097242198535
9.659613894111851E-4
0.4121187502695931
0.10274270133134955
0.745161773211377
0.8165025108452496
0.9222692000684807
0.782150838459424
0.40196338546952903
0.6790486541324436
0.06318492051087565
0.7815122905233692
0.48541683806635094
0.1601641418510512
0.8897623858952366
0.5424139388080259
0.6325841740809739
0.46866151633111985
0.26470134886859353
0.8784492958348298
0.37628192185334264
0.29389430009937
0.6594103126448231
0.32554735371945065
0.2089206425131802
0.8757500623706413
0.12266404993340085
0.5520901308726985
0.983240433678964
0.9023305135001443
0.03581855744815965
