1589662
0.9439616969901719
0.5055637905042701
0.466184486245093
0.9110832534268849
0.9376794538910319
0.7680073425349062
0.8460919080233958
0.2832963433519057
0.5390159151303529
0.5131644378680904
0.3237798554946172
0.6958438326649116
0.7350274270214072
0.7280909474443831
0.5935847815674904
0.8878089031691712
0.1841638368571792
0.22399689274482448
0.5779574342135736
0.55213246241072
0.6521408900805407
0.6738666193144357
0.6228400532322546
0.45351242080083676
0.1505153057338079
0.35230084243534
0.11432840521133136
0.2699631063532627
0.6304097125174731
0.3501941752655642
0.5316634725110462
0.2534027944977564
0.3855930421696784
0.22143189265700247
0.8314811310221734
0.6923317676193234
0.02712947157871326
0.8596099091855057
0.8443802962050327
0.2036092020385033
0.006066623141791516
0.8998528388128659
0.05725336540698778
0.080531931191554
0.18114210023333022
0.0941245145955294
0.7534552952220304
0.28086418167950866
0.8552447482044413
0.9179962813764858
0.9877704730868437
0.15116190731244572
0.03737504943935577
0.1326583631603253
0.2842695829963223
0.6526811566981902
0.4261069789813319
0.14803013999304138
0.2625311066040278
0.6793552737783776
0.7560609882730999
0.8111450992583736
0.6213353735609699
0.039770558592376104
0.7006564708848512
0.6785572222913987
0.03882143530353899
0.8127658124682712
0.4824187280637692
0.9223349617898077
0.5842300939538063
0.08022627396874393
0.7063744893756629
0.766280200842124
0.17873930827539775
0.4908379368453204
0.7025767905579667
0.7523291587171075
0.4915307578229542
0.7150131455004869
0.8405584902777082
0.1966630722996917
0.4121093940966991
0.6138942069419995
0.8615211928755511
0.9108763404371867
0.9010303899915034
0.8642869316119612
0.26332454901119917
0.635620534120284
0.5885709101817649
0.8565707721046265
0.16884799756350377
0.6624625794365959
0.964517103373387
0.9140783865931013
0.9100557319941793
0.8042663305416842
0.3821187089078443
0.2701324050629107
0.7681026102912171
0.21522607369176083
0.38539774465996235
0.7828719344787824
0.9240773813397497
0.5587521298765321
0.06137937057761822
0.06819803465598628
0.6954865895606877
0.6747277502979779
0.21744668781759147
0.587610859166238
0.5603408837477933
0.20722773893628166
0.18890342056324783
0.240408329021653
0.3037133921814832
0.6196091283501183
0.9929617141674716
0.17865996839344989
0.8608967531572634
0.6459543730993235
0.36275488110896525
0.8885661695250977
0.07679445218331793
0.5061686250093428
0.9186075953409125
0.06325703565342988
0.6529387843223868
0.1466018101923532
0.3636793719944943
0.4297818429053035
0.0115364581225611
0.35888756692123136
0.12722908691331258
0.48698416393182553
0.6702000100212971
0.8767609753350957
0.3211322015043
0.06115363545322572
0.9915314425223497
0.45393712817253273
0.22391428428615656
0.6927906510142497
0.8484820924005794
0.4857032692052038
0.7614474756404381
0.13051539592961947
0.8294207197659839
0.9526975389083232
0.614589862355773
0.6270980308641908
0.09609927604501456
0.33741730025435146
0.6514295552652943
0.3077822055220174
0.9032141744245676
0.6923206740380733
0.3554291728899165
0.6125192060940287
0.09001807879058621
0.2229551603467852
0.8006482541904352
0.7014256246911922
0.562445705370575
0.5903674332076352
0.5113546987991701
0.7567224577887225
0.8984740788380376
0.6341187925926451
0.23571871301708602
0.3146092603258319
0.7299465735274634
0.37055102891623026
0.2619157870701676
0.1169716740099912
0.4808469071298177
0.9305178979433255
0.40984760251478214
0.4855165924423396
0.37501755546456106
0.5666174225920961
0.24282346502143914
0.8898742314410615
0.3655749898122157
0.9820308755449192
0.3609264795849977
0.2064015877816483
0.7837813452135491
0.011394405485484094
0.8614228220646213
0.14586749152019596
0.0568908591728825
0.11869965482115052
0.1814539123433947
0.46589403208938385
0.8024962480767934
0.26804010970724745
0.5743851118091229
0.8779755317875914
0.971158704535408
0.47008993663358245
0.41356732402736907
0.009090264893455546
0.47961276526603946
0.7105227964490023
0.3658997810215102
0.38436684282585953
0.953595078358699
0.026148051667791328
0.23246620951543717
0.15996092819044438
0.7823539268772128
0.21036252044858517
0.9146487963445346
