1250773
0.37774906057356383
0.9454832779838075
0.005260759280462768
0.6244870895001358
0.1826150876827205
0.8439455917069811
0.7995227508407973
0.09934770811406846
0.4591984864645865
0.7133391813037293
0.8935783971189986
0.0908996054552601
0.6329417788408042
0.6812621006552602
0.6139460286212236
0.03012594008611713
0.38663518956520604
0.8142757761493588
0.9040289186987904
0.6726766554846487
0.8882643779205777
0.2695927109015728
0.008889890528391953
0.9605385649316224
0.5788680390105271
0.8732975385257576
0.8723337957094225
0.1843385065005101
0.14848784293772765
0.9643660180754666
0.8846340880362894
0.6122043958316908
0.8878632168864576
0.5986280969833135
0.8819349857937114
0.8341153796233612
0.8193437432876739
0.36795508495723706
0.7173061947950483
0.5599311160039872
0.88256258094928
0.15733292771149276
0.29862185395987606
0.504797873083877
0.9787342871026645
0.13611692767978012
0.719881858309349
0.2973861804584004
0.8620109784465253
0.159645824106318
2.874659922242895E-4
0.054423842659178656
0.7071508753791815
0.543526064527333
0.9893300519040731
0.37924481777855135
0.6798238495730021
0.8652799266054746
0.19634566783134144
0.06258284674375258
0.9891985977779584
0.04668367494687076
0.6594346534038681
0.6905964346070729
0.7120265373269276
0.47500527950197413
0.48133995138753394
0.6981196096071905
0.14325804402072173
0.3324834879795472
0.32882350186463627
0.14439044611582597
0.5502963368262103
0.620773380155315
0.01727546860444862
0.634017647191847
0.9863154956086707
0.5907156422541439
0.28373614702489913
0.35770287239188514
0.25263860399228333
0.41767056065119634
0.989205559315071
0.18524430783692614
0.19099280473157987
0.998789659101656
0.28506182279466186
0.10760520830819476
0.23352827703650403
0.6909811516164649
0.7286036704192841
0.09533846913964417
0.5418083007640219
0.656958210517236
0.9391784794701169
0.6174163182138642
0.12554801889780876
0.24164178395261415
0.14905244170712328
0.6475221656917203
0.047699889656564576
0.46232232433972265
0.922124443244716
0.9741190492775168
0.19455398388935108
0.26336802406367144
0.38878085820865116
0.026117455957066493
0.11784151525508613
0.6598996264185892
0.5766338431787533
0.2277226202924656
0.14040087118822975
0.27473464618773114
0.8045806259963992
0.10404961676441693
0.25778451293450855
0.059037074251824584
0.651567009119539
0.9733520252917137
0.36525726097545175
0.17949081936435474
0.7116334387310993
0.08221808543947395
0.9929546744028093
0.15344877603620155
0.2032672117023061
0.4668457844530366
0.04154247117714538
0.3183912518767751
0.5137799864028497
0.6565163200066984
0.9765367701284462
0.6331609829127932
0.9283748063628972
0.5746431847845935
0.5615163254949385
0.6258248761749317
0.11876215749160002
0.6382817665173238
0.48877737059879744
0.026644617381196722
0.44763029405340593
0.10874238032422945
0.200552899313163
0.2545220798653687
0.7829696510775498
0.20395734980288083
0.7847374222901103
0.4614174629182273
0.31019730843775584
0.3475105166946584
0.07612973102835008
0.28162168579441416
0.7802221446515403
0.19974559475442533
0.9975256952280391
0.7813965193355712
0.738036855993875
0.793127152890138
0.7345635281357734
0.3593793350111828
0.5391184949263544
0.17703662306340207
0.5540447144814619
0.5092822838337144
0.3798641391744172
0.46644225689553875
0.9475236842551502
0.4237978125351489
0.14348399073913587
0.08439143799814353
0.31027973367510975
0.3922559912778567
0.5942191325904939
0.29002992135354555
0.550355001508708
0.8244614540025702
0.34044696398248675
0.7918615558874192
0.8631627726456326
0.5192709999584203
0.031182130611657755
0.3602193068488938
0.4042405544541158
0.488855046456637
0.45067626194219546
0.873426314928649
0.7460424486899866
0.24821978104495912
0.5322656226111205
0.15888366845273527
0.8142363507558091
0.9844489813760209
