22418385
0.16270088859340226
0.15146043576724788
0.8250315670681809
0.5561020443703726
0.9509162814238553
0.9424070456934849
0.18586317632387894
0.32662261698075634
0.6774958453417365
0.806997867660023
0.27923049873707917
0.3618342282731646
0.8497957278040063
0.6369486411459546
0.41934325673477846
0.8456024357641987
0.05127595629317394
0.7981319194068369
0.1147799894598539
0.5782662692030404
0.7589734757775942
0.2418535830983406
0.20936554975603994
0.1426201421355766
0.8864521045840379
0.5509426453208105
0.623247251203122
0.7459256668415484
0.573967192508605
0.4940251204124564
0.790793482189282
0.9962262533897559
0.05459956603350502
0.2717173505321633
0.5490808614530714
0.008742443579073056
0.9782709152865574
0.5172882873907032
0.7388071721597802
0.268729539801434
0.26671757870546153
0.7920585865215978
0.1985594791435662
0.36147867615912044
0.9190829720204038
0.7215892193101913
0.653541506207571
0.22826520271787099
0.55705949015751
0.12661944320343488
0.5366151793217742
0.7169115700989714
0.3277232858750456
0.3425879069762031
0.990263917401556
0.8142533161236106
0.7543196109313554
0.07913487885183002
0.7273116974376882
0.4604779019332751
0.9221445512412781
0.653693292697347
0.9312715940442163
0.3698835820591402
0.9154017779308629
0.7168616544070197
0.7031246707069884
0.29580813150301855
0.18994484854064242
0.6299829449734662
0.3242841467961787
0.9995795961985088
0.35966735051064547
0.008043910670824106
0.7523867381029076
0.6292046501357241
0.8465822274803633
0.9227752806156791
0.7154812671018929
0.9073241172962699
0.2666284180055878
0.1710735376485074
0.05848565744514578
0.34727522915415576
0.8613034793302996
0.10014227564467648
0.3745398111701729
0.9958300276050054
0.32865020338659645
0.09464188759134806
0.2606214294395812
0.7435151986556408
0.16413357948424256
0.13607961541382374
0.9250719085320178
0.6017819747566822
0.7470341473829938
0.8741482062795368
0.654199571329152
0.418509108870988
0.5175454146060562
0.7373645304701096
0.9830429764246625
0.5831083925670397
0.2472886929856687
0.131219972975671
0.1977049956556478
0.5851415529078656
0.6680355747174145
0.3662507844617785
0.2604359986132355
0.9893519421794345
0.2911117558489523
0.4622697676078191
0.24539573559502348
0.06797162085044994
0.4294631700511713
0.8940435752814412
0.24135861935232017
0.6708849285313961
0.3998988144594343
0.5852420816213175
0.5620606967678539
0.11410783096112453
0.3179202832992146
0.045357470814379575
0.6519085502016678
0.646198771880147
0.19147922786133842
0.2282776678990912
0.35798655933796386
0.7089561071252967
0.8695162684034287
0.794673753778537
0.21491450275092616
0.34241687079570626
0.6706522705874713
0.17701813155145552
0.8889579674186424
0.3416601447727179
0.909591065143656
0.8323216213461965
0.704408162971819
0.026734006446155312
0.41250371021747134
0.4543357778936533
0.2556452625414678
0.12476528478417503
0.9467274880876314
0.9106682812632406
0.4131698902839378
0.9814571642586186
0.5688878081947678
0.4280080593443494
0.26356414919133386
0.031338829260326606
0.4380562405264471
0.01669046292425158
0.034319399974027776
0.9485097348963333
0.807852663883518
0.05800760364629132
0.5665595111508588
0.6740780930098481
0.16898486104500132
0.8304262558168546
0.0944295247021335
0.7237953806368763
0.6091555241085297
0.5806202064685554
0.7728623686501326
0.8066599264629659
0.8757087147433599
0.6900513448066267
0.06114580389581037
0.6388838187229373
0.6681349250102724
0.5128187237916885
0.07998677671805177
0.28729182655442886
0.0030052503038455747
0.38523242846909966
0.48344688912405287
0.8090320503537313
0.03989134250517912
0.7859130406416553
0.10628011211718646
0.910088196707984
0.8356256913024378
