1203573
0.9022773557009834
0.521827704881532
0.7760468886432513
0.021083674963562338
0.7509066478509268
0.27768090879004437
0.2834951056324255
0.37870541485107123
0.4053415041686216
0.9214585098452245
0.44156508255875515
0.34010172242300707
0.6522059417829834
0.36975648191626975
0.3925193368428591
0.014913997875396046
0.5881328480568291
0.5759883475261318
0.8911548929106072
0.4116626030297422
0.37091177150835664
0.22727071200296878
0.884077651466554
0.5118380850224257
0.4518680092346503
0.039242474414302064
0.8563772852502066
0.18158125866045327
0.1551638283671174
0.9021305211152552
0.754694628763827
0.581492546093197
0.9791433104224612
0.22934705289852964
0.9478033858541509
0.6186770236478281
0.08159163313752194
0.3912987224932043
0.9246571271830243
0.05011892983138955
0.8021845671471827
0.17145368567472352
0.9180029197680907
0.39534466732436047
0.5377291243436588
0.6027011778282171
0.12396875686710762
0.48627223592159097
0.4922930854760834
0.9370639100575138
0.9379661776684888
0.29037157930346047
0.8318971448260206
0.344671264701807
0.611139371061464
0.9301609244306154
0.18465293716056386
0.9385172446433466
0.41252253175651754
0.11041892272261766
0.9636487397676448
0.9673590954992763
0.0242597275985027
0.0162315329092777
0.002468387005953976
0.2212600408415878
0.2353555138066299
0.9534679883992246
0.8613846345935651
0.2862957329485336
0.18964230790887426
0.5745663760225992
0.7270736006237916
0.8127699486680463
0.2902972746132939
0.09984856545424103
0.9429216602560541
0.6492411284499896
0.08918383850840772
0.554565302030233
0.9126411794471061
0.7992693195384665
0.07916995840057817
0.9516771787812646
0.08288630692618992
0.8680104929138667
0.9266076115534428
0.48703216212828804
0.3938029278912861
0.5273053991430529
0.2705352852895748
0.3373076608128385
0.8172531948922762
0.12223721434783441
0.16747918180185084
0.6006047856766213
0.6431605654339103
0.22382605016378054
0.804348181501348
0.2795758413743965
0.528933175452453
0.3891465845634794
0.4518700724083319
0.6127037945816494
0.4987550404037089
0.2559657239752814
0.39112603893831543
0.7339591435112284
0.23141873996696594
0.7825836944331408
0.45850342240252595
0.2815666552300412
0.47030874076928464
0.3890154514132296
0.2752424415497491
0.9601163541088855
0.15758187110864974
0.990882517898428
0.707450564247169
0.3722262203234724
0.8726546447476639
0.555460537765841
0.7323651009368377
0.8184527534777366
0.6700076047380792
0.027475979221089908
0.6215376659697208
0.14796500872391927
0.3382902788750318
0.8024068967276244
0.9447001912221902
0.4269451207364019
0.47250232070179154
0.4482696305578775
0.27632462428241833
5.745543418087529E-4
0.5762066009632592
0.5367236819951612
0.5519985597064639
0.2517632190957567
0.6853207559656672
0.33163471100351494
0.761247707014299
0.6570765956876271
0.4177123638408392
0.009865949680277653
0.749924241053661
0.632980033208466
0.25412481090115635
0.26005531231494605
0.3290890393667226
0.9885092661509365
0.8018377996164395
0.4508594646833568
0.7252401177216286
0.3735725541972832
0.6862956345267935
0.9861862487776486
0.13641073999312492
0.3936109033063536
0.2642212656721449
0.22682449073747202
0.8328549000952439
0.37617461164063504
0.06845683537576341
0.6888821204950867
0.43781100021963426
0.14909789709703558
0.36728272799098416
0.45309228012603253
0.544636958876533
0.04026525521412916
0.09969796532722552
0.3453435756275991
0.3494513587403566
0.1450840755542513
0.5304637349364952
0.720263380501446
0.13927850370528794
0.48730395295551043
0.6748208128593083
0.5996123631353192
0.9529722660645177
0.15343613568891767
0.9427969476254093
0.6933326735506563
0.4365846317931026
0.4715378671582038
0.13408829580979953
0.041665134556231775
0.23820465575721095
0.8911974108501037
0.6861606754672495
0.9412099696055158
0.6931434115079137
0.19888865492441765
0.20633031813045155
0.6558725886751843
0.20245350021156772
0.784145524833153
0.8820485586880817
0.06512167418149462
0.9545169866986574
0.35345537242506686
0.6383961110634917
0.05505333144151403
0.7581386786481973
0.8387928448234256
0.20531147352743928
