1267939
0.8261786476291293
0.8955414889211528
0.3664455136540189
0.057551506893730786
0.011678392370776058
0.8972467611655092
0.5887734738064693
0.6929182474196697
0.808954362492927
0.1592250148737785
0.77680644867974
0.1705934591545495
0.009794646427382037
0.23294321510929206
0.702816949108345
0.4522230347499657
0.11196876458893412
0.9475448902190022
0.9356227431287232
0.9383045048802925
0.15971458260480764
0.09744362468286738
0.9167775543217728
0.8939690396565917
0.819168059268975
0.3302343646040701
0.29136695722480865
0.6198896488039958
0.6122672300327482
0.46153049373080357
0.46185149826945815
0.36405233258099257
0.25322520559303796
0.7834816570021679
0.4859133945574782
0.638333953190947
0.5065445488038578
0.8489286503353527
0.7444368737864803
0.2089988716503337
0.6484810447094695
0.4935268466928041
0.8582071354651098
0.8782825449560447
0.7341408254713674
0.10460545390310005
0.29931190593824486
0.12781421952050787
0.22178136601031528
0.9173242086726109
0.17951652484381764
0.6380180010697641
0.16603694913423284
0.8575058436595356
0.6786382012608574
0.31823015682429645
0.3959007950390374
0.5797125905628968
0.7461369022036608
0.8382784811069454
0.4066058012437105
0.8430904781079053
0.9148423274057123
0.10723998954033309
0.007456108490082158
0.006431921797861673
0.2532863408605843
0.4327066740873352
0.22659490364843726
0.7784354476946773
0.8367560399305888
0.2721717667862197
0.3355721416029137
0.71309954989516
0.14566836107322734
0.8259884185201553
0.9944167456721915
0.7292455972827245
0.23855900912094852
0.9630099630608743
0.8401991822663145
0.9120259618442131
0.18171550365447997
0.6527298219406102
0.49494230487712054
0.7062105801613598
0.9710079331090975
0.1546156141335321
0.5980569643200911
0.4853666124518433
0.10600497326261726
0.9837619676412326
0.5688963108445959
0.2496103442603036
0.8907567858348745
0.37428801783767474
0.43068706182415284
0.5041152492489931
0.9670428232466817
0.834278699980162
0.6102993946687919
0.7804792020942252
0.9811207414827054
0.18053833212476444
0.040029493360256296
0.7575115026387467
0.8777540489345387
0.6656515496237992
0.8404537948497968
0.26567811748624515
0.3327229826806146
0.2715039473852977
0.09088383732598049
0.765087571221867
0.26513499573488664
0.9934775412734865
0.21576998657974333
0.019976620780193466
0.4411361601400581
0.4164069793684462
0.16772252714292657
0.3449152676886087
0.2604537121053916
0.9902651923361525
0.48209226504459546
0.6904869504586343
0.00752557946227872
0.1609289332191518
0.19276299416779596
0.27579642375649305
0.2030551767599511
0.25501771927989625
0.6440055803077434
0.24700030928108696
0.9818308835302191
0.3634707602265892
0.8950577542803452
0.5876914057088878
0.5687072514733061
0.2431096437092578
0.5435617573435806
0.22435151403157283
0.5970426391077512
0.564314895535974
0.3812328834155423
0.48847788844374807
0.14885397073943807
0.7556867490327591
0.8557844172485641
0.12643934982114002
0.847265280491676
0.2201505699095273
0.24605189139562278
0.44693167178029103
0.405630452409491
0.5531670208104371
0.8347612558418234
0.04475203722122334
0.14595556001947507
0.3880028074611167
0.7695738132109436
0.3418317479819888
0.348977314010153
0.29733149001204107
0.9038657874797897
0.6072822985809616
0.7185683479057544
0.5383236421670546
0.9053653278301459
0.780823453992526
0.8089153424160314
0.7976296993965512
0.008542899379968771
0.41149142312041
0.09807348671558547
0.5848122382816523
0.603141706758249
0.3293533822438989
0.6993809228744523
0.2683342269075306
0.982411091309255
0.11352433703734699
0.22810207015461514
0.19878884687673182
0.5883292266416508
0.32686052728171056
0.4437592467180582
0.5843910020138857
0.37273650764539057
0.8945008758887959
0.9118172428723668
0.9262677518682383
0.26382372737690407
0.2721756137563892
0.8054704054373736
0.5131280924498289
0.33420746680974245
0.6981824175585033
0.9082181708555233
0.46627116567412685
