885330
0.2877525216209811
0.2703190726708543
0.31783251028961235
0.533151176849609
0.4584668576303147
0.9839452803107055
0.6612789836111519
0.5064915671720049
0.08718838387592132
0.6082294655754392
0.22586129071067584
0.37872641013055586
0.3185963829655144
0.3542460809666872
0.6697500363518452
0.011517445244281999
0.1853430070807427
0.22532267332407285
0.619955243484314
0.5734455374216336
0.7490390041263186
0.43194428466524115
0.20213116530626762
0.21490202762955624
0.701205172010705
0.9959274592267761
0.3610314930604247
0.5793127608053834
0.8621093257177598
0.4724567549167875
0.34587906462226703
0.05167378964180003
0.12164194482841828
0.9438445089291676
0.039743899683521544
0.44809044574534973
0.23959102075791938
0.37690581536903256
0.9668012148467218
0.9866777891966446
0.7892934365194758
0.31883829597196145
0.33024651593515575
0.4282385948360292
0.4880139398600011
0.8649286642984061
0.8763642087679087
0.4251893512364032
0.2027499756416581
0.20835043533627506
0.2410100970959499
0.14986029234813125
0.4802546627646542
0.5657109790475577
0.5740253540406959
0.0453430036063841
0.21034582118348755
0.402369030980544
0.38488265415929124
0.9743506647489245
0.5087732925827357
0.025782939801073934
0.7952273755795489
0.5803518830691411
0.198200796435971
0.4934616704565775
0.6897776712490178
0.39898261189944595
0.9891560008316822
0.9158709256809044
0.4900278363100965
0.2366789637452006
0.4655759457091849
0.5405503673522208
0.10600912247760008
0.9152402940324182
0.4653873368457718
0.6197819310942023
0.6763992625049607
0.23047123245751566
0.2453542431978043
0.6356917031309943
0.5528902283102953
0.022708200771815568
0.18205471165054488
0.08043752926693004
0.501920933466916
0.07186327075925791
0.47694007609409306
0.7094001377758111
0.4849640400249372
0.6648350715875935
0.11501038019352361
0.4064911006300689
0.5278863129015582
0.746578802542246
0.023936689345172013
0.9234114697362167
0.20146249144326445
0.4279910093588314
0.33100557839061273
0.07393492195418017
0.7743192365815482
0.7500475998211867
0.6753253681315512
0.6583942118521536
0.8037355798722091
0.22782420199617293
0.8642211881947224
0.07696185409496581
0.1424861821852521
0.5756519303742361
0.5737403610804233
0.03487405753579198
0.9507109060243301
0.07940332119467475
0.8987001510243771
0.43837986784217564
0.3857914586885012
0.7328840428118102
0.9495625299097722
0.3748835942572467
0.5266188974487961
0.9420277809732107
0.11407731809322486
0.8350955621064664
0.521451243059007
0.140019517858888
0.3847979789542578
0.6070836205175275
0.9487431704531085
0.5621951555826863
0.32627115425748066
0.38980878628189664
0.47752289287226013
0.8816111590399175
0.9621484135070332
0.8666230245459545
0.8201288270169808
0.7584048801499099
0.03302023812130084
0.5632029332573346
0.5706645565724356
0.003089225911615978
0.5312525529774407
0.9952191938867453
0.47362080657396266
0.6161018128590778
0.12696619760654448
0.21715623980689913
0.8129180093410274
0.4717941447911944
0.13364103062244503
0.12129177241331657
0.4372776559964665
0.47995050480062695
0.448203364029771
0.49183914693566444
0.9239317120741417
0.6208107273144136
0.3739161191456364
0.9824203764934382
0.2782549444239757
0.6380156343396102
0.72165689924072
0.3379140124919394
0.8890630776612648
0.27927293634085615
0.5179382608847494
0.2939572709895816
0.8702325621690613
0.7783750461408251
0.7461295402982928
0.9049565014295278
0.27171250308344486
0.8329144632612175
0.49160709415690473
0.05838901806621699
0.154813744849983
0.7250091479875717
0.7069125033027193
0.9743862977039043
0.2695795263240043
0.1010644124496185
0.9580506462956618
0.05703417071688033
0.7085961429014244
0.6080376245823637
0.7962331093744787
0.544300473875958
0.6139946102349315
0.9858079005928124
0.13121589856875704
0.7094849148435478
0.599367136636677
0.1258388558970226
0.149344360158428
0.6588430283132888
0.9795017386455794
0.3129761165460202
0.3267341603252909
0.8449819247469004
0.14202293916669584
0.6892222348165312
