1268523
0.0989632219460913
0.5449504960416819
0.13471378089916775
0.9722513661336369
0.2663159619633041
0.8856568123192297
0.47147569625165886
0.40992928891719593
0.41055907043871465
0.8884870811201316
0.2714702499575631
0.21222018964635747
0.8074047318355396
0.6601210900316248
0.571717153691558
0.652829233663722
0.5526071847040843
0.10159858935663435
0.6066797352648609
0.11775018948586158
0.9306413187093613
0.4691775220888401
0.6274025116390841
0.9498585281847207
0.3469890413186899
0.7127818677128058
0.036705487711248486
0.386410137932771
0.45817469674177136
0.09568253096079637
0.928399080462904
0.6426407006481627
0.8800971794725572
0.15162199157631795
0.2155299297261284
0.6840731783221478
0.3389931778959364
0.046737440408684106
0.9396799301953715
0.821567343213861
0.4463516560349571
0.7124778193757462
0.7394395646982651
0.45014584423618875
0.8430375253265094
0.3493211372863202
0.6143941328345904
0.2617209172879005
0.008749970517173633
0.02144697659027517
0.7826984864104595
0.057951374694109825
0.587713664231408
0.34550339932888796
0.4604943150827867
0.14715614958670942
0.04402197041573108
0.44680242720165975
0.3744372735018052
0.6638331860385767
0.30362239475608044
0.06777899159914258
0.5730662478656674
0.694483205382316
0.9936166640879958
0.8289203415449491
0.4190407557564926
0.2843228130125104
0.35026358990416984
0.44227177296758124
0.32610878082750905
0.7603267398750947
0.8505455908264963
0.7101545406479971
0.9963529334886632
0.4273911593927118
0.5265349480946341
0.2098671604788891
0.13984334350264782
0.16976407044807418
0.31745178670987095
0.9174940184215514
0.5777108763599211
0.5253690554671784
0.5035217257920797
0.539544826681008
0.9499921672934619
0.900917957867813
0.16160230696250588
0.8591941866984382
0.9926816795830623
0.33354419267246627
0.12675721870333745
0.7138840374150983
0.3202438854939056
0.16933568591470027
0.14135303526186327
0.09933576389851195
0.37942931200621977
0.9399380396251426
0.8288202334592714
0.8575893406708095
0.4621361547427367
0.5380219387398372
0.8126417656324606
0.10861678769753258
0.6688982271141546
0.6247818893672582
0.054465473350952975
0.7161396676238795
0.49398236812869845
0.5702033165450419
0.005839928517041515
0.0922875176448813
0.8985398695504508
0.9983873988978466
0.6173099115778703
0.896455919571505
0.30096022632071895
0.934867151770022
0.4253634384506251
0.9348586415773108
0.2298380869202784
0.1790603937209656
0.8963645140817815
0.5875516595453196
0.15147909424642403
0.07619056747241493
0.5232337162368225
0.8447560910035963
0.16224784506970724
0.5032285773852685
0.17279759194265953
0.34022615894262465
0.8740658389775546
0.9485808618008374
0.26639408973955214
0.3669170273548149
0.3120493510706458
0.9432764228639238
0.45998206678238784
0.9247092653329844
0.9205627179026546
0.48860021511898877
0.5197628702578524
0.6829178259518582
0.09077425349912116
0.025602419138898935
0.6129448500595227
0.7366108686630513
0.96272294852401
0.4681236479095652
0.5074277555614563
0.537496926583629
0.6865301533959143
0.43907141329826826
0.7425059587863405
0.952076126787969
0.91303821890497
0.3499004147045578
0.779766552287647
0.41215988095404077
0.5843344167486433
0.13634953927372329
0.45964322877231223
0.14797826129227676
0.6646577815347577
0.6733903497360053
0.3125778962559417
0.449320996672004
0.3825566331719519
0.6824600976589115
0.9799250999376248
0.6165147491410062
0.9242440256179533
0.6567556003903967
0.4609929256254728
0.20297608522182042
0.6336522038005009
0.7893347178838519
0.36297985882855954
0.6741040272407326
0.6104851221243058
0.5996767980824971
0.5290564747570202
0.7470071800181479
0.4285085943275344
0.006254083365034968
0.04051211042651792
0.43440254242209875
0.20143307135488675
0.05879725558453541
0.7746121272893617
0.8556771019909308
0.7857591066824363
0.372455059234411
0.3933725428313426
0.22835828950703718
0.5576529478375966
0.5250345462599879
0.38144379534618755
0.7543267174263797
0.13247799663996151
0.4194854116543886
0.7593955037991675
0.8113252103689116
0.2910025893205034
0.3775174625011637
0.6518640885846131
0.35516770651774776
