706600
0.923536912487778
0.7584909520377523
0.7404822717781837
0.28836359360585895
0.12503094138118698
0.5393981914865194
0.9435504345013187
0.7665516426672883
0.5019067909098641
0.6756869028366258
0.07068031722006052
0.49373242186055033
0.1277235822360855
0.8257114522152244
0.10244177467557625
0.11492172296745451
0.4299995342491927
0.9887050156631105
0.9770368508630896
0.01528614060218425
0.8345084623638055
0.3667579426902854
0.6479577375574335
0.4252701358119656
0.5385214233643182
0.4301884087594495
0.49860444879407584
0.4369918033821355
0.3280037092466729
0.03460007421120559
0.8897729384150072
0.8772896131774646
0.9299630710316859
0.9714907661433119
0.3706713892003741
0.6369747387248198
0.02982542000766286
0.9007702679233058
0.2733766394766721
0.05426185245898851
0.5116117664020817
0.1528554575810468
0.37162261263371565
0.7506145056500134
0.5766563196922372
0.8823090563213634
0.057463936750808076
0.35530844086607083
0.38793639261250124
0.45419181964752087
0.8869943140596056
0.7024834812091921
0.13964140421450366
0.5565761857564632
0.09642247893274292
0.9799029047501537
0.08500311442287112
0.7041672209648001
0.8126744972570882
0.2208778597109463
0.6577580472836515
0.35165765920876035
0.045522424410790685
0.5548973061035044
0.051311466854168875
0.05014556647024615
0.6438361010732061
0.415185980109232
0.11932994814197984
0.5409602712063294
0.6289934760342021
0.1536892361000316
0.23296996302996398
0.901932598406321
0.1438530696560919
0.6933812594102412
0.7020803167172477
0.3574294716461196
0.2500536910014106
0.9869338153670059
0.3475329456056486
0.33296445638238137
0.6382907099552939
0.7505050659736346
0.1160352759139559
0.5488027121634009
0.6515208750396685
0.6653262625222607
0.22251210927775644
0.026474913151662505
0.48823177871761814
0.6680220793433929
0.6791568393564473
0.2574765366131374
0.08149698826456897
0.8346028032878797
0.8531989834316438
0.7745665841148549
0.22688325063270443
0.15400586956466922
0.7845522416442111
0.05514953163669545
0.10090501650130712
0.19098049973939757
0.77507671991219
0.8235953966497628
0.6481841297447593
0.1891158770317175
0.6399872626287417
0.2674740816442547
0.9448772385041178
0.35996064192130384
0.5161184749183559
0.896051910696398
0.907968462339115
0.9908181707073404
0.9634497509654748
0.2269502506309089
0.13654928913530606
0.41991448962227607
0.4515330419931327
0.5128157837843352
0.40147435150830113
0.9636286251933183
0.3083320705417699
0.5254852557539852
0.08540683770315571
0.4542094414080161
0.5138052996238943
0.4061020489896381
0.2716878462379212
0.4843489769450007
0.04978196966062487
0.7365602282473982
0.7967966411052532
0.44029388730621266
0.8295476771975432
0.9936342640940063
0.9293371784016267
0.3911381564738461
0.7811944387657164
0.49453968076485677
0.24595850483787218
0.6182953065260232
0.699425315680883
0.450622334202726
0.42927456758686466
0.35885473535523094
0.9371136760714565
0.03808636100255147
0.7470380834967691
0.1805338391904241
0.15208749619886264
0.5937562997208022
0.24655936419510605
0.6215936929120939
0.3948189653331674
0.7475445456881015
0.44705488050381836
0.31653214494091253
0.6004592044603235
0.9550890699547638
0.807279760508123
0.6017439521291315
0.3342956246875385
0.9219986185197914
0.4563414102773441
0.6861783401048248
0.7386324790074058
0.6669282987382718
0.36444697088088207
0.8448256485500489
0.9915895903762992
0.8667421587998525
0.9258675018608851
0.8719942915751786
0.26366439393892305
0.25785220698648714
0.43698326061759896
0.7335754027774993
0.729730000105262
0.6858498935035923
0.16060992732291302
0.5792754522610963
0.8943596168172604
0.5283887326854657
0.5791418340904534
0.4825091248572795
0.48710183691360864
0.37004773484326803
