1075088
0.46565436593704546
0.8081648259710572
0.6195254043872346
0.15559526636594068
0.2610074715765034
0.6159102677000298
0.5370945430341438
0.3687260007694363
0.09225735285876702
0.014368694773933877
0.7422355711873385
0.7056070565676507
0.5790800475594823
0.6115294021199522
0.0989064683187103
0.897449319618596
0.43256739772209263
0.4428105263403348
0.2634149974611316
0.26171325660876454
0.39828572421142505
0.027239364008443623
0.2540133371938814
0.25755908729017474
0.3064204709449575
0.7180725330736203
0.6551259789391058
0.6057076824162574
0.2638775217732763
0.4097690946439818
0.6348179945337602
0.012686068280561735
0.9211995429982868
0.36341734385324276
0.6600096570065415
0.23446792949237671
0.4005629767373716
0.2558018081126604
0.03344927657927377
0.3215948465835089
0.5901783606550509
0.322952180012564
0.17863740422755348
0.6219201642813008
0.8078731626641285
0.7426322461426714
0.6624367427812281
0.15729623277027227
0.5646171858540056
0.9354588257299905
0.9997554650786628
0.9243111620294551
0.5933083436659563
0.9814427584735848
0.10288261304025348
0.3283875522883194
0.864391593362488
0.6298286550289998
0.0024364348050063267
0.529545992698961
0.09408696209955358
0.12398831513860242
0.9754809057775694
0.5326249079049585
0.5318289857011854
0.010141470999273872
0.8021585797535994
0.1358494302491895
0.9312970919458297
0.38123188120480156
0.3143703307951896
0.6198720062941453
0.3719386962719671
0.7747049164545466
0.42572643141154776
0.39211149250819777
0.9896960764098376
0.9277389005280174
0.67027031580836
0.11454844271114117
0.7928495346666522
0.5357159937359942
0.4860059668962007
0.9185654118613841
0.8965915998814544
0.07557616433697378
0.04297163810034099
0.4472867611143657
0.97060684347088
0.6562908113815619
0.11496620915172395
0.2814245032346234
0.6727109726223391
0.9417038871451046
0.4205114882182146
0.45666354534239173
0.6059964551326182
0.40959993434131925
0.2507482584922427
0.6725654834962594
0.49048324237544383
0.09331791151147495
0.16372143601231404
0.4046016522839826
0.6102444315144379
0.8485545668068786
0.3171794090219465
0.02458137247329295
0.24747937946593412
0.990673562252983
0.46681389147286056
0.926431504805568
0.8054349978384258
0.9863482002527825
0.36395944738490293
0.9767125349452795
0.6471361713877398
0.8784981691292724
0.7966970903346444
0.4941688957444933
0.040609031455186684
0.16000396759733082
0.2719939553055458
0.37977304829021985
0.5195105306077175
0.13848986174378775
0.2976301081651668
0.49791379238717626
0.26535673232014256
0.2750693204645457
0.4189086070456596
0.1394846797765512
0.07858586960767444
0.7369680861074007
0.6138195134898616
0.24280997358869905
0.8218705352807536
0.8828965339697061
0.9511862720594769
0.9702362091004032
0.8851362552303208
0.6999834726111922
0.7569688747789203
0.6360640388204318
0.08461387795290976
0.3823101943454107
0.4900270799631401
0.3183047999132218
0.7060147505087669
0.4603217869791042
0.9399454009966203
0.3376469214876555
0.6290725525548745
0.48072295182287295
0.5023905768591638
0.5920771896544713
0.17627633695094758
0.1955706435743091
0.2169843369656127
0.8600372652946747
0.8949889860266301
0.7513603964181794
0.9868312271165899
0.27022469512335423
0.46589338697709515
0.13697281844273346
0.7107732489469903
0.24421719216050863
0.2568862078559778
0.48086766236768586
0.25487124339131906
0.46194506445981387
0.09298210116180006
0.227836170480627
0.8600084732594696
0.5076403649525488
0.07815454589681292
0.8858553187468233
0.5054966302115487
0.19632526441583886
0.4021350328636012
0.5935978797099664
0.888249726216419
0.10814489460340104
0.5318039946755405
0.4707788370595526
0.3846961517594153
0.2811419246187207
0.6797023257897931
0.08225859684712067
0.024244409647764864
0.6148543985493015
0.48246594941268484
0.6630129688168641
0.9914619771373807
0.4146880558277205
