1381263
0.6909270820713208
0.2723106684101144
0.14864552227571193
0.05210130233873822
0.9856747788485442
0.5532131885013686
0.9466665950146205
0.10356904348410656
0.6686638621968901
0.9663040155980593
0.2715873441570026
0.9995531572234334
0.6369416870908896
0.3899802159885719
0.3698975919294981
0.27769943146343656
0.12414690511270765
0.7606453724748931
0.04788831534511173
0.6852783993425131
0.38259553615138153
0.0377933860388775
0.46614192240275576
0.0357325255756743
0.8364586445552787
0.5572974283106679
0.34655552751127794
0.17772079221481019
0.23796630720796808
0.12511490355409605
0.12291686855784778
0.39572989257706315
0.9039111811520214
0.9779322272847223
0.03067416709885107
0.8333713768711498
0.4085243164413336
0.8687775005856648
0.841227839250122
0.08047258171111404
0.15871156982376633
0.9579116371833264
0.46810879821534834
0.27020553722148644
0.34423374326525813
0.3225135910088466
0.831830848021969
0.1925829939401622
0.2878486913947257
0.5012758160210582
0.15900702753026763
0.24153975170173947
0.5752212842128671
0.047511899535454094
0.3601264953784369
0.5760582290437521
0.6449734352838192
0.6138068972756442
0.701958005969699
0.019726269635427895
0.39986908183506165
0.8547696300203116
0.9383747627690733
0.14575892551808078
0.6096426844717212
0.06456852211320885
0.08956664275713455
0.09187494694515908
0.5449643762018737
0.18779238561975675
0.7632448068550899
0.25184503364588895
0.3360690100491116
0.9459078725179687
0.6480035820019571
0.2905951289302824
0.15688592455362738
0.7478114530100137
0.490824837727299
0.5078773474042172
0.8725776779288825
0.17830980328917267
0.9276658429493274
0.4493483934404354
0.33656302297259855
0.9583770028358946
0.933304330208256
0.1127373061329684
0.6672009761956967
0.2379619377621517
0.6811628548226739
0.04063264809641243
0.7242845587891853
0.030776267859836115
0.765479613633554
0.6946772178586637
0.3646470026823201
0.5401915157459967
0.3812453896182021
0.577356412991486
0.47490624658546476
0.878667938849989
0.22599097142614055
0.8552670130723927
0.4638162671067655
0.28816671910256353
0.3579258070981982
0.16782408367447355
0.7711115630996971
0.6552610142090601
0.6978054605704571
0.0733245088621598
0.4635794630315333
0.6104521782921435
0.4953786808766808
0.044102211607260355
0.11245937881119517
0.6329004531550259
0.113366429350923
0.6926484573686895
0.6119703459387361
0.05982304365784086
0.6181298564753921
0.709302124496497
0.3937059074393531
0.7926394061783549
0.7167608054031318
0.34316196792388864
0.3291415209410822
0.08716734761818523
0.6464897631883582
0.738858619221787
0.9439939085621729
0.7805654277087057
0.6752893449498486
0.04205984344764224
0.8247821394336204
0.8636328020663097
0.6888706028027491
0.9868504984937148
0.1907177171159351
0.3385066450837272
0.12783198297925702
0.34182333831743683
0.10533330713070299
0.8237478003535939
0.009642867561471147
0.6784363814161407
0.7984364312439945
0.06380270992575021
0.39625177232608955
0.7386701861393798
0.6844206587755011
0.8238548334646502
0.4495375881703747
0.6715043161244814
0.7741312431323054
0.09332644388177214
0.0967776144173943
0.4402641380117205
0.017871105404499432
0.03998351669536926
0.47379959247877435
0.752331475115714
0.6556295241450864
0.933448378574566
0.3101453783654031
0.6892525943738382
0.4547077534517866
0.24752105252245715
0.2349420201591701
0.36792362621165287
0.8041297790482741
0.5087924367111117
0.915409792745199
0.31809933213211794
0.23739166760647235
0.3348588939944842
0.22281321576805857
0.9543239793973648
0.08366558897080456
0.23879036676797538
0.9725315758367351
