794091
0.17433719188388175
0.9898891011852332
0.3850516118188867
0.2581866704240068
0.7103737113830301
0.7055731802869605
0.01613230308824065
0.09175278511676743
0.6397525248346924
0.0036308577221344507
0.2281372114129937
0.8433437685827109
0.05025819255492803
0.8902993469030411
0.17844233216509164
0.9291405669480407
0.7097836832979322
0.2861634318579289
0.44275650139705525
0.7895801165936207
0.30304975088004715
0.02885100146150521
0.3956235585013599
0.9994538296115424
0.7638651200855258
0.16002338929192783
0.7520356638672661
0.8316128294838914
0.12702437447811743
0.37310379811339767
0.9407448296604425
0.9457623275267323
0.37651120239842906
0.9517606654471108
0.5445620645055576
0.20275027969346882
0.2173441631468298
0.843198736925354
0.026109856570386225
0.10008807711630319
0.9665382405552471
0.6359639139792395
0.15837375600818382
0.7677329161592772
0.5206233750107511
0.8833735571840369
0.09945191077411586
0.3072556001902379
0.7272535978305472
0.7735786258180606
0.2513512099038707
0.7333650763445063
0.8765156672493176
0.19090960089223807
0.48044392548195025
0.9097583976728563
0.028747119691193146
0.09687588189912977
0.955180863652468
0.5621186295605944
0.40656689214355024
0.4981541086415211
0.220359317584914
0.3948326542275682
0.742442028180911
0.6125068853934316
0.9438590166108046
0.004979199020086256
0.1448567267308315
0.12078168955243085
0.6124078554627215
0.6012576818751194
0.747188426759549
0.1437884480258117
0.5591668455412816
0.4343777916904743
0.6990136086384502
0.8633927545275258
0.3866637103982524
0.8472524293024076
0.829222647595949
0.5279358430092304
0.7294731784623201
0.39966473752977727
0.3419058571887734
0.9047809131665375
0.20694058153827233
0.9403988363539391
0.682053554412329
0.9879519755954264
0.15693872833464484
0.263496221871097
0.991133997852581
0.4253926618545123
0.6010882218859916
0.45614753522088214
0.26979516488586885
0.36684867275440736
0.6917865888526963
0.030351297656179832
0.9823253045240032
0.552620404615972
0.5825280291426852
0.9009480083308231
0.04224506239600945
0.48939207023656883
0.5324055857913459
0.1345748970824252
0.1467417551238671
0.4854095220679905
0.22594731145994607
0.785523378601207
0.2239021271466075
0.962859373083819
0.5474048123382647
0.5818702511679866
0.9754001986133966
0.33215290052456725
0.66337157333458
0.5315390838746162
0.3001335494889391
0.13773753750539997
0.2846948624333977
0.6248482303859944
0.8047707196127182
0.30871085097455786
0.13073251421398024
0.687496537861326
0.2595066683907047
0.9291843847524617
0.08939169227295185
0.07231354581872174
0.14134796297116037
0.35934420033519987
0.25148057807065805
0.5950123207603236
0.7564328426830828
0.2607377531767461
0.14156610348956322
0.5195614592397093
0.3512502095767527
0.5991530138506982
0.24171867772710365
0.03608321643851842
0.3875615354366332
0.5572909259125427
0.8651853549317152
0.05499454503067458
0.8475949925369716
0.7236306828539549
0.05438055350202875
0.4295445985035763
0.12884163903452828
0.24170480521656978
0.44455072158401887
0.4728339762184123
0.5549216934940032
0.15848172058459709
0.4245160535856711
0.7625373790128924
0.9563895572916333
0.4538125195350331
0.697722182683408
0.6635831215626453
0.8921891825882594
0.5803877096713939
0.6084693503900588
0.06599055720861569
0.6962100284521655
0.029976299852657484
0.30385964916834174
0.7908231626455832
0.021665367062917218
0.220203485638788
0.5556409614871595
0.12837417188502387
0.6096832154576867
0.8320236124548548
0.26160669598050124
0.5942064099742914
0.4822166095168551
0.5673072173013551
0.003429731899318278
0.777412126193964
0.6312125079747659
0.6677256911904931
0.05865362073516267
0.19326571374825718
0.21156389714634782
0.6616510527597336
0.23147672892923266
0.3751920082119
0.6506368398447625
0.8777746460865787
0.3716746407006706
0.38375482931385874
