2462804
0.5794694458034749
0.7962846420382252
0.988248005957171
0.15173315207847038
0.5412154760427536
0.5563641877895855
0.33116599583154793
0.4220148550013143
0.10764797053204433
0.8809734273883862
0.9273529563266464
0.3464822866705649
0.6975789383960223
0.7377939536479557
0.9117956413110297
0.23516396337290235
0.5022609748897201
0.8329426843125335
0.1493449930747175
0.994015681979042
0.11925621974059142
0.5607834823664709
0.45459468384290114
0.018641721189456284
0.4008371419987602
0.2569989189494398
0.05637054204067449
0.7449207229668762
0.4263341825801412
0.6833460442010602
0.782036764821336
0.7778216227601599
0.6622316710758067
0.46342413624900325
0.09408372481682381
0.4995865240362465
0.826707771759917
0.9839064626566405
0.6696010784741419
0.16270563576816166
0.18134489975844403
0.18040735035774969
0.06190481145391957
0.5253795579587413
0.4988946100693392
0.4860222027206582
0.947539334167672
0.3983055029252097
0.8414855353311129
0.9820644344991464
0.9994864067704969
0.6802881148860612
0.7987811381584677
0.45564403391172936
0.3327567782043662
0.5594455057534345
0.6240807808695057
0.834589403345001
0.31099096263085746
0.06927036535287368
0.7248720198112586
0.10946137696943692
0.2860081393658871
0.20287438552579906
0.1858579371749176
0.7138119649702508
0.4130731948760601
0.41885495206357237
0.9658846085967132
0.011645419879279362
0.5300380516416997
0.05624933644953767
0.14350563661216198
0.5699500865389969
0.782736467668961
0.2743178212726197
0.03762185992800837
0.5062558296367727
0.4699561949929292
0.6424218563319068
0.6894831173994237
0.24686557441640677
0.8451783447071805
0.9794747599343856
0.4001543469057477
0.6642094385974011
0.6603114499307231
0.08081737269158973
0.16993886514742684
0.30640287141433487
0.767128651126034
0.6145261907706979
0.11597710076679835
0.29773945390607215
0.0933501251858897
0.21836737700536035
0.16001783681498694
0.4154579297897434
0.1823474844133508
0.656543451465483
0.061782206939425155
0.5227040436527507
0.688393730240597
0.8003103160098914
0.46033277040407106
0.29702083476109276
0.7556026597511436
0.48686125767664645
0.4841752827469431
0.16580714982505995
0.8223346931437813
0.5576073251295738
0.45693225586474384
0.0033070499104174145
0.3432809338375945
0.9195380520914544
0.19651450270364468
0.009906510300011329
0.8736189258407068
0.24536713156954304
0.16958046695827467
0.3178107252142208
0.7284007941416706
0.05234961394720605
0.8267515500279369
0.4522795341567818
0.23721797618608342
0.42992970298556754
0.3631760393521213
0.41587309308040143
0.3964164852815132
0.37227069744665797
0.13518770108383193
0.4407054251255854
0.09703981796863115
0.22856150645629214
0.5869949514182436
0.5293758425788667
0.1467206850545969
0.06253170587761636
0.4373990002080267
0.22807110439118417
0.17090603538522686
0.9827813853713886
0.32601895633105804
0.38830963207782154
0.5280522393904407
0.03711085863254682
0.4399671410463065
0.08878861100723756
0.9739302496581085
0.960268272272299
0.1018917947908724
0.018731954168361153
0.5591071172812059
0.14784959325833436
0.3320871260433298
0.03988936610916205
0.5957173790904142
0.7526656329872418
0.03712422282206951
0.5368826654196275
0.9725337377120762
0.3731610307928832
0.10354220584189922
0.8923545916554715
0.717125311691094
0.33295756503190865
0.7288515847260182
0.9314749258264894
0.24495359558999164
0.8472762254360129
0.1852966254411107
0.6040183650718488
0.4380690770235096
0.4983466696244453
0.8191854589781773
0.4643346883824845
0.8911470524147557
0.9707990546608769
0.07619018922998455
0.308265921267448
0.4594455775180477
0.1818400378405266
