536591
0.2960079959294263
0.4194135330865576
0.1752660265229109
0.7918617879949297
0.006150967799776308
0.4329377425745715
0.28114248540841524
0.14988312922478897
0.500716609200815
0.44290327712477606
0.8386819180840314
0.8636342175764595
0.6777034903248935
0.6466733573069262
0.45835113107825864
0.25543095425628926
0.4039229851177796
0.9979518815296662
0.22546096095721446
0.5876801416729274
0.16323783025358518
0.38406463120849654
0.616534667624875
0.02615377811574715
0.3098722631330889
0.9903821713530648
0.5786990840540377
0.17942495045303208
0.5607501529273775
0.7284316869425081
0.6561208609684279
0.7134466710175754
0.5607782213252699
0.42956008585692984
0.9557077426574403
0.43849499422269955
0.29755040980210634
0.5912631226663781
0.33001887423151555
0.9807511958100309
0.43006619152984427
0.7099937646751767
0.8111030662815316
0.39272923665621173
0.16232625205954487
0.6618588856609996
0.01707959997627173
0.318078924544252
0.7501640970506971
0.29426062190356006
0.29809596220547674
0.7075236858052405
0.6202993497404701
0.184979202380535
0.8108786770470869
0.04644261372830538
0.6017906409869442
0.1438452077365805
0.8997376208404745
0.26611703513521345
0.24946815504940023
0.4682594192019194
0.5426640693548364
0.8287421745823095
0.7057472643937571
0.39067079963668006
0.44386807925025107
0.724363039560287
0.1548261765706178
0.682409405062733
0.17666207054910943
0.4839689041851052
0.15406470257229066
0.5334852953304904
0.47645800284715745
0.21047332889847692
0.14975068061641406
0.16832850155393808
0.47712196825306774
0.097043520147443
0.6003662471514181
0.39292468793737934
0.8117702269259344
0.8182546899762865
0.5075294917937722
0.6645951274181899
0.11395460742367425
0.2676962094495874
0.6833789105307123
0.5940918996758897
0.2860387836646501
0.09722647303781207
0.577946668097677
0.2844733009792053
0.16811521655243744
0.6054986838711041
0.903966623248135
0.07082751382854569
0.6049365349087559
0.4747391472983008
0.7117097547136612
0.36820794526870926
0.722278317420294
0.5490728018321024
0.09257073535629856
0.3497769041622246
0.5994378352705951
0.5590248523493848
0.5721361329669897
0.7761780221636678
0.7209219021837162
0.975912212852541
0.22617783168617622
0.21821667199774963
0.8008857906414952
0.4177561960320917
0.1185896974030427
0.1562194008836455
0.27724439420995584
0.5110491039433483
0.7717829231120972
0.36003596493930345
0.8842067928953212
0.439967597811439
0.750501145190126
0.2623526263949385
0.023144496995942676
0.2945413415647543
0.4850835870606951
0.34361159275820896
0.353370878944657
0.3336057659424081
0.9147015724858608
0.10964710029937197
0.9357954672129306
0.09176401787153454
0.022180186321997364
0.6082565187044331
0.8141178846260266
0.9605511084180076
0.1483521169143055
0.679255061483962
0.5412322996188058
0.9427217367671626
0.14956289057245264
0.9565719852289202
0.5567893513936728
0.5188685119099684
0.11630945734680609
0.7379054429161186
0.3958946033266575
0.7360714285943453
0.8648773009254762
0.578800591436307
0.8203114330434333
0.7016464202577117
0.022227166458935632
0.039649553185209685
0.27330879428525034
0.011824768288845489
0.9336594723669241
0.27133412071836616
0.3072232395950094
0.9026610657355704
0.7329869228721361
0.3912261195493887
0.9585367158674358
0.1297551393682207
0.4651491015015181
0.39710770581093335
0.9712837513124394
0.6745124080043825
0.8937662761634962
0.07317158991184425
0.6662368072728928
0.8614455673505648
0.020009549066134613
0.03118583914870332
0.27814069118634455
0.4350940727158428
0.6663272446571487
0.7298312484719083
0.31416248497220767
0.11355765452205424
0.889753833566739
0.7708455162483834
0.5924611447835121
0.7244580952007326
0.6942074978582314
0.12663959788110957
0.2739722068298782
0.10442542150091216
0.033133332766883794
0.9682659611459346
0.979003982839128
0.020062683753052202
0.7944081019198274
0.991923988847419
0.25158652301318996
0.43878068259732705
0.7661209121716659
0.1287361347957029
