996069
0.598384160608681
0.7318969921139565
0.01373692479256483
0.2196699832547262
0.41376702726567494
0.6952752856626527
0.3889963568187298
0.9920789092708148
0.7810632626262163
0.719332905147617
0.09452594486473798
0.998716807158426
0.9589661795568507
0.10800854665498338
0.4918723093174421
0.8907568148421667
0.3838048841606141
0.9007177056614271
0.3091698834459079
0.009617840839177272
0.6162120246740702
0.5693148159601952
0.9727936817964261
0.35635007580935507
0.12075756550531502
0.892031975426807
0.8541631191289142
0.7449265423528987
0.36191185581595087
0.01678266573116638
0.45467852477976456
0.5936086994392865
0.8351928949164807
0.21795613055592
0.31130648617724066
0.29173328513451846
0.13865263378366754
0.542770387629226
0.9015121148356287
0.6303989769487387
0.421142247009472
0.4427741759354177
0.6937263356532162
0.19143029565449554
0.02829514887203466
0.966551603119976
0.027602727189813048
0.569052939029659
0.6469575669215745
0.6279918175135545
0.36724307781222787
0.11785489315501563
0.007086418424075647
0.4315351849574349
0.3947422617325007
0.060774372807213206
0.7529427200037971
0.8702296971852326
0.3515326204515845
0.6665180364314999
0.4857271237931845
0.510303358580164
0.9286230730136401
0.1426808518375544
0.9770741140623878
0.6391413710417282
0.9941166029847267
0.9900053055877068
0.6843250740169684
0.4309452229196804
0.766457275671474
0.7358031040871336
0.23124050837312438
0.21191627008689928
0.9658130056158422
0.8011106488683457
0.7672974901523466
0.09176332589239355
0.761679865963578
0.38946527889607774
0.6036583062362469
0.11629993388745785
0.3093691796477207
0.2304907605819818
0.14457672576750957
0.06720660998023442
0.5438846985802803
0.4337219077860348
0.6447374850636366
0.44709064926387443
0.3878285544422745
0.1477380147319951
0.36794022909149127
0.6080603485196416
0.9576489787073249
0.018063489807737976
0.7062516361697804
0.3266829452434439
0.634203557521405
0.3375815744216796
0.2331837369487446
0.5219807183017336
0.936410545631352
0.4387805178390036
0.36305970521607633
0.6077647033040601
0.8912560075780797
0.3512149507261053
0.8146970994672378
0.993087877775227
0.7638868711877026
0.7366538536162367
0.8795262234361492
0.039638260024638994
0.5830171032764785
0.6050095177457652
0.6752834743869067
0.48777228785886617
0.8561604011354143
0.8029008596794165
0.8948021751485673
0.12137316567714429
0.32210718751861256
0.43460249334485157
0.23901460083534065
0.03521655599310791
0.21452734788381
0.1982187590960487
0.23617449530172474
0.919470478742276
0.7819331453999289
0.5709946079759257
0.055901479783839636
0.14975060666057438
0.5028391269041419
0.369133613140064
0.6204913877832751
0.5260328755445569
0.9995034713980222
0.8914900002956663
0.31146137616398994
0.5930339746559389
0.400071324010163
0.2734408874554809
0.5661861788621391
0.6801389640444796
0.36848296039376627
0.19714329774227535
0.8222574014144916
0.11164422617842762
0.33093427894520444
0.49888231583547793
0.5738063207804492
0.8061072749018902
0.026713082019188317
0.36054073076862914
0.9109781141453678
0.9978811393448215
0.22891096634348218
0.7726009767820683
0.9729132762124587
0.4986628039353973
0.03715729864083328
0.028280283152214203
0.8308872174109577
0.5108962949448692
0.648614928726703
0.44342621949496897
0.20676462935593531
0.33310971919032994
0.6537728909431959
0.5172224548553198
0.2584202163763205
0.5979595019935715
0.329185652981302
0.45665306097415703
0.7210909588696832
0.19887246673678483
0.7585747987227279
0.9637525518546216
0.9471337367193748
0.6227494051294701
0.8640142385056603
0.7405256007701292
0.652320852656833
0.9306277638197712
0.5301463347721553
0.27005648495610446
0.10209301537202031
0.3491287434125999
0.4091869318859058
0.11034002622845251
0.3842459489808965
0.30183241287800333
0.7125057636058694
0.29595721185945245
0.1816427644141606
0.8302464134190951
0.34037048109726453
0.7257657791144263
0.1933372588156036
0.2731417223001106
0.339558133565098
