1361865
0.24099467267161745
0.7265652731528166
0.5967454350324968
0.524015505661316
0.5572635308637622
0.06431975830162084
0.7250963080738153
0.201455106353153
0.0036779013215212375
0.20630755708757986
0.8808444543154778
0.447041834256397
0.42647382010671797
0.694784598132874
0.7608738775122883
0.20650563007855527
0.766821969521758
0.9547344820673905
0.4725354488778326
0.741399367551776
0.5274238494263684
0.7128448139949105
0.6466945238230468
0.6909724700902958
0.10549831384771202
0.5019046356043216
0.4197430840472861
0.7430066676858443
0.0660966729374266
0.5309297276488624
0.7299235081486308
0.7246768375863274
0.08914162076976251
0.9894944684383208
0.12386062398654574
0.657094812878647
0.6580178746127763
0.28685036091354443
0.6426669318506775
0.9153545888753615
0.5667729844203482
0.8793194809732477
0.46252352753617165
0.3406901466270056
0.4415344275169656
0.10905687538971764
0.4068945218839112
0.6201715095409033
0.5364727308549467
0.14307957395646198
0.32074547539673204
0.1372696086958497
0.6622728645236617
0.3467132822792045
0.8772057229394065
0.2721898249852466
0.0978288355647734
0.33395342157513663
0.7804741642925755
0.012907590239846889
0.13353190058514264
0.3458095147064959
0.4877946266230395
0.3736990840132154
0.19537255312597368
0.5274609928364596
0.7439396125243856
0.5404689335606258
0.5239288255120896
0.546670317914349
0.2512940589582652
0.11655140706113509
0.5603234204831204
0.7106055091483093
0.8240789287375719
0.14484912147425033
0.5310949122669073
0.9674270891298351
0.018710338053904985
0.17893307051381901
0.4418961756219332
0.7903207179178624
0.22052811218816837
0.47110652768767336
0.05357569212426683
0.10069871121057161
0.375591817517949
0.1207877822358544
0.7512393778047857
0.7219339467626321
0.42046800745652024
0.020200701576996938
0.3663672043923326
0.9064197317059464
0.8080929432769995
0.25727633069727684
0.20913591863720715
0.7054282178876916
0.8312769674757505
0.8429858380485329
0.5271427028689089
0.803847916849829
0.4470181693996508
0.6195415634800799
0.2546210218368573
0.09993127880390384
0.8307251399822675
0.6998852084472809
0.05024319311757708
0.6837360736888081
0.20836365704267978
0.979311163391804
0.20131543750429992
0.5581670139467056
0.2280727181033192
0.25232722727187495
0.644486978172145
0.805938248015922
0.40824266718953917
0.38239781480631674
0.7992104341432404
0.6144160472754672
0.7498742087497761
0.654783491736235
0.644573243187064
0.08781891067674286
0.7385686246548436
0.3283853233859695
0.1745007619084351
0.33384131560313757
0.6028096506406624
0.8807129861684428
0.205667532122646
0.021130741777612982
0.7039259965949037
0.8706383903965662
0.018039458957899268
0.06564892492847618
0.7795120506520303
0.6772021367848362
0.7851072805006591
0.797081277698909
0.24811954207129838
0.5290933831062044
0.9620527568974651
0.4857208955444863
0.696848428336003
0.5790559615187529
0.9939493682228682
0.1902061946137401
0.591276932353767
0.15487985955576378
0.53437949432428
0.4040440083303405
0.3760451191918398
0.4094817694936682
0.26833878771558517
0.22353203536952082
0.8738292643144085
0.5055853436954517
0.407587931846881
0.5423395721989894
0.10474254061176136
0.01460094070586504
0.7498697916853021
0.45624715888751965
0.11993293152334261
0.8973907665258527
0.7736000985547095
0.18999489281945148
0.9019299464107835
0.46695264885781584
0.49678430570065646
0.7329069143800349
0.6864393741518031
0.7219657419465644
0.26401770666724145
0.8025137499224089
0.01454098725070141
0.17960632444494673
0.7360330081426347
0.7523030786924345
0.9923860790487848
0.6640274132063751
0.811739951887938
0.3899230766903151
0.36833683927800553
0.06004195104060994
0.2212864631162279
0.20827020322579004
0.8972914848298457
0.41931496964062
0.46629862587795035
0.21365353352343608
0.5630794376063338
0.5953247883873852
0.06316113210386609
0.7518571528961161
0.668694674959069
0.8770541606815728
0.5316043961648745
0.7932462357872958
0.03125561327954762
0.15941099227154254
0.9961881654997625
0.48543879276053026
0.31625311125018096
0.07617237980690039
0.5025711269272294
0.823692521669187
