1054151
0.6201089593950845
0.09928384716034577
0.9790410016010352
0.7549982542988123
0.31715747366473
0.020270527117426163
0.4451318285953936
0.6409658880413696
0.13721869118971253
0.9550114670213746
0.5430266985884084
0.163834298538036
0.2604049242572777
0.0629784434455476
0.49622015860168456
0.5982438099268637
0.0961110762279167
0.1408399112815254
0.3888690645303703
0.13379674428832022
0.3585701201020659
0.9029543960368441
0.7989540314888433
0.3056720095597987
0.1474949801577896
0.44970554922501516
0.3085883156413125
0.6498532264287826
0.9898063001248689
0.21386223896390832
0.7976183471483265
0.7892455525280451
0.24095507155181917
0.14079758602905212
0.25003039280174555
0.300849517680823
0.8874571038058875
0.25773624486366553
0.08476706633551523
0.4290970765366904
0.8116051167429184
0.38689788260699864
0.23276796858521098
0.9391183062885177
0.6385052099432369
0.41533639744950235
0.23590029578254912
0.42163790510062893
0.7127038045197874
0.7912171935104473
0.22251830550945007
0.1709844882047753
0.20185422517539575
0.9716411664019984
0.45810610559290643
0.11784690590726676
0.8415323997712358
0.23802281827638605
0.9645800783541255
0.918320476301165
0.14317962209180257
0.5860602658881904
0.9222739771998154
0.9684643200940157
0.7346003900925759
0.31799215975759243
0.3379017378415976
0.9358046443439796
0.9505139142756376
0.7539944477863167
0.901659002041255
0.6480432154463802
0.26678576093220985
0.038673582775407334
0.8148633670389649
0.2697732195198743
0.9023648896189101
0.11460251842088143
0.7691903482582669
0.48247783555317714
0.9942188008615719
0.7842654750400638
0.7070695568042832
0.5899997655554151
0.6988106945197433
0.945120498869909
0.9056453594131866
0.10479291274716063
0.36323502747762637
0.017918336794385925
0.11414167081189697
0.8565872412719262
0.07839901196001986
0.8528379060378299
0.9725223450075313
0.883078076266072
0.7831433982262019
0.724653429624086
0.8299707342021989
0.11237930494772952
0.551376052644093
0.7355267784171363
0.5111022932421095
0.8676705957177516
0.785788996949284
0.09509998883509285
0.7734880760554025
0.26496319287860226
0.7977804077323621
0.3596569975056543
0.46258587561997133
0.714376679609362
0.6268047370049206
0.5794270259644851
0.604926836433318
0.29516738634490414
0.696449295900151
0.62130413270732
0.39430375421864017
0.014545938973745232
0.8224696639681717
0.9443597618125658
0.0469756706383615
0.7732239240236027
0.046664058550538234
0.37438715920899135
0.730990162499662
0.7398279987650506
0.5376417628975334
0.572995042141591
0.17415238082950024
0.9113053603847766
0.6861704245276028
0.15424964837667787
0.4297433505671193
0.14869003194253938
0.4768826506894982
0.14214406732406026
0.54583373800548
0.5821338006180786
0.4478144190037884
0.5019151548826549
0.8473451826621731
0.24062450163900373
0.08424751965525257
0.4903483713424267
0.3662960424243207
0.3404334052396104
0.13860915506139204
0.6307825517836777
0.42397141331270694
0.38833773455745724
0.25751920128327754
0.629352750275191
0.07590076616993013
0.19019861193233634
0.18397628201218263
0.41701575655130396
0.9332978321652079
0.2775937186364532
0.2005778719003346
0.826328805408384
0.02061109106139647
0.49180380026453363
0.184063638074498
0.5655362154194127
0.20300810014210924
0.9351331343737975
0.31518586232968304
0.2125973878015428
0.14828431689592758
0.5366181799560674
0.2543903616354044
0.8679128052783789
0.5065805562853138
0.8441079221259982
0.2397363674183971
0.3103963456750105
0.30475454055311857
0.18630728530749985
0.05325359470644986
0.027640635744407116
0.014781021099975256
0.4841300001615133
0.317329049999196
0.022170896574854715
0.26320076112717794
0.8360046145385498
0.6394247588785089
0.14068936201124804
0.2730671838256806
0.8569236222676487
0.709225350917861
0.3888934152332465
0.436098193300116
