911531
0.6582575925772266
0.8162057748457577
0.6835044175558663
0.9424874012888795
0.5245887977512733
0.7428037876044374
0.20845612738183084
0.31970353149729425
0.9251263856607979
0.9717793301204197
0.4195395481789961
0.23244373584153344
0.8770056656427585
0.2919485950178816
0.6659499782606335
0.7063541363955871
0.342733332136669
0.5349845101239723
0.97451019238633
0.34373610183042136
0.2730146463111469
0.12301865878863782
0.2660853861795103
0.7760766158901379
0.09935316558685214
0.4173027101085187
0.026706839485184153
0.5256437231719419
0.32926431142002854
0.6969320987421895
0.20953379551301177
0.3728440582095506
0.4470547764344994
0.6405028132231907
0.5820482509582814
0.49091718454503863
0.40265866212272783
0.45147198798240196
0.2735205227250669
0.23088197228217433
0.4134236316611747
0.8153249949790018
0.2517083246042191
0.6330024500609587
0.20520994782998003
0.5119199920148709
0.2735486401207081
0.19095161601333122
0.5414503074650759
0.9003458901379265
0.7072207673609647
0.24643910987126283
0.06650733611565052
0.858664946917411
0.9687286649373027
0.4252543750307487
0.7144813975635315
0.35868778885448793
0.6242400223109141
0.3548124839704808
0.39241985320573836
0.37731940931684294
0.1349320321605736
0.9408784924488123
0.3512657388879087
0.7935953696677243
0.43693800994342247
0.9105513950128415
0.04018458097367661
0.36496124012789544
0.9572070649210097
0.3270874404891929
0.11569407579171609
0.4669750311863038
0.7497432099323632
0.2897548077453076
0.7697504420263145
0.5480411564992607
0.14976255331255806
0.42007121549785154
0.36622585606352454
0.6493817101382203
0.23779571786029619
0.21326361001636285
0.39523191891960185
0.13534569588994827
0.9283676614215789
0.05739525740894358
0.07419299131348078
0.24670964502125026
0.16233877593052126
0.6093099761039618
0.09133895187811081
0.1507787725291363
0.9466418479984455
0.1144653375534086
0.4871366140047416
0.02963828874273433
0.37301696553400543
0.37522926395963263
0.3603246271365661
0.3328568469197639
0.746749211983363
0.3158448741876335
0.21076214546296546
0.7668133530918866
0.28148557250553974
0.9132840475172537
0.01831182376139906
0.6721831424365546
0.5675994983044352
0.33957619624299773
0.9435444507824586
0.5191092483203658
0.49821898745979065
0.7071059900389983
0.7480134400486245
0.6680976350600001
0.6524430253771482
0.025598938200447785
0.16870570141275976
0.6051144746471925
0.2676693521610004
0.7243850641773233
0.9101130843710673
0.415297569835301
0.9060422505822405
0.04818394615188104
0.9238865808239096
0.41800727318354247
0.7233237718449266
0.33033362910187536
0.5638062900838776
0.15571336483403253
0.8173405472304979
0.8186013232970474
0.4219989646195228
0.2505827412031567
0.7268089123124449
0.3464247270223867
0.2539154006923985
0.2937920680844277
0.33230954567443594
0.8705413747413859
0.42482972214044223
0.2483168778884669
0.01988537666985568
0.37326599716125974
0.5415558464826621
0.5211949959882965
0.09045985190068906
0.20860324794838614
0.22732315090979882
0.7076139727780281
0.7678025427642075
0.6817533943858184
0.5775359270239309
0.7188467682418633
0.644695850637982
0.852163647643058
0.9739445474856432
0.991628180508472
0.576946603261468
0.020887085515039594
0.0035772217133919204
0.5089701532815099
0.798266789972797
0.9898767836377723
0.8349159665841411
0.5581879228662904
0.8016068765870212
0.5873251495946111
0.30317118396766185
0.5954358215478377
0.946381093750816
0.36124065232003877
0.6244477229329362
0.7542780006810292
0.8165354283536108
0.5441424949785616
0.1311909027886412
0.37087748558890776
0.40379546632138996
0.6760711381877755
0.3649221035794096
0.9889178475882183
0.40283499415178214
0.7606895751696844
0.5161325286717388
0.9071061577240608
0.49099781518492225
0.914846369532081
0.27372849162418966
0.40583509244044225
0.8703026392671562
0.004631396433586343
0.3821486069993898
0.49010093565006296
0.35961289890814074
0.04892910927558469
0.817835455472054
0.48412206660933355
0.47930304428338855
0.8389270028045227
0.9366916127228981
0.9271706373363897
0.6950001266460726
0.23118207413384795
0.7895108871649511
0.3430491671491701
