562680
0.6559898753507505
0.7202187727653458
0.9959171239034567
0.39499833911291393
0.1905850017669085
0.8901205714042009
0.5016940384618165
0.5659632031522773
0.5483647723546408
0.2556664198024474
0.036818736223982906
0.24044289098346616
0.20684822553670867
0.28781325387324397
0.24037362714438903
0.5350834906138457
0.4635397855643545
0.001636121404861579
0.004573467242982021
0.9238343141749489
0.7971377682627601
0.27397571849504765
0.9919039480306829
0.6658508101010991
0.8235094113326775
0.5597163331280782
0.448415251905555
0.7654865306087867
0.2571979836246344
0.565501613943301
0.12132393168936118
0.5922869687246579
0.9586763861652629
0.5776005487813408
0.446818550528874
0.6120451809659267
0.8878047811268547
0.5666977840139193
0.27042621658438937
0.2025842539435605
0.675828784449224
0.4838617872848502
0.5750103763178385
0.9164142238352421
0.8038680366366775
0.5162902170780713
0.5125529389725088
0.15537137330632034
0.7952327644516398
0.6708353846147082
0.7760788420282413
0.04287963679495932
0.3999022141968389
0.6395839623977032
0.644580327552117
0.9277320939761784
0.0955700163105595
0.6330948764857735
0.6146435754591139
0.3389669936500419
0.45274236320960926
0.010139499357844084
0.00770662949631673
0.5841269692129584
0.3194039271394389
0.6157507482607301
0.7487931522567949
0.629707414392793
0.24799679863880697
0.4167680371356539
0.29652194956371536
0.40925964939693393
0.5714091194673074
0.3282798220099582
0.40599726367706634
0.5521449079077259
0.9921057955306445
0.017805341200132108
0.4435485080866136
0.3901030329140771
0.47172340111702005
0.05805030589586724
0.9717011791828203
0.41009583830814056
0.0322109213958407
0.9462772046907333
0.7539341885594448
0.8986838399589357
0.12880961251545775
0.3211966554367095
0.4332687355925152
0.147498056115007
0.4559871052365948
0.8495535397472531
0.7243117538591749
0.17363340716241837
0.5449311598461766
0.5297033514451689
0.10016622867641534
0.05159587146836919
0.8511970215497875
0.15655225724524968
0.07875353682061537
0.9243283539372936
0.899424226192926
0.8365158730028023
0.16815801265690433
0.20957490338445017
0.6481568815181113
0.5460042861583793
0.12496386858308262
3.579875952913758E-4
0.917612437764086
0.326478457112199
0.3959456223192698
0.7000325997718897
0.743404060936723
0.7449528446140378
0.042044975246351424
0.6614815797975252
0.38096888821113895
0.7102965655981641
0.7464522451841082
0.1055122502142436
0.708321508601598
0.39872999158626543
0.6666486833082997
0.683763315099546
0.05767722382066165
0.5975459515000004
0.8029621130095999
0.19955060367873867
0.07659172642511691
0.1469373534408689
0.605795256877319
0.27280020394358706
0.9327317170739521
0.26272610536848184
0.8108677020719146
0.5638373834675712
0.6704436849021613
0.0032422949450030547
0.4366188484602491
0.4950187181299911
0.5346653612163074
0.5375274754633241
0.23005839328048405
0.2318591762143294
0.01787750739421623
0.23336988007813064
0.6794553179934155
0.5908139441421456
0.12886972928702645
0.5456105007562321
0.8537908293134102
0.7562576407871476
0.13864470842684318
0.7212293071789542
0.21977145457683755
0.05370585460026023
0.2668437885033521
0.4276359779139274
0.5975081999270789
0.04902124356631399
0.4960282206912425
0.6723855449726808
0.4696655199627675
0.4412505942604624
0.9490299836864197
0.9185619778471785
0.6708150198384443
0.259090727882746
0.47254824272929663
0.06173245421268014
0.009679012772524143
0.7275024646093391
0.2666169233477519
0.9736812054591476
0.766790524329584
0.4330488340947978
0.2630121904543693
0.18861938624513885
0.32367407999016695
0.23131395436985402
0.9376103939314921
0.1528376076782455
0.15326334538400177
0.8805249647397921
0.8426802497415893
0.6265177781348206
0.7757538466556292
0.7474722891819479
0.8947049642853091
0.6124982449705209
0.33309815928963193
