29664833
0.10861351341566139
0.9001584857105599
0.4732256005217126
0.3426365451373651
0.12557528431426657
0.6288505458645084
0.36033619231511993
0.5491144545004111
0.690024726971293
0.4122916885348922
0.5167669675832598
0.0856340086405063
0.8126373120066956
0.27306766210915434
0.6301510422723676
0.07012188928558749
0.8842488621081037
0.8851594398993388
0.5200066977765215
0.7792434364107211
0.3162049975132921
0.28053383791648734
0.17624923653888847
0.7610894269018014
0.10940920969269374
0.8780732049081362
0.5514504223877551
0.20045131722330545
0.45816077462671967
0.749950748575942
0.21573575437848014
0.10054049709340396
0.2811289453819863
0.9233101232106555
0.8438511950099707
0.9708359253426585
0.05023426352295057
0.4941635712219914
0.8487018720532769
0.960090280245697
0.3783159361770937
0.036507583356783724
0.8465178492979495
0.41596635335460164
0.21782979614067688
0.4264565623053276
0.19125026820924784
0.21416052162888688
0.0032939224874327655
0.29992080098579754
0.106887777213724
0.43092885719434926
0.4053585286894641
0.09058333474843971
0.9595291652503976
0.899721874396657
0.5047159635154469
0.08708427678731068
0.7403141232019639
0.21610279189231063
0.5222217357342316
0.26096715022389694
0.4680521312904048
0.22373606112112632
0.4055422067415758
0.17189404249010276
0.36790895944593915
0.9275472485263029
0.061669923369030766
0.014891661572068893
0.23925778509581852
0.7577656426067098
0.4380616603477058
0.0955076161691919
0.6257325886245984
0.6257508772957399
0.37083557867293226
0.9180163514621386
0.9777986630737294
0.4190715791895614
0.10119501826261357
0.7177632079969187
0.08621207085196902
0.17483567646763043
0.16707817156437432
0.5197606438483582
0.7270628606191528
0.4564333654141598
0.34145893171825237
0.7750608988916942
0.03783803590296375
0.009957099139541237
0.349541651842027
0.043741753174424414
0.891811605851533
0.3820907349497743
0.6263924494477269
0.5365789089597622
0.651803526215251
0.18629226488073114
0.9153845310735822
0.25580339699736976
0.11472111564304666
0.6196129110444747
0.35795003536796366
0.5147289637239264
0.3481823020799293
0.016482260737463617
0.9688394099147688
0.15513929007195382
0.1382236595555032
0.23443037168948078
0.9157395614503734
0.3579655885413816
0.48919211476266466
0.16622146246952518
0.6216362914977809
0.026863173084268888
0.858028321338761
0.0602359046389529
0.5013879345027774
0.6287620813297283
0.2817684827187613
0.0682675846941252
0.2622980474430868
0.148131805366018
0.32994671927121
0.35083637989097394
0.5356827253806717
0.8094834943652874
0.008821497152317614
0.8270632031137256
0.4686840538926571
0.41102312688969866
0.6418362319463186
0.02693922051905462
0.7600276564540254
0.23575805107426173
0.5872256708221147
0.49875680473858264
0.5071381299703707
0.20633811366613464
0.796654912227708
0.4634534441711041
0.7760526040806246
0.5623340071090711
0.0434044819186038
0.028349834049049116
0.6412007654374019
0.2054820817419808
0.4056578985549585
0.2578957986566457
0.8265950768171132
0.3758213376742987
0.7548160649003903
0.25522624380409975
0.9367664939114155
0.019521954536801167
0.8160187583312322
0.434488069455472
0.2363607601381541
0.7462263648523366
0.13408277649433176
0.6055040203838854
0.38949165443738787
0.09382941170648085
0.7473317234923531
0.7259367529946571
0.5393296566167044
0.6285796402018848
0.28962345067731843
0.48841518898065295
0.9601998430272886
0.6041621376166135
0.524602139795344
0.39343206030990086
0.9985433728083701
0.5216548670042599
0.7279953069022522
0.7818793848135067
0.19804720698221667
0.8076574486838113
0.24045768838564552
0.9006092393120074
0.5831588357206219
0.4153324911161441
0.01015172843875145
0.5362661293178526
0.511107073700102
0.8732531538075927
0.05197958497974564
0.5533489441013706
0.8732432263664441
0.47979596117181567
0.10393882794690379
0.6275846011537505
0.1776830743769895
0.40328158931043645
0.5420907212695377
0.8000039109727726
0.9613915068338095
0.5028525794389306
0.7387255895610584
0.07550754271361593
0.43188513762720415
0.6769422205096006
0.07825011253978775
0.36381032299576344
0.45102540827224924
0.5389460760128348
0.061629086689282464
0.918315827564785
0.28430318592327886
0.3052529792456258
0.7246810431898698
0.8209949842053837
0.40535032590842124
0.7228116426564293
0.3165725179505372
0.930552339253905
0.6680678537747295
0.5566933669218417
0.33665781316015286
0.7400882725944785
0.5216599791673724
0.2701200336649817
0.1377748889032564
0.4018942991441392
0.34891486360543666
0.09407081369795522
0.6908983007211552
0.32084005763673995
0.5727644117315951
0.2659770877807962
0.7238872223156837
0.5625252666003053
