1177481
0.7954462943480589
0.5603520809356227
0.09304436474706212
0.06358456157741943
0.28983178160954737
0.4901999228538678
0.02157805423573622
0.21747706958057167
0.9859435138965444
0.4376231390795611
0.30785748479723163
0.8014319461867478
0.45704270839364347
0.6012130984507105
0.35117493954411283
0.43092545825691486
0.9803370259612053
0.833440231528202
0.2043122465743611
0.9624089995761175
0.892909110475647
0.7603006218047956
0.7412793740543973
0.04335516186823507
0.719616367385679
0.9512674774661019
0.8662653312663754
0.019075139934360164
0.009992134430629962
0.3926595889518144
0.2530396590576671
0.6026269317781767
0.3165784792527644
0.5378872827073663
0.90348788763685
0.15902643026422403
0.6494678240219706
0.11184733966149973
0.0302133689148274
0.7795111449026609
0.8592424229469986
0.1730762671393936
0.059301638572858084
0.32572912038218804
0.7175185124074315
0.9407475522391012
0.15624896951714196
0.9274884640223967
0.6769657653203592
0.5316467894537787
0.700741484023696
0.9136678856970316
0.5884265064688142
0.1603637717308527
0.25851533909074764
0.2057582373533019
0.5627846187667872
0.03440213137664849
0.9292185785563015
0.32321107066666055
0.7134490566019732
0.9354377980149411
0.8566779802466299
0.6136073315435415
0.07128137060767947
0.6892054685584508
0.15962835284886012
0.9169104994288207
0.7669785534632647
0.34751710275635983
0.7765124427478763
0.81327340021471
0.8937895161553524
0.07249915795076134
0.75938035333542
0.7062283599665303
0.7126464698795344
0.5927549656957564
0.8071318658007067
0.49475689517941757
0.28689270822599955
0.42065217239132946
0.37562109722997206
0.28272748179520746
0.9784935920508574
0.6838526452461406
0.6449537080643479
0.6413035324030356
0.9911691708971873
0.01996459244752624
0.5029187878415337
0.7056460190211862
0.25149598603537726
0.22387105755286618
0.3993182845671127
0.8775869679729259
0.300151570633893
0.5108978003718204
0.6717335484505459
0.5223793752081506
0.24742135881037508
0.5162826131566325
0.9947918532725216
0.7634291332187672
0.1345470269236544
0.31726908192899606
0.23007967255610717
0.826150337252565
0.696676571433675
0.480980680382597
0.25263028344482985
0.17566847695705667
0.3671448624673167
0.6383713626279979
0.6305878215692664
0.2950171407739314
0.7162561910347878
0.3018022969747389
0.029561123592934835
0.4738976637082949
0.8102127946406524
0.3381877232276286
0.10764679011362632
0.9044544305274858
0.4378015092968801
0.08644673099037803
0.42223228217665565
0.9687599225149114
0.733437000232946
0.918656033830371
0.01897196747869223
0.035058144165102
0.8915286816065194
0.8024921051548948
0.860397783876794
0.48019849473451537
0.4757763290597059
0.9993840914213361
0.7871900315574852
0.8154757004003769
0.2820584829624079
0.944297055303915
0.3674686983833926
0.8249864674099353
0.22424739600536292
0.08170698903013207
0.3172419817347556
0.8394451037807138
0.9265487230028784
0.14543609260558643
0.5353806200777539
0.6558414156128329
0.4935817795662707
0.4827633603109359
0.5734225415542267
0.4347800072079603
0.2618798396345182
0.744541952683989
0.9384046557955245
0.0015718282091932156
0.539668464012259
0.5226905890920812
0.4864938897519385
0.9453482441980299
0.8747236319854357
0.9310948035690176
0.21747080546581277
0.5729386258561747
0.9739254660145937
0.4955198602938998
0.7332769611526804
0.38716779105056986
0.016918112924435347
0.45387459351623105
0.6440007698336523
0.10239249680994345
0.32961132338590704
0.9194229536093546
0.6215966175523133
0.7513601797858154
0.1636943098329371
0.9936907284676256
0.9850123110192677
0.07777841807110619
0.2547669560113096
0.45942658330794195
0.2620181197956648
0.4279704355569973
0.8595526384140871
0.5114636130502259
0.8130863624192927
0.2904345994759048
0.6406216030683819
0.7869802224079826
0.8997563057480529
0.7612193138431985
0.93379991766913
0.3530662555248716
0.7535047381206531
0.2640684985954088
0.30414382137581586
0.3394967489972902
0.11950403724115444
0.31638422586496395
0.141851287927803
0.7557302718419757
0.3814682498387888
0.6721524616825612
0.3603893370614353
0.5346712047369521
0.4598375147348207
0.8426326380779235
0.46510679618091966
0.46143456841983954
