1068874
0.23473034702751028
0.8171599542440268
0.23299670484863422
0.7473416419637167
0.10715856707037974
0.10210613897667065
0.6365432968259502
0.5114747280812049
0.04955583195933888
0.5176711626384203
0.534363767302931
0.19507951782108446
0.8844741926562291
0.5252924895040236
0.9386616496142699
0.36676094720532804
0.6273622053484252
0.6173245377050268
0.5804954067092889
0.3697021300266924
0.9298967716730698
0.5473646778079156
0.9424508287478528
0.6734644984296626
0.9429375316519912
0.20402906876085247
0.2134328204066328
0.6442396904716642
0.34595033505602746
0.9369823842860239
0.6102988123490918
0.5229674025227888
0.5376201469571996
0.9603650219193711
0.1185136621621482
0.029331741235063657
0.543357815307306
0.15220853613868457
0.20781122333240976
0.5803690653881844
0.37303516092878697
0.21587275486580848
0.8457411975180505
0.056800458174735335
0.49577724243243615
0.5700759272368114
0.3379406862549881
0.4498975449895998
0.3477076589973491
0.1830691462453632
0.1041104784116017
0.8355839166400714
0.29387684684015924
0.48728524844424903
0.0020761116893998066
0.0013751160969045495
0.7536972790205202
0.6796049777626971
0.8539368071550395
0.5628169266098995
0.811411304650684
0.35846566089946597
0.16442298500276842
0.5844885776799129
0.047363498200818976
0.9296266278157117
0.7833671317959069
0.631787323841278
0.43890885237653376
0.12462893967812172
0.2751089590435888
0.1443501367260005
0.1581423295173633
0.19931494633993185
0.6933852285712664
0.12360182437087897
0.23868906462467177
0.9368231568582571
0.18007959111603677
0.41067162770269383
0.8657850972558235
0.12133759762906526
0.6953530068396998
0.9556269358718578
0.7976454765686025
0.03359838514966218
0.17095603250494806
0.3927811854561716
0.702273630632485
0.4616632754372254
0.10759560395005685
0.9584789205179711
0.21950056679795837
0.3954069697782413
0.380296167096978
0.678864778879566
0.7713273449395986
0.7331913110857148
0.5712880595036913
0.25405717953658613
0.4420400547626512
0.29827181534449587
0.5639225011542608
0.02944504323415409
0.17753576495211099
0.7644298701721147
0.09958247938091924
0.9894622064552813
0.4171078294439041
0.004981258825938473
0.9628670323269501
0.3722078922312614
0.2820212629648733
0.7748333627535173
0.12939790554296138
0.5774151587743818
0.5078518644319895
0.8070180494495045
0.4267562952198436
0.12908025570324688
0.567836744296546
0.25101153555035827
0.23766695657330217
0.7559555851000792
0.8465882106508071
0.5936338647376723
0.8859237253341902
0.18276822636605905
0.12333229535065715
0.5377690610705292
0.2745391022370002
0.361769580991523
0.011211314978772369
0.7271956536709899
0.854914112796461
0.4701365557660293
0.8853659002290457
0.2770417199919617
0.8066119288872075
0.5002772078468346
0.8230305248687425
0.6558937805599436
0.28979459089128856
0.452096426754811
0.5019194168561878
0.8646921470115625
0.3191843231311483
0.2506190939773355
0.5971841378716243
0.332849587759117
0.17024328141038447
0.307582665359155
0.7127554946731034
0.43701818357704947
0.07674733921577259
0.17542524064037257
0.4117282690309322
0.6413589035602335
0.8207159229543046
0.9453051082743076
0.30048343723584225
0.8809041032139637
0.5637468963268046
0.8202216330863675
0.26845509488025177
0.5123180988369139
0.8023043518121326
0.680877296115287
0.19210176582441119
0.11138655669085373
0.9552395213479482
0.681093961663966
0.2733493293770348
0.7693913874937245
0.9528500690898486
0.27886882792962564
0.1610388167613186
0.4340856986993207
0.2132269300311752
0.6023906595248678
0.37841172202944096
0.816330115711503
0.6985307353016202
0.45272802850294513
0.29896416010206184
0.4170681074918944
0.8197326068287816
0.1552216321892349
0.9443538539319166
0.8644305244935113
0.6648398483305962
0.08284419149221023
0.048005406268241235
0.2799072283469528
0.3190819563603642
0.41418744950775666
0.32103599272128835
0.6353196189423825
0.7011473567481503
0.46059162924052643
0.6591301554925485
0.4747102840966806
0.616704766360487
0.13294633870024852
0.9518421727596881
