797855
0.7674902898752353
0.5583050672882688
0.5148692442555111
0.17250838411604452
0.5724784595246952
0.927770974358764
0.13975619210921986
0.09246282750349033
0.5568122672086729
0.284592087649449
0.9818714246433469
0.43308238672439103
0.3656151485803206
0.3860716390965847
0.5989443441009542
0.09234726004624239
0.015975997831191413
0.5170516034210246
0.8012364062028738
0.6510333176824882
0.7394918307178193
0.9648001613565284
0.4731937865849556
0.5681313111450508
0.6678405303946495
0.32395321430789303
0.5263835423572981
0.5342021537405627
0.05803866271135616
0.28559435132096767
0.07346789019390121
0.9592895885843478
0.3620495887734496
0.778476380921443
0.5938743938247976
0.12239589627090619
0.4008673861957187
0.0016959541870880113
0.39892199077707313
0.6082812476291832
0.036719677736091416
0.5023695492459358
0.5751766358990467
0.6844308298475208
0.8342991807013502
0.9674718422949912
0.9121359772170599
0.4377058008290947
0.08984261948279815
0.1314533502374019
0.5466431511063415
0.6821398594237958
0.30654338584101926
0.8994988461519593
0.2950422047052841
0.6411094010500236
0.5049597790384776
0.5067291165001252
0.29141625885575206
0.6091118417850175
0.3287849590794746
0.30892199561059297
0.1913084304791003
0.49234697430943886
0.8743019001805054
0.9439419625141916
0.1193695559982838
0.0040204513057180424
0.48478918826289286
0.2534339090891292
0.32022092872152996
0.09098043480650186
0.9614182511811409
0.82389244206593
0.8421513456726725
0.700238921769837
0.4365826589733385
0.8453624952902229
0.93053193967282
0.6657361897865207
0.2827769024903515
0.29563062360036496
0.8239270471054598
0.6615539145533283
0.07642920825678567
0.2404474676270857
0.07203668632942783
0.4611781052704722
0.4688311066162141
0.12099210101787561
0.5742900861125718
0.6581892533003124
0.3731210066511169
0.5562338977694797
0.7020576113828975
0.6694076163016243
0.9683791727289086
0.8298694907659209
0.47567724262012057
0.6176573447425284
0.34372135286659355
0.2707935492675533
0.09516665186758655
0.9165956511753797
0.05592392645537203
0.855703662006805
0.39682794928747545
0.7558329636032892
0.24413948129973861
0.31794405615762056
0.8777006609618636
0.3487730886511251
0.4500484845785242
0.6126532584210088
0.8564503572155214
0.24769091142309474
0.21535308634933703
0.791996067891082
0.7607366170070777
0.1967536538307978
0.48619785377805513
0.8133528868583658
0.19871162708330337
0.7312930162865202
0.7442957577233462
0.28612286099093676
0.28963957654601635
0.10549781625578714
0.8696444646131449
0.8108589163259892
0.32873634029598986
0.9508234693918943
0.4983181146735862
0.9373565620006226
0.7290088213783784
0.7852767331069157
0.79376163329278
0.8609443714915653
0.09316162565168462
0.9896761594575363
0.984544629534249
0.5483515994787979
0.8370664004408839
0.3550355005516739
0.3779039335933827
0.836866924338508
0.4878696199674569
0.4232690638011146
0.884362951960034
0.5210826692552515
0.7735151895510662
0.7554795350878468
0.6352291411471418
0.3382599500850617
0.5741379557558044
0.5264179103965296
0.7594719968809882
0.0849045474113701
0.3361422273972311
0.83175869971699
0.8702211799943397
0.1925527113127603
0.2542462362223711
0.1237914202888748
0.4646388280810324
0.056175457144180596
0.1306315611998573
0.3286370220882223
0.23340486453900244
0.42024596194172315
0.8959573957513923
0.49143892727461824
0.3504125902956542
0.7773072088518582
0.04258204772392715
0.7734889199141775
0.30587275139158654
0.831721941332592
0.3258436729701304
0.4355155549094114
0.4542005222206147
0.6700623032986553
0.7229748888688615
0.7190681710107085
0.2473556106490552
0.40917093121078885
0.33135243940137893
0.5619015403415292
0.07087827085014886
0.2285685080062122
0.11571509315210682
0.3803889508261765
0.30293448628152997
0.9822794548757315
0.1140895909115136
0.5479443360409529
0.29274674070298323
0.1622804987681945
0.06876731285684212
0.015067631621423994
0.2164884429513183
0.08057409516663805
0.8869196262421596
0.037508443518919354
0.29885072555626413
0.7468985596844702
0.383978862223745
0.9650210456523547
0.7842147862250205
0.022519827935928438
0.03936827411718047
0.81093659711723
