2999401
0.5079226232151091
0.31264755106396
0.45035138819386844
0.5592777943420977
0.26189116391813194
0.5430280096039571
0.06788178196339789
0.09613178572337766
0.38483900491676937
0.5306460477027045
0.7253822228696281
0.5325413762707805
0.8072927597070937
0.5090380522756239
0.9600035927569707
0.1376730544422321
0.9703323718679594
0.561838790862795
0.5677391560341419
0.3338337765876588
0.20633758969213645
0.015653813989023546
0.781136015750856
0.7407196343254
0.9330694669286638
0.8054671225598184
0.9648972782626334
0.029816052780646585
0.970948198067574
0.9356727331085979
0.9602800424926738
0.36019397316015644
0.32476006146241687
0.5559381682429074
0.6415453178903247
0.04064045986319109
0.3423939359638467
0.434333507967254
0.28759554390155995
0.3690941956254663
0.8751356081388127
0.061485857257825294
0.044970751344585835
0.29779688460089426
0.6470718686919232
0.6311166970914137
0.555498739681559
0.03450769902541373
0.9345374172015442
0.6879214797612361
0.5714067726535876
0.2728252171981984
0.9189862540130098
0.2758546864765089
0.39911962029425707
0.009795316375337704
0.40594250296835577
0.9490446664582
0.7364770665279264
0.7648942630479756
0.11769434866458783
0.30929044596369915
0.24960776652525496
0.14103358996056148
0.7657986144498828
0.055806074869858224
0.8183531686111448
0.6716765660405744
0.9336327429475603
0.29762809423099235
0.5187252835185019
0.5057195824095451
0.7767113058437712
0.9798843273814032
0.0652585844483623
0.30975893605910365
0.40019794562496136
0.48751373573929857
0.6619268878983593
0.35697575579300433
0.6436123518331079
0.05576152009337587
0.6307714036659097
0.2725878255531856
0.16208907869067446
0.9555612800975302
0.32769085615463545
0.0068833788543331
0.3887488179542917
0.18259775707454218
0.6805221738897256
0.8443313170196454
0.48005118067001484
0.4590000314500601
0.3531480693372331
0.6248980400059653
0.9098852506390815
0.8997093611945434
0.7993294902759523
0.8487737997224135
0.6386955212780191
0.11181489497074404
0.05815282137274291
0.3558020846689791
0.621625824692022
0.20264675443118008
0.9410174767670376
0.5409143796787171
0.1735238792370717
0.672204401993744
0.45299654199827344
0.11056223167936696
0.4300675981147978
0.3467273877972308
0.3893467589528127
0.36433599667805594
0.7333459687104816
0.8202313333084542
0.9658293901312187
0.050117311576780565
0.36161255555076954
0.03633437237105097
0.161741918047839
0.749027579538634
0.16568773465134334
0.07187037555731102
0.19765802191882298
0.3084797195076471
0.9513300138522839
0.6648602800363698
0.05912476960554991
0.43804105632820467
0.5375984890066342
0.7160147580830774
0.45605485548836167
0.8141524118672792
0.5765681867397792
0.7014397880580189
0.8775497380493751
0.34827526206978987
0.9119998682674724
0.9125622627043889
0.34613267447318985
0.14055229752607434
0.806941059165473
0.6076814288005725
0.5026991840300054
0.13937422558869583
0.5906175936267712
0.08734561780296612
0.5260558726316126
0.4012518775091536
0.8473127732446216
0.8490383691885497
0.30680967684254234
0.10738214433301019
0.9498044576338299
0.8438455828445979
0.8112504840484296
0.396169261931128
0.2821578146743884
0.45672180790815065
0.2252774559215941
0.21558030440585474
0.7068957936801843
0.8623335780310543
0.9794291612833707
0.41246136941349854
0.17668952901651647
0.21249602953408242
0.2308932685253372
0.5877797623649276
0.16884922321374585
0.46082263042226257
0.17571790155192424
0.6086019348387022
0.2914706877200265
0.11691654920341943
0.0664358901502371
0.387757327071253
0.03212937032829133
0.06207649733336973
0.26372119806939276
0.9141497506805213
0.12807308235001047
0.4655052208218474
0.09199213722631583
0.609556468437139
0.005391417518460728
0.9300354502989526
