1248131
0.3628271780260105
0.7097238863964576
0.20382292186433237
0.03922430136862931
0.807883158410111
0.8735483353828507
0.11663909386210736
0.6751769742409536
0.06122380574563979
0.07111056602655219
0.4672993745233306
0.9123481217715829
0.4966908458065551
0.8662845627979328
0.9588293870369822
0.0595879033862301
0.4962954770072401
0.2514382574817432
0.1521670875911203
0.28085529600311265
0.6821726249013067
0.23865324353415274
0.8511701549518464
0.5279064935844348
0.003927473696105022
0.3453870371299327
0.40975016301437095
0.5654627815462355
0.7942038514506199
0.18039612606556188
0.6117138725690028
0.4859967876503761
0.18121368743441546
0.08276512129148383
0.26505204015732886
0.8748790963024288
0.910770216104813
0.22231755510184936
0.6905522187299586
0.7499469918406263
0.7539516730358741
0.515660217340066
0.406620292335766
0.36898743792348654
0.37197555361627366
0.40474352284420445
0.5800002530943732
0.7459133005635323
0.2185819469566732
0.621008734076259
0.1729679456900055
0.4732514956983991
0.4139594777411182
0.766579451368316
0.7692092845550154
0.4200963654562351
0.9305291447791127
0.5692049683777842
0.5242231994399009
0.2637772634708576
0.2592008218763814
0.3896957189740283
0.9575403577785019
0.5979024584272433
0.5795336119468308
0.7213674433572869
0.6288160716979895
0.6996607231542895
0.105035411352848
0.7395542362568697
0.021963109276251336
0.6566647027207316
0.708162581131942
0.2376309197475981
0.23770364531330357
0.5743945180082206
0.70230831403463
0.431790341587993
0.5858163747684344
0.3685211448484178
0.9922736524581244
0.8983254057277436
0.7430625703880936
0.744417833988264
0.8942372322805866
0.4644787345150133
0.5292853541557992
0.7894494347764551
0.19384462418867132
0.5385321316036822
0.544123814902955
0.20893139872466904
0.20664656448962004
0.5711002794347866
0.21625737300764558
0.3509177998657501
0.7146204357225524
0.05971998333863604
0.5791875353945645
0.5397395474058216
0.31205703122975126
0.00825300475455315
0.7011983202560946
0.9303902082421025
0.8790483999882278
0.167154228122538
0.9693051665707234
0.7869936821811416
0.04732129955933706
0.7247740638902475
0.2436180668955361
0.8873074633127851
0.3036507746835361
0.5231330686493854
0.6276764739842265
0.1211565655074126
0.6595690730573291
0.4519084040799254
0.6801638789309272
0.26429364830948265
0.7138120235598732
0.10727242537169235
0.8798309877213173
0.05499255236545875
0.9823847400771292
0.0735176630167701
0.8882233347132766
0.21503429777383265
0.5535894294894532
0.21459675111328835
0.06687110413346764
0.22774133229930726
0.16017594642000743
0.469033953190766
0.021710961197102585
0.11763799453099655
0.5564295370568837
0.6905032046899671
0.795703109021864
0.6630488442309738
0.9039044327314513
0.6412524347689972
0.9016284200115509
0.3898481347306548
0.838613554303821
0.7921783145648679
0.941867314460179
0.8625571023465642
0.797245916999695
0.8774145074654813
0.6525374017468228
0.05369626154460705
0.5739186396840865
0.09257947491373353
0.5773345279403199
0.05094494244918746
0.6335444717479527
0.8149534147612857
0.5561046947603919
0.474974253193128
0.9643062541789481
0.2562310441357959
0.8156706234077571
0.7288344159029598
0.052432901541572985
0.39494796018223055
0.48927666882216736
0.41701357822548
0.4431839271992265
0.4820615643144446
0.05941996619456125
0.3600922515128845
0.8816457530694614
0.2512082864056726
0.12821771887003097
0.9491887291302766
0.6146868348750437
0.5827703388121022
0.48578108436941103
0.3839291968811437
0.5791518560946392
0.9716577266163364
0.24664438337492156
0.765356159440316
0.4361292808985079
0.19168785407694333
0.8826542274795663
0.755932942172701
0.637770451067476
0.9341088574038307
0.2875804776728689
0.32417184565741597
0.4620808555469992
0.0979513049805576
0.632687163164973
0.3875924819933174
0.5434286493269491
0.9353506172820419
0.5937767951735599
0.8356292916219954
