1124290
0.40757058416139913
0.5679440301160462
0.17865471522750542
0.716718990234283
0.91694719312597
0.7627434982112741
0.9355208704569548
0.8295005878017847
0.28588050156118805
0.9066647873073035
0.24501279474878224
0.467162514579644
0.20229708366062638
0.05619527582761241
0.7926626380062022
0.4153139954251954
0.00115499948185116
0.7285013733801917
0.6934786316619275
0.4399629046301986
0.1910210115109794
0.9963387714795416
0.4397319514148941
0.284933955547197
0.564845961242207
0.4852775434083356
0.5126788433023094
0.896017355601149
0.24286723208452188
0.0927402418233989
0.17292894381791646
0.036757736887697234
0.9684233098393791
0.28230716916159415
0.7384252100009405
0.5602888566706424
0.010627839943230466
0.985529209034798
0.6477502020805873
0.05244958695903479
0.6478031777704877
0.3559696141093407
0.4704884967205215
0.5231495721424199
0.10814641111804801
0.8777756198185411
0.9323292370513556
0.36521741615501335
0.7975545766124084
0.33201596547747336
0.45825235930227914
0.12871742216807913
0.7999857938799423
0.8053910693956308
0.9968306601523496
0.1704513383930616
0.06528811414230518
0.458353402817825
0.20620148621908074
0.3077769022834148
0.5753312339322844
0.3635883205316375
0.8729595364507126
0.6922509590128447
0.6107151623581485
0.1793971520947556
0.4491481671957025
0.4356544834572764
0.13766209407666485
0.10227738307001333
0.013139835118119003
0.14853933896290872
0.15677010653136725
0.43576361935442853
0.9280387956476314
0.9896251461823194
0.9527116292488611
0.8624246082673048
0.07176358520083292
0.31562108239142295
0.7826934981736017
0.21788353431472662
0.5521348032379031
0.7342808805982851
0.4693421804388317
0.1407278039842328
0.3828832521382828
0.6496443699108323
0.3267479255993804
0.24319023227521863
0.496079337044807
0.6252247652326715
0.07551376226227247
0.9843559858755399
0.07186902562626551
0.4834078342045245
0.9527563419872175
0.8591295309159954
0.15436603135877713
0.09288376394924369
0.11974345726213309
0.4452342945929798
0.7869343055115134
0.9016204557860792
0.7158570810729152
0.570293453924413
0.0807470383297465
0.5099167517410919
0.6096959830105678
0.8159818670957394
0.2799547901592986
0.2703881412637641
0.531431421302639
0.1777058662198423
0.8090089313085976
0.868927282798823
0.2873651310135361
0.7499601685058883
0.3006348949738541
0.6052798091887868
0.1529936138001765
0.8494735023455797
0.054985145428056215
0.9712334715510158
0.2132827418923492
0.8301773339181316
0.46764326440672854
0.10881431684732079
0.2112464535807812
0.7097265780121133
0.8583963911611419
0.4562907031311393
0.22817307117162244
0.17538963682297382
0.64325195576212
0.032265996382920936
0.15363285478950472
0.9373615146303995
0.48681582052675154
0.6481413197535915
0.6415317691956798
0.02165870672563519
0.5542217992407612
0.36723411099732495
0.3532573538969034
0.9352996174244249
0.9852559786908313
0.3243242547664297
0.662472160399209
0.7245297514923332
0.6227302019103745
0.47425884187538814
0.22403406569082085
0.9763070612609944
0.9453025443558228
0.8688574877290504
0.1935866753466302
0.06207237840161073
0.10663773297948675
0.9364567515626971
0.6129183447440816
0.5283914858806184
0.21281440275708408
0.5000750473536814
0.8475668277214168
0.26165874182625115
0.7579996756243027
0.70583750751509
0.7323170156020923
0.3199648992324515
0.5504721838203411
0.22539255176592454
0.5653161025173804
0.9495713395861035
0.16633144537186817
0.9650959762460228
0.29355980766761447
0.3474483525400953
0.8980482214299952
0.30029124702437004
0.03249662326669012
0.990538724274413
0.9626530752282506
0.7569391715840614
0.2422671305622146
0.9938788097385357
0.5625232109091353
0.7660271156077431
0.3192852963426013
0.5399626488179848
0.32004716118052956
0.5797406397598349
0.8669951807996613
0.5466116397215796
0.8196016440467558
0.3264586379105888
0.6945091228243911
0.23404156780951846
0.7693957407102863
0.10019754756486343
0.8741872916665894
0.42649281677287887
0.9618311726368424
