1363574
0.6427111126351339
0.3402509204105857
0.8572863043083346
0.6301465875919195
0.0995340114432326
0.9562802077268278
0.4299532437467176
0.7382195352926884
0.5482982854800291
0.7201872206686472
0.33472495022085147
0.14123942847950866
0.29919825610923323
0.8662008730363642
0.9538787935416774
0.8068908177267736
0.694219099064649
0.2807088958703211
0.2523965163402143
0.49581796142518775
0.9483721897563198
0.40537845035609477
0.32908036316577327
0.6277909734571133
0.8984557921522447
0.9376928338658985
0.35716034682993647
0.8586877059278174
0.7782007869998006
0.7422983861382217
0.5056253265049377
0.02910468128334509
0.8238640616160351
0.0227012324041298
0.4543780841762416
0.39573154837031144
0.7785892613164597
0.9333493844504257
0.301973137090058
0.3792764312377114
0.2189066480624423
0.161051168586131
0.04417242820654166
0.4997126593754979
0.38029482893871325
0.4269844920867608
0.6478197889292502
0.3056196355282663
0.7723529351071631
0.5516416625541168
0.4905981417249128
0.9986926347291244
0.8433109165827013
0.7732626312184048
0.8892623195919738
0.47983088100723426
0.6270104195720905
0.5996513410521914
0.47816591435759315
0.019810844845997155
0.037751094130629936
0.4940589367977455
0.19649446861227093
0.8280557401781251
0.5204804180200643
0.10222269551782381
0.5922813363078506
0.9584021036702778
0.445544897037528
0.3146677633610695
0.5165668786409968
0.06588905361158404
0.35933805764130267
0.15189931743506135
0.9701195257409689
0.10424374609814635
0.7249689178969918
0.4793507179823683
0.6605155579508301
0.2292638907337754
0.393607499007094
0.3917691496327861
0.5009620436846276
0.8943834390218602
0.9362281301052577
0.3382170690880433
0.2539751446886198
0.3189850267096662
0.455862714702836
0.12127111419419234
0.34461503130793514
0.25125560937620517
0.5543115953765754
0.5888704447345826
0.18802943352124823
0.46660524106800394
0.3984296917551817
0.8786471329347234
0.43808224111296434
0.48271373093983727
0.2739933490241473
0.25696249666676896
0.6690149862077165
0.5961848049310772
0.4597230534411627
0.3610469161484915
0.9429690079472391
0.058562863777290364
0.4942922956721515
0.16111187994362108
0.239763128415022
0.623954928697368
0.7845588009787846
0.5066952739306221
0.08029249653680492
0.1771806472476095
0.6691026776302076
0.4048333815004035
0.7159360504052492
0.5328913440059327
0.4246636247700931
0.6351252179219379
0.5766227427700136
0.27394505004739467
0.4255577667267558
0.15414205120354108
0.08743419498182081
0.788637370911171
0.5424302819101052
0.6537281254304105
0.4548745861726021
0.7095993726845927
0.4143418657258676
0.7076254840851849
0.8198618983229863
0.6472190152831916
0.6352329524994573
0.647288361250086
0.17981044174380834
0.8188747840338068
0.45154324869564333
0.9201012741552705
0.5019166373272792
0.03908797947459364
0.9073119219625023
0.17234430375725696
0.38637164123660894
0.7095285368579762
0.3583288028059868
0.49633406151162107
0.3585992537947933
0.8993001934219105
0.18457498979342712
0.8029577267142823
0.7675226266988396
0.8276184205846248
0.004320720502093978
0.8331573579713305
0.5793578774301172
0.8489893169719455
0.7748929975366966
0.7763186027177083
0.8927820233314786
0.3671257031432231
0.7113687264835433
0.0074863070596697945
0.6024957605700714
0.9402232303419916
0.5463271456188246
0.6036841406236982
0.5913851380382479
0.09636377604773239
0.508963783190327
0.8254450169823122
0.5435618652282023
0.6314487150100938
0.35763200689656804
0.9770848863974056
0.31226212656764707
0.6184365328527874
0.9793393502146837
0.29816547520541536
0.40222763027935393
0.38368667125958145
0.5366903946356825
0.38181516194566933
0.6760756092374876
0.44821662134027795
0.9605473269324974
0.1131583857390891
0.35208304547815406
0.06175963945504981
0.032083649758197996
0.15625226434322914
0.11086449243772056
0.0586401519891494
0.6141843911997933
0.7884500031730275
0.9160254991575498
0.46412952094760795
0.7615492323231202
