706250
0.6388451701093577
0.08107450075671885
0.4604599918286334
0.15709018027157107
0.6741122402574131
0.6167599342448778
0.113728444010189
0.20223202238350513
0.4261858993641837
0.5823295858461732
0.2303820400113724
0.13517614219190177
0.324587853269646
0.46127503846065043
0.22215255561433866
0.05795352618929017
0.5440287698013887
0.8745770046396224
0.20733784997922433
0.24454925012683915
0.4865631030945926
0.8671289681788423
0.24495354511347667
0.4890032279074956
0.587744125902097
0.3825984473271259
8.847616045690732E-4
0.5380481141167748
0.05211807230847343
0.19301597299222628
0.6915423001229243
0.7411127922982899
0.8577930130839343
0.5106530742567545
0.9955771032383751
0.5240519953209953
0.45717286613909003
0.8039683481859023
0.2459712945566621
0.9042225102578006
0.11136759348058722
0.965613529544957
0.4751302828918702
0.4204644540570506
0.3540930288334714
0.9261676945065414
0.21578797149055096
0.7522760827734981
0.3831095439893293
0.6964533848602223
0.9653260517900071
0.5786839059823593
0.16436786200979103
0.1487850545741809
0.7816316607936906
0.02621989430329197
0.8355341795243632
0.10062688385165064
0.2557181406227971
0.2928632487744727
0.4547251039500553
0.3208440492166319
0.0836099546060679
0.40664613841373887
0.8939474152476996
0.4615153141793715
0.563587275470537
0.8713901326539801
0.1658887715123647
0.5083829080995625
0.7322251950812061
0.5744444000962671
0.8277546655639896
0.7694159291226426
0.6033042865930393
0.01524695084624883
0.7393752638657349
0.7573726450728646
0.7517536991695303
0.11437212161940735
0.13264421229310774
0.7758581492765974
0.6706950829315498
0.08148316403260736
0.16803096242679783
0.5503818386443463
0.8296272601428242
0.20284713374031826
0.19769832503782692
0.8286599642987046
0.04031702893331546
0.21105471299788992
0.31436608252609055
0.00716697205734107
0.8676501987912089
0.471718106431088
0.884493394700278
0.5808183661408491
0.5185295642369788
0.11049942450463435
0.5288021987009532
0.21130723220413605
0.8583014973560761
0.32025845912799944
0.69969565584002
0.8201846349096764
0.6678183353234393
0.2463588241235678
0.989908810333129
0.21414260494027626
0.28956956065059947
0.38184518088164554
0.9851795755189937
0.8162196004547241
0.6407080536361457
0.9859123316200246
0.8779614485633872
0.9570406930336175
0.6921643543412972
0.7538977325488653
0.35175726274364083
0.03446411452466147
0.38078765863668407
0.3995468249548828
0.9490699544720759
0.8423652372631968
0.8234533584143247
0.19920308354704197
0.8565239341393113
0.41852432380973603
0.5932479532626544
0.8741484010446691
0.4046980637324329
0.2789899625586756
0.316225745164054
0.7231012539027486
0.7899374472973854
0.6384581871359065
0.5798107143387464
0.16878905729636473
0.8515208839648227
0.8287664483713374
0.5690342250449021
0.04666533600462397
0.21146121183160438
0.3730198003071864
0.28923712650645805
0.6606452217060916
0.7482316163398286
0.36256803614372723
0.7419580475651543
0.9190017756077064
0.22565138321307776
0.20423654344094866
0.7973453566603785
0.8120970814489521
0.4796292280984433
0.5508430296010172
0.8677211908193337
0.5121741925909604
0.5088843200682597
0.4267130784727037
0.968585859302465
0.7978234556405042
0.9949239156338855
0.9291546839546709
0.4894926629280649
0.02294269913362279
0.38336448799516565
0.3690704790567042
0.4062940026023122
0.658806641861381
0.25618852509937096
0.024691290989283687
0.5051673436930519
0.5574423571661998
0.3320566327254213
0.003578800525758874
0.8005895474389397
0.1002664244939917
0.9864077720980275
0.7242069215767792
0.3067024107382712
0.2840362533863716
0.508736482988553
0.43330331127975885
0.5180696115078445
0.49230438959830636
0.24371187021960383
0.7340284981046961
0.5100021564318448
0.8747322266816827
0.6044859469097417
0.4456911254758267
0.46182280179500523
0.628631219022651
0.24730621333809188
