713729
0.6784204367501339
0.05022791070692478
0.13456252391778933
0.5850698958235694
0.9368181998121912
0.9252079184553665
0.37915485060805765
0.7274512812968329
0.34072056658170513
0.28540006358354164
0.9601053243146198
0.12915993758505429
0.6317273439401253
0.46419727784248555
0.967833361254592
0.5654034232235676
0.9397957773906487
0.004241769096800518
0.8760757460259913
0.6926247093301565
0.07804510633348527
0.8316572817668237
0.7440601296424284
0.07379410336928638
0.21890545733184508
0.07836309109260475
0.6982074597873541
0.7563785060492618
0.09354473463064472
0.27772700152759444
0.9944182663891261
0.42599563590004697
0.3263610286059171
0.614276165689202
0.15795274854515717
0.30683801435858327
0.32839329672052453
0.07177876979428788
0.5621769530556903
0.12105999039798554
0.07563144512783015
0.6288558106277122
0.38212312860676123
0.17839747903648906
0.7652219913063953
0.05178298897283162
0.5605237679835656
0.8459345770893327
0.25672264582978666
0.2601115991698211
0.438348105352387
0.7799540307365327
0.2395996536353724
0.12836177703049478
0.7972917862119133
0.7471532872249358
0.6843058810265149
0.6628239669965489
0.22091851042610466
0.40614373503948775
0.27378924651328906
0.6821602067872122
0.5923355035572636
0.6397989085866456
0.5733177967748918
0.2623999810622042
0.9863999844436848
0.959289672621902
0.1826121044085922
0.6607500242074852
0.6597301413963256
0.8141384884610864
0.6893213381641277
0.7783067169530622
0.26055339502567887
0.9890398414943549
0.3758028136030025
0.27921936897656696
0.9701503210600476
0.7373058003806574
0.8975031802850223
0.5263976560379715
0.6577968758860989
0.3632327942050496
0.7720585134949215
0.9057879643074783
0.24510455040924983
0.5070822468098333
0.42091594789698794
0.04071301407182393
0.7756712594379097
0.9618353614845307
0.9605267876794678
0.2643724575022611
0.48362262948857637
0.16169735806867147
0.11823174540685966
0.4417950457037464
0.11798080003982292
0.12816482168557763
0.5881137804939025
0.23888544628065422
0.5175964199050178
0.29270415498276925
0.4988311458498621
0.2546620747520514
0.9611487948635434
0.144071908556892
0.7545663380127989
0.547702200101371
0.9356060415150539
0.4118440965972143
0.141654226721859
0.5310334949686014
0.37153419242451335
0.6822689644114109
0.6021960155020555
0.45043083115712135
0.2599880308110477
0.49323671868506314
0.49116170039431273
0.4835547244772912
0.9147548078743284
0.696431591293885
0.6233309678489375
0.05530698874505213
0.6565773582074352
0.4602141978739167
0.11743099538219925
0.5051488069803299
0.9364925977163473
0.40729626176377554
0.2913606382476178
0.9142963446219141
0.9597410012204498
0.603599949113759
0.2502863600158415
0.6919758654753856
0.33024409633388596
0.3193620542579485
0.37058991188348545
0.7597154671700308
0.3833512473327835
0.657946230011678
0.022414745509313994
0.470109774523796
0.3670334350847132
0.2648827816521586
0.13106697259523792
0.5016500630474006
0.209078182507637
0.06761000970086206
0.46610867388823285
0.7417851913214119
0.6733164793097018
0.8934609072014292
0.6175548338439502
0.13158203903371202
0.16741285383942228
0.23683030166372154
0.5189159082593336
0.877782732933978
0.4833715633675233
0.6691129942208749
0.7256390744412194
0.6281319426676977
0.9082778927462755
0.7343043355292455
0.6179661081000641
0.7372088158061053
0.6814422484837156
0.7433426160498651
0.7600824662013229
0.10408728673926593
0.7502762703882069
0.518225188372119
0.9085090112962272
0.8537668313274916
0.8156250036801939
0.8125742682526
0.1247935098712406
0.7802869972476593
0.8843612765739239
0.016014699306193148
0.31394864859944205
0.33316016461833553
0.35166702222359814
0.9653055378115508
0.8167032382122669
0.6713292281967175
0.10896184723670765
0.9294820104671103
0.31181546657137205
0.4526145129621283
0.5482961774789133
0.265021637659305
0.03177912689367135
0.6606847606620685
0.8992432719533482
0.1753441522448539
0.8999214792240072
0.22321608351823108
