1325546
0.9139644490403344
0.8634864556770909
0.2881916194563321
0.549419044620382
0.7427199310449156
0.7720037766726937
0.16793230822594696
0.7935697970516361
0.16503731730449167
0.8258438320134859
0.1872500355741049
0.06518717522328699
0.15705081204016536
0.7216780363634877
0.007529597927258491
0.4980840677111351
0.019601393544657175
0.8880019527659362
0.8439306038898806
0.47742594290670637
0.5155489034696248
0.9175511312449856
0.14817469588260612
0.5788489944025033
0.7965679029660836
0.182902652281978
0.9854064566663326
0.9094374171823933
0.8834649880072987
0.6777398284882863
0.3302148233244193
0.6088447272267864
0.373032736556292
0.4883139680686903
0.837856040564033
0.3956232986297844
0.49790071101664357
0.7694314639906091
0.386674854899586
0.4682284376469853
0.7282162381376788
0.5813499657004383
0.5134180110523195
0.5473274754055618
0.41963661630202975
0.3301877160956722
0.09050489776554016
0.09764912674915494
0.6674833446615491
0.03883993010306508
0.6878575968080562
0.2849953337922667
0.3031550856691282
0.8044437850094182
0.03508540058221188
0.5480548041301285
0.36340274066428957
0.9819329774279315
0.43569844863911344
0.10944962903386402
0.6011760889591966
0.993299244750361
0.1571753178095482
0.919810509038389
0.8254471681759916
0.5516170301706248
0.7721482034487572
0.19032494110147136
0.7695652997561011
0.22931997421099315
0.7050245756801097
0.5223373960486557
0.10194679987472444
0.8698083183843123
0.8488365574699763
0.31144764361815624
0.8586085384276304
0.8292187879367806
0.11630076709723947
0.5503841294872988
0.6274465938886022
0.6298896619137051
0.5200642495873908
0.5313728246408864
0.35635594702803053
0.1743603721826813
0.32836703237219356
0.25418056780751785
0.17038816055175232
0.6615063835470139
0.005178656289887451
0.852593039498129
0.9054456739901438
0.07475157949605526
0.6862703216552852
0.35920187726655384
0.47089526297283313
0.14934050857939818
0.6869557440932039
0.3588907775625616
0.05147710214135626
0.1706923503985619
0.6876598276117163
0.9298222473381585
0.45929415626663006
0.5986807764250017
0.9306416313405196
0.1262376924733406
0.5186966291356491
0.19436807501763065
0.04413619203020336
0.49881608424293666
0.08953541887623817
0.8672044501670506
0.25200227282584853
0.6164322292876243
0.9088326684457527
0.3344144749739828
0.9132841966077727
0.9300883593054474
0.7599825903896259
0.016393429245277646
0.10288793678516306
0.0422935621461189
0.16973879006845805
0.4730204415854681
0.21534804794596396
0.010620689005904072
0.4827077291759162
0.08514577219309338
0.27346229399087507
0.8761174128894175
0.8514793326547682
0.5422812441135506
0.4251763240658074
0.2205898839635947
0.12831502415717622
0.6942233856966352
0.5469433993279863
0.9144478359182154
0.6767102567238301
0.4418414218404493
0.6147429865226663
0.8440853218887597
0.7736967540102616
0.6902377317167339
0.3465421621996977
0.5468320579379838
0.020510193395865906
0.885962447761649
0.7530252086464352
0.9239430813825187
0.883426351274904
0.27583327382035205
0.05343770363538425
0.7889128019606977
0.04320212278340141
0.12438312044173028
0.640929809298441
0.47512234748307114
0.02893726531934171
0.3974180969006984
0.8226481032011705
0.7340571338835296
0.7744272779009104
0.9228838598384789
0.9154004756722295
0.7426497452867635
0.976132755106571
0.4704467639820342
0.06139783340488314
0.1120529342607749
0.49517627490294813
0.9186713016704349
0.18178020622851454
0.35734040309141446
0.8523596405330647
0.1962556348426795
0.9749624955771937
0.18610631230016772
0.012029959702732018
0.9600465009635575
0.3558928213063034
0.5946955386996513
0.34598259963943423
0.5350623926226123
0.5817228629904371
0.6087310334458764
0.24032874802477255
0.4762637008208743
0.5121894349630242
0.4470261531181222
0.6254421102354755
0.27394756341506876
0.47034578982661346
0.09327565030724883
0.24195097763172968
0.27981993283549955
0.9717355747681543
0.33633922555282547
0.5786327541218745
0.6622347683268928
0.6100600295434848
0.8539784754698097
0.2153081101342973
0.14501701490495933
0.5883184726958499
0.47985079037669653
0.5755987760307391
0.7039133460642837
0.7789218022458785
0.8382308294528552
0.8072589891658356
0.8600921283947585
0.9365119494579361
