1103181
0.5185519125134662
0.8366924957292774
0.6840301030504585
0.9853165620792815
0.8581179277023423
0.5957141302586173
0.02876689668244703
0.5912714208207672
0.03434365425025521
0.7753723415170314
0.3249270610546052
0.44263906592996305
0.573049694294887
0.7678368710937055
0.7960679051928151
0.1322623844744143
0.3705707195337542
0.22179792984735935
0.02937965498473427
0.6691695385137079
0.2772570111737309
0.36589598983374416
0.9677353843629374
0.8796864610625456
0.5687199099203109
0.46526841893147564
0.895676169296357
0.24215870478576296
0.5871775103694657
0.678100829003232
0.8690376507231367
0.17617248974320132
0.7535078177136958
0.5609597896934022
0.03673672336441358
0.3201912726788817
0.7017927184673226
0.29900219141537954
0.05403298135009493
0.4786271132132175
0.09682743444964759
0.9034143260364024
0.2855361696442782
0.12443939587577901
0.804989863487026
0.6104462962565854
0.5071924559494695
0.5331427307697331
0.2802539089493543
0.5345538870714232
0.5046831009997019
0.6241617347589599
0.24093887714974838
0.0959497848240164
0.5643179500270181
0.9894851606743551
0.04788411722788066
0.44401203364859476
0.14238511931213638
0.9939215950361875
0.6912803290139852
0.5386032865608485
0.8311626182111921
0.3352904243983329
0.4812685385671661
0.6850354204115024
0.20374591906820338
0.3295167671781243
0.5675977150952384
0.7266874609925122
0.16769303270835434
0.5279394184075972
0.273094463333144
0.3199880696409899
0.8212054630129043
0.3914333930422448
0.8592128183143668
0.15289239775302144
0.342226391800181
0.7361011967064687
0.01869576284555874
0.9871001935433558
0.1963855872610033
0.2323371501654533
0.033217036819460644
0.7190777065054692
0.23247827329245074
0.9867805105131358
0.2793979401756198
0.7973793935562913
0.7438692187685046
0.5514945306596961
0.6952151961036401
0.4334287075036065
0.7807913711316311
0.9869537063333416
0.7861971236242907
0.7711315736252479
0.7350317829245323
0.623543968946563
0.6373731072131664
0.04143048367194213
0.7001797520459824
0.37086299019642843
0.5791287915576111
0.36299703417127716
0.24677221473347677
0.432306796115299
0.5611815275898244
0.7962331786596057
0.8611722016359556
0.7510469649788561
0.7200955944108679
0.4100607058399709
0.7441506041425047
0.5980446799777901
0.30117505708648606
0.8641740658787949
0.4087914404404134
0.9542511254025479
0.7367339440816523
0.03439326956713784
0.4627582031904912
0.03304764305678809
0.13126798057769362
0.9920807080582628
0.0637530985674023
0.01965377753585995
0.07675311371682147
0.8039195796224428
0.9704897188066232
0.3225880877608872
0.7531071381117889
0.7266678541672843
0.5785646552106798
0.8311705032873205
0.6081163740411294
0.23569132442143392
0.7733517954720114
0.8362338691430559
0.5610973070272763
0.00518349366539872
0.5038940897322035
0.08220632349521029
0.15787171998763827
0.3329881257625178
0.6458758043928131
0.5684035969954037
0.8480069747822069
0.057052688075492686
0.9812438744661544
0.7477377458403925
0.6760306198689725
0.5368909863352376
0.10868166143367541
0.6479302608513641
0.05608180561423015
0.3481126050345431
0.2522271813219594
0.621925759748792
0.6382939009648722
0.95261817507029
0.9401782843831848
0.022423328965125222
0.21683140460827288
0.4570887640557032
0.1024766762734477
0.1395505052241991
0.7009199931948453
0.7998575131083736
0.24732520556908
0.7613853852760715
0.4816631159443213
0.9842261860187623
0.6432843259920872
0.03531024364797064
0.3516935483696164
0.6210352144953994
0.11008488978257513
0.2145265323384815
0.5837802045272302
0.7689906619614008
0.5223692079356158
0.6227282420508137
0.2911453355951009
0.10375093064999419
0.2777035099425076
0.3795212577377668
0.6224891523431711
0.5080752727330655
0.9454014180723936
0.16955669397838324
0.6001679835652658
0.38220613606765474
0.6200409521714668
0.23412101091575754
0.06152505709525247
0.47385831644995613
0.7233833524800847
0.6824495237593651
0.4866314869775007
