1539891
0.6410842695096062
0.16054779384178586
0.744350763517986
0.724630122320246
0.8471067718475797
0.7992566705651057
0.2776127063140127
0.4514782479808438
0.48094146988741526
0.8120938972548131
0.5787036031996043
0.477579611617045
0.05204611796365122
0.9058038140619322
0.9872038003912595
0.42882294200195925
0.02098655681835293
0.9129199151412681
0.7459930867638077
0.6137136110976369
0.3160259583957158
0.10900831257047772
0.7460308328428065
0.5945411649512868
0.5660311263246595
0.5763724895065021
0.9261266941376495
0.9676500772835601
0.8484801985859298
0.4778283025231219
0.6845156452308773
0.049475863930175557
0.4906600300455437
0.525656121612535
0.9052351542994999
0.7838992524856554
0.110831397881473
0.4917735627171409
0.8225854186952559
0.7511306455670143
0.47687693498945405
0.557659468417103
0.5070486123335542
0.039767076899803855
0.4498473790755715
0.25117788930076
0.15983709519412392
0.33913244938454556
0.9695462846641841
0.15193237957337458
0.7934327821102451
0.26016948888288716
0.29400804171256656
0.29420199797466395
0.5868859036174805
0.895188424399077
0.17913823990025912
0.4503931040758634
0.5236906488113479
0.1684785617841742
0.6071443896741183
0.7367192719916897
0.999440108086178
0.4850803798363741
0.7220366816745188
0.7141542373621608
0.46216566873988285
0.8073525642574092
0.4452524610059365
0.1518861561818493
0.3944050046776034
0.6133080218889813
0.3643905317827061
0.07184884436768413
0.20659412356913043
0.44395874678160685
0.7217318374212818
0.05776450630153218
0.33104192554937206
0.7133790974233596
0.6257751332381051
0.108456215984299
0.7586738396769963
0.788645453349647
0.9474668273381206
0.9702001163715197
0.5979033527536661
0.008625823768235397
0.18133707395647192
0.9462900643607332
0.975817081889046
0.5889292733694556
0.8345766208008635
0.8143063852039896
0.9155632803977735
0.22223546280230877
0.8301162704887194
0.7673357451766895
0.6845987475648346
0.4901540164780528
0.6684414832181839
0.6953603515739187
0.2710351538212912
0.2294510675791005
0.0504569770260932
0.2415184512243881
0.9204309877473213
0.4514348967236982
0.18209825232138555
0.664300614456624
0.712294018751029
0.06606293176538436
0.3709137145501019
0.2723689166716703
0.17785878085386297
0.9177372305462725
0.4232919321127019
0.47586821191959994
0.27958555006067476
0.976806138926069
0.9477286396238565
0.4915209779504969
0.8821495375032359
0.3933051886240184
0.06823737925153694
0.010782549392024054
0.11777622209849636
0.1103524396710921
0.7171414889648899
0.6357979575794607
0.6427379950803964
0.33536516053466003
0.005436601805128505
0.44505479951029403
0.9618315247113198
0.9108161147840502
0.6084389361621625
0.4086784322972633
0.8126495748537693
0.9954446655587694
0.9349969258714268
0.028232809153318827
0.4617612032541898
0.3245036956596864
0.11358773059782468
0.058937670769442785
0.561199055136432
0.5627594501378788
0.5789495047977238
0.3029965771930542
0.41202657743313154
0.636043699247705
0.8542778387733244
0.8233074896636314
0.8561003097866824
0.5268717883709325
0.28860676764807236
0.8135579431371698
0.5115258999533382
0.49729137108207633
0.24204068680139157
0.12470630836681429
0.9097257621498187
0.472070182366051
0.0922419238863279
0.15143232970480291
0.5605015417361968
0.15635462948043632
0.9785221734163182
0.8282005075899024
0.23226145684149113
0.7736342454934048
0.471602480547621
0.49675147887557913
0.9890466648026427
0.708484541859162
0.18659101978824222
0.7915514517121612
0.6428409616462402
0.5290606543515016
0.013573367102536316
0.521975236095315
0.3595090993952684
0.1872591000748962
0.45120189612644135
0.22446050866084288
0.27184137831442323
0.6128295105563649
0.49565209964766244
0.38392400406642746
0.26964985247407214
0.5473400357520491
0.2258719561544854
0.23175826894488882
0.9630241312466753
0.5417075848685393
0.6787167016347528
0.8478778009097617
0.6532761662352632
0.37077932034136984
0.052438210764719884
0.9452395005721537
0.1899729366295143
0.782902743905095
0.3059407948211682
0.02045666592533968
0.4564394641691212
0.9705241288366403
0.23170990012901915
0.38690070042367253
0.007383429017237542
0.4542443403215609
0.6851138933938914
0.4093020936162294
