920657
0.04327533567747066
0.9929979679809934
0.8617967981776021
0.5278410894536517
0.7003403275232831
0.48340757776907517
0.3812584745735137
0.33654871359768435
0.600056036332751
0.6295453664286991
0.4991506275176756
0.4375148635442986
0.6204864567904999
0.6652405227456396
0.3884568763059283
0.5400263505778262
0.7483766691496818
0.6730867505927122
0.7658588749201021
0.7120426740645369
0.5847711629564719
0.4875548645632781
0.5143241038098005
0.6438411383649786
0.014078908884907482
0.2880530414313144
0.9738713504686731
0.3191268594978238
0.37397313751846695
0.9967163710731376
0.4382493132090306
0.8448815830201106
0.8351537942554684
0.7424037177492658
0.5934543589096962
0.14958033180539976
0.22499471781972813
0.41298082362095223
0.9528459753017625
0.09889450994968962
0.13622628886462107
0.6311958019816171
0.7364509166355986
0.009558689264744014
0.9488844468164891
0.8131121820375796
0.884174542809271
0.020895003515174704
0.3064551122756949
0.1863553627891127
0.3942274438000022
0.15579420099333985
0.09410497374790883
0.05425839556266221
0.8229070425314892
0.3290396907315467
0.5071189008484529
0.09317573162812676
0.7551471582974264
0.2593514111003862
0.7443648171515611
0.2994088588245063
0.4745356390844504
0.7180513432687639
0.3636089798927584
0.008693160238760322
0.2533352021236156
0.43017482089134473
0.7982731699576523
0.7329705960984533
0.27750682579874664
0.6367171445534969
0.3714617747528872
0.855198394317144
0.21346553664043044
0.6286146035251413
0.8586277313013451
0.8728236379423879
0.4371304803507775
0.5286048740936014
0.8757774212588383
0.935070949108283
0.16653492405860681
0.787893573836407
0.8377492977319837
0.7828620131765571
0.27771203967113045
0.008070021676987671
0.9726703040571564
0.8231626085295691
0.23940906255419858
0.07688480654004892
0.6371239004850943
0.48448191628566195
0.34736660581615886
0.9039492715759647
0.06511321042652018
0.8972975409042955
0.3057572942315371
0.4047097713379135
0.8411971955467283
0.008790556933614857
0.6918886754004122
0.6547772308376048
0.356768554478631
0.3314185075456828
0.67412886514893
0.04220056316969312
0.48283390602535936
0.7245672120329751
0.8488813726253103
0.5380732337237296
0.5075819875897557
0.4632317547164829
0.4801999919100858
0.3490386572126212
0.3454630403605058
0.5853125762411053
0.22643990616382736
0.09150376015864814
0.7246558448841944
0.3784505421204314
0.7379204572572732
0.827945492268375
0.9614307006044233
0.2090165722823758
0.25283658512582574
0.4128403674039762
0.7917135076556144
0.5481661013954007
0.3969186764090329
0.5337152031781633
0.8432834387394054
0.20198227170753902
0.9935280706435756
0.2087510293594751
0.515398060450631
0.33999305200639796
0.5735749866702187
0.3000209766927193
0.2792041511439908
0.8110734055606658
0.7045871946626729
0.660453402587534
0.24754936613861678
0.6857901925275623
0.6398772712769616
0.13717283302498573
0.17500382333653097
0.3235106648007936
0.6399044565059098
0.1571195846843504
0.956497885314865
0.7594043798432325
0.5125716891901949
0.912499941574511
0.6361925408964111
0.7244350772351187
0.6455201895487415
0.09178031769496853
0.508289668165494
0.9115012440202233
0.6899300514620026
0.717992236795554
0.931496757480063
0.9350834581875441
0.9515564618057218
0.6364821873485256
0.12722940971867414
0.6319083761278736
0.36751299745756827
0.23021186972838537
0.32113595850762167
0.9706567718501409
0.1848182084668677
0.9594502498442762
0.6065359007932015
0.8771157180822525
0.5631219240222067
0.41076502699742723
0.9193026719087722
0.10149389410736709
0.8274787521640169
0.2996211991297466
0.9648828209070321
0.14975528857956089
0.41275803363359576
0.776423907070335
0.8251597374824529
0.3402236202570139
0.9788081032273895
0.9935982975366826
0.5968083460534931
0.5365316710024358
0.7064664026361234
0.22475446785372788
