1279473
0.30025660196735604
0.02597136962252955
0.5847432217063289
0.08015996722817187
0.9208057889194559
0.41306713944464224
0.7460386485995059
0.5142061594428684
0.8829457339003359
0.7201101920769819
0.8470994505874732
0.5651083031268342
0.419026229951331
0.14458839443841354
0.10938408936305377
0.7263585301472268
0.4928629685776126
0.27052313015322516
0.42166445095388816
0.48186710001304256
0.29901829242710753
0.7114474597044655
0.8944361613851075
0.3355054711778126
0.5577632430200715
0.8805763686483775
0.3506481570216473
0.15162688209338715
0.10989435944388937
0.09861702895286029
0.44974834536691155
0.9028168414608385
0.21882377152985177
0.1844150539063163
0.0914054784933902
0.6864309761450391
0.8676114213068602
0.4882088188751036
0.7551580065355361
0.20378257706408087
0.051357427336670036
0.4102657268207546
0.4445919423452326
0.07276389069117217
0.649877448515891
0.5657344869293719
0.5724372461180398
0.7432963005358308
0.7745187990682437
0.650759666713892
0.6104231431946207
0.5401784637663801
0.6084510876744561
0.3493555043443799
0.7408850974113897
0.2897158203787119
0.5347121998691461
0.6965626283382531
0.25257303609173887
0.15883704426008594
0.03013093831636815
0.16703980662541273
0.03263042903734803
0.6176094237128208
0.6469633118827082
0.4420483719348177
0.3754624274035523
0.6851536241053597
0.11665885738506099
0.32405761376509945
0.3638837134442682
0.22035017085462139
0.20549152035807694
0.039650622811231995
0.038333892476552056
0.9900288038229275
0.27362096968129157
0.15463452753501583
0.9543511817082451
0.21163878159299632
0.7052809528818815
0.18490726910177901
0.5090429520418266
0.5492358887524793
0.42520528690605297
0.8058576597350542
0.6032108755472922
0.9348675259609204
0.5554147510978944
0.7902723886472042
0.3153955966897277
0.7561392255331238
0.9226355113759575
0.3996122044770689
0.826006611592483
0.3651602962369993
0.39732379119148964
0.5469269516912254
0.20045761025120956
0.4945013826303586
0.7062605515673709
0.3957577354204975
0.9816421720311661
0.8690977991524953
0.47883399520806913
0.09278255835659643
0.6105281714753383
0.13273307197150608
0.5584047280541988
0.23394094123813858
0.6270683506111395
0.3929084403517019
0.9181421399034464
0.16555436294956982
0.5888349820246155
0.9256802050255614
0.09189924639286884
0.7347557125765841
0.645972387301469
0.14464895205394113
0.4255585491711782
0.06435672536020276
0.9209416007346185
0.7673784298421293
0.10199691355033291
0.36271570610182535
0.47732457947711127
4.872799858332E-4
0.7949414926795173
0.9432440369342642
0.8578373886397436
0.5980044751808739
0.959508471985011
0.8959549188437422
0.5576342656447865
0.8830668587970684
0.7273609768109862
0.0630374539627806
0.5919378264962327
0.6685563777354933
0.3019892943676594
0.4725757883963959
0.21803345512046868
0.001161953568638019
0.6189516069573137
0.29682896281192694
0.5376733974080374
0.1540753364782148
0.16704446491116842
0.5258305368356786
0.23601665607327416
0.9952360802988004
0.8048286234664831
0.11367875198836375
0.46387931998499476
0.12577967738465523
0.39362472245133073
0.14778018991644593
0.8829524931562335
0.11572654626060008
0.10592000960223835
0.7029427526330129
0.38196903631435775
1.7117768405128242E-4
0.4768838979290838
0.30826497017523524
0.11992521888223595
0.5428307701325307
0.5437719678854699
0.16747923683120303
0.13049791882848738
0.41582216140100825
0.6216629628037816
0.2807258283422619
0.5241574093029827
0.04055394982375171
0.2627287735551017
0.33068100842197234
0.9661551444541472
0.42866952434614813
0.4147478997641727
0.48321561087995524
0.6213514568027068
0.011623510753557165
0.521391577904787
0.16703205334758098
0.3585880794519196
0.8444774195912913
0.4436516477065462
0.27914482963555853
0.9020369560741616
0.9853468528927498
0.8812967317112435
0.718811169829205
0.7500906181119494
0.5463529507129055
0.3616366001662875
0.9515855708274489
0.7962127413829018
0.12338050283404678
0.6528304230879278
0.019093903790346367
0.33720233342865624
0.7309312162882011
0.1806079819881069
0.7500983790440813
0.409440645334436
0.4981995223168987
0.8435903881782305
0.14339344609593474
0.6381343157731248
0.14254908677001943
0.506774238652748
