1000663
0.1933600727609477
0.030604105297051265
0.8440255010257928
0.5404292697491321
0.5284160064679148
0.617728928477834
0.9601156409885911
0.9576634137344853
0.4084770167394278
0.07287333567944199
0.2113248782036582
0.907113756216597
0.30545442976085757
0.8922019018087551
0.6115018884220217
0.7964098190058252
0.4146643254908776
0.7703044916882401
0.11234056209736687
0.6287288806157646
0.8117012718508716
0.33107386331458055
0.7225455117954803
0.4640804076404005
0.7199140334930201
0.170118577413217
0.4080148202992263
0.38666265185689774
0.08478986930491483
0.01084160507451426
0.9576598394206719
0.8905180448890155
0.5166415914943593
0.0760867323673714
0.27419048452728345
0.6646590747143335
0.2995562997648542
0.7824493605950251
0.3170567052220341
0.8321961715142515
0.6766623744617329
0.19865022833869272
0.2369240628791105
0.4694112454929352
0.662355047478185
0.03065021490097164
0.5892657625660512
0.0865969234108993
0.8759057847111036
0.27154498105817626
0.5996026934792742
0.30067216609003034
0.7330688958833091
0.7830754374742809
0.16837016450251419
0.2484168298412618
0.18207499982202013
0.7742415919675488
0.09408230353854008
0.8447212463217653
0.5172025479945888
0.17794347437155578
0.24902609861877156
0.5943988806650947
0.03093237690339179
0.09799619856213271
0.17421156381212244
0.6093210156756984
0.04555175983710569
0.6646489237841403
0.9609333092157752
0.9437605038643132
0.2518570927481859
0.2774155451364009
0.5591870446093182
0.7952930160811951
0.5267415556302648
0.47865136768444205
0.07220827630927251
0.3333561838821635
0.07838961703341274
0.6856184893598697
0.518072086586313
0.769820544867133
0.5886510121615651
0.7228359065920644
0.7579001587834796
0.1708546806863871
0.2690029158365934
0.4410509474081634
0.7297774514389993
0.12320948947674115
0.4648303249436815
0.4785331629756452
0.9587809454449557
0.7874424174737581
0.3535804378003774
0.5464695185189433
0.6447610625736091
0.27634302639294406
0.56418601788139
0.011408636487865054
0.42582382120809903
0.7562755936614393
0.07219173736568996
0.6327295850887289
0.7656912217399701
0.40658746326627493
0.1294951920559091
0.6608941703726962
0.8579469841679617
0.6931877851289282
0.9524941598007066
0.6351066364943297
0.5554845012640434
0.29797074900735254
0.018225842321250574
0.34528273247664387
0.13935622014248517
0.6527272402101867
0.3929774513393548
0.4205605662991161
0.9770785859231516
0.2491500746935641
0.47330635558506196
0.61306201023838
0.11715611538181114
0.1014280182033771
0.5463994767036435
0.7204475907153104
0.4345322578310813
0.9281340570468599
0.08604766215446336
0.13777672035145194
0.7768248660841027
0.8927162744004479
0.28576167365954397
0.9797424540271242
0.3302661608562487
0.4250328112527505
0.3281379621004108
0.14773539617074527
0.8962683881740877
0.126835237397381
0.08933031660784307
0.26798174117819606
0.27975043501660346
0.8035721983136871
0.28865153902456564
0.7221166034353219
0.08124617717814431
0.5693734612676409
0.37048888452906215
0.7175888457958346
0.42699281399872957
0.021810446972905906
0.24939187811372443
0.06806261666134594
0.13991111831607816
0.16240425244629242
0.6627107126389038
0.4888304371920489
0.9110989548822426
0.9945168765083184
0.49649534504264126
0.9857999472737833
0.6004394934002709
0.7514866105771355
0.3889866236726902
0.4996403625838106
0.38732470046149114
0.8687005671068525
0.585539548046124
0.8505243985718945
0.7349423951055748
0.9550775795347695
0.7503380360658622
0.3793632371514598
0.22910639071868844
0.29167986545388624
0.972084229399509
0.36994498845212076
0.46584331843058957
0.6003484977797299
0.3221004421577539
0.35947796000212884
0.8164353155169493
0.6079283511537804
0.49265443932632047
0.22118040602162403
0.299151797943196
0.9324998732805311
0.6292642941038424
0.47785170703328606
0.9330247410997006
0.16717137792440828
0.5729922936423973
0.2508534513341395
0.07846842508135243
0.06502991487914322
0.8885256826286796
0.776781714172383
0.705023171523557
0.14221023978356284
0.5382265830334366
0.5865091646729006
0.025134776316493412
0.9304078034749363
0.06764173974174537
0.1692590523933023
0.3038158025785427
