759886
0.2206313235230516
0.2859686966404198
0.235027828222672
0.08528745759674183
0.06295537966853226
0.9666321031235758
0.1335067648163244
0.3590348494680463
0.17530842133786384
0.22892378336415364
0.43870299004719004
0.6559418623505493
0.10591018490828075
0.4200997062720261
0.48984502022456355
0.44424208179135993
0.16135625584213897
0.40284524379711784
0.7515637695741707
0.3507794124020398
0.6356646851980701
0.07859114771828413
0.44151211505806065
0.38781213762995637
0.9132649906869582
0.03809179416877373
0.7250514716126939
0.980208503629725
0.8941799303670174
0.3149719545288002
0.37374691461840315
0.9932079674869132
0.21421687458112948
0.9386133622390367
0.8813791055295276
0.36226701084006085
0.7635820358550376
0.4594365154270975
0.3108407001575495
0.6545484838130935
0.8052759622739605
0.08068842930632592
0.62936190325237
0.5375371201742023
0.02752657803093339
0.9445271109231782
0.02956655499758365
0.4955753843259906
0.8564925908088763
0.1829631472372144
0.5302560135660628
0.5989337102349199
0.6450908897009174
0.34022380283058273
0.8950557046935657
0.978908448562108
0.5967069828687479
0.021464074633772534
0.9040683086994766
0.4586175110775371
0.13019385556990326
0.057293914258961576
0.5885531604739658
0.08992130125497066
0.6669750230189456
0.09499733715336778
0.2845337984854044
0.026586017604202428
0.861110877570707
0.8611916767505295
0.3693495703409454
0.9431812399200034
0.639042149561639
0.29170324630724165
0.736341637677801
0.4509925928240125
0.15388723081812317
0.3149785120338986
0.19180795206034285
0.5607010414498
0.885017655807899
0.8675553144806187
0.7558635530210518
0.27144088362452756
0.5768086700230137
0.12852361515290323
0.8063514480129665
0.5225929242192996
0.027153993600831705
0.4742276833655579
0.25622568509653043
0.14900673606554105
0.7962601473764973
0.5294255341355397
0.08963550486915584
0.4127361074760433
0.719513653365872
0.4307888727560756
0.6268954490699377
0.9945557676833052
0.3785197975712542
0.5900904859746531
0.13762029080525984
0.808830866960347
0.18355365549104807
0.3497104028827359
0.775685287115806
0.503724885720411
0.2690811275021797
0.24320183588181132
0.4537066067139782
0.7292655181182971
0.135074189428386
0.8122473346545829
0.5747587928162811
0.8150508307243229
0.1805726168189209
0.2910301132455514
0.6632551743197297
0.8128990425032807
0.5407798391572964
0.8697002034177787
0.7190826353646247
0.7820895780487259
0.882462566608972
0.5381450480327583
0.7788292328419106
0.9930182817066969
0.15612847350409886
0.28282074558613446
0.3482327025224068
0.3295354029343275
0.9107607626321403
0.09412242283963612
0.4578032608784034
0.21953994300590352
0.399918467212928
0.5499726408344364
0.2221107186050808
0.7968506581614442
0.38602260196129723
0.6711371413272466
0.7141489685667646
0.04358156060967533
0.8927785979711553
0.9834241531997432
0.5589521406411305
0.5574783385264757
0.43355810284599305
0.2270385787419863
0.923096375391016
0.04463249022476279
0.2017133040093243
0.20752622150907374
0.023650047543098962
0.8023676498766178
0.45758496824154493
0.6646958246704945
0.1449584650332132
0.9793716604111978
0.03930511550206395
0.8176754096574993
0.5068117455217072
0.14349505138265772
0.10397165776553718
0.965862974311683
0.03018937729277882
0.2541694794942507
0.07644762547899187
0.57762484488569
0.09915099054052423
0.8511021277482865
0.6898994455702616
0.06325704843492208
0.24227203275768594
0.3736642253752235
0.5739452515977593
0.09522655874471708
0.2687407304571049
0.0499472944397541
0.13492703292300567
0.47393343587267933
0.4955221114119428
0.09386073959015406
0.431370087220733
0.9946847519725509
0.4612259777014186
0.8650366347743493
0.2714492255062575
0.7494459377839598
0.49794244629355144
0.7871902037757287
0.020295196204374588
0.07994157889898279
0.3503255865400908
