675772
0.02939801074743409
0.7089680521641855
0.5865481917717593
0.788428971127078
0.22100852702620088
0.370792309272457
0.9770965950609206
0.9322121378761176
0.37270267642923094
0.06693839819828029
0.537548215015569
0.5244949255546217
0.48013855016879614
0.6935634842994384
0.2694706603998466
0.35790196217555836
0.31656422459041766
0.7479261003059825
0.9771206922273135
0.7649491845954737
0.30688165373511933
0.7302399159363031
0.34842428762316013
0.6042876815855956
0.8688942366805005
0.09047257910603068
0.7859379543013254
0.21814231775069315
0.8665599085215147
0.9852315217499708
0.5748603101180174
0.2409283952244894
0.16505893320485554
0.5714053739693218
0.09322346250951197
0.7837772659331532
0.5085071157026849
0.49474123877137033
0.32027561195583987
0.8732357746784302
0.6192130685142521
0.19324641857499747
0.3670728846226158
0.7054370099871137
0.046619215044419016
0.3721254736461227
0.20188839313464924
0.8955386965270136
0.17736554747319278
0.25431815893400667
0.5476240485197953
0.5222034918878122
0.5530851468455921
0.6424695431805987
0.47095031527278053
0.9424659228846664
0.1917388011679686
0.27426449108415574
0.6894757988249521
0.9486756160919634
0.836559060424728
0.8815441136332608
0.22667614719436358
0.7977129037798445
0.9624063426606593
0.41916212353734383
0.34168136555143613
0.5692474393710902
0.5602842293892064
0.3741608034313064
0.37621961203689835
0.9943362653536915
0.8682761254773211
0.6923157746925364
0.9929596815926016
0.5499364408884068
0.8479222404931271
0.9931930384000129
0.6532836680279409
0.5496068794650412
0.7385527305557258
0.7095158850042994
0.27209045375410257
0.30395913932768326
0.745877114381781
0.2126838092108767
0.41819613670797307
0.09595933557493919
0.9668975145619284
0.46557908274925996
0.6492985747240114
0.6523500820023601
0.4694463218570212
0.6282595270232908
0.20416043614735047
0.5808190807632296
0.09514758102219822
0.13995426486176643
0.07662048925789822
0.09297446794475406
0.782555917751418
0.1353371611212988
0.26534241246561785
0.9203583384853318
0.6892971751600815
0.8234402793933692
0.6373673950186898
0.5652063060646834
0.8117144019428174
0.4385059818772673
0.33316182369337544
0.3708619729375089
0.8807087460185837
0.4028211329324596
0.20462037283711199
0.7075917379712863
0.4632821821781362
0.9436173664501629
0.9360838884145289
0.07213183049824468
0.5043398438454416
0.35989209559473345
0.6593435435262587
0.3326060809351201
0.3560813051760676
0.9181590712090734
0.19519478264448187
0.7071972811930478
0.4399487231698723
0.2419317453280062
0.6895205473901133
0.4340362863441283
0.15922263991905683
0.17810778419137652
0.7256107429428944
0.47549756251749753
0.6893908313760502
0.9972660807886297
0.10506167881196515
0.25555952770455603
0.14124704806407606
0.20589286345828195
0.39763813648423796
0.7950936935560816
0.7955426050236508
0.16453986681958532
0.8355699963852669
0.4378491059278131
0.22128098214278247
0.09104961713881621
0.4111360854267708
0.7958868414779079
0.9263836861369009
0.46226897037338144
0.24765758416887373
0.3074503408477719
0.5538001737027878
0.23197717888067737
0.12005032351342348
0.5401231460726755
0.14168990093115774
0.45137489280296383
0.7966147925085119
0.5544949167034132
0.37695090289540156
0.3284973194849754
0.3796593892115595
0.15501739862158448
0.6223011529443006
0.33595879173638865
0.5012025859351791
0.8899131705031329
0.23825364121794312
0.49985885074009007
0.9898226211160893
0.6618151161415453
0.974492740529476
0.417334164155322
0.015405041913673312
0.9534854341776619
0.41932217424014107
0.5932927372369846
0.04814342103362612
0.11496972894171631
0.9279027596154592
0.11352795543230942
0.49049642220425893
0.046797564563887506
0.1867064262317285
0.5200539668253351
0.7453245615051483
0.6313464600429401
0.3531668212686241
