31142681
0.22524358275351175
0.045834952884714175
0.16081047800410164
0.44484598644146156
0.2532272902273257
0.897604428127885
0.756007721715645
0.43835646133336204
0.6870649309046039
0.5671066506168699
0.8540373390758736
0.2733084665870278
0.22440147559645285
0.5076555290536005
0.19927030104494103
0.21077593840522435
0.2206657336015162
0.9678458622228727
0.7757049402346297
0.8190436395007653
0.5054406583672489
0.07804051357631336
0.897183150676004
0.5877000479176677
0.029123742012735376
0.36718645857210686
0.161927226883415
0.5505707510561709
0.25924986627700686
0.7524276144369886
0.019139266815138778
0.1875452520784997
0.5052845110637139
0.2884781506289592
0.6159117442157547
0.6049596029660456
0.8676694981331906
0.23179831205875445
0.8425984988050196
0.7245902384671926
0.6929922373146578
0.25524254867767004
0.5094130631414435
0.7948066452316254
0.4439225544882889
0.3827987863164761
0.008305691099473433
0.7772398322840535
0.8810489620199866
0.19058691996507837
0.43684464539832657
0.6980092503115906
0.13244553098770762
0.8878174087015976
0.9384050068760342
0.907465264470349
0.1843400095040998
0.773042326246751
0.4597998942503724
0.6333454288067069
0.7466809331033668
0.11904033743689801
0.32464970620847766
0.8875397306012069
0.053552627573561606
0.7021435956438882
0.31878638968944195
0.02134363935760486
0.29635415232873985
0.3359007791995421
0.46277495631163545
0.04172268894393316
0.04682853204798454
0.38950126772941185
0.31953564499018816
0.9978054936079137
0.9653792918036769
0.9069257490088253
0.7871897630469746
0.9918694523113635
0.4608483886505329
0.5087858976233834
0.8100992009571181
0.38553557244802483
0.8168247217042716
0.17420021627999505
0.08541735091392555
0.9965877088430876
0.9852596871345035
0.08311459840574265
0.7269102839943259
0.12494316047646148
0.44868781282390546
0.03015093617154907
0.8269706007631213
0.6334508341355858
0.29419394499256124
0.7551285209448946
0.8535529385694133
0.4297937436883108
0.8534223995205508
0.8249320165672003
0.4391906899171998
0.15124202478297555
0.11928179564330865
0.7337080406031059
0.46386058433969657
0.33167022037529414
0.9960608111353696
0.5563880663349288
0.6898532032027684
0.8092385545347196
0.4629167965471519
0.26344191633333625
0.2860161056146895
0.7568022797578117
0.8962182185639755
0.7635956525199108
0.16005365264490523
0.579829518496696
0.9460985057961446
0.30746596426685147
0.8808894618509991
0.23968354403003533
0.5786294138883025
0.672776351345043
0.3719436844481293
0.5864850586843334
0.8480968157244582
0.40350930301231425
0.7179137236730843
0.34522383141152657
0.7005527950402783
0.25104839824813385
0.054692757654802526
0.4969415693266628
0.02977124544134291
0.021465119478531025
0.1811868630297584
0.8874002638721536
0.8074924948796751
0.29623358817330914
0.1359544252554945
0.16060179113855222
0.8064946768562706
0.4657748263065329
0.8669879628249901
0.029037027504450696
0.6422239728258144
0.09168346392822047
0.9316314111236557
0.17460996595280076
0.7178533046299729
0.7468614800274022
0.03315096828494102
0.16373223053743868
0.5466514127631111
0.6465850655318446
0.8754225165735133
0.39024687488535437
0.7442707812672286
0.44359412158858225
0.17886455054775474
0.24148609506647611
0.8802797405034885
0.854118142724025
0.11990177284196102
0.900973764125302
0.17593201478598675
0.42381579205216957
0.7525618512918952
0.05857169350890279
0.4819635072935434
0.6690157238617133
0.18243712941890688
0.9809008013086363
0.290221657166035
0.8388367735280309
0.7573278399952972
0.8664955503626819
0.7315209167128012
0.8358393236852414
0.07275105069312582
0.30673519454730513
0.24258761531963657
0.9279599244068355
0.399284202301024
0.021477480543304783
0.6868300199041347
0.19401861033370627
0.014615436612854804
0.3544041861097137
0.381517405860581
0.23831124530760261
0.6138261570858772
0.73266438960839
0.1107667036172949
0.4621819061391437
0.3153474104912941
0.882390725130743
0.7719324103284008
0.3020210848773558
0.4140065405803125
0.3228888461042011
0.36082340622244
0.22427616277393592
0.8151663576150029
0.12314813462646024
0.8420347333388343
0.04252120391185776
0.1421493646860078
0.5389267746753588
0.31215168576569796
0.4117385045304346
0.8180613816332298
0.24607958553403586
0.4419740102082107
0.4535859427637685
0.6203163460320655
0.822556123668901
