4193423
0.28666280799293975
0.9997323780273396
0.5285814724423106
0.3472842098854144
0.6919674203184477
0.7996101618614068
1.1847308587453753E-4
0.25762561753214264
0.33672188859604335
0.8700326870186247
0.6574218286361314
0.4850972806433279
0.39051434746473135
0.903520289409135
0.1063993194308851
0.4974470338928493
0.5320723814768492
0.4458594083225399
0.6160170364485507
0.04963196698317773
0.18465121384702599
0.06572402809373279
0.9287556954962359
0.2545460290835597
0.4703462595550353
0.4091682790775465
0.2368381326917115
0.8842334950212858
0.43784011216948715
0.1406623623387303
0.7726199183033013
0.5000051449824495
0.7507246114064627
0.9397742514358208
0.8629786858516185
0.4208311643187479
0.9059799567663748
0.19079655101444482
0.623394080292679
0.5595018507441044
0.17265357662275072
0.05014066743785894
0.3167482431569041
0.747983672602463
0.2702366433163488
0.8441925356499457
0.501493166556371
0.71095625799699
0.539363103693169
0.770269853273454
0.7110331574604944
0.3189978392922227
0.15129774695031462
0.005999385353031572
0.4114689154451431
0.32919094504011637
0.5735478179913142
0.7147255315112084
0.28651181887401656
0.26175903474970375
0.7927841375117207
0.7129668721902668
0.19193482416371066
0.30900334783525707
0.3557289781036197
0.9547050597889607
0.568418053504555
0.8923599498929495
0.3726533847453857
0.5086485345066932
0.37019189334463687
0.015528582647724498
0.9979768674021127
0.1369535966267622
0.43142813935270097
0.668875236183889
0.7607721567382241
0.5671899664943804
0.01876019335421364
0.34227702417860884
0.9782464526712181
0.9855913127136894
0.3677386767163179
0.9557567560559297
0.22281963677647365
0.7005061408381322
0.91668170006896
0.09347403111966723
0.904731967371407
0.939311586737809
0.2994445900533046
0.012750717833049707
0.08721776565796258
0.34286179522393345
0.3483208081334439
0.016688975153175023
0.5436980581831362
0.1404523082296092
0.8122108678540805
0.8338628488939523
0.13640881092140844
0.9797661504147471
0.8640751069196214
0.437809643167803
0.9092611594747502
0.23436796696726503
0.342638738868962
0.6797937253087056
0.45386729766962375
0.15811882648711473
0.292736689318965
0.25524894809031484
0.7188627969791386
0.9679427742642216
0.361002044298932
0.5847434997101985
0.48820148966114607
0.50527055309105
0.6939511067926322
0.13382818818472164
0.11916984618046744
0.6845942444903546
0.6718839773700608
0.07278244821709123
0.9216175424717513
0.7954832964864776
0.6711587053324576
0.3896491883651134
0.6542114899146882
0.06388710266726805
0.14978585948750978
0.880014905383178
0.2854715432506493
0.28018216035634913
0.7646063964400728
0.601425316351155
0.16199800924528296
0.9579997716464368
0.835753568001855
0.8076596307217623
0.6598159306957787
0.55247380604685
0.8481128893574564
0.8139537532831469
0.9424849212099792
0.8436440290333359
0.7673195895767606
0.38208773164143706
0.8343331397879757
0.4258594082397871
0.7202663955967469
0.08852603398933723
0.3916909582129454
0.43760886273990607
0.22388108896467485
0.8045090139606842
0.8031722008237867
0.3312211923515459
0.6502489095035544
0.8302103787280625
0.199009578480991
0.732769837350703
0.5330867169299793
0.30341979455564627
0.9014217153363716
0.15124331078857067
0.17931788518489933
0.7209769635451918
0.4291141780310105
0.20365658114032514
0.4065855598119056
0.4690817693324454
0.6753618342872264
0.5322970893407061
0.4543681236179137
0.05296823479403612
0.5493649089354111
0.5550109001577577
0.2436022193102877
0.004393751287950498
0.9949114458771917
0.4222890277282162
0.6704589552449696
0.8926038011438546
0.42960666643480205
0.5831437497275043
0.003198334491819277
0.7443448194838215
0.5444039238173094
0.9363169414514543
0.8408915590995623
0.7150784373253308
0.5801782191828218
0.11928237089240712
0.016850886492360995
0.8967103145126857
0.7303377052080582
0.5715832763375949
0.10248130929115529
0.34058008268842765
0.32142121974346627
0.4963474897325385
0.1873548956462302
