5034781
0.2236738974341399
0.4445632966352512
0.192224797473744
0.554546078629857
0.11914554843417346
0.22616684949526122
0.242162816147646
0.9444327803987695
0.0840858836349162
0.8129757466137213
0.9592093548249662
0.012969419699778606
0.24144274624948758
0.7490582848379739
0.04992742597114186
0.7458363674572994
0.8435278893160949
0.5573422343143348
0.8584812127786865
0.1271264179795335
0.7297431219448325
0.8285724312128283
0.28316559430804644
0.5096969326237828
0.6219009395471323
0.9242002192204357
0.11554677526213986
0.1453941627115728
0.9113505654974373
0.9023283424474027
0.21307622839869345
0.26801069301046687
0.6517002063179885
0.3349485370745774
0.574622557899077
0.4222234732970995
0.36161018091305397
0.3655903824979928
0.6908530070807186
0.543765525250967
0.42879305484543795
0.5116535098420293
0.4695319120835648
0.893770004790656
0.713297712251952
0.7411062237498326
0.48543852711031377
0.16811376860582972
0.9880663921042695
0.6853222152755349
0.8885570074305658
0.6568490081195242
0.2062749470848545
0.5091272393125389
0.6110545926174599
0.09777304958281696
0.019297528405761155
0.8562249776807955
0.5685465774824239
0.08225347805033856
0.07827366063497054
0.48519696164595816
0.8056204403584037
0.8178670381882684
0.10902079082110328
0.9020058938452774
0.11063977198623332
0.24671657065389885
0.06339670888102011
0.5848896712771571
0.22050468994113193
0.00759052134745386
0.058294003997424126
0.5649352303552596
0.729148455661509
0.9368004315260314
0.5099847766184665
0.3312307517910793
0.06010904200081246
0.5990826033959633
0.1138283926931325
0.6665620447088003
0.2360412026570594
0.8763349336188716
0.17648413447922806
0.008861445677005086
0.9395557249337031
0.29076403678235896
0.4018709917284905
0.20568810059810982
0.8668807511926971
0.7856792731031792
0.5787800483108164
0.5155402886036078
0.3251286340220919
0.9570753554856074
0.2799933492247363
0.27298949680151574
0.17429968031216825
0.6362351262315596
0.6621660572633236
0.9419004770020265
0.8886564245235717
0.298120020492327
0.5078512833989274
0.3856634929819037
0.4639484434491854
0.06359781146805477
0.04517365130584983
0.8794458576792027
0.5350377604002792
0.6860373897299543
0.3016951473534445
0.9512842076545562
0.7220728232316274
0.7341501917418306
0.18911668036780505
0.9939520181624328
0.8929259448501369
0.9535210239219425
0.2577221625543844
0.008839071010483313
0.15304387888438054
0.9040172623236911
0.6345711593262252
0.15253245084091627
0.23931239377043023
0.8720663431959307
0.21789016520529525
0.7192467392896629
0.718737929744003
0.8047462264844993
0.7423464908501131
0.39896000315099656
0.8270120040867784
0.28120859456280056
0.6546018844229309
0.8045547745732726
0.6289391437446773
0.8789441075601783
0.36015598782279246
0.17807990151559172
0.9070684199951012
0.7899012523879826
0.22034163449219635
0.31281015559448644
0.9244123887913631
0.18731808305989162
0.6463359060156585
0.43500439707462246
0.13894998399772462
0.20623508932519408
0.3887863097440154
0.2556802546048266
0.6667749895590207
0.8884472072129759
0.7469646416070297
0.26440598659845493
0.8856218216672602
0.06875930232916794
0.9047390282592807
0.18548483640092528
0.26884685072016423
0.34330072764233355
0.7552317665614239
0.5353700919104677
0.05498974444421567
0.7336879728947469
0.7089540144638834
0.3703233907277935
0.2980330283397872
0.02642277890353495
0.14274131163192583
0.9982220580232368
0.17135051763129816
0.41726581957674946
0.005629132321220087
0.34542899053597254
0.6493976928583376
0.1443522890057669
0.8141547749059773
0.7767975789868115
0.961232066863055
0.7733753303739589
0.30444314256982774
0.6796263737257049
0.8708159936523213
0.885226544254604
0.7107038955449964
0.6627429419626905
0.400695366504508
0.9122755066569526
0.7829632397479278
0.3999070667956759
0.3260479564178509
0.6130515331259192
0.9667870583370105
0.31521289184943413
0.15040545122811433
0.9550600863461828
0.7650381369498908
0.9767086359754881
0.8081481390061067
0.7442535382709519
0.41984090645495287
0.23001602302212
0.7748021789242228
0.7774065716603803
0.9417149031449665
0.18681829641940184
0.8509812172333874
0.2925859751186728
0.37702791591346607
0.9353223361374248
0.10604134050482561
0.7802835521841646
0.1863521104494934
0.002977082765680983
0.5250866933604967
0.5232995293176002
0.5761386898228965
0.6628196023410776
