14289501
0.40061303179961405
0.21099315404007646
0.8946711482304905
0.2249334076024576
0.5759838065382537
0.4169530360693394
0.5886864573558032
0.20744429835745215
0.1494925594168589
0.1817363366740511
0.08838009556608883
0.6214233008301208
0.5321376691423733
0.8630519592903182
0.308069530781652
0.8878938604480121
0.10421875888612098
0.38345454444002236
0.244466748735086
0.7183118201040969
0.38358909937655916
0.33607658606127944
0.2906044036928065
0.4386023532128863
0.03730917692381619
0.23231504990432017
0.8283057464841143
0.20037773791576197
0.3962861773174772
0.008681455240018288
0.18605412059046256
0.8492103186810773
0.1925828014982981
0.3843119766978994
0.5375830494592989
0.900539314491977
0.3586928532097765
0.06955519962757273
0.5045580165977306
0.30374557392276624
0.5090800108475999
0.020599576234767047
0.3974249357307509
0.9714395748963129
0.6985102017537265
0.7161503278548174
0.9564706885126909
0.7024664715040894
0.744989134848449
0.2923475349320688
0.3507860078764875
0.8138555258602901
0.23116942060941792
0.6409120947221956
0.824381053813845
0.6637884833506118
0.40266482102590906
0.08027515735268864
0.6674334895871252
0.5929670374635556
0.5808820956792098
0.2353825416552966
0.3572490003326183
0.9902113267291596
0.7750316107507397
0.5502748536992268
0.029862638198003277
0.6850140692656524
0.32418501771139097
0.3454857620606142
0.5834220474112676
0.026678264284017428
0.6252057490211805
0.9533785650459161
0.1661687670826375
0.10026067353118495
0.21975853213626007
0.5865680210828311
0.7255082128242404
0.3051088552870671
0.23167730160721411
0.7443672210267566
0.7723523660191716
0.6869043748348957
0.9639318593729322
0.21594855604179464
0.3595938140326477
0.3324874827155573
0.3244537664332432
0.9470228541007452
0.04400414657000051
0.7539848781332236
0.11620332247988963
0.801894264651655
0.7497005755970924
0.1388850725140739
0.11150303815843676
0.975199134271186
0.8073027717292277
0.6145633669577066
0.70821191991159
0.20119564920329436
0.7312385867099513
0.883666926621632
0.2576570511961017
0.358016090762054
0.1259225374013363
0.6144496523735102
0.9388117710972167
0.12211757127114875
0.22826113791021596
0.021504247465822357
0.32084163915856245
0.9409282769392775
0.14044130231670837
0.7003111664374932
0.8542346338800363
0.9199449155768403
0.9181054487632854
0.845333846309474
0.07337174787005141
0.8657856518914347
0.40592355357864307
0.3722109616809688
0.41898466349094965
0.021997808977641586
0.9829826865302193
0.17891450735572456
0.24360696375706492
0.7535962321608801
0.52181595150525
0.3513334802796364
0.19981456193561054
0.28531244022363966
0.5149381417920964
0.6251298132887916
0.0572325653409852
0.8090019832049311
0.24940807156635658
0.531803719051711
0.17181588283313765
0.5974544323845212
0.3926843498802053
0.9615302893188604
0.9216485320384841
0.8302496697140372
0.8762700209830426
0.3086619279855378
0.4371916948910961
0.3726106139841201
0.918586514742446
0.7360200110569755
0.003601421043701758
0.3616300016703736
0.7806925985509579
0.45540622188352065
0.9756123348082932
0.46029605817822417
0.07786619810575568
0.11198360243725791
0.4448797288068447
0.21490946427058422
0.7553005884111802
0.48118940326093074
0.7473516369666673
0.8522495604311641
0.6685543032161709
0.0787527351748859
0.507371195526649
0.11065241994933572
0.4798052163837109
0.6763341348478182
0.3440501424885528
0.9718025281599149
0.14619532792170797
0.07561478854715165
0.6488343071400867
0.9246214498785532
0.622439604203445
0.07609015096110838
0.18427489748410597
0.8792623977266939
0.8897983951026885
0.17521305318190994
0.2271259296686453
0.6781471730551528
0.07054276313376728
0.3866576840556806
0.3162762340754439
0.16869585855376545
0.8773680320597953
0.5182699036985515
0.961548140205401
0.41238724155444206
0.6226688470597551
0.23416063985613733
0.6755427943235403
