9452045
0.3378189861869908
0.8243885209834694
0.8936753488002689
0.952626505715749
0.14918487138413117
0.306605308183734
0.8742701988061239
0.6459947369329593
0.355513568160042
0.11913079194346665
0.9688282813909287
0.7536064645620716
0.8284892631806332
0.9843640359390515
0.7757525039647304
0.8285181651386418
0.23640737157116842
0.7134606230383671
0.2470947259652282
0.02099984365567764
0.6674269089826621
0.2537123832548024
0.7959284298548389
0.3934924479277141
0.04955032253922953
0.7608507331245613
0.5759015111963821
0.4138279482389703
0.24682462619391954
0.7589725264710263
0.6379920989288932
0.6137472151617167
0.7329101665773876
0.1670967949000911
0.6253865461951721
0.12869618851544584
0.8485184030571944
0.21797849107062262
0.6410724317770714
0.3997002963169074
0.7477030624953466
0.7766709946374345
0.871572800505049
0.619469061825898
0.5231620748301544
0.8413517416373679
0.698860495600899
0.7178262427949784
0.24285029300750416
0.4901556591200742
0.24490091239268696
0.8342512843659057
0.06792866280310439
0.8660646962001914
0.9217869456799728
0.618169170994637
0.17906210851292859
0.5244058250998392
0.09745040146048145
0.7340041826518569
0.26451603230881016
6.611875158784031E-4
0.6758962042026784
0.2158499578708598
0.011236130052294846
0.06717488099038182
0.07535529024265952
0.6277378480840765
0.22733996567480763
0.31193160441523304
0.09811021569694167
0.41809388424057237
0.2717679940487653
0.016771531658873906
0.7289376746795825
0.6610755793559017
0.4093346071438265
0.2297122791853835
0.7538148220259018
0.8220632089232562
0.6118182768312425
0.931030521044108
0.22437323477030613
0.4905913091552564
0.9242907847078586
0.9531264904188959
0.7889523818568677
0.1713972849103499
0.07949412854336291
0.39550083477219444
0.7159980085223279
0.5563182956973475
0.7425442644769529
0.7610175686076461
0.8056615861487585
0.2565918130976853
0.44658026982393784
0.1804791845429724
0.0492553819069379
0.9351863518469978
0.5542212343820743
0.6130032654966663
0.30598864902902656
0.09524047665900592
0.9732775070034413
0.1929872628034799
0.1384555843940951
0.9005402288636387
0.5110000167746587
0.3066429484248189
0.3503940158305898
0.3621820880500184
0.454901100024646
0.9351102263461629
0.2293026164591696
0.24041687393596245
0.3572569791227893
0.9191370290140852
0.46876792090901465
0.13790531241683612
0.4508411613119585
0.7986845618744177
0.7695676251960974
0.4309931988233935
0.9333720880284602
0.16948371545060514
0.6318017341252535
0.11318767911486083
0.385234303810124
0.11615324436476027
0.4606899602172617
0.39927423088398184
0.5300744580611592
0.682713260650625
0.5870519773034909
0.06656286680435186
0.9391585239563196
0.04192007013500754
0.170153285627219
0.3245829393376858
0.7286401269438639
0.2276244736618911
0.4496541352651071
0.625595362802878
0.540817967846677
0.2727387740765945
0.7621770558416652
0.8931996085290507
0.763433903684665
0.2740545246643268
0.5744173046721729
0.7438267662224652
0.592603191690449
0.8180044075126138
0.2875881571164708
0.6610290884311225
0.3435195922314941
0.5980464623388042
0.6039727240299463
0.0917669435815438
0.8861197076606706
0.986417876645021
0.9133053273016278
0.18770117677554177
0.2712934529338351
0.7262602327751455
0.848165283684255
0.9481857366305322
0.8089831039397828
0.9947367295079347
0.5254571348383339
0.3364490167284051
0.12823529668821587
0.98343016855464
0.5750928673780317
0.32867018862739905
0.26494391438005094
0.14495955206139355
0.9510993864111364
0.7256625518539573
0.35794364681096724
0.691587478065993
0.21816537510292633
0.08944257856121474
0.14323246349625396
0.35734335720524224
0.8130534216303774
0.8464953128343212
0.3537182227035669
0.903492497393889
0.6520122856179272
0.9135727894440754
0.5006288474881886
0.13034255673857875
0.6430653676178375
0.17652620905917182
0.6360867120937794
0.15467721430785353
0.2149995561282062
0.1076920499381091
0.9261019247109911
0.1729255852315995
0.040856920134133445
0.4971871602136635
0.09868273011218709
0.014858027590163858
0.5838761725906886
0.7145752460271831
0.5985840888944749
0.6745739522122752
0.24654286757279198
