1604767
0.9911104474300975
0.49592261430730133
0.16080686169665825
0.4386568611927013
0.8207788371303688
0.9461934703483547
0.6431194322955192
0.050243835250778135
0.1612871797073714
0.728753423966874
0.7565273778299437
0.8848571098723697
0.7297519733455077
0.8881540244999216
0.2505232102893653
0.8662364809333003
0.44005682249893974
0.3847691086046098
0.7865978657070571
0.2597165679147537
0.429262206240548
0.484790602066958
0.9040691928661844
0.30785617101042184
0.047239920922341305
0.6347990640663093
0.8836419397695439
0.5659770661111554
0.8559305988220921
0.737676564630045
0.35705752411796043
0.19291574628847574
0.8264542577514279
0.6831965712936993
0.247164877038189
0.6273635582930978
0.4445113476899295
0.48256587050694744
0.6311299076862191
0.507984461518087
0.8522521140629029
0.8741709780538636
0.03125500124779712
0.6486996237919744
0.4799339695136864
0.8477442462148056
0.3549709730944778
0.986803577917167
0.34432245060044286
0.319145008046561
0.7966506417868788
0.5756129025510588
0.16155104893280814
0.8090477222340835
0.7773349530506858
0.5274581007536833
0.7073207468741418
0.10270714577263462
0.4980214125695245
0.14558157432678354
0.6859998539790626
0.904040733234446
0.40474001127813375
0.30221930936546537
0.6092100372897394
0.8862371006793396
0.9310738121089476
0.5334514849857479
0.9414335682453028
0.8155443952709852
0.7285099882976472
0.5286130584869585
0.6696890870461208
0.26598868336340065
0.2497244432637431
0.2503919524172965
0.4682703412707583
0.5071608671563882
0.6772637645361546
0.5373152224879445
0.4157607465627138
0.2485755134378146
0.6963505197803391
0.16011850566090247
0.652902604602239
0.6269193192257321
0.9430721939907903
0.12988012878835697
0.01563568649662639
0.45456943843570297
0.14666307635413833
0.4085909110045427
0.6731315038967767
0.06493008779003939
0.8052629531218021
0.4174123704383169
0.6832220372422269
0.4171480870252362
0.9914312734461286
0.8147553693115581
0.7571169408634089
0.7242008044036711
0.09470717000670448
0.6019420137476473
0.9178065622347032
0.5749057082201798
0.018955836592913222
0.9963251685524425
0.381116881820315
0.8971661652674836
0.6513940698654652
0.7741144895260548
0.24961856398987303
0.44806628368612544
0.7026795135249659
0.3446249142046919
0.8786022644930992
0.5096823253509516
0.6251523269559733
0.6779252014714909
0.24924797885732475
0.10792184627695134
0.6066343271013851
0.7470360582656939
0.9778747655268434
0.17438373175218957
0.5607194443065888
0.5530109267858834
0.6681631945950018
0.671562178630964
0.34464727080215884
0.8441511440270346
0.10217682128987193
0.5396514517590439
0.9459175350422784
0.004239099549550596
0.2977729989776333
0.7296161931897602
0.44313496065713676
0.4537384774178236
0.44685748701174444
0.7269982078081116
0.14365910805644655
0.9429815425906044
0.5974416831350123
0.47541130828290334
0.6155461480788522
0.6104567882614074
0.8263214164469667
0.9933121496201897
0.37128888075603395
0.5426241538501249
0.9109721617880936
0.196411427015852
0.6319738673231484
0.3564720779928071
0.17914305162309918
0.08481189005687828
0.5393836006341871
0.7872193415917716
0.9001205449141956
0.05308028840857193
0.47938486566598926
0.22300740427558474
0.1720017692619018
0.2852335209133019
0.14763736406654515
0.9945305077201916
0.6564862548099029
0.5933546063491358
0.926019367036032
0.4330684367965857
0.3728238742872796
0.9922621703778519
0.5621291212677384
0.8549879143597133
0.44959014109528783
0.7743710991956813
0.678103678530489
0.6592188380542151
0.28036346485265284
0.0632414993249939
0.681183284588131
0.10524310173528684
0.7866294415667529
0.8095231478445177
0.010301072757922913
0.8032863590038802
0.8292309607785057
0.36216066466947705
0.4678688318525398
0.3379146250404238
0.9184170461037291
0.2792680655163454
0.8090628817701857
0.478706396769211
0.7747368817931417
0.19767484980303118
0.9308157770296869
0.010376004310357012
0.14029634344185005
0.6190163082445995
0.9101597001690893
0.7763196963105904
