2037487
0.5955618573326009
0.4841078558373133
0.9850041859801381
0.9712479780450247
0.6825441779839406
0.5204428975701969
0.11521635202686209
0.3805283574290079
0.2346060945445796
0.6509004771221454
0.6688915627120459
0.09943312763181977
0.4493153407519599
0.2502817611477798
0.37876817834500043
0.8950955230759351
0.36729069269109926
0.1390150891567541
0.9264026347529143
0.18611290898516952
0.2851617248046643
0.701636654200954
0.2359232212916148
0.005527899787086232
0.9222809506370083
0.0954209598727297
0.07295841808436654
0.7393507626513492
0.4358785877813569
0.36285581079189533
0.7575132283476637
0.6392079738716028
0.5985319239083307
0.3071005411228993
0.9718933023870889
0.269885726592085
0.42856644428123614
0.4397254438461169
0.36304755673802613
0.5797149055883011
0.6920314646139797
0.09416979941945713
0.8214478724946771
0.1896064185076176
0.33072650344824095
0.7074524849378501
0.49510011211897387
0.5989862511017887
0.10433993350417503
0.49237037929125615
0.38382031035308917
0.2600895871887058
0.9723901024399886
0.8745966330575883
0.8153142718357431
0.605250691351037
0.2531616714069903
0.1968442578674039
0.4260879295209675
0.24093033121129492
0.7171614691162613
0.6045132966722196
0.8127724221975731
0.7926215293776497
0.6797576101060113
0.9135972865699361
0.6521597056427813
0.15351723579220722
0.3089299044432271
0.09896476873169291
0.024448066194533657
0.6324836994467503
0.29525439723736413
0.3732592766283269
0.3418763859432703
0.39395053229133803
0.4695157258940017
0.2737312032712962
0.01574906611322968
0.9610927367611264
0.04803617102050084
0.08314354627102649
0.9302406413851116
0.4117922909215487
0.2291551774146673
0.9469736530354841
0.46166726092574284
0.03335413961005684
0.005831333600184063
0.7015067430372258
0.957139758237126
0.3534740376678387
0.07919826049322787
0.5915882547503211
0.8697917510908036
0.025714423935212505
0.38674580269864367
0.6403661326607522
0.5068894836080108
0.6396921345533715
0.8164817744177588
0.3932385885032651
0.36424920172409647
0.1692228213644491
0.935701949713211
0.8968067158709326
0.28922871266321837
0.3096472230015609
0.614103481255003
0.3073179210724183
0.23688236512036498
0.5277141092046346
0.017071166974929164
0.2830589585142723
0.2929168579128619
0.8601879412712966
0.20459365020491427
0.7792226138503789
0.28299629563518036
0.8336532849041459
0.31045635110336434
0.5797317643336787
0.26362932687094154
0.024452178776778966
0.608366021162427
0.4824288788922898
0.032469510689084324
0.5608711895355653
0.8409259046595557
0.3834869159840588
0.5892231187173457
0.49036530929552646
0.9321512099183956
0.1285461571348666
0.21383915382081564
0.5068230032186019
0.21431772109899427
0.7319072003887518
0.6546526098485635
0.6247221138886879
0.7001555187082333
0.9838662483770789
0.6236063637167065
0.12675027491431468
0.10086120686535238
0.3544371651924103
0.22537564010892586
0.20542953307199685
0.6756940397163702
0.3394927140172649
0.5033909599526197
0.6062956771712137
0.6462296675422067
0.01213228367899477
0.31032031993445963
0.82440689999955
0.42593501877639783
0.0030325081896886985
0.23608963277672868
0.3920265851244227
0.9544396018866537
0.25998895873162575
0.6071180362705173
0.590440468310452
0.2358434619050671
0.937579128791028
0.9888496343910336
0.08386931687552712
0.9640135851350443
0.6819414842301738
0.47638546528822845
0.09686735064892382
0.754629910956059
0.2512382972982259
0.194799226368239
0.1766358318760528
0.07259340214139676
0.5732042472399559
0.8885905163780614
0.09408979884906254
0.6190327297710075
0.7332469515355682
0.7090213128181566
0.9139338806435822
0.34468294909444674
0.2183021018961675
0.47800733457297784
0.8172808448974638
0.8514762341020022
0.6389253658702895
0.01686355748709112
0.8472143398831274
0.2954545096561413
0.6412168150740111
0.2795794499135703
0.3589965225343591
0.9138330715481786
0.0010193960479560893
0.8732196065822344
0.11274424435157404
0.4254921016616746
0.5217353164996003
0.680407218984594
0.3216950719557071
0.40005340713454873
0.16730742845899926
0.9174855523723968
0.784040624795996
0.7740058749871703
0.5506391503151
0.7191506166719618
0.9398548823422268
0.07633929784545723
