1430419
0.08172988513112567
0.09332974042854913
0.18175624882343144
0.852733436712259
0.2793042475409233
0.7083915711854649
0.5700460987717779
0.631134786890656
0.897669454193215
0.46954369514737204
0.25318844318465195
0.6988868986405659
0.9176890385373676
0.918877230282339
0.9444644899165073
0.41044799156082246
0.705277229408633
0.22447578794372547
0.23378998819761587
0.6418304444445101
0.27063012225659266
0.7707881200098166
0.07213880984815668
0.5772212309885816
0.3443007167644566
0.12026809538891647
0.5909991298091004
0.09276520265831312
0.7657450809158404
0.5267695942874959
0.0871925990570972
0.20133584857957576
0.3739800866429741
0.5751657359688959
0.8677825406800636
0.21048503226648396
0.4677910444439042
0.3103263354875416
0.8550489218000805
0.00511087674303401
0.4426100376255564
0.7930442132821993
0.41798332190211585
0.3323476337950787
0.4043966025239025
0.8554223547084541
0.6386914948251418
0.8389516414611777
0.19052999874638188
0.7356304065137759
0.25525805190154016
0.6981578108270834
0.7151768063888293
0.20708344355118935
0.6731855698713006
0.09967616323436979
0.6384352437621135
0.6972194593160711
0.6655826654836492
0.624577192137649
0.6525955363276063
0.4747941627541393
0.787273723427341
0.19800363169458413
0.4922470256509962
0.024864451698763723
0.06424905350361465
0.17764583373443144
0.9240696944003335
0.16584119237109374
0.9812273007757883
0.9442998049151975
0.7718245155915656
0.2545325759557511
0.488550295756484
0.7395167205807913
0.4781187272933787
0.513819623738501
0.7191511065498621
0.13275355635223185
0.8777316502417234
0.15861376067139477
0.7416728292364554
0.4753773324615068
0.14070485036087133
0.5742648879080764
0.09485832938407224
0.9161994985076196
0.7031565983769137
0.41010831369625145
0.9240866608933221
0.08603163035823846
0.5059633158468125
0.21170060333301532
0.9734273825708277
0.6838018173011924
0.04392947244812884
0.21970919500314912
0.5663809730939416
0.9156480045151524
0.09714899542364364
0.4074385443231766
0.339398920337178
0.2652341714140627
0.7591564596495308
0.4574975676151519
0.39044109628314716
0.33712832897939427
0.597394878857229
0.03320366643434336
0.22363232868474103
0.8451074836947085
0.5749042261742375
0.2084716699087833
0.6529158889379043
0.31470010612381394
0.006030967388577335
0.6870848651118608
0.7281977542027211
0.6244140308226754
0.4676290286900536
0.7467673032310166
0.8817212913806348
0.12694660583744044
0.9926625327128263
0.5752777371894432
0.3816569725390253
0.13385454854410483
0.8731058147456959
0.7537581070364748
0.7338941921847721
0.9767303088702818
0.10543047753701007
0.015086528017314471
0.8293245987166683
0.07161242993586436
0.022438800454881447
0.41929461206416585
0.475358180673341
0.8615336027381595
0.24001795701344453
0.9212420317007333
0.8381341488014051
0.8053793235950679
0.7108518741123705
0.6959118364917944
0.9267435866958796
0.11439150799261943
0.17112619282853836
0.0584641253310173
0.9685584491939815
0.875017782114791
0.48277698208549946
0.5636116385041159
0.18542422748150222
0.22787231189551482
0.2222356722387553
0.7181571904431442
0.02448123276420544
0.53133288995015
0.06925191606429992
0.8095310427447547
0.00222875347085294
0.40185979413054473
0.5075118824417068
0.30609321258984923
0.4747433757498447
0.870851395416732
0.9260536391748453
0.8284207340524848
0.2290413157865795
0.07765539810594135
0.757400164508012
0.06594834036149655
0.6468269574575167
0.7840369115962019
0.10134088038892741
0.07904118769402058
0.5204668912675907
0.8861308953177923
0.30421262222824696
0.30118362480214467
0.1772167821244537
0.019805123725618934
0.0218749337935773
0.3399860473833116
0.8931789767816712
0.28485532135932345
0.6279255646293309
0.5588445149469154
0.15466625303677362
0.6572790458079415
0.04421315986750085
0.1271795357625739
0.09490312573947846
0.4985056917787041
0.8480184593660615
0.21658974923426
0.9045256648952192
0.3656762992596676
0.9176382530026501
0.2874209657933007
0.32498342118375545
0.8719439299289368
0.6858790952728019
