930255
0.7103245563204119
0.0428282705576406
0.30863600883492237
0.522732512635493
0.47286587861763163
0.4550555508813723
0.9276900678888949
0.26955418766754946
0.865644997835908
0.21568514087476132
0.6725308678203419
0.6938220874412098
0.536535344301119
0.0953560913722179
0.38990062388106783
0.7249666899493832
0.5158989214986542
0.3525628770971385
0.44533787899927624
0.9932218833734691
0.582412563388122
0.12846289341958284
0.4730941242822776
0.6972162810986398
0.6220828303684699
0.9016838874208274
0.09772466576141248
0.008156666250937694
0.12389548390309146
0.9322362708520578
0.5694352699008222
0.15773068071549257
0.31502828386225756
0.99761197896412
0.17402541690385098
0.8739908866282059
0.6623904056684808
0.891636533886776
0.8023141872163434
0.377391951295315
0.5985198817706026
0.28170213182463877
0.6018610658911925
0.21229597566648795
0.382990404700564
0.9191905557587136
0.5723099806169252
0.009729277499833988
0.7738085102056447
0.7484818968578263
0.5601041031250704
0.17835820039984607
0.8150631330567417
0.6677648324913766
0.00382629947024149
0.9484786508947767
0.3525469849800881
0.010138341691804498
0.2544294903954327
0.9187351294882203
0.10622458083368636
0.16827577614660294
0.48865342441028425
0.9518548467853089
0.23557130624345413
0.055980163411255224
0.15155575235228924
0.5235016219514128
0.6157221429567977
0.4354889775370977
0.6810473589242049
0.6577603547652626
0.08231121490262328
0.8496577665006824
0.9032901714668856
0.4007527207586017
0.6945770466102159
0.2869902116202917
0.8886447367068413
0.6994402689229992
0.04210537880216392
0.05819509572660653
0.36642879482704493
0.6457951696644437
0.784746854468502
0.07210603355946688
0.36431927977347334
0.7717251204746656
0.13023005222733885
0.47302141598351133
0.08461428940339832
0.6677136033663899
0.7420807087896525
0.0351548180294442
0.8162186500890356
0.5689688919649746
0.9628406286918906
0.140900036398673
0.4735424661900244
0.6716898381784305
0.6192633321290024
0.6338013908303681
0.9777955466525879
0.47720362018014917
0.9671832492874267
0.3676755042276585
0.4151802364118067
0.9672970076343486
0.513639851748252
0.7999166580440645
0.02831911355426242
0.7683404636499891
0.5000908921264752
0.16276560684494268
0.4525755158854501
0.679833618506314
0.7012010168072634
0.8696285064939479
0.09217224658523127
0.4947893564691934
0.33552492050654414
0.5480063911333233
0.1907085272123622
0.38797188780337866
0.6706314930460358
0.2511671372976715
0.7069041210885
0.9326946693219466
0.9628176024695264
0.2911537708121422
0.29910384941022117
0.60090702424263
0.9752513431054897
0.6949445250617158
0.32059001016549715
0.0715979399556601
0.9665463145022579
0.43199340799026686
0.5516619123894682
0.9440387406983635
0.8181364854024787
0.7496163644234803
0.7061338654839746
0.38936781704431134
0.32931210325566507
0.838338804104626
0.12707652030287264
0.3675618889270338
0.8452872681343024
0.2699021547242888
0.8122255030695937
0.3366835513171821
0.14229451452024033
0.6789124103529083
0.6884064557020687
0.17274870442129087
0.5088558447965987
0.1307054709412523
0.1812478356402928
0.7165935279168635
0.5690001405913183
0.09497785585684715
0.1738598978138115
0.9406537365764724
0.3840292150399933
0.22197443364312475
0.583294785894619
0.29992839740349
0.6142371104990669
0.25896921963054353
0.4863268783062249
0.07933090669522136
0.8360236035773135
0.7995234309150134
0.6709032707037268
0.475752851288745
0.35212312241640287
0.9979034060493861
0.14810082929001378
0.4036567632356757
0.47327777181719655
0.615373739929643
0.18718842327453167
0.16143040395615182
