1473108
0.16706800315026205
0.7311915712794876
0.8080839149211764
0.09592527905728943
0.8500817383566946
0.2885543552954667
0.020743742309262236
0.4348657589390371
0.8521790729322847
0.06537707273395044
0.09507943534076213
0.9455363975358445
0.9841538170361176
0.3134446941793395
0.7302644298324236
0.26868069141705997
0.033250635041389254
0.0025535175830901924
0.48650738493209755
0.9158648939190415
0.8213289869569751
0.015463257682562181
0.5747388733003164
0.21924260047904298
0.738370672979449
0.20684659288618157
0.8310668246339387
0.23961233051289088
0.7341620148679424
0.561380423974026
0.9333677492954715
0.06618037734414306
0.5171054101453255
0.3665112379075077
0.49583273782110526
0.09420941881436806
0.8636148047149268
0.4535139694057452
0.5525719803073346
0.41583152892821573
0.11413831506434435
0.018449656504193057
0.015680744564184
0.693039796464686
0.16331971547152302
0.7098679082506232
0.11261039267706385
0.6871855552241576
0.5037111278265518
0.9247525720693088
0.7802613276169514
0.9600123328241805
0.782187274657121
0.7170456964361812
0.591730788590293
0.15074034908702305
0.8117210747495222
0.3139708867550699
0.4181602410756422
0.3876920701579607
0.9803910641533337
0.09136925587015499
0.4783232176519462
0.1324623022953001
0.34143582919296045
0.850774785401638
0.3112752796744932
0.5355650003565505
0.16941419564438454
0.2775598565827687
0.014888770514396965
0.7673919792464067
0.3156899612472458
0.7012576390783856
0.03335290905344657
0.3405609576370725
0.18514486400639762
0.7308016916350966
0.33459257362079464
0.8010298659239016
0.07660451761999376
0.9736592609005246
0.8784526252942357
0.07995383577815918
0.6099999940564705
0.8860954251494575
0.10289905092764506
0.028170961125664307
0.26647891129314494
0.8014269771723548
0.15334680246595755
0.8980071627709071
0.8903894057436935
0.01837125889621094
0.03662916811060002
0.6123929029684186
0.1990588536599881
0.2551214761763956
0.37213439174637164
0.37207466633664865
0.1338772878572151
0.4309609998493671
0.42780998559744665
0.31391970648324785
0.4003106608466769
0.5526296414068764
0.5656192300496148
0.36754322443070675
0.823867993708135
0.7844348961231639
0.8243212082368252
0.024486204651761434
0.6333781660559319
0.9466929138263158
0.7240662682531129
0.7206812163450964
0.3451899074042678
0.29803284250781326
0.32529031966648236
0.4474251451534622
0.24525488468093626
0.15364055478715632
0.8110912930701294
0.3714814204519449
0.0010965897742561959
0.1091513562884181
0.8380441402626841
0.2673813468503037
0.5245371973704998
0.9570735699349214
0.6887719176242485
0.6932103526569398
0.41533324862379084
0.7880287122721842
0.49026738429324046
0.8534799925180071
0.8373175371134904
0.4254008169065878
0.4807329868215955
0.6295980973344232
0.21049469898343254
0.33432835278302975
0.1606186702021024
0.5902592381539025
0.7440158164870544
0.2524373719790848
0.41783464717203256
0.7903536464081383
0.20890225720862843
0.42812665484702384
0.7917518787860087
0.17221812089513688
0.1305158970931064
0.43134725929360684
0.31345568844238403
0.10229533434438132
0.20863806893358294
0.3230022657689515
0.9459517103669124
0.754399629142241
0.3104921565929045
0.9031209219635814
0.4552398081858252
0.35570467109200565
0.3526242526595177
0.9966836810811301
0.6296999564586093
0.5303367623316646
0.41343186652173025
0.48353375160717926
0.8868228899725609
0.44279203286155744
0.8821365532428279
0.9591750677735414
0.7419110133616564
0.17169025809773386
0.6836527407513545
0.34305097750676583
0.8609253866356845
0.8744694268348715
0.8405367424530376
0.8295980234737211
0.42437446996535844
0.6204357941987154
0.8955712796655092
0.9140365672889317
0.2695917413105654
0.5192498796509951
0.5277175525168288
0.44067943403182486
0.7466934632207218
0.5499115506187121
0.5017019253468556
0.6800611196309222
0.4774056107863113
0.11180368958672748
0.7157544737673904
0.034081303497448756
0.3959934655709977
0.21090916911440316
0.7484480454880112
0.8104909030753856
0.9762369209669123
0.4055962191501188
0.16889352155982462
0.18739397583525708
0.751121101448657
0.08631592089027218
0.046803730110625774
0.7198269012718453
0.9122572833244715
