1518206
0.9879530051284398
0.3912772885953635
0.2002667059482106
0.37691797013526984
0.3817643351944401
0.9657117666556454
0.21682912312495528
0.9269299770166569
0.7422115274689806
0.26529504130772885
0.9530935409795783
0.5402847030445901
0.25791831487583805
0.033746248481690166
0.05262809224944143
0.5456113430901106
0.8113566700212185
0.48641757351307213
0.5317832263302331
0.40035702273514506
0.6852224600413304
0.40661402400098445
0.9159025044864004
0.7543926547895636
0.8799044697016325
0.02168766122178778
0.13790628811068273
0.9799433892930919
0.8194981228846219
0.36236162644904046
0.8275862366815036
0.5991554719407015
0.8342750380893509
0.5678763833002914
0.42098117644036803
0.5998482667413348
0.9980453868550675
0.11608023304106285
0.4005615267821018
0.07616210373680043
0.8149988890636153
0.8134509649573547
0.3866111724261846
0.23107575485757037
0.8357555831124038
0.5383770060416896
0.23877225654461653
0.5804765064722385
0.8343611632580342
0.7722194247148493
0.20940182455048462
0.88557459559944
0.5077474628661952
0.5606203378460877
0.05631912430372388
0.4363256420589261
0.213152149793011
0.480774709306217
0.824160679181691
0.4736655105308193
0.7478036728368626
0.9008428864293905
0.44916028774749006
0.5843927675742692
0.4388477704239847
0.5607101011280144
0.738842392482557
0.7202558391514136
0.11790171828049723
0.9769084084622941
0.19953940049638286
0.8125941429989435
0.3966539143361525
0.4723747215890297
0.40359797199519676
0.3351071918184009
0.20336119332873137
0.8017929740250731
0.8886760810362411
0.9701450643236391
0.6843258391987183
0.0880287133393135
0.9567945368125761
0.6468166796645375
0.0887402333734022
0.8332190896713303
0.0763009340520927
0.27174453532995013
0.30283288697896127
0.24221157664938586
0.2984799461896268
0.6186859758150184
0.11609746033424784
0.4367615347932895
0.7298790215769649
0.12552526395190322
0.1147694457576166
0.987882935552452
0.24833672317531041
0.4657663738598534
0.5334855720957175
0.6254484638844306
0.5463229952864591
0.7736357863404357
0.8293755320689321
0.5122409475439258
0.9497473193440723
0.1663493677159209
0.1434828888968609
0.08634415942189588
0.7293218859632353
0.5744373395643297
0.604159877230809
0.5675429067415443
0.1817535999483353
0.009279923207700325
0.6092131755430131
0.06130723711747199
0.3739301260309156
0.4975036795825343
0.5363975218569186
0.2544647087076819
0.4464145119305729
0.7201515878678979
0.3565098838944949
0.8418119788730303
0.7543129288616706
0.49993217479923546
0.6126763103840025
0.30649091866681166
0.006275795645096727
0.0895143078721018
0.11629669671706311
0.04699043856695573
0.7071994185981383
0.6231012989393566
0.42769081539494547
0.7093756127796994
0.986379498472042
0.3914107710790111
0.8264146858161552
0.6560479357468352
0.5536322513344344
0.6437749087884237
0.7430381860623683
0.6147358138299358
0.3642472179065407
0.17610359620113736
0.0941478643131144
0.4488402530156139
0.231773102176401
0.5123347620069761
0.44015713979992854
0.5976574861147017
0.9617149434020006
0.8046779554945683
0.7443417319909954
0.5572402668870886
0.8916264725457531
0.03538473483248317
0.034010514292767136
0.4084123287885506
0.2155055199947371
0.1605487032781917
0.4099783589449184
0.6703276594066477
0.6336988461042435
0.484739889075825
0.28835500551594395
0.813924025158784
0.43824703347594285
0.0665999254611288
0.6042214405801721
0.9036208246646015
0.601541751942544
0.9725179248523044
0.5174963485749232
0.44223482997332697
0.31727373866606035
0.04847608288680039
0.8997625644339161
0.1199254987699091
0.9238842685946772
0.4521984349868221
0.14689875286079146
0.42382314910922014
0.012275714415311612
0.6040512183195985
0.3614996009084339
0.17827442632892265
0.33564878304355295
0.2286984274657219
0.21442570864453758
0.6488969009279023
0.17175822233357652
