1862035
0.20110698056882248
0.13537682173569676
0.8092210139483734
0.4856953653723086
0.4212276850136645
0.5261588371067171
0.3162162940317348
0.37851730383308135
0.4707708473957506
0.6764435306948497
0.524879505978715
0.24756564898310718
0.49188791903697315
1.9956877196813938E-4
0.38754107151806116
0.010594750420246046
0.2853652483536955
0.3743037883292698
0.05222844972663809
0.5066570219463439
0.8789170982240561
0.6264375348204044
0.03314042496361602
0.6620639605284285
0.16008410511511229
0.020025786206814278
0.7395483859435221
0.20892622925509075
0.49750018094487847
0.09409536087364123
0.4642566791298638
0.5956203425683864
0.04548380672214036
0.41459460112703195
0.29309243956452014
0.11592488070348839
0.1686658555282292
0.26591869229030984
0.5750088292068689
0.7299438415547803
0.7243686016441234
0.22247032201509065
0.994717947360505
0.7974442287353524
0.7947119145570313
0.7358329997949131
0.4380057060948537
0.43423964770637846
0.1454329334612381
0.04021010408057468
0.8602317242040675
0.8530286695280074
0.908756554016364
0.439470981775
0.0028525161981884928
0.6065005687953839
0.10007296762324214
0.9114122588727231
0.3637280583967428
0.37992143931505107
0.862467273569532
0.8974661820253077
0.23356502799056778
0.15566123258822673
0.10408931020828782
0.7165366393523637
0.59645710982341
0.847150560771133
0.10222451261585896
0.08410551800627986
0.24176097920644102
0.7457109332609045
0.5499023433844438
0.6464958217620835
0.3372119375272734
0.685379494890899
0.06834379919695288
0.8618073514884433
0.1477100118680441
0.3292963261151325
0.31048198202337196
0.9589904824784469
0.3587454998711451
0.6875714211827094
0.1262913928710987
0.8802421831243179
0.9145287357317416
0.4423535434180128
0.415906959202189
0.5737711876731656
0.8975893520768733
0.27400924818448125
0.9583133848920329
0.5123736216111826
0.2503113727602091
0.517712124280639
0.7339753257539995
0.7242587125821457
0.7173026045459067
0.14807353019784208
0.550368778315659
0.9989543119353835
0.7412066181235326
0.6388856034795993
0.7449220202966921
0.9251197882298173
0.15327089572182828
0.3215081364160335
0.977572840030962
0.09816432357414417
0.5659282355468531
0.9586339078402062
0.11193877981909572
0.15744177992260167
0.06761787930461916
0.42067849979312744
0.014812164357013491
0.4191573576975013
0.19021090610403224
0.9380412576705541
0.19240293603454361
0.3210354590992932
0.029148267418596996
0.07894640005890208
0.8373268179691312
0.9429929656114138
0.42310408592499316
0.1872059048050141
0.010488004464381584
0.24999078491494853
0.3756710346028038
0.18933708624068557
0.38728644353245234
0.8907869713438173
0.8322032426935531
0.19460103168567433
0.33151907212659903
0.04744612041484397
0.5928382313201602
0.9370356249739094
0.7818286000587187
0.78007617711174
0.6642188286666512
0.43503634441653904
0.780577105319186
0.9054160211962983
0.24253845000673768
0.6383877075638444
0.3108713185380796
0.04427805088774206
0.041838750105448685
0.24127127405292204
0.870917134369496
0.3971869194986112
0.009662902867535017
0.9968053128450995
0.2550056887137139
0.26347781002047477
0.5594174325750273
0.7702746189256102
0.2469704979252746
0.2205704911154618
0.6931647693659924
0.32363870225600844
0.00688580728904864
0.8932511146661944
0.004168133574454669
0.7535443200379273
0.3865393881711944
0.9866915438832355
0.18146400833383647
0.2760219278053657
0.6565306374452362
0.2691333090264104
0.9566293589347903
0.11124275556009044
0.17520409331263498
0.7063092454341331
0.2115314096985308
0.5067351944067331
0.404570765739827
0.08684732969346798
0.3950167221091446
0.725830922027318
0.9441760992270067
0.3965796171638958
0.6694263186794687
0.21578149922565948
0.8861234118624779
0.5004439431355805
0.021028430042559165
0.7120304039131999
0.45463705979397984
0.7107246498415059
0.736094447849077
