1687056
0.8919953531661444
0.5033550755257283
0.958399833532344
0.847321435238821
0.939612647736082
0.294550518914093
0.6241875218693306
0.5770695391831403
0.26093454568773866
0.7323219037531501
0.4744146508746757
0.881215842585382
0.08560723175269536
0.23119739668263561
0.2901338887128476
0.8798524771369163
0.9805882430063184
0.7270497716597601
0.5380555649152442
0.8989097708242847
0.7544213326806127
0.05493875174679996
0.5303654683051501
0.6456023820899467
0.3703809812284087
0.15694358538199416
0.08957904158119612
0.16899589635378132
0.9386518899779809
0.9596176079423966
0.2930178207414059
0.30708830497668815
0.06672349824141444
0.0987260421791194
0.7659430672032735
0.6511962099803918
0.024036855518381528
0.02679724833879993
0.6259994720648806
0.6126670502113619
0.6053574545453642
0.5413080252400245
0.10839784778385608
0.4358838898890708
0.3770364905914839
0.5895834377809767
0.04843363833884928
0.5727278759953424
0.7349759110345537
0.47698108529172234
0.5189130520937087
0.7785642433657498
0.6640679994609524
0.4441415175580965
0.36788327626038697
0.05135361993359966
0.25901326374402134
0.5158627768767833
0.20903070381827493
0.19716078247449143
0.8973473699308016
0.3031871877765364
0.22469045656357478
0.11269699076559281
0.1099508214992716
0.097969363228666
0.4489226182488114
0.5521725631522661
0.5499554743535843
0.5927871551204208
0.5123321839987369
0.02060984338752425
0.7823933697921515
0.28568694735558897
0.8101175584751477
0.538695671849482
0.648301038819481
0.1538677789187961
0.6454972455771901
0.7272479971028047
0.5277881607117878
0.983812662503187
0.340468830921117
0.41421646950501956
0.9884792560023159
0.6956579738061217
0.18065312689965618
0.2441764596321101
0.4042087662331433
0.6144820182070785
0.22248700788567521
0.46925387273364316
0.4699666034960115
0.5417701574360201
0.10527455268307773
0.789441456264185
0.7477738667161207
0.7331746482373995
0.5364555370364699
0.1262774561188753
0.41845996309431155
0.5295876497525884
0.6984889314888608
0.5151788125885197
0.8174146425385214
0.10404602526088991
0.48890427378126133
0.09777291982373637
0.16560828124381022
0.13648769261714933
0.8319639901431877
0.08796025588194156
0.8334665534243773
0.6138856719655847
0.2969162803844061
0.1044056448413242
0.6777721609177767
0.6897116448136478
0.043034354187222124
0.9824182040377728
0.26264359831746686
0.6845662807637362
0.027533920083720798
0.48736545280211685
0.7127280648104426
0.8109689399697414
0.7913768885781122
0.36866322535956586
0.899560114995383
0.8014796157253619
0.3700876216996938
0.24375014744936963
0.5060538939136418
0.1568677897396834
0.8016172440521897
0.5777525735148731
0.8382312718710728
0.5530145256176989
0.6245169616774391
0.8223543505376875
0.08336435888462801
0.45204860884349574
0.0548664008773746
0.8192613493033725
0.7149500346943004
0.35611272265842775
0.12383941054093561
0.8859486284262926
0.7823425237958695
0.4727225993015062
0.5042845901343163
0.44076277360313976
0.5937581843130093
0.38154798196773987
0.03539233335173775
0.5084498421996644
0.708761567532074
0.7341046291845315
0.5195339146641649
0.2211287409774637
0.6642225735849614
0.6904235271373941
0.17969410845681932
0.12039807329507213
0.8150904849213173
0.7438721577156941
0.28208081428853804
0.9345120849176273
0.01385736775225932
0.13860993340358863
0.5104008955064412
0.965734094397609
0.9558618309937308
0.5711420012430727
0.09196443472136873
0.8158899554993567
0.5122597331164777
0.04143175009579292
0.7112231535442884
0.5528162052081621
0.22730169261526512
0.8560726722465793
0.9513786146881428
0.5833032360146101
0.057083411603359946
0.24640518770322473
0.253243873715963
0.9915424991926015
0.6157431364678702
0.20188314167051247
0.28699021572994077
0.019789902687419092
0.1647242460602707
0.3716223342630496
