1138096
0.148599342290766
0.9657689675901556
0.2717296553824533
0.6482174077985575
0.4922753172694059
0.3948960020218554
0.7833981309543203
0.038677758757779124
0.45133337753027847
0.2189956482683717
0.8390115969218128
0.7230368316879854
0.46652357526408916
0.35572639340469003
0.35048956280437027
0.24148942455185995
0.16345495153671907
0.1827044545384906
0.4749551164233473
0.6371293170562098
0.821437149199245
0.19568564045074754
0.25370261431431274
0.16001541610847636
0.9999782491433514
0.7669880438851651
0.2990138801484019
0.994981115366776
0.9709942479992693
0.5113234152777189
0.015282594528735371
0.7983732305745306
0.15874521776483141
0.7328184146857835
0.7073757037647298
0.1987904632779861
0.7997702914154267
0.2692792038349796
0.06882983041921842
0.45942745810293717
0.9496778223345537
0.62259651764939
0.11696001108275378
0.1806672798236486
0.24343616670806312
0.5135525009022295
0.5010581465141791
0.04189317889807154
0.18083841855512062
0.04228831027979563
0.5139348857712903
0.9103912955185074
0.6481012541566376
0.35364458713174474
0.9195331140540217
0.6476546790712422
0.6262768301415421
0.8498324565771088
0.5805825764670419
0.865699922710224
0.768244608129164
0.20943449617840526
0.13571758601323025
0.18811825837470653
0.3660760464024936
0.6782134242407424
0.28783553170596365
0.1412824191108919
0.9452060795228363
0.5123567773563921
0.5451773899086994
0.04281395266200405
0.5837894439492048
0.6219263138852313
0.7167587991124742
0.30350453354268003
0.2653529098930575
0.3842013389365798
0.7068836882939658
0.060520984752321705
0.7930921471545886
0.3625017921724889
0.37692978023065804
0.6215499325315597
0.7324889077983296
0.2953490894111085
0.8311502565664197
0.5425236415754113
0.011029288574313179
0.5102604104739715
0.6463845199916277
0.06018971094683512
0.911495628392674
0.09559715908059696
0.34483670572168357
0.8832076654368735
0.7672631799160285
0.015439170607155162
0.45127111814072285
0.9507083174231071
0.5493758308838307
0.6270309095506655
0.007190396903005936
0.1626509532320406
0.1836833668798007
0.014957616926084771
0.4623845864893259
0.6118013530245284
0.8373241737998578
0.011226355989128356
0.9984369292859113
0.19807033739395186
0.4557810075807982
0.9658395716326773
0.9199785659922108
0.413985725697251
0.9173602575678037
0.3015408329579887
0.264717903918376
0.3448687249721887
0.31363138423815873
0.028804275089309272
0.9496857291581923
0.27961917838356254
0.5571016896403687
0.6275965549863564
0.21418521546189517
0.7901532061755641
0.9567547194007248
0.6636290425500174
0.07361834140141199
0.7495772881632756
0.7102875318200341
0.04573727983930376
0.18140422973037262
0.01746229292215229
0.5404298550751099
0.6032079455288503
0.22570204974775498
0.4048093953694958
0.8975352529830966
0.0674341929030331
0.3198944940374193
0.5184730024341747
0.2737120318568519
0.6647190763319631
0.03759893095593125
0.040029903582997295
0.8063638987486753
0.6829420635963606
0.38556693164180056
0.9547659077586522
0.11829310003266147
0.9359501928018301
0.8104967277725171
0.17084497821976574
0.1282892269976994
0.5146015947174699
0.12683140608824184
0.9307667431884648
0.3879723807396914
0.06645538978702126
0.16427963655021427
0.7464011933340072
0.2976439971493168
0.73915067784334
0.5992277078459924
0.02639122628428625
0.27273296181354834
0.42008703337529385
0.21338363859327214
0.6158611639777706
0.20369394918238948
0.34047574575497386
0.6475857401586508
0.4131305217524981
0.8734588627589944
0.5173962825964935
0.9154371525255617
0.8197644510678963
0.4377207941165311
0.7782964356898069
0.42804626953457303
0.26522202649299165
0.6015397228804015
0.7810763843548016
0.012460166704245212
0.4920068479389239
0.55763564768863
0.5720592329669599
0.793903517641901
0.8676597922498996
0.3899819103661757
0.6018695205201898
0.8891512405822608
0.6693541752668547
0.5953914100475347
0.9079703242647496
0.17301134604475132
0.34759673082616915
0.7306084477184245
