1436786
0.5732401829076994
0.2548515861055687
0.6492736195540186
0.39280825320341695
0.5122865534878257
0.7183809237644763
0.2960615758825602
0.8187587387375673
0.9921602678468808
0.4965767784173005
0.42213269611615756
0.3574309182529434
0.98649699018546
0.17787921419888852
0.27429839461042216
0.8266728302563159
0.7886561497619743
0.5948798249605177
0.18554905027834578
0.8133710314411055
0.22597237567681838
0.6924364500757118
0.15197394287663646
0.5756529950785778
0.03758440517371542
0.4770962086525258
0.1845282550336037
0.9106086209728768
0.6607587012723057
0.7258097440573521
0.453565479161524
0.5008201405130007
0.3811885455787296
0.13676638650146833
0.6379083141557649
0.5385317809822642
0.5105148314510015
0.956595438008155
0.05521397336003431
0.6676791995530121
0.8781008272693431
0.3030695900975303
0.2628431165253836
0.3607407476133664
0.866108413807679
0.9557551271832284
0.733829899960489
0.015081946439765126
0.6975546484983294
0.22175800270473556
0.8695803229578194
0.15823246166558946
0.029866770110895446
0.522452037744168
0.35858273778709215
0.9741186580136522
0.7677041896912544
0.5486110772300029
0.4189358200633637
0.14767673003839477
0.4158070444266607
0.3910059629571996
0.6818372550803543
0.38662716034988964
0.875010325465839
0.776342090803096
0.6295319777637861
0.1507829734235686
0.19943397017738984
0.49156239596809903
0.8532320675631995
0.02877337497093524
0.6150981146058278
0.9865812405545166
0.5352350862303297
0.13828076534437284
0.30678327994065824
0.7619758708139511
0.4046486435979577
0.1288572373850937
0.026358057871351037
0.9373180751562026
0.7206704916959863
0.9457880913039717
0.8315302157261372
0.5001039844279203
0.15290890954960534
0.9650813118754081
0.3890733725403711
0.8627007247512846
0.2587739168102191
0.18376748638274132
0.05610718699067696
0.4195650634623256
0.01963115003665883
0.94038523438123
0.8657249271789743
0.9441748291839817
0.12060862597628319
0.9450871057111025
0.13651169578075395
0.5350157400445131
0.9337051721339041
0.9802319859769456
0.4711095956543019
0.4989047015663578
0.4809323517871408
0.6213645368726239
0.34805330471094165
0.03890270609597701
0.6258983630338081
0.13414739998559289
0.3410238981947561
0.3967925222753803
0.5018265566473957
0.7014419885664827
0.35709889634379977
0.41470327549243247
0.029112139751917843
0.009674273571692593
0.030340043094299274
0.8775543554701096
0.9684459121828844
0.48835520120843234
0.19397875472396287
0.5420230158067852
0.6621342067303753
0.3118134746467127
0.13322200020695218
0.46155983546349755
0.3154911452218133
0.13757598573257468
0.5143702837552372
0.11479776319459356
0.4041023918376032
0.00816687782284653
0.41742868042700243
0.3671769709286762
0.8621694968110735
0.014106433254097772
0.21312822442227508
0.38368733681081146
0.10631748214364578
0.004675302773340495
0.5474444407987473
0.2890937646664269
0.4399193890047376
0.6078897694913962
0.896203587724511
0.0678802487280612
0.1309086666260223
0.8382773356033218
0.5710620043721456
0.5954744443198146
0.2958305674274727
0.37052372895302943
0.7484556474635244
0.9703709439471986
0.7996022539248703
0.4726404592070068
0.09550822564675421
0.5811748529333661
0.7563068889057175
0.6758252135236841
0.2094959581508209
0.9061884673853201
0.7103278535906026
0.42259633307451105
0.570784015858655
0.8054775407594866
0.08709885280271179
0.5699736664408898
0.6002913565831797
0.6569508897256515
0.5035237165952672
0.7554241452329211
0.14970104130984263
0.035449656211890335
0.7674268483448714
0.6029445088388437
0.9911995613785403
0.6011249340508472
0.5758607902116365
0.4888318221910368
0.38377188206935886
0.48837200106029544
0.26167182783755094
0.796005841241616
0.47786853281399766
0.05231239923122688
0.6592129706086927
0.3366178462293734
0.7301373202758236
0.411731529781871
0.5784620034568598
0.8494364503107746
0.36997143408780886
0.27782449851915636
0.7914580063155588
0.5731472473027445
