847487
0.5958681095287525
0.2034326964543418
0.2798141544371733
0.11789516785185705
0.3148790491358233
0.08381878197503823
0.1821263502245989
0.37475357057578096
0.6822488765925252
0.7453229898771265
0.2852984081270268
0.05040506124648925
0.41681546570872186
0.10907910450581282
0.5808127105915629
0.3522278732539955
0.6141734759981493
0.9623509001501043
0.679265918559108
0.2438203464744746
0.967015806592539
0.40547655952412875
0.1924181953534151
0.7285546737895738
0.10710320346844115
0.3986523500617869
0.9255818007811368
0.38456355461126646
0.14433194868502097
0.7647238460951905
0.7125122274772112
0.29781958985070955
0.8571454299176199
0.4170603148791949
0.7207500988623747
0.9524617305449514
0.8916251367559033
0.8435636817602018
0.10569592982498621
0.950851624714173
0.5700863256040019
0.20404713240282701
0.27551533787746296
0.8041044122032297
0.6239208560963566
0.6663104243307798
0.4062768334705672
0.43156663781307936
0.6334381899292487
0.17386179365305698
0.029189079353748926
0.3690670102762482
0.9716586872440912
0.9503731419254646
0.23710106931890307
0.3984606461716914
0.13450122156998412
0.9026912057890133
0.5116063685709447
0.6110210356976034
0.32827927844534455
0.004421480498950636
0.5802980354413768
0.12426926068299149
0.34793871974050605
0.9014263654989323
0.6813784746483987
0.41068307438484064
0.895703368049453
0.5427251793143729
0.480808390295422
0.9775231644431194
0.8850388025784268
0.8699488581816255
0.24569796159885382
0.5578301805563844
0.1891265757813556
0.07564834490629635
0.1913338658022644
0.14138801540350843
0.4609535581641312
0.8044260689293597
0.4866578171355235
0.8634535366056052
0.8740516490940533
0.3020887356651971
0.8451757822986229
0.14706347846156453
0.5569138715527686
0.9238608678565495
0.03698586033189122
0.8183769614410336
0.538089204695787
0.09550582223954984
0.8315980917816402
0.37257765760904604
0.8664283958322673
0.8698063560801563
0.3755956361674512
0.8738273996225082
0.5497076115124054
0.4420471092879109
0.5847272989135953
0.3065204527304273
0.792151418918829
0.521944728277917
0.8025641024429542
0.6248408300684608
0.5372585305787985
0.6663193875944655
0.7869345260254732
0.7872202080916779
0.3677045429615958
0.8881291158893582
0.32061020354116876
0.5458367155103883
0.696046231975667
0.11976814888379594
0.21833353763073549
0.5421006303349695
0.4335006842239959
0.8576463234398799
0.009677020100293587
0.11919776686584371
0.9806056656406433
0.23486232260537276
0.0736481540798003
0.8600288976646627
0.10826240778338148
0.5857477382534937
0.690761862059395
0.16283639693304863
0.4010945270972498
0.05861477982146568
0.16000059664710453
0.7711214955126039
0.505861638023945
0.7578406743782031
0.6430359223952725
0.35003750601908057
0.34259454711948367
0.06872279190931407
0.09238503309445956
0.3807602579630346
0.41768781176344705
0.14851830785652387
0.4553806345332908
0.0980910901018821
0.33231918345406364
0.33237233963637725
0.41213040010770896
0.48933590244601277
0.4006927978346613
0.17865895830234646
0.8007232431082973
0.6686401160764687
0.6832466658227395
0.13419756867020427
0.33790706714798013
0.5738319123736453
0.28194735526675063
0.09068058476771901
0.7692057409865234
0.5310834723890964
0.3546892467587893
0.9509421814644794
0.8393918288870604
0.7908057296675537
0.7648223677017929
0.7713767790785915
0.8422450156123265
0.5889165049366271
0.15480150511582613
0.6889516008047245
0.7776860568231185
0.6036971811065325
0.933036385416006
0.07351527685692794
0.1254891952472834
0.2912546967816162
0.6385033509603871
0.13155333134056824
0.7992055151169867
0.2236526262598817
0.03580369876891132
0.09511983882468766
0.6083371389972082
