2435867
0.7719834176218525
0.834331096577706
0.5753564428810227
0.9570316117907424
0.725367342161667
0.5423234255228452
0.855722231018748
0.16558109187466707
0.4145600308832388
0.2333455129864851
0.6728109848107297
0.30140685495905695
0.03446810778279785
0.6262278146629343
0.9911880146756964
0.7309414939208372
0.5241959222713576
0.04844187114216225
0.5084290865775624
0.9818581380091995
0.15511582436684812
0.9178466325828031
0.6298658698922837
0.4965064264396283
0.09415671928810887
0.4243857979903587
0.5374426564563074
0.40299827482262685
0.4548853413938967
0.4849842372293308
0.6786460472975563
0.249569701142642
0.5918321698091029
0.10466512004881667
0.9521256663617935
0.8076752572719592
0.19359318910442358
0.8570078879324561
0.4573785360484115
0.3428256874446768
0.6488395087802126
0.8989320824349316
0.20262937036929185
0.8981855187063505
0.8078385065004454
0.39430914456872046
0.755753130214813
0.10290747022298363
0.2612094007171877
0.7526014196253881
0.38811350204434814
0.4849333391822579
0.27811987706232866
0.8969971203116511
0.9858264776408501
0.3393254899406597
0.8918542161252209
0.3765730109810793
0.18073814483421125
0.9606561044356406
0.3634161630949575
0.8504343935691066
0.802120299693072
0.48494322257975253
0.24889888803336235
0.2086463247280511
0.5212648823808895
0.7436600775286667
0.14085801301741296
0.6160265630102522
0.8206251695547365
0.9345812593649674
0.3750458583842098
0.5571326640053731
0.9223550617817613
0.01768860336270206
0.11939232755359652
0.8277103699044768
0.48091862237515726
0.8131232375257822
0.7924977941105085
0.9435213404243167
0.9610814485797432
0.6672718471156578
0.4669254112776393
0.13156222028723263
0.2991899556488715
0.46669507717383885
0.32424823540343684
0.4084899597314474
0.3553127721559446
0.2425424853030741
0.36938414515555484
0.047104435859647076
0.6980476232563103
0.22085771823230216
0.407496782342082
0.8082266321865901
0.17054414023051367
0.8198143851516815
0.1742285213470811
0.6786871123414563
0.7671248719303724
0.22531760367650244
0.18714864754223237
0.7860796433981871
0.7351857116834057
0.7959378618712969
0.7459787671377687
0.7007073917758221
0.4571464082553519
0.08344048562444017
0.9086114070302919
0.18208921174199688
0.7700344021468465
0.05172663892730167
0.5973527457943786
0.39525052344668365
0.7122876899200468
0.2803400835928801
0.4835904679171834
0.9003261873098144
0.3976656548820714
0.6819924551452585
0.28283396264466787
0.3572873733481038
0.4354397623592471
0.27155303942720543
0.35114040938097324
0.012914220415150224
0.07829328004435365
0.3877003759562375
0.8843157904101241
0.5561664687320588
0.03457427283148895
0.27079719192939145
0.28865157116618034
0.05815117962539962
0.28387196065556375
0.910690497367489
0.367323828064136
0.055809526901746564
0.6380910952454801
0.5493200098382164
0.6700453882634175
0.5742266614422419
0.05719799689035232
0.6134127782455153
0.290642031860724
0.27309134824269543
0.3993825144023825
0.6362062836070556
0.17482900818701053
0.8871955437705236
0.6556113993975293
0.6974063015092273
0.43961965849139695
0.812834990937055
0.27913240176455334
0.4089147265669457
0.9056741792841214
0.911523201974951
0.6783212859572346
0.5144557794008866
0.6354163395040969
0.2620404813121592
0.9814833208334712
0.9475372936407971
0.6264272184889542
0.010930359392328226
0.8344384594218817
0.06265466340260573
0.16989433627429418
0.5677733185227138
0.11491719241758658
0.7997432117801807
0.7275842943440175
0.05228693764849168
0.2173629680975815
0.30894605944829334
0.6654195806144501
0.9938717753080488
0.6175470173358965
0.9717604555783649
0.998784693318047
0.14290709581850913
0.9756480061987203
0.5453682586715615
0.4720762634312744
0.14787273357949682
0.6957057300198801
0.41534462470104505
0.6637878337216897
0.3780545685232809
0.82194428103123
0.7407832053834621
0.6983848428869213
0.24612016971074435
0.5730538045986914
0.787705656120553
0.5008225118343773
0.16115169123194695
0.554822773382119
0.9950320549172583
0.40161058847356523
0.305970512970543
0.951562593573112
0.38104803696048273
0.33178173795589994
0.02665049356959448
0.8237727859773101
0.974751948963309
0.6697061677460335
0.45865173831175077
0.482709805400101
