1862529
0.7131946542897021
0.6615552197742788
0.0924795088290502
0.17953091084877404
0.7508064086661923
0.07264721227926774
0.25645679817924794
0.3328123869967504
0.39460700025715467
0.36216731728360096
0.35134411231978424
0.2676909927748321
0.142574414774445
0.07264296210764376
0.8922068800999445
0.38639535941633596
0.9540191186679365
0.568379522779595
0.4440953173958373
0.4330755156500383
0.975559939396312
0.0819895498781229
0.8664289988979749
0.9937794511930239
0.26328920888912566
0.4846899442630419
0.5795206539476947
0.8052542976213639
0.6908770913980115
0.4892072605594674
0.5686019425193666
0.30744387804535145
0.8692614204736674
0.8105610609578228
0.8161796292536768
0.331565404092127
0.6956403119788678
0.681782390631677
0.8104279045086561
0.2775831094536989
0.7763879708532248
0.7597547552538584
0.9955403246524083
0.488385834042127
0.6646546877492177
0.06793506684849426
0.803945505054346
0.5756520380854439
0.2749989818224978
0.8991493950580278
0.2567812073512429
0.3464022524925039
0.16527563976515813
0.8294412140989247
0.35599469376843196
0.11363609828365717
0.5549100560024691
0.8508013488571429
0.5915209965847946
0.5578585189636311
0.35228210136612714
0.2661247039942971
0.7441586933384193
0.17880960175215532
0.5006503027758155
0.16738044260178475
0.5741956888001927
0.9443047600539872
0.7745771871340833
0.746617789587805
0.06882476425066764
0.5560679358405572
0.6640587813011667
0.8952991277320217
0.25508067300767423
0.7511572559382067
0.5785838109984931
0.7528081547319606
0.47820537791365114
0.8853227079458318
0.06154549565178735
0.8338079159562279
0.39283459679941746
0.33566898863264083
0.3265721788700997
0.4055756534246173
0.2550090214445361
0.8138711693191989
0.6353711569512206
0.006855859873512671
0.20203197120318184
0.5433423414650993
0.19633073671961865
0.40793102017890537
0.009448902958579364
0.8141236197207917
0.09801686038666957
0.4981523831037682
0.5653523727257403
0.4985956838153158
0.6070851427224812
0.08284789157718586
0.8933391163847749
0.2532323650541217
0.3727316885702924
0.40103446015660915
0.444766693149379
0.010080762942915933
0.9538395215361718
0.5633117135786904
0.7106811234621004
0.6139745354170462
0.9158654316058977
0.2749706545006656
0.586496811552688
0.6571960994360426
0.18050827145720538
0.35549010494535316
0.5988069048071768
0.35984516022326685
0.829109678169575
0.27120044794922415
0.2947858611025973
0.5563806706159236
0.874690495169233
0.5952365254628588
0.5803740669442108
0.7941904337143512
0.10362452356774088
0.7537527417329133
0.2531011609491838
0.482569208006965
0.4974874265049777
0.22827392457685225
0.1943647839767595
0.7267647564720565
0.6766570229905913
0.13118773967056951
0.4923424145206139
0.790200840740123
0.7769754379397728
0.2737310874157477
0.5297439727898607
0.09875747134702484
0.3175868989187859
0.3400976010272555
0.6421382951764237
0.07725467156571297
0.19915340396743864
0.23244101829899289
0.4570095253585076
0.06946600667657765
0.3860069629733063
0.6417950416135054
0.7209558127876766
0.20324128881544368
0.42443409104192253
0.1809534093328674
0.05943536682805339
4.940420440524562E-4
0.507420853133425
0.969492078306703
0.8478940673973931
0.6176260840631077
0.4387229594187345
0.7433879381131818
0.7701392894789585
0.8557100122450111
0.5880544134303851
0.20803370695966195
0.5281764493370805
0.6750703135993444
0.10730606701218315
0.3708290721388845
0.38602666855533074
0.050193925175422205
0.24051432713765364
0.14007562240200944
0.058251292214647754
0.7398420655109963
0.2905759978041147
0.9317957411847584
0.6529674251123536
0.9281141345268489
0.9700753843520626
0.09784740039368445
0.8221560755199725
0.06769792791355211
0.6587785380609494
0.3128940467911705
0.4850431017912631
0.1841471296229361
0.061649161539805264
0.151951268148096
0.43896533121203496
0.4258195701476617
0.23146516057297273
0.7036341645175357
0.07285664795491309
0.6443346183179834
0.8185111054011741
0.27949748660634244
0.5771672433083276
0.9438649948860536
0.4469390745097378
0.004126933706858904
0.7867139801177575
0.7784216928934102
0.9137556378485963
