1563186
0.13675814444796863
0.653706184995415
0.8903051050699553
0.5051496584195496
0.8673002360377634
0.543249107689551
0.8018140018351103
0.8763429781086032
0.7706229494640333
0.5021233810622965
0.23836899894323416
0.15345336569134183
0.7753576175379535
0.5047395201146887
0.576782193141925
0.8696415359306834
0.7390324841849388
0.7078264975582506
0.2139260369486249
0.9563014610034014
0.7384585788594868
0.4315228747041969
0.7340620280506505
0.9107731419591065
0.3526445104147239
0.6975839540158927
0.5315870387756263
0.5303804245161984
0.7620270866620317
0.34411991173915135
0.6111840427678138
0.5276288910664388
0.1652903059013019
0.10625404767490698
0.5565032969151683
0.5700828987548702
0.4691188011641436
0.7597307220941313
0.5309190697850898
0.8945784416799749
0.45653348157325757
0.8586012883317587
0.10673957436618986
0.88918067552719
0.3729862140757034
0.05101520657192227
0.03288899557974034
0.25507892105723395
0.03423012431942263
0.9368464376616465
0.1694689022532505
0.27567005866287964
0.7594739097762123
0.9891932813615292
0.6181517415999468
0.8541372311529591
0.622138308143425
0.6409206604957488
0.5405219844633616
0.687505668467538
0.8484661600420844
0.9305778934722799
0.996597635099625
0.8207255198617794
0.07224671425323748
0.4483340695485978
0.799285489149937
0.05834941282975559
0.8760855975133454
0.9137731546001963
0.7836593711596745
0.3079231615415813
0.8905061094078824
0.010717695251234671
0.133573609335648
0.16352324861723455
0.1799054974939106
0.09222220803833192
0.0017550389976221936
0.5206626554078951
0.615699263635343
0.3394863426900614
0.20284216093388674
0.9976599824366768
0.8002891754273423
0.8433433684468057
0.8549766085821537
0.7898416528255786
0.8049304253156915
0.4937296502666694
0.9800778888837245
0.27488643443162897
0.8810951902109325
0.28986731162861934
0.22905550674410424
0.6849441134779154
0.342545600386277
0.27072111648626995
0.5093827659058562
0.47053833432465
0.9195044403032742
0.6313585086944535
0.42897097068592704
0.6783881693849728
0.7206286342849092
0.09333173693080865
0.2091814255862643
0.9322860837712745
0.8697451318606914
0.3686019390074169
0.8973212950313365
0.515256380162888
0.7066296611339689
0.6620288317484829
0.3032376173063296
0.5757817772193646
0.01457291374502001
0.9055469548933853
0.3510959404888393
0.3481294485905586
0.20204202886077738
0.010589928310695162
0.6024285429765368
0.9311149427810096
0.7441251853902797
0.9902583513943883
0.792089129994575
0.9153494404453484
0.8386489802873118
0.36508314146064036
0.04391620697111487
0.4336809295409787
0.31911569525694194
0.5393055499988009
0.2171622830435309
0.04362039779477378
0.32061649989231233
0.4866417162901947
0.09577184319006127
0.8464842833413134
0.5180655572670964
0.3125620192052455
0.8753487219076171
0.6370893515029036
0.95735736590551
0.2521593521548948
0.6392750428456438
0.9830158663839617
0.17823854963912833
0.1250434089353708
0.3025932660033088
0.9287817148152593
0.3612149700544357
0.7606815625503482
0.29863783499497154
0.9678825235539464
0.9867678083733386
0.9562902262540375
0.16323889505822642
0.10766580244438195
0.16780238487741672
0.6778551296405891
0.2647180036721727
0.07588550232122593
0.6591703640393384
0.7775974842207655
0.6995838290492896
0.9526345489399101
0.4805432451918955
0.15372609757270472
0.15700143611708317
0.7078925335440774
0.6371554455198465
0.7235058977519263
0.016366081397053533
0.4102525106270529
0.17082612105659178
0.23656454546337746
0.47609424825646407
0.31356350067489047
0.5416239322849402
0.739189161264718
0.11211094732987348
0.33189369637195243
0.8764705266367447
0.8758124014315426
0.6495539124618384
0.6863997361759286
0.9880519413592475
0.5430722846673697
0.9906907703555641
0.8077081195507636
0.15372924723585268
0.9194626621693966
0.28110177152530125
0.9164879393207443
0.08806948613564136
0.6423828668708967
0.5308686581317286
0.42341693407447567
0.5298068797060403
0.03900054304503908
0.04817414270073883
0.6725868788687709
0.5654605276323549
0.9589448379227127
0.9305753458177402
