1582334
0.8356139119634077
0.39139600440701483
0.04884560685726003
0.6158152749034825
0.0745067007931588
0.9289713547741549
0.5099222841559508
0.4569475038887518
0.7203248353581074
0.3412355021938953
0.08865287845178205
0.613662034168092
0.9218515000357369
0.8176873656031814
0.5745173460572445
0.00494497023778262
0.6843690292767484
0.6056203517599572
0.7684320691391473
0.6691754277051633
0.15816561740513024
0.8170152445867317
0.2168621299913681
0.5901788707149253
0.8676526661601116
0.2849932237950892
0.18913303383622515
0.10287217975822605
0.6288041128218703
0.6609543768876264
0.9744849282133959
0.8418226216266899
0.46977497734576745
0.7594592971481812
0.671757143476262
0.1692934317442728
0.2593262072992535
0.5241057794531054
0.7310169279224273
0.005798501718790483
0.1595125354510879
0.01877834108385268
0.8980132114736941
0.9491254728475146
0.9367995485223584
0.1040811771617749
0.4191187441646109
0.15136253576177838
0.9202473299049326
0.06603042211541699
0.807762050866645
0.17227971127449382
0.10566918629508049
0.16301658427634136
0.365879328229609
0.2902994688503998
0.7801474452508211
0.4652325311841915
0.7556483314114814
0.7794564599231669
0.7520265548670256
0.5177189483517612
0.04382587330401411
0.8151579942245306
0.7300420004577127
0.191532297067461
0.19452956387048637
0.26215374474917963
0.4544116679184059
0.1325406026929421
0.7509678133135589
0.7188899291922061
0.4937547109404963
0.8947989837199434
0.6209001136102443
0.7891094097512301
0.38050703532219876
0.4942828605237053
0.6961305868773292
0.038164469457968364
0.12695214079602057
0.004569123693329735
0.032058305330130876
0.9536761693960638
0.6554747881465938
0.39598984522048586
0.7606763854472137
0.9111929257753056
0.26572522970751855
0.21982428483851535
0.16636337802944656
0.3214418016571907
0.8149481882998965
0.0170852834852655
0.4368780111175994
0.616125707942431
0.9193063977754108
0.811306256700961
0.3297548659846
0.2608862476480439
0.4030922524893177
0.6008092270465046
0.30935573288647056
0.5924492956280456
0.46472998252272135
0.6137618655182147
0.6563413388056205
0.7032715587173922
0.8063615685762118
0.7442219474508327
0.4121628419075819
0.08136387174520154
0.24488034192435448
0.5671409065610651
0.1068150144613188
0.11329010024313546
0.21271619414547438
0.7969149819804319
0.011074382791120385
0.28061376185007814
0.347741093123784
0.03469429506197741
0.5849297714526314
0.6309013499895902
0.6542546736565392
0.16637855201310103
0.008047428384582722
0.7109533798049267
0.5795865197478549
0.008858444218471817
0.2310941687193584
0.8056726592268919
0.5900317879255266
0.8166382841983773
0.010644716255491238
0.42163216968781736
0.8210999237455275
0.6558275601683815
0.6844270652448446
0.7509538756257894
0.6576461422009873
0.6574861112758111
0.7670044813018944
0.480823726754513
0.13339517494859798
0.29265487655167766
0.8669131563632594
0.41907434152656264
0.6297759588841436
0.3790373291626754
0.7684829328817966
0.9408611891644201
0.19056571315287096
0.2086005036682661
0.46510855206120816
0.718086906450031
0.9718659103847448
0.06830068178162596
0.9941318567189833
0.7463425856019948
0.9834888610276977
0.5530138789339325
0.740837327467714
0.18932465812998311
0.6442701200807042
0.5961453493100483
0.1545521890539009
0.9544217564543038
0.12309320200137219
0.45390033188283574
0.5628824920837158
0.34917387149495716
0.12858679364853998
0.9378198768887719
0.1390186581167725
0.1093283527707557
0.17004813303503463
0.24691627394757498
0.22288176489762856
0.7582427877521819
0.4057008968672734
0.34750924887425394
0.403892659883491
0.26382841594100903
0.8441721014399924
0.32763074723015095
0.1459162294449411
0.16814091704014966
0.2870565361237296
0.05423463712792764
0.3326291712787559
0.5354749399439126
0.6833526284820789
0.9005304301126315
0.8360039610995967
0.10518791485334533
0.6983153608390248
0.6672946605417692
0.28035128153078237
0.17769976313494695
0.6631846660555932
0.394246523056093
0.7124655701612841
0.4703884029266633
0.5973002898260054
0.8885411249745786
0.4284060311452633
0.24059585646196502
0.3760329274042399
0.32392984033544836
0.2860619139085835
0.7569880059842178
0.60566823362454
0.6584189094600933
0.5709760108224091
0.8624723067658845
0.024071341778071464
0.062284541734302534
0.07248922501884536
