2314730
0.5509349327233637
0.8041921407715411
0.05368292595787527
0.9178770506016881
0.9336921935908326
0.12149275125789327
0.4990052818974364
0.3208903183875049
0.1436259020531061
0.5771524900982354
0.500790891266556
0.3957742617446188
0.8452255603323781
0.42251737211836826
0.6495639632009527
0.17600416821198772
0.3458643580540077
0.983290487879056
0.2752262501355398
0.19901530053111627
0.8023482097220913
0.5761551569690077
0.4758016996836889
0.737266223386139
0.7461322505519944
0.821993009126791
0.6431987244981598
0.09943212206473795
0.17899782287761568
0.8520237294614189
0.3018684812618361
0.18765951641332723
0.40430928532157007
0.8251004100643498
0.9924587734309008
0.09153174134386333
0.2935255145509633
0.18177709357260396
0.053221751838902764
0.4561943676513638
0.4576202155598117
0.2139914637935988
0.6239857277570775
0.720893080671278
0.5752444405930774
0.6988124878990984
0.4288026914492885
0.5800608338988147
0.9855343685529397
0.0984234494301145
0.10017357124549808
0.7233841995273713
0.4167619908422979
0.7016081442398454
0.35731735034278644
0.7800598106555761
0.12976799321402355
0.829065119889111
0.6292014498033457
0.2321572773526681
0.21751464316614533
0.6778294729241512
0.31416249545950736
0.5056132450463093
0.840180739780291
0.817771836575412
0.2874993516732204
0.2515237361758902
0.5609211742802691
0.17783915890389956
0.2379982460979122
0.24925880191100602
0.9741798913501803
0.90577547218851
0.9955994106808114
0.25016270043777533
0.9431034635467935
0.528519667980739
0.7558282303419969
0.2807345477464036
0.4278255726748641
0.9083185444616589
0.6981545363638209
0.018212466211207978
0.04573708263340204
0.5915600863034395
0.38876981155466617
0.8544466386218
0.45222441571191574
0.5412122487520395
0.7356870323584498
0.5199867540668636
0.12091742549439233
0.44494612218122453
0.8093590642326917
0.9448118537235909
0.9727184187346494
0.9959959172515773
0.6984061711214953
0.633015343512938
0.8691313181830779
0.47043121057684034
0.8020442404504237
0.22645340239929757
0.6751250022068723
0.9056054705664921
0.9162552058520257
0.04961753864299423
0.6198590180628962
0.04826597265803012
0.020792958101552572
0.3158705739038249
0.6924649744321935
0.36404979640920765
0.5972606234808788
0.2551186217004391
0.3630662491338287
0.7421564928924612
0.5866230700106722
0.2814830274944463
0.46795414832181814
0.7025157974233274
0.5496510259796998
0.5359285477926042
0.8424565421789219
0.9998377763280031
0.3619411205563474
0.19386064359904165
0.07937542794813579
0.5566206846471012
0.4840398046044482
0.827996610119985
0.7784805787401826
0.023001398657069405
0.600734972332991
0.5063377620318209
0.926466371120785
0.031161083353200003
0.7903380061022627
0.722547917577712
0.2790583859526673
0.14143177040782018
0.1761787304416207
0.9381945368385983
0.598720815382068
0.12750631748241048
0.04165351820706842
0.6939705607309802
0.37194898533030274
0.7915639323575261
0.24156096154323814
0.6130469112978987
0.9580014072723844
0.2096328485615756
0.11999692871010703
0.843898633584219
0.7407433412597516
0.41187511039590385
0.058296848436794946
0.2534966917647521
0.7587279566136607
0.45102838060545447
0.8682734593482496
0.11537415811447738
0.021843607831409817
0.35823246577333845
0.722946931371183
0.3450426824132521
0.29964762961461655
0.2288674233860568
0.26579557373324825
0.12057197728857383
0.42119693763474964
0.6112120996074399
0.17323409748443108
0.6319202657614548
0.6586409541040321
0.722804152815661
0.9153480939510785
0.001502921944004143
9.783601795672059E-4
0.7452368025599428
0.9422595744163681
0.6233301963645693
0.6671721717581055
0.7911489362083136
0.4349074234808795
0.9706630510014274
0.8550698725348623
0.10650008515880471
0.5772196167925676
0.7475659071049492
0.04862834390248083
0.20763635098486544
0.8252274411508381
0.9942427878304717
0.9202127755669235
0.07680901354103298
0.49430252915763195
0.9683233647605307
0.24579122618382643
0.5074994025369282
0.6411203775549561
0.854497798653805
0.6606819885374894
0.21494939499013466
0.22149523654548453
0.4931136151780079
