928458
0.18209276219717863
0.496437401956616
0.4321995317278253
0.42397533297143775
0.7247001683204686
0.06304635931854974
0.9814559841814855
0.3830958554187518
0.25859371520513064
0.05317087380809793
0.3704492126740906
0.28120125892288594
0.2327004991518813
0.7750614001865472
0.10840904064766654
0.8615064697657837
0.5195906318054739
0.3943301405338775
0.4566782219844906
0.160825033302478
0.476215475966525
0.23554990891430616
0.11427643239886964
0.9229033208815175
0.12794140585014824
0.327327491899737
0.1769167516553094
0.07067208668562486
0.9285899608080324
0.7634844423918739
0.8407381105437548
0.8132778662190723
0.6763739472502382
0.23233431831495333
0.7566570534567643
0.26372017155157945
0.9337614610305122
0.4780511334371401
0.6196055260090971
0.51100505656796
0.6123514323163399
0.8623156699837351
0.3101765364283987
0.29678594127529456
0.7100072933368585
0.728289114008182
0.5138618586508733
0.304029643498383
0.31066284587328163
0.8737117961177893
0.6936017975637512
0.6928626443417005
0.13687326791124688
0.30235334593314667
0.5896807116363164
0.5827350312531514
0.8866264375778287
0.4214993677221124
0.009260911195567045
0.059556643105521556
0.2386031363411526
0.3105879642581869
0.25621504249839333
0.018888560898799978
0.38546659825283314
0.14205227854911984
0.2718080015246518
0.6812526892046742
0.8401175324321066
0.924312649883043
0.20793253061035544
0.6763629953170777
0.18861601651017978
0.7469985924220864
0.5799576693495072
0.26387493947169716
0.527833017339525
0.8530564806010572
0.12890310144953188
0.9311870808334771
0.4784553682058612
0.49840345997765545
0.2528537472302491
0.8064890497616589
0.7612415131113185
0.7166006238680959
0.05716526055822069
0.37435338358689896
0.555170832958062
0.1458761726280956
0.9072110127411114
0.06314735591432896
0.661753797977322
0.10805771112149787
0.30338039222499946
0.1967826252203555
0.7054528115618948
0.061615451121447284
0.6916337448805592
0.5916793300527082
0.24015160924534174
0.8344142272588791
0.4475392742323401
0.7681888286091552
0.5499074948594513
0.394569655868957
0.8232597968734149
0.2705810587808457
0.8395154106134524
0.3116272891595002
0.04831175325142256
0.5640472645151882
0.022699351293728243
0.8367797500898712
0.3444386716294382
0.06216234601691906
0.15937467347952938
0.024039047074859488
0.05385176490272914
0.638737744116444
0.7889544458269268
0.17886470469209592
0.40058108097052136
0.21775053816816903
0.40282206100294093
0.5329428760931065
0.4654981399956216
0.5718482943709585
0.03593995612062084
0.5791676960962655
0.6436098681680015
0.8511535602239214
0.43478963048346086
0.07805421871951423
0.5402659104591846
0.5356495690319766
0.4515572263842992
0.5206649640473067
0.2548886343481326
0.9351799446409839
0.11585037201603554
0.5460620522076581
0.20941371102526463
0.24950117273435224
0.639351310179829
0.6630681679624529
0.43438428722149747
0.943155527659147
0.2838854451431122
0.1023713390069948
0.029918882811699188
0.4383826608727506
0.3889659048263442
0.453011173416204
0.3375658323809464
0.2022177510497174
0.13829487057778522
0.9451401139462375
0.1734327793050966
0.803225094887716
0.07625303839701125
0.3984850943833754
0.35784506370079017
0.6626546357931099
0.9856675322421108
0.018119410370303513
0.7588349523703989
0.11973561990869774
0.32570094635567504
0.3922346914597199
0.2428023864107236
0.8161305336658813
0.5703668016150131
0.2214870544481301
0.8997945551683301
0.7411112341745751
0.5461824638433121
0.3053664938692814
0.4993021036973124
0.945315447623594
0.9814799946304806
0.08550934638066765
0.009164118494027762
0.4698489964694319
0.1573357640408276
0.6902817962843535
0.7797278961019907
0.005005207616221474
0.7029668514216324
0.23901039235928523
0.6925585307135481
0.6965478075571718
0.0662048121506642
0.21881667764568913
0.2961591641991864
0.8109038412311611
0.3267949747410718
0.5105958893500686
0.012502678338716433
0.10882971729362778
0.980165704737721
0.20123556031616163
0.5761925048855586
0.6233477012303161
0.11687882275054107
0.7468630209597501
0.8312162223614246
0.6587601860675623
0.9995104444414326
0.7067846057748218
0.7474143973012138
0.9227161245091983
0.2727775022612595
0.5967189618719263
0.6665184573873392
0.9387207496517334
0.024335272369038985
0.7661523492793127
0.21982731283046897
0.7709672701817539
0.7735959256528263
0.1067268976976754
