7212651
0.0748830968745341
0.9153113486106651
0.5159910690361516
0.8562564128916533
0.2727165201385642
0.6171360735890236
0.9225329401389903
0.668467018692072
0.7129927989519166
0.9194099551502243
0.015892962084276485
0.32434047372464414
0.7041373659085299
0.07152946102258106
0.19375939094563155
0.5162197029222447
0.14595063019853682
0.6242410200721504
0.09787200030799081
0.7146792189044481
0.9156002356400363
0.7866695042773115
0.2825123062238494
0.38241141871688045
0.06208606743999656
0.3629146330779245
0.4314719026946052
0.8823200025689035
0.06287044203053649
0.3590661778551799
0.24096109531364407
0.11647233513838129
0.8192177687528067
0.25090275087447733
0.024396490730394405
0.9726011536524017
0.7708893744295516
0.33320313642381927
0.8147328507593975
0.7261355405185499
0.4961909962465342
0.5335133236856894
0.24098127775969114
0.6482799720518624
0.42997145295712835
0.5663761989575341
0.7377816490685363
0.20444908016093521
0.8800232257914495
0.3284449793416758
0.7103748151964072
0.39240539989128587
0.351437002626512
0.9905657570469861
0.12204567898576812
0.965735766114766
0.2988134964221061
0.3298283918366536
0.5970854870854735
0.5158415962898398
0.8178376972994595
0.46274888595371444
0.5395479875005809
0.6444071010467844
0.46057259069217305
0.29016094180863594
0.9565504466147837
0.7483485881590829
0.3129301243419763
0.6450578943852532
0.6445975912052938
0.2605372149277452
0.7081295912603716
0.3465405946660767
0.14838272135126107
0.5421262626871871
0.46655455939315416
0.10619106921525912
0.43374670596844755
0.00610352163834138
0.35027149520090584
0.5076052089339357
0.5299527710197004
0.46672809010259897
0.49957447976315517
0.08548238837731081
0.491160611572826
0.15580004636538947
0.979271945408297
0.8675838785471245
0.902960815170648
0.32425068591280803
0.20403343648644034
0.6110357867934416
0.8170565226810833
0.8563297658145821
0.9349652464999518
0.36386623109115945
0.4356561325995847
0.8637054894519539
0.7436856256595715
0.9133311136445159
0.086867379281242
0.7980821132763183
0.32552234298456495
0.14449605474998128
0.033359508302644225
0.2234787349881665
0.8100559371740804
0.32570706036970654
0.4387870546349061
0.023102221538920165
0.26508441300962127
0.8619954814345759
0.3799452011944837
0.4807862827970131
0.9191863206626311
0.11312807104231326
0.13735313974961527
0.37325763100264875
0.2384107182031987
0.45992597219248244
0.12293870523108885
0.9370291064723361
0.8842242691207118
0.9206411180062074
0.7107236757383112
0.33250920735218303
0.7526969664203648
0.26859250373517873
0.9248863716893254
0.01795595172679265
0.7490099545482803
0.7829286019115034
0.4093038068228301
0.2671922718124585
0.6867201648076927
0.4762967924014967
0.35365327700472715
0.9175395217469233
0.7178180321404332
0.8863638178272862
0.08337886690542373
0.3182141295519815
0.9974664956676742
0.29254643868179664
0.8343056348873314
0.3644720859568712
0.8664105207116531
0.5249749261950313
0.827410222642508
0.449074498447417
0.6943983340975852
0.36962559765305514
0.13523387634673234
0.140187098223579
0.6695570515541898
0.9417241310708638
0.9886496185348436
0.40361486731137586
0.2415166791142621
0.29893378277811233
0.1111726441920966
0.22731292252325896
0.6301785134355148
0.9965078330569438
0.38772892066305176
0.5774030846315186
0.797375139591084
0.24849917582903547
0.6757741311121186
0.7174649466281612
0.5452706467057277
0.8522842582044458
0.8488810865390564
0.05665951239670941
0.9532020372912644
0.05807223827455976
0.22639085143846582
0.8572821743828529
0.193763413054179
0.12073484437847992
0.38744877341461736
0.32863090449730625
0.8792864926522644
0.3582062129583997
0.9937240596308543
0.8616150167132903
0.4814729844588289
0.1588655808936218
0.6523367328925112
0.41731826231893143
0.039784988550205846
0.529730929806582
0.03899421106110956
0.3727698280455124
0.32830206610889956
0.4579543966458792
0.4710643073239765
0.4484649834790043
0.8861045980740619
0.5700254836610521
0.871289670683772
0.6947171839487181
0.8328449125566
0.31625117252937607
0.5950743770036573
