3749981
0.47805001711212103
0.5446045986589202
0.4701584365560122
0.7634969534242686
0.5408374362253904
0.6840829264881062
0.6594518662311167
0.28909179651260575
0.46158261430135206
0.4960166879567237
0.922952646381154
0.5823625730454052
0.9172033410585114
0.1651944374233313
0.8268287519617613
0.44066457161280415
0.3422779629946666
0.9851796579456299
0.8751939768517442
0.8240167864301349
0.06644867120734455
0.2255507629921477
0.89215963269124
0.7104785767469838
0.08096085771553196
0.6468089387369215
0.4387994037029156
0.9948394382486686
0.23441797361245986
0.8744102687510551
0.7960635005732158
0.6425664277678693
0.6900575423416628
0.7271671511783381
0.34253036980432783
0.08536776929411483
0.2903312318594359
0.5103040978262873
0.7349851161648413
0.1503954823673651
0.06929759252524492
0.2297406015078325
0.16016601816547416
0.6520235597947003
0.5293132481833536
0.6617141623446269
0.06762145216248328
0.14330303857317783
0.45573476579087824
0.2206449774167173
0.21647179744870582
0.22360812669337893
0.9818197946619326
0.6081828586205938
0.5729716264087812
0.2296529586946887
0.3357428367716323
0.29766617404129236
0.5811198793394943
0.09897178607336377
0.20261736503363503
0.010761636025216847
0.5951666685256559
0.6881194749424895
0.9166429156060577
0.4768427334702936
0.8107173242092616
0.8522638442904432
0.7619719764943621
0.9307038544545138
0.860235363945051
0.1485047711363089
0.5056181700990008
4.959082436419848E-4
0.34909853127784773
0.1121693490110085
0.9117039944700972
0.8653086356397953
0.9999622291193789
0.6734966108158067
0.393572591230096
0.8206137653746072
0.746037961865011
0.4315389840916197
0.14876485440221654
0.6798218808253961
0.06799415225609917
0.18277204737541708
0.09158974496452454
0.7614957064493126
0.10453973899325275
0.313818212839165
0.6489919010341808
0.5643006012624044
0.5833518055124635
0.4108535684941039
0.017647859377269315
0.6155631870363492
0.4168598958645272
0.7126820461368613
0.7936978227333564
0.39434692030850893
0.8865020426198907
0.8401240010538544
0.9812476296297127
0.6762435399516417
0.6994180031329982
0.5712816070303763
0.26175081938029354
0.1246178861319518
0.8431476784466491
0.3004062978497738
0.06360872473135659
0.46183242484101916
0.08675399965046615
0.2175087117971276
0.4098015864784378
0.09401753576609517
0.1808906036979867
0.17651456953851208
0.741091475483058
0.6342419352855012
0.2946869789583699
0.681684899863358
0.9133136936008596
0.37147728245736467
0.9939249367361952
0.4151825054796261
0.34949991379907563
0.36653983373768606
0.11283155503731024
0.2530808420194025
0.8910533727717488
0.5212307913815928
0.20091602415871257
0.7727754947625439
0.23692233733051637
0.6631867741309012
0.8366285819397418
0.8416726859576146
0.9856950192277807
0.41649000426739546
0.9912218505557218
0.9951927624370884
0.20276578565431436
0.38687757106536813
0.7990462754998743
0.9615415442548477
0.12319860642161473
0.9804280682196705
0.5446128404487023
0.8713655714699076
0.0706406690055561
0.9958924142881455
0.4121079380517233
0.40232206542577365
0.923615503977144
0.9833757175231431
0.5596466351831351
0.35175796190695896
0.49275157073883624
0.24586492928670822
0.3784025802185117
0.9051068072589922
0.985978580083796
0.27513736290794566
0.37585368621578674
0.17327615972078314
0.3334508295749059
0.3598728560530601
0.9827348418700378
0.4092122711058276
0.5199330695889189
0.08133289316477466
0.7248903295261574
0.6819928958547159
0.2296108706642339
0.4207576135388825
0.6240700667269561
0.686213085365769
0.04676451395864811
0.2426717937689008
0.3958153092523906
0.7950929691084486
0.1754715860499395
0.9895793935765491
0.9979313573916813
0.4276504725099307
0.14247984458435603
0.526065475641864
0.34964602040045867
0.2934461816183793
0.2296192923552599
0.20411343338832055
0.5894042641191843
0.10282128672081459
