2767244
0.44559789325333643
0.3864843367537437
0.06835098261930272
0.8862140476323878
0.6917529478798233
0.8612943861300276
0.38690574784287735
0.15305385334729849
0.4023057365369541
0.8084656806628358
0.1734343008006819
0.7388963819807358
0.3468945220083397
0.23751431193168993
0.9768736295623995
0.3388769494071948
0.4716369120457513
0.10617876882646549
0.5992689895748591
0.40622407208517874
0.6246992810723645
0.6506812908377643
0.42953251840799067
0.3064879998741137
0.7633279505576446
0.8109531829338322
0.8563348653068138
0.3613044304806322
0.771522518490302
0.01794433657166128
0.6358928402701962
0.6899268066292314
0.33100931412276724
0.025176930556808697
0.16951750268450017
0.562424902700258
0.38289873919546014
0.9129910388325196
0.006138862452042315
0.31536135420127653
0.5933870425900609
0.8714703735120406
0.5266245779020277
0.7489222353034696
0.8940899081337111
0.8768243208540332
0.6895622542760392
0.32389133117249924
0.6060714296271691
0.9160422408669187
0.9222756112415461
0.4075222754006925
0.8763586759830229
0.9859244493606759
0.7261972355653441
0.27927621684774173
0.15670893382118756
0.6951340816542491
0.3323215726177432
0.6005576182130901
0.23662284169912462
0.9317023781773165
0.7903136666669254
0.5769938179335358
0.9060734447661503
0.72345936707413
0.20395059385673453
0.0974688179134725
0.6681476579435714
0.11515112142111261
0.4359242883982527
0.7210356503389265
0.047773415198609115
0.6135433662798632
0.4966357371831922
0.5009954171617025
0.9499318143153738
0.5106008575520651
0.004462338925486642
0.28484547552804373
0.20923089713079945
0.18487028119788818
0.5590815777775554
0.30946339719990756
0.9424435181779418
0.3024844676617029
0.6047859422192031
0.622806961853027
0.5665887769759124
0.691743652719862
0.3773253636126518
0.10657489413887822
0.3773630071914136
0.549019544552407
0.8256652194241482
0.6486870559688059
0.39620253818760975
0.5487664566616446
0.9791492943647371
0.32010661193760925
0.7889876078683096
0.3767130320944596
0.09090879346053882
0.24744116141821293
0.5353727048472711
0.18284705828950398
0.029960107291376215
0.2409233663032303
0.1849556817131638
0.4595950753057102
0.8172854519288894
0.13678634441048088
0.4749743021716881
0.890637332049597
0.9052921318915608
0.2437125120104482
0.3039455509123322
0.7870879649694633
0.7853977205922679
0.24494886504727875
0.05663945012179494
0.8303090780481329
0.7750901875050036
0.40084611255084124
0.5580059313991456
0.9744166305756096
0.38366313485970305
0.9209922912722402
0.9971495974485023
0.5265751238746615
0.48492847821542295
0.9307766120617099
0.0071739280077006695
0.6194669155778916
0.6355598199836139
0.5441323671382691
0.7126932515859014
0.517861340173445
0.26932182196185517
0.1723725331686956
0.9640367097585273
0.4599978130808464
0.1702923536594979
0.34844510873541357
0.16564586819010207
0.024535742488514534
0.5822853160687429
0.026600266165676234
0.0758935085852922
0.335114007708023
0.5470344397843654
0.5293739640974653
0.7065279419984827
0.7671008705344682
0.5802989176598702
0.056958480616733254
0.9821739030835812
0.20490484961095268
0.5929043447104101
0.9484427861015586
0.1337974040140718
0.31325602720054524
0.042832959210505006
0.69007102363802
0.8947685314020253
0.7321561734256982
0.6648296322009878
0.0025804770306679936
0.4441329403845473
0.5827352629662281
0.765590995746433
0.2078449626041976
0.6989289473654497
0.1800410359823923
0.9954571260736508
0.4744637334383115
0.9958642411230225
0.3888273527597804
0.7116261753075973
0.47259956948204296
0.42239226476141223
0.6296957334205294
0.5332647335948548
0.4302841746684536
0.058205324653529344
0.14548443324893434
0.45548737272283624
0.5765730311957644
0.17038747524316278
0.7715873577799354
0.9370310958639928
0.4813458589868227
0.9689475796277175
0.11892513781320435
0.7055514645779472
0.8572126310725664
0.8741789581205217
0.774579097257987
0.6348192884694376
0.9758998208539206
0.3732683049172316
0.8526384427016237
0.9396976650486043
0.9696549101015158
0.45080428355854596
0.9865994731477795
