2054800
0.10763117195359828
0.9376215811418792
0.266311307271898
0.6446950376514373
0.43948065065764585
0.9578022161559245
0.22166179020257648
0.47082190391233036
0.8078881459830962
0.8171379732527969
0.8121958367370826
0.2062716074571025
0.25795835637535547
0.5154013527001781
0.6876046289676037
0.6312608117612585
0.37289497381628955
0.3730094977110293
0.1621097115151965
0.8802951283377761
0.9063307315379987
0.8785312492212846
0.008197372408734305
0.43169031200773855
0.04344279604270118
0.24857458543997268
0.7441435307628986
0.04911284126411797
0.7945458818956213
0.040905327653171786
0.7827915759368923
0.961792095452943
0.4477073370849073
0.061061915240586906
0.7475215364363293
0.6100943429909187
0.711029804307986
0.23339525606600786
0.981076248735504
0.3544384770205441
0.1605990716379525
0.06937686020839351
0.7738858811148936
0.6480722541685053
0.8766957157165591
0.8591819352519265
0.12075983670914003
0.308016930315846
0.6987210639642055
0.7369688866090282
0.8782903174013436
0.6835272272765973
0.35838957779219505
0.3259403871276926
0.04003974237508734
0.717702446410569
0.8610910460530448
0.7561852870450895
0.4725595815409388
0.1254240741285333
0.8769278412381717
0.46646447254207213
0.8625156636538587
0.16958379065869655
0.5757839318510277
0.35051842161165137
0.8136708370347256
0.8076049470528947
0.29488375037790604
0.48913772742883566
0.0022030819434195603
0.3015501225042744
0.6626509982958064
0.9211519904342098
0.04981321992171295
0.7376457500034171
0.31927844807383754
0.6496568781925073
0.30630309947674994
0.2848441191418023
0.1722719229088603
0.35421296739405095
0.046781963263693105
0.4370825109163412
0.20433297573764986
0.085413781375405
0.6833847700830076
0.9301876582081722
0.21129600553785977
0.5551353368329988
0.4673631946615543
0.5019132284644194
0.48943784806257473
0.5039424155483123
0.814636458628038
0.1723868187649812
0.41432877145431013
0.026541957568725905
0.8263656831711529
0.2622822449016958
0.05749579804904725
0.6668371994645457
0.7958420975830148
0.9373218757705679
0.472520380254837
0.556050673660843
0.49395587531675267
0.6702526655988585
0.04879467742826149
0.8605484374053144
0.8077390175579857
0.645228920640725
0.37901168759447645
0.3304109888083707
0.8699523401079088
0.794573601291796
0.41556608570315345
0.7954618735612925
0.16241307868807886
0.854179177978211
0.3013946896741331
0.04237758028100114
0.20173600001070335
0.5513482230297374
0.15238640743755627
0.6246676869917219
0.3233879808748198
0.797662449904338
0.2413433241704418
0.8067269022095285
0.7684322156251486
0.5495089960636741
0.48757649411472836
0.023826169776288597
0.7470644574185707
0.8201805718082421
0.8915708285389722
0.9518230125768244
0.4040213021853406
0.18000620932131284
0.5707558878850346
0.5235355465609595
0.6431658053614516
0.964757676025564
0.35027011366675154
0.0031391792085404546
0.5820332848638567
0.32761620396216107
0.44170833761404515
0.5356084852090265
0.001846149980746059
0.21627293119530777
0.6031933314533027
0.42514098932298283
0.5344835231510454
0.33427545491189714
0.3157143778909599
0.7646637625869277
0.48511750187138336
0.15452247185022028
0.9335266994154009
0.9379378085119837
0.1277052720610229
0.09284676730859509
0.47050763945223717
0.9464388975886112
0.030251787990661416
0.02091655106790702
0.6697171110720359
0.47510838076743955
0.46773543045541377
0.40022388332098857
0.27001075853788314
0.10423035698904326
0.26281447389734447
0.45271804214216005
0.9314066771611664
0.09910709505037552
0.45790987951277706
0.9486807091172776
0.11000747167889235
0.7648673473963031
0.06698553387521011
0.3887289852033885
0.28363128686050176
0.4406570303921725
0.7813243412597894
0.5843713903894399
0.3209069198954908
0.8256256871341567
0.9108244681295633
0.9003308055587247
0.45943969914234517
0.47853598464984903
0.030817406061287245
0.7118875728714184
0.3127564731331869
0.013487748972809799
0.7741352355055012
0.9517850859452128
0.5610892757864747
0.7261620384892905
0.9591316962381411
0.9737789793986001
0.4976594192912497
0.1281549004845075
0.7765877636635454
0.3437005865218793
0.3999745905096158
0.14138442013406294
0.07190947943393855
0.5839436622987002
