2316720
0.8024198151579699
0.6049923910136729
0.49237826545407926
0.8942384217092267
0.6144948367428111
0.5344119397349242
0.9353834832756384
0.4514748239805326
0.11874511818603384
0.9179513426687392
0.3775255899801824
0.2158904877038651
0.7899586884403431
0.64745377729451
0.8810227536721941
0.4663306275770608
0.5536311005720894
0.9435991287906472
0.16036235171980484
0.5661689889319885
0.2501928635880697
0.20960542828088935
0.8846216484982707
0.33560275637309966
0.9885047774623935
0.7839412546653992
0.8431929274946216
0.3963376532859224
0.9191694831574774
0.5027236394008535
0.9239178450637467
0.5873265183527535
0.3654334297075066
0.24126592110890221
0.5254880336087913
0.6996389131421875
0.43793087295373057
0.8942784948508175
0.9800697621041216
0.4592028810169504
0.2292475942657769
0.5755149181971649
0.7974632038555024
0.8980747195770833
0.43525846128417167
0.1701943909904492
0.05870678192677292
0.99805619223938
0.782420148707776
0.7573212445038581
0.08489030103362649
0.7648927625873077
0.9536761347575313
0.8340606127732239
0.5860408724253877
0.6969506811689442
0.8003581703837522
0.7206191344951655
0.8552980170362598
0.9491846265377618
0.5034446675833365
0.0016176807342134225
0.2151953051166715
0.36137175617345485
0.00476350948340043
0.36873337255004246
0.8457179759493201
0.9190020114526284
0.4672025768675918
0.7694259688862635
0.32790701844492276
0.1458786867887264
0.7427185553843413
0.33785376252032395
0.7221323430679136
0.3893971991945828
0.8279107270793804
0.1866226207638374
0.7667586428835422
0.9526343960951543
0.06915330688195964
0.7718010427029316
0.8307794574110937
0.5517941112150646
0.4427560734373619
0.20867312240464686
0.5830966551226778
0.6332194496748287
0.5803500692348041
0.6119906292286842
0.9514735024014336
0.6710962188768544
0.33567123409146093
0.2620237457728656
0.8357918194331065
0.6851354236788875
0.5961418960687777
0.15650033617892722
0.2130947248394528
0.8669375114708524
0.7311260482585289
0.2985610798530123
0.725998122725231
0.38440487971919346
0.5384613598446408
0.8921484032804243
0.581406164685259
0.14548277547772326
0.8018473557018537
0.46878503428165363
0.6030664731520047
0.5456736432040983
0.6038954038536117
0.8534878975333385
0.5793535175361508
0.9981833231410776
0.35312322176852606
0.792601420987306
0.6267695252368529
0.351221696410964
0.0779028966984836
0.01262405059074434
0.15000384644338527
0.13389481878362708
0.9163478508251175
0.4566403422434919
0.12099367040740605
0.9402891503250091
0.8883511563151065
0.45376036727650026
0.8222799810236913
0.16076285664524448
0.9744636134713552
0.6170068705849413
0.904054727279467
0.7001232414586982
0.2460273417853377
0.33638028312676127
0.5896464471686045
0.28428306533423575
0.29195612489844414
0.8363699733204132
0.13079319920867316
0.4501530337480809
0.4697814344817208
0.9009700200774442
0.16190329592062702
0.3379416683422367
0.572058896629269
0.534296040432254
0.4316057750153086
0.9606974662664931
0.34395659503629217
0.021189410732345704
0.5002441889093471
0.7128429553390778
0.9138236852716424
0.07973352738971629
0.38356896275146746
0.49761367272118795
0.6057635208162246
0.05639669051151375
0.7957347587392359
0.002729720357897425
0.7917128444549926
0.40455436386099664
0.5988113610526709
0.33429122092388874
0.4102547915643844
0.008433379914060679
0.3013677432832881
0.43080309923510673
0.5303698259334018
0.2670590645341082
0.9652906591088135
0.4223990268374773
0.8705557310299628
0.23657596400017578
0.6778509495271231
0.3747478996683892
0.497224203080611
0.5443513196914203
0.8251316835320283
0.6627907478520043
0.021007660488550295
0.23456003684110727
0.7632844937636543
0.5563697892021128
0.4855874596174512
0.18248842805327192
0.12568173961853868
0.46797532793584606
0.8008801092297176
0.22358362549245392
0.9268833216288754
0.7122506058666903
0.010895641125835631
0.6833139977360051
0.8284394833256976
0.5575584918646155
0.9063081335829519
0.5651957114168241
0.41690137282248596
0.8118278662086246
0.4927553580589312
0.2568788680578913
0.11101356401070472
0.1780619580311994
0.6081109593827269
0.24797628393159177
0.3629138633904827
0.13930484719648195
0.545449111141775
0.01835677489584442
0.1472674009120698
0.1885260701819803
0.8831481813999397
0.9519140553665153
0.34261352142221535
0.8057977116203012
0.8495564949271776
0.858360883689748
