1006604
0.31728589704053034
0.6067348631206201
0.5074658110165319
0.7326047698578548
0.9330236583572604
0.15207420160009077
0.2934972075165577
0.7038092187772035
0.7403664767842856
0.8196890268035938
0.34832613799249224
0.3001400195708612
0.9487589953493681
0.19854122015794606
0.23252838565214962
0.7843900357326238
0.8423522325009499
0.5854991355549548
0.677192206927827
0.7940453809748805
0.9560767508817711
0.4076602344482747
0.7609913437240204
0.42841477294091646
0.9629518090332616
0.08861375450909648
0.18779155266478842
0.2574974994159279
0.9948288745714311
0.017609651370157242
0.8093523675710896
0.5097007223342331
0.5963072759223603
0.9222013090387827
0.40584995033963533
0.35274306670526856
0.020348533556440174
0.8677815403489927
0.13636094843321356
0.6205582468796703
0.11415481567559727
0.31153200387944047
0.002111204723432958
0.5587392604014279
0.6151667823472636
0.1236590882795684
0.12720750879334564
0.1620396700835499
0.279573880614046
0.25538958193300043
0.654734294928175
0.45967554564688695
0.8995207144116603
0.7810517790129718
0.5805115772984005
0.6676480038388516
0.9302308790666046
0.37066918142422767
0.9024742453755406
0.47203296877856205
0.14455938909082
0.8598448931990589
0.05054694198097265
0.8331610571016776
0.4600239024377143
0.47531744949964383
0.6800530231450811
0.6078374332843347
0.842153667256773
0.44741925746922817
0.5611097484852243
0.9752277382066233
0.9780344123545527
0.19477116349140478
0.47712646752070054
0.1217629606648627
0.23521646537544616
0.0018978611229575337
0.7574359905627049
0.891392488187708
0.2736923770689844
0.1270506147937811
0.3122538871283518
0.13974138952003445
0.5624393900220686
0.5753751426429818
0.8125744862012854
0.34420420342932134
0.9670611264974175
0.35166413323447576
0.9632760250100062
0.6167345675733615
0.5213521656557525
0.8672856461589536
0.6546217941035538
0.6420658904876445
0.4731478562803012
0.3174797610192689
0.1455082877971412
0.22132557191005753
0.7036110635691126
0.26806796194317684
0.33122500741566063
0.03948128474713142
0.659146534532154
0.39472061059441277
0.579154991482868
0.9947847513717796
0.00642260325871824
0.30328036048561047
0.5777590954897978
0.9293546832030901
0.3235190001028245
0.6262398335488838
0.13735109527284806
0.8822674318575823
0.2740087117804988
0.13832436950785976
0.9055846337237524
0.050000290090174704
0.8758207154482329
0.4632317721538156
0.5162375708948942
0.48379892201186925
0.6730196644899631
0.05393245759419152
0.7767924059962042
0.17951718408679607
0.8461774770213549
0.5205353771234129
0.11847681179217817
0.6227036376971508
0.5558010597865757
0.05257615575567842
0.681841084819658
0.04018643678326139
0.10331921100557018
0.6366860236104158
0.09161422212936043
0.5791340646887777
0.8154210097011221
0.005950877463056892
0.18649424276167814
0.38554626017565174
0.910077060443589
0.7738723380116358
0.7126920547604378
0.08635629603307537
0.9863637914948239
0.003693507694080389
0.26446284810225673
0.4928017352249886
0.19525031626717282
0.5429538472216673
0.5605222862881353
0.43744800506707815
0.5947964028793558
0.8134893866094054
0.48215972924597905
0.533225230211698
0.6707489735977685
0.38869599585507164
0.1670240544712548
0.300065404276772
0.5123139158492401
0.6127244678301459
0.8519719298888175
0.5432038746604093
0.6729185924831439
0.7203787826593918
0.08903264727548432
0.08693511804727427
0.3170702580002842
0.4018392694805536
0.42045749161228474
0.9685900411029025
0.8569535052104628
0.5229350326480718
0.5919856209781422
0.979727631240565
0.9162004280842436
0.759540718343927
0.9078727870704522
0.00501161023617458
0.1233045799743091
0.23377481694596214
0.3868928503578468
0.9539681000931665
0.9334404393972522
0.850028110414432
0.9654366498699212
0.20679766626963636
0.4049879332173908
0.9204521039317074
