871126
0.017214852508134926
0.698517552071174
0.60018795892554
0.31911860125080105
0.2990753659632682
0.7011990712675061
0.19392791280664667
0.28230850780824734
0.543180962833161
0.4451183108805681
0.5606280725706037
0.11080832890153935
0.4837286428909394
0.5820762866428598
0.4811609863940476
0.3183955949312387
0.09539302828724538
0.3769921819508636
0.42089892234215487
0.6945441423168809
0.901790465230727
0.9521767995094147
0.20596857935737023
0.710910386218599
0.9489754877938038
0.8429167611493834
0.3427030113815681
0.04798354208273492
0.01577749584268817
0.7323199627513002
0.06821161483315485
0.5517446988394266
0.7978246880904463
0.06247417298731606
0.775653629606506
0.7749064411686574
0.998391083993924
0.3293225329897046
0.5447142039322314
0.8832807850111595
0.486741773630484
0.26026078756610216
0.12594658118171354
0.11505052618746991
0.9434404885313503
0.7463131751515232
0.8770575193730137
0.1691947412712863
0.7021226804532519
0.3548452798790187
0.8298778273071229
0.8690466096137571
0.8185263057215839
0.48412334140646596
0.2786729892072246
0.19793778658730987
0.7501116337915561
0.7376317185492846
0.023613888332446598
0.33611015805970146
0.4133904512348382
0.8939113102741418
0.6776411424198178
0.6415524232805164
0.8011241207761763
0.9267834211369889
0.2506206608398356
0.6121457814784512
0.7878388557599143
0.8911752217536124
0.5616022630962136
0.7424789785459466
0.22964587956676374
0.13136430034907054
0.898157322340427
0.8459202052918066
0.9731431566719564
0.19131161860545243
0.7411849986740998
0.8510092797737967
0.9282139433242879
0.01085363945032325
0.3042414337117715
0.30096062207112906
0.9308276718999268
0.4768756649149356
0.0983594291502029
0.7860436245563226
0.724486034485216
0.1651907306370145
0.7264913532284237
0.32083417573625816
0.02274790116256642
0.15669911248212764
0.6361206310005714
0.24180695666986596
0.28030463832522035
0.1405054860344449
0.6142526013039067
0.5454652290321793
0.49636669915876586
0.6270226257517614
0.3959089670132948
0.7131811167212323
0.10166199911853246
0.9856912986178432
0.8754137757062715
0.9761462641057761
0.7391345372444658
0.19479843897112692
0.05917375419038928
0.6623087136695907
0.5384721518139027
0.6449765681917292
0.0793191108508815
0.7368991488987975
0.30587997583026905
0.07331957630924224
0.29948577350797334
0.8991255380671886
0.9030563889954771
0.7216508940556573
0.7871830499646416
0.6298424925195012
0.9731165926685321
0.11033221212256394
0.20160583248500663
0.3984772196922476
0.08624828350013047
0.39810234204089245
0.4514138417689184
0.832221799957364
0.32417283944140407
0.15878691781276766
0.31391476239333105
0.026476685338877703
0.3000247335147921
0.5473220334150896
0.5752519104549789
0.33275830576551213
0.6190506620366475
0.2503855289240473
0.1506117108819992
0.8987586484286043
0.8255689940631126
0.32103218766804875
0.07412942200332762
0.9549730406130694
0.952919558088389
0.9820795949923009
0.210086670642172
0.34328714231596014
0.8956721840567472
0.74959405294013
0.030157354414316218
0.06514216679426965
0.9571521232364668
0.7756766764070766
0.8258735609931888
0.6903728281416343
0.09037928497466963
0.13885175924885274
0.2811462043287595
0.3125399801343375
0.5468071412833359
0.9207109648887046
0.41659015319337933
0.362555709126023
0.8747862768079863
0.2990685357258449
0.5355666748588371
0.9996256665330491
0.46846705201316075
0.5607341118618802
0.9512710893009962
0.9870099598049307
0.1578940920575339
0.8911114685806978
0.9548565739655607
0.9298301882342357
0.6523352930585117
0.03318292759263797
0.696500128926643
0.5031270608938119
0.0014261898839268428
0.42504098023356995
0.39447997763044385
0.830599604128977
0.6225004315356799
0.22297979811708013
0.5617480450659313
0.48793321067482187
0.8575155876595272
0.6962613925976128
0.7451454161488775
0.6993508490034601
0.46927281280202626
0.8400223561689268
0.6093223108043238
0.1719976729796463
0.9641679359551675
0.6943887773048015
0.06558866840626831
0.669996521908412
0.13750047069302695
0.7807186182127035
