1178979
0.46482165521270646
0.12663077169263293
0.15587453487966607
0.4401754190500555
0.9180212749621649
0.11080155532564995
0.2782713893358719
0.5923582004542579
0.21136401552667017
0.4526279331395213
0.2775499693625997
0.0996077937802966
0.5575722131111863
0.13503759021537975
0.04589729998731973
0.5412668805966556
0.23515451799264842
0.5296563487905771
0.53361685596287
0.03944937840414131
0.52938837630684
0.8029636788715954
0.3413455664076832
0.20420555228433157
0.7850437751613945
0.11238921529670876
0.5045931134961731
0.6187654598776698
0.7674117199084941
0.4346657071105229
0.2418749699131516
0.30141439987784624
0.7479276902355314
0.4400431822160401
0.9230612197206182
0.0424684222991043
0.7316572061931188
0.4285082648107633
0.28116490478337586
0.507982270940323
0.02613644918566227
0.9779412221671703
0.9386457038048037
0.5262355302691173
0.9145385022243452
0.6191830353089123
0.648405484603368
0.02870728183985749
0.5408610707641691
0.5492731561730378
0.26000475705445314
0.7041638088299627
0.24080946740116738
0.12165813533050451
0.3132297625556387
0.5426472550849408
0.4592738261750292
0.6109603252333132
0.333992203806741
0.09556788237861324
0.08377749843810078
0.5399345779818854
0.36164461490815825
0.4587665008512375
0.49299866506933343
0.677530455853699
0.9721463016441572
0.6973270708080564
0.8704452204864157
0.669516064856226
0.07811628932605275
0.6740848777380652
0.3655881607905098
0.1469089497997379
0.08466114345046316
0.018188059757351605
0.4982365995988379
0.07249845114263898
0.5589670852962322
0.2757357718727912
0.7966628954721002
0.032033040684282366
0.4319976445506474
0.12142955498330621
0.03596376408165991
0.15418509724219198
0.8922393098538944
0.8783387133346524
0.6003696861533856
0.35219490609519444
0.5542895372801477
0.4922947385454767
0.4316908111023319
0.6201343241199047
0.18918267042629644
0.5380934552807293
0.7458151611115724
0.1880200661137177
0.288701289170021
0.7965982869946386
0.20015080414008768
0.4425452529517516
0.0025216130611868115
0.43500136140545254
0.47713030526487477
0.6539872090841576
0.5348937619740995
0.846913806509334
0.3123723941098685
0.7148882686475011
0.9166584772826487
0.7646204726309539
0.840822834022494
0.2923958127382146
0.17875417754752776
0.3427480949933538
0.7601718897674885
0.02368632075318411
0.34496923661206447
0.5307606127497017
0.2180735136247266
0.6426878281944732
0.33454642386955546
0.20110857036650154
0.5181675306012714
0.2163535769855065
0.8193474799301182
0.18052458354176926
0.70963222191618
0.9900295639683973
0.315637946845014
0.5438698801807245
0.875971974082616
0.6939970096026481
0.3071533356623197
0.2731018612422378
0.47097075421441803
0.5470600002604288
0.9939597305639312
0.658346158453828
0.3632190426755646
0.6080881227677577
0.3407234037458978
0.6237209417386306
0.3453479521501759
0.5727120506371516
0.45835526147642247
0.49747516091969846
0.7400814651841497
0.5899102148450718
0.9945979577762956
0.6141666942198178
0.392443765260697
0.18201260649234707
0.13197494190941195
0.5360202752006702
0.7759353970672704
0.891687869694905
0.9956217281602698
0.6112688483045441
0.16021853101748817
0.8507679782604477
0.7588723475712182
0.049197031981735306
0.7888282829365222
0.06830479361375874
0.5010743722116384
0.6847678924146334
0.7976533603637265
0.8690408146383795
0.9199581015665669
0.130130106241652
0.16840606193356789
0.5785164610177964
0.3299870686765476
0.06596478409250528
0.3560282795210632
0.247324748709846
0.9884680948441886
0.01254711424568189
0.354956286653055
0.9345633055363227
0.6828013947783643
0.03856044455425234
0.876394305713704
0.8293230235914015
0.6851020863698869
0.515115560433463
0.997222984944312
0.27909134429660754
0.634526647597588
0.20309160954126648
0.11089535506086812
0.6152375327588798
0.6429889286594953
0.673828979136428
0.2616499619176996
0.5182860987265641
0.9365521180541716
0.3063689864099216
0.9755967339802114
0.5494740731881085
0.642634787240734
0.8788487519181449
0.515708393840592
