1215146
0.7843552433500597
0.5667293263864015
0.5661872930582398
0.5894344864495353
0.9804501070155405
0.5433450976971249
0.3446616208225244
0.9827150730673119
0.5902322262159266
0.5361290647404251
0.048092538924034756
0.32927346525447165
0.21723462249193548
0.9659588345848463
0.11729106490714658
0.5629824500845011
0.46861313333277954
0.1646538715405742
0.5183264404159279
0.2805048056043702
0.49576240159966833
0.8036540735018056
0.3583415655738603
0.5769165490306878
0.11789460372858362
0.9190660336708547
0.8216513533682469
0.4353549872851282
0.4214340499858754
0.9857446171980558
0.7843088477586069
0.2332218358068947
0.9790569927832232
0.3456157017645277
0.4819255312424754
0.17063628549571064
0.8644321990209816
0.17923579580918347
0.9033835413818085
0.2012464074716409
0.45219530151607334
0.12462267341666422
0.16217963890572795
0.35117173254702716
0.5874155135385898
0.5936808032458141
0.9574916362980592
0.1487637367748581
0.08479054560875798
0.8140838161031151
0.378660272558876
0.2560350959285229
0.675031778080477
0.6332659509391241
0.7296303013716294
0.29202249324528917
0.4543784067752884
0.1612127642674961
0.7539970797633921
0.2690120722764391
0.6129059300954761
0.4000312442986038
0.6266553729168541
0.024470530469262952
0.7182707760206906
0.11081787311198699
0.3446497941192106
0.524688825997187
0.11375943380696152
0.3021324823473557
0.6976768810724102
0.9405597289704785
0.05298712825786467
0.8894249964983182
0.8277911452433195
0.9515743775535983
0.03831742199126276
0.2710509804173664
0.4982185095666205
0.8210372702386305
0.45605125586739625
0.7940509299337132
0.5827821448658975
0.40366270939717086
0.008659410785856858
0.3416575261519694
0.9602976927189166
0.3961303814937974
0.6328103081206446
0.5645341083999018
0.9523958363535815
0.8218413255220745
0.5616703798481141
0.5990363334218117
0.678582192980533
0.9530300298768764
0.9409318056118585
0.4683286458691335
0.2189459265202892
0.6165519761618414
0.9402480602363487
0.7459756565556029
0.2727797511008567
0.10408047899311568
0.6152352413435174
0.4766680156926605
0.08047634978228402
0.713110365560893
0.8699228125520173
0.7950311647680894
0.736416689475408
0.2820804621705124
0.7455144517007122
0.16100461516781328
0.6621682356719669
0.9510905021877647
0.918546422002557
0.6390682250964698
0.9321621576194231
0.7791025202816756
0.7300067505605702
0.18863137190810797
0.3481202627118576
0.7791805316739189
0.28670591725222183
0.504189499201498
0.6438538928724354
0.39523666827285475
0.17716555366492415
0.5463919407963105
0.9686589218173164
0.4369157341967541
0.1265188365779567
0.5389540544985559
0.8453818947051809
0.013664483763319635
0.47839233004003856
0.8713852691652894
0.1283347541858535
0.06469545953547196
0.7364659662412834
0.04379423851274877
0.09658631041731947
0.6684702214430447
0.5243842425131404
0.5175712056464487
0.7097609154782232
0.43348977837595737
0.22991804164846208
0.09453643496691788
0.22632574433278407
0.9215948752685308
0.2877538281996318
0.23718320600205833
0.8384502132055373
0.23564257093927243
0.5250124138581603
0.5639322708715906
0.7128721467202153
0.6153395612167198
0.24457698415318396
0.6058544165005004
0.8438070212816595
0.12817680915817453
0.7535362539652796
0.7951061770589244
0.42178863610632655
0.31682441826831576
0.8575251694683321
0.570363359514101
0.0014301068964056585
0.9700087311245192
0.4364721563591413
0.43082574476979507
0.6114466421776563
0.020809497238015617
0.593238618018995
0.7479055242503106
0.09188281092171402
0.9444767757906665
0.023862720835262752
0.15250113091337325
0.3663381194415223
0.927283514748
0.196596346462669
0.35579707984532083
0.061086892677793214
