4005810
0.5000493827166274
0.8057120032062064
0.9940483556013622
0.6680111846496855
0.5314559348376956
0.09041254595884196
0.5936171892823152
0.671315685249805
0.9487431156789575
0.48437439505265845
0.7337662690032661
0.6435720303532662
0.47208442570231124
0.22858641047128114
0.23133110853297734
0.10086353528222847
0.989375485270137
0.8694157875779811
0.9843838698827052
0.09972929164666822
0.4199177598129593
0.9135671229593355
0.8757678543673163
0.0942702748187132
0.33972675844923805
0.2118976302061023
0.07810322302530792
0.7138382526163106
0.9599258087760585
0.3161375363334815
0.15104140880764727
0.8835791400715404
0.8123816685809053
0.6355723835466903
0.03736622677714141
0.3712354299681081
0.41568413877985066
0.21000231490357557
0.4366096591627995
0.41099504216125526
0.269766524013068
0.3108003052477797
0.06317119450463826
0.5288067341693555
0.7589094235941453
0.883650301763611
0.9804992885363939
0.07346498194055351
0.9305657636246397
0.054552697573786446
0.5437141197526864
0.2439002263696739
0.6613898583229771
0.5349438860851383
0.4801212023050968
0.5954930963319731
0.4220491199944433
0.7822828430183971
0.29038571217763964
0.10686394583318015
0.7088418854356743
0.19921686671237793
0.46270731128534814
0.8934719303612911
0.22284056946905506
0.4874457983824557
0.9581560848188398
0.5654908211589418
0.04622432480970606
0.5116615671192852
0.04740037520086904
0.04481105595665591
0.39066066936506316
0.6744485045943318
0.85737735277096
0.3796513262863914
0.9740414800811314
0.8547869886942386
0.9210277495211893
0.7251442964192274
0.7195730219991767
0.4208111368337365
0.6140363739980498
0.1943955890889577
0.2651660820680156
0.6917289734794483
0.6095904934143357
0.7268967297894208
0.7212666371450352
0.4943213235998202
0.385488153121912
0.46980579981710524
0.22171357450741203
0.1361935598337286
0.3774991959739883
0.4224930354883287
0.07490488045609178
0.20096207732813443
0.5887017291437582
0.25588041112719895
0.7414988785427608
0.059815016235791996
0.3365874643741814
0.2854879327753256
0.44007296571793253
0.8893951024501945
0.34804920949280604
0.5507314463439654
0.9136070145424261
0.2877095504321936
0.5969345577717257
0.8329004020612994
0.7773544326002476
0.28778043525893204
0.11966976391018291
0.23037584889942264
0.9126086357298432
0.6830062611034694
0.5415284011820739
0.6020327430923159
0.5710685752223967
0.09871374619764994
0.19943944172747596
0.788402524872175
0.2109518894588952
0.17113614298808388
0.5568000682680341
0.025055661854264
0.5986996133800708
0.5280626091130567
0.07157829077216593
0.373795884910076
0.37906184687950706
0.004660839297599306
0.8010613025431786
0.31464090959986446
0.14154901295345024
0.6734828818254754
0.8049257681191557
0.8651976641200272
0.9926785517486304
0.8194220939237139
0.8428758157520665
0.7239222262643324
0.7811422912367447
0.9483966292166764
0.953916077382823
0.9698877144492042
0.4169652346054059
0.2827932917967766
0.2513962086006074
0.7940664916506901
0.17592136353222465
0.9672125916273977
0.6712843557135817
0.585765406580449
0.48691779521974543
0.3848143453702303
0.47069728985159
0.45273578449695484
0.46275384870501834
0.5675706819190651
0.9895349205102892
0.9146128350550183
0.3536066301465405
0.6729909803144648
0.5601373483860589
0.07672179832078019
0.17779048689933208
0.895391566145841
0.47820329622460733
0.06492084524723796
0.015782467088285013
0.981540013670657
0.6327783703123986
0.8820339921566125
0.8412019604524961
0.7285127739386119
0.7339426575739473
0.13255947078502495
0.3063770370291605
0.4558615210858886
0.07389674827323112
0.2547225003978465
0.6003263680650424
0.4646923711952987
0.4104663871873656
0.9975736882821178
0.3534300893811755
0.9230194044237308
0.8716154228779185
0.8857172022107809
0.575758620911475
0.4497617082343288
0.7453777788818133
0.3253860705253967
0.7849739759861826
0.9090115171419079
0.6416889512567153
0.8229641311950537
0.8049128840900693
0.5717081046422985
0.7909182046134935
0.5106873865441646
