1374285
0.19740689943243062
0.8536104787516197
0.1784726736323593
0.8041404990974874
0.9275895481631976
0.29646925964414605
0.8056650817755351
0.5522962901205167
0.6568862377939904
0.3235566561250981
0.6141071078266952
0.4832296558150525
0.008077697724324207
0.571220107665835
0.5142105640059665
0.09726973376353565
0.25327313810925867
0.2748844057130768
0.517948973566121
0.41423701362472287
0.13832464369955622
0.2709336471475444
0.19185268705796765
0.14254495913379706
0.9761596044423648
0.6651628830753952
0.5182801776691268
0.9053284888439289
0.716703404363505
0.11399708067555725
0.7813298705446431
0.13239451467640773
0.43250945910820005
0.966432565940478
0.27832558828500664
0.10667245160647854
0.5469098135360524
0.22266417609265332
0.4986301420318451
0.4399755463298325
0.17544408252992594
0.3796189834614302
0.9086115029617242
0.9452665953966206
0.1515200291810711
0.7541254474255186
0.6349062450616103
0.4712545214960895
0.6637047498939401
0.8012045669164868
0.147695363040528
0.7700308883894758
0.9447401283242701
0.2779772366523309
0.5115280348326421
0.8795887140959557
0.12132217949851021
0.8429402560825894
0.8932985819023935
0.8204479362841208
0.158878673269926
0.8258709002682636
0.7953033603733047
0.6292457226534717
0.8170250737081524
0.45537770947460476
0.9158731960260816
0.8820318069188448
0.6690739424842513
0.7891235020470314
0.6308985612620802
0.896142148067711
0.5329185579826086
0.9560036409202476
0.8366340797230207
0.7419070412356327
0.11080643545367763
0.09007116380215563
0.2974899490943066
0.044082814774812684
0.2419639636163714
0.5127575404451553
0.7020875889709933
0.30777838679333436
0.9347286503596098
0.30294631908388214
0.3466775731135028
0.16478171411230735
0.2637909714163199
0.3837138474527604
0.7370880846391923
0.5035731199576068
0.2933426470203815
0.650060163176459
0.4286923049299721
0.9199459120277006
0.4183738376248973
0.463709886327474
0.10845361030856016
0.3050370219583086
0.9040573268867419
0.0490715070788047
0.2639277727129884
0.6737037713067017
0.947102264830979
0.9387009826231125
0.781171705593398
0.5285650479279888
0.2831561735096043
0.6371233064815328
0.46682815742751393
0.15365854419854508
0.22077884034153505
0.09862379429359913
0.7992270399500915
0.2365481936964039
0.9952069158798069
0.44762818518207137
0.17916319523723856
0.1288488122736613
0.5040738208230742
0.6095492090726476
0.5730817361202316
0.8725178304227053
0.8124443274451941
0.16548403768632958
0.7197217339210168
0.8428968517428898
0.2959687759040428
0.7959060436251356
0.005839777621333697
0.48936842324436114
0.9286574518414175
0.1365010825927131
0.7074548670495264
0.19062627441361613
0.01572017502096701
0.7335568285216492
0.5401267941155253
0.6839403287075513
0.6221125053946638
0.05682165267261707
0.36510010552793337
0.8764301044684164
0.053874348243126424
0.20450678799903677
0.4577164328048947
0.1012435797075174
0.012042620772842794
0.018113877176361703
0.9603177965159024
0.04267067849449213
0.4578648383033225
0.8140275295264519
0.013934512826320078
0.621604091933286
0.8032356594916978
0.8343204305199885
0.5913708246476437
0.10639240228960811
0.7717236863282381
0.8209763509740462
0.2388723123555031
0.5940134762167301
0.1632516227308226
0.8257439722684612
0.7743792302464291
0.7926289530384948
0.799437497132599
0.48209283686598703
0.48744013323896385
0.7289636151089027
0.12680049328527443
0.4862499235794675
0.5391806527963992
0.6025856847139428
0.31148007243979214
0.9610534503492818
0.07029251521546076
0.5140475680632202
0.17181216476763828
0.7093684359913628
0.9908280481015767
0.2049790711657128
0.9640522865297972
0.10306596372343868
0.5476562072926915
0.2656076431734625
0.8617293281391359
0.4990764584897731
0.543755758758265
0.4888138776962624
0.9505609256218635
0.6257845310199955
0.5180923055936405
0.17971211788978203
0.6985548450247611
0.3410411552393713
0.28564549812945406
0.26587984343234894
0.15486745606542973
0.5273267760903648
0.9842236726890088
0.9957419458495868
0.5811848727718099
0.6601060940054038
0.1780230070724469
0.8612485280386069
0.82583807756827
0.7621743776938641
0.62745887636674
0.13586835855178458
0.5135586225062742
0.03980133099161132
0.05061718947748972
0.08005214233506164
0.0427263022068457
0.4857379960531565
0.573744127933526
0.43370313859551135
0.45715652923652783
0.12965861095344666
0.5965125529238426
0.2888253367396446
0.49091927388681533
0.41836810432535665
0.4823741227231797
0.815402123034538
