2082855
0.47237764820354944
0.41611314358935847
0.8251262911244982
0.5996911188971595
0.31757915095506917
0.12959284512750946
0.039893344863144775
0.5465039445364792
0.5433277659544667
0.28277282489175526
0.6800416316781072
0.39567231400001834
0.08671080388414232
0.29336418499205363
0.19111888053506187
0.907784576348581
0.7305493756147938
0.03583668483538627
0.7787279736860344
0.6854098360197465
0.10318684525656996
0.2150936582543309
0.6893160410103393
0.41340950249469377
0.5462248036704714
0.8204431991167538
0.4811797591280699
0.025568862979609808
0.6252616537519704
0.1812588614890438
0.7975582345774196
0.9346642952720443
0.6963837941972711
0.6037302388717124
0.7445050868424562
0.9992142366414263
0.7351052827045499
0.4323620123494655
0.22330190435395192
0.34254516070209384
0.584646591979517
0.6503876313609982
0.47049499227421576
0.48843639580375264
0.886888669064655
0.8100218307838511
0.6182082914755265
0.5324905543790617
0.22203406142368232
0.1664836361642641
0.303205258654209
0.22950908162812222
0.4019513835093549
0.3789799000206624
0.22524289280824472
0.9445352570070459
0.4373758901593956
0.037346570642686316
0.08358148160722834
0.3888599528271709
0.43058306186419604
0.574803011166215
0.5050840075983345
0.9421678705082913
0.5328482130677388
0.8352829413647824
0.4181589622789176
0.14813543108771388
0.1499500789560797
0.6780622986290713
0.8238716966914975
0.6631733996650172
0.7791718173880781
0.5229132482002794
0.06886841175014291
0.5366412051352528
0.2176981356728247
0.6657708713804645
0.534328273063717
0.20574176841864578
0.3950023316985387
0.5279065570063528
0.12097903437802215
0.9994391848217544
0.750762789735944
0.7408608888261087
0.032281610043312536
0.2631238240301358
0.905043462563815
0.11489543229416865
0.13620996538166052
0.43938272852395166
0.34891831038955634
0.09048158513300453
0.6206225126258358
0.5701158197862932
0.021414733799490437
0.23035219914017824
0.7480414291461223
0.7213709426845883
0.9325969694683445
0.6738990939290468
0.26272747551449993
0.7746540263133113
0.4428048144983019
0.2462079841690683
0.4062568394318451
0.8771034521007657
0.4145093204108382
0.09077985289052504
0.5573780807383169
0.5978000076969948
0.21594165979952396
0.27799551232339537
0.2277471260066425
0.4986171028934835
0.4745970784920325
0.8306383283766173
0.517208008303346
0.3953987712644671
0.553910975230002
0.0032972210055161044
0.16060857594272426
0.05888539326550668
0.9578497871409688
0.4542306831637728
0.9827093821158072
0.48469015586345865
0.25585395292652646
0.15627970555974613
0.9185653176336886
0.14776229514732564
0.6645165483411638
0.5076754776163717
0.7538292830714294
0.8491552279097229
0.12257561920472537
0.12409599062513299
0.3927476836198528
0.8615515822133077
0.552243890220806
0.22008258776230516
0.7711878758783065
0.0848787876461563
0.012595181368420638
0.32093648486458437
0.4978579602564829
0.8344828132777465
0.619671310600923
0.2854717509848276
0.9289494955976927
0.7017092854975903
0.4331695418612723
0.26551037437105607
0.6597544995429739
0.6503753771255485
0.9910154131462475
0.2797618855464199
0.35137758167646327
0.14249718390960697
0.8108209727738861
0.5377382601024786
0.401485455278377
0.6227716509297176
0.9711742717445361
0.513612542501955
0.21510512583064056
0.13369338493031213
0.8359007670087171
0.04043753387580562
0.7348036478525475
0.18182089437721438
0.0908829174073218
0.3718984499523874
0.4491516482135792
0.23058863226354698
0.5257194940374988
0.24178164844915007
0.31419354416683243
0.35619453677457713
0.41145133744869866
0.44059884347238365
0.8947179882486019
0.6704753068867965
0.9007756243994656
0.3243146495625222
0.5604416260255671
0.08831476982752695
0.6086163208193738
0.9718824756078935
0.7567902449346438
0.8970129496453699
0.4186133222384486
0.41630205841090995
0.21078160287888148
0.3711772002234909
0.6050383381869069
0.48816966300094866
0.42958393693785946
0.3690784009248872
0.5598411476753758
0.331199420266151
0.0026455261912466943
0.44504906492933183
0.7709745894737003
0.5759527036219455
0.02785984393762353
0.5173823452990661
0.21084243106135137
0.4910197790846905
0.4480520899529088
