891751
0.5423241135105079
0.9626596086093324
0.170155791698701
0.20614259208929386
0.9621329649903264
0.7377089044456492
0.9593814459717398
0.9056633161696716
0.9188155933287251
0.917924729572152
0.8798157702731162
0.09787346742391334
0.35502839318265955
0.895928642876446
0.7600170158651234
0.4075412153219802
0.15976828546211308
0.7785874383982787
0.15586485642531966
0.4565283486838648
0.45885893179460113
0.9703597593075917
0.9065252014750067
0.9476350171317391
0.9988713028764689
0.7591420865962794
0.35179682065715623
0.33073239987684755
0.3280003745744652
0.7900209578833074
0.8191464909968567
0.18903095650858748
0.13855233792127952
0.23128304279972978
0.977997539408054
0.8554025854105424
0.7030797950064506
0.5122301584061144
0.05434407197395574
0.7969953068716132
0.8098350930308078
0.743791765546512
0.7005214394480407
0.9909491190991138
0.9830947897124901
0.32062260223368333
0.5229710501785649
0.854842235936296
0.060040902078920544
0.7473186430490598
0.8850950883970673
0.29256736438933073
0.3882677529052895
0.4315795406512011
0.6228055772514097
0.06965748163646612
0.00661573237555757
0.04359141812052736
0.7371287870137381
0.04165136415268056
0.1769161502256863
0.05359890851436444
0.9612346253959402
0.7249094009193247
0.5453641782505504
0.2285808131530953
0.3385181104066002
0.32136006290584107
0.029620151452936616
0.19413898735204904
0.5938681048234269
0.5869783816327355
0.25137112212262724
0.6491552254674563
0.13201590363380233
0.868367645675045
0.9639689853018324
0.45846667679059916
0.9548644273237935
0.22263593927483316
0.4608928602638288
0.6427551600837546
0.6539565372832468
0.7828294065439902
0.39316708522261523
0.2350411922242741
0.9047486081612173
0.4345048390024441
0.7724987193344589
0.07961914357315258
0.5661134127867824
0.4285938185921889
0.1917812627577169
0.9119648001432157
0.5715044343524944
0.7715314231073379
0.4557441785878311
0.4770921064152678
0.28747096426701635
0.1056928217604387
0.8819104169555484
0.019031625110307093
0.9107217244719754
0.32150126828996695
0.5056573359332228
0.20554743362826478
0.7766924521440991
0.3271409779985649
0.3030587705262098
0.4399059386326155
0.16058006648003598
0.24262973291931822
0.33131926336971784
0.5554541404834257
0.2660650113678962
0.7820749365374143
0.3789938804690197
0.08896097136936743
0.6174501108729529
0.74125837704751
0.31682009742993045
0.6851203060157596
0.9977026609070341
0.3172646558523702
0.8448709726502818
0.6973097110762129
0.4078940664214705
0.45268853969627176
0.7428717454224196
0.7186440348779565
0.26278923654913544
0.5190272663668255
0.047904453180416695
0.6025587947829529
0.1828459915081906
0.43218343616355015
0.8073586135275298
0.5136030429963452
0.29464173757689116
0.7275751769250776
0.1848681088159727
0.6868168756481016
0.9097538040025508
0.21316997791099512
0.7331076324162389
0.8680145473580935
0.8163761015283509
0.565829376138305
0.5897051249071258
0.8574885208333904
0.18846393795965244
0.63967147661489
0.20115857666481918
0.18609614560637688
0.2939559497601423
0.3147293751708984
0.9345293511597956
0.7153850431933297
0.766629698363774
0.4300026510081194
0.5978163932191431
0.8723593285198504
0.1954061615598085
0.7170710336434483
0.4572987276661521
0.30468352428861123
0.18042508411843639
0.6787579565347073
0.813766334015766
0.9735668400443739
0.8069720355928122
0.04190337994353588
0.5794425026383134
0.08926527505627191
0.6963448399312144
0.7541247980055474
0.5835333472432978
0.8380849244562956
0.40700565056123417
0.4915158389839832
0.5267231766507527
0.5499646861716011
0.9798722763271627
0.2975525335181537
0.6035670215400931
0.8121619211944042
0.8483604148277156
0.28304692654564356
0.8166146781663451
0.047260332832899765
0.16679601331982008
0.28280880747730797
0.9172332172368078
0.2426642841927582
