864354
0.8500752306171552
0.9867459350030998
0.7254778169102787
0.8439389358267849
0.2629567771917294
0.3414542178369816
0.3049936863904317
0.30580158310904926
0.5491294786165483
0.9529185876139618
0.09881437830573303
0.4322638871429565
0.04820586039885366
0.8117668628509893
0.6680549721805373
0.4313712280045825
0.11304998781515896
0.9095880446091013
0.11788109180006179
0.5601793219757303
0.9103560089723737
0.21814766069404112
0.643767762754486
0.34205478034433356
0.46415130816412
0.06290252883715941
0.8859447543389957
0.6010810952039659
0.284906369783993
0.138037994691234
0.9410579975429101
0.9772964652132976
0.41619066696448914
0.28232075303498694
0.9474595555530902
0.16168603906746404
0.6263226271266822
0.6633807935844839
0.13417092348395432
0.8212957252658456
0.7742184869786028
0.20260640902677218
0.10344822119005848
0.0725303907448861
0.08665350649157377
0.9136562493966526
0.9030094364304997
0.4046446175688193
0.1984062420545255
0.32466304248455047
0.1363678946973449
0.15562904222275198
0.327264946356292
0.30752360269683665
0.9583478977282713
0.9991415585789544
0.8826322972904379
0.44724044689297704
0.30774215742174227
0.41382661291927625
0.1394732276241376
0.5501001009700243
0.14020270908498877
0.7753125983949712
0.34860762128747236
0.011544012109766633
0.7418404575076962
0.5363716025718305
0.7998583242765112
0.5429082693219432
0.427640798465558
0.9421713942487978
0.9063220249684177
0.1907779450978473
0.0586860424872957
0.8652451389418495
0.3360386084157998
0.6735232176204968
0.8483074863979794
0.6387492655419398
0.5815926729497709
0.8066540291886258
0.8696738668092676
0.21677519786636124
0.12868821051401513
0.19195049000525954
0.5259545948523262
0.5969265376443653
0.5614956933079118
0.40489683200183413
0.9990796363552024
0.20306769845124784
0.5255783841112445
0.630766471439073
0.35425067785940045
0.8450962810904368
0.45846251996817
0.0717768272156788
0.5447409769025873
0.9477858799266407
0.3934240044158501
0.47605205839888864
0.03515379644716721
0.972192018467708
0.9438218904151063
0.8237026010830819
0.141192626190355
0.34080895317762394
0.7833165425998959
0.5461510495863551
0.47012890332608814
0.7216102150604734
0.5515689913917476
0.6519032140069643
0.03853598834601213
0.22630148562471308
0.1355245483841906
0.7852846566592909
0.7424904610671303
0.9345592969072436
0.703142876451774
0.5542324915673886
0.8603253303096642
0.1687246540283157
0.6994433477848764
0.42905298736751174
0.1791519941251245
0.11236593037764708
0.25399341706439704
0.13612572671764578
0.15375089195877856
0.691320518417834
0.09447457883401578
0.7488551022598304
0.23006344432040615
0.11727026967502707
0.11271903779579984
0.612740843213583
0.0954008542928737
0.13160093600735834
0.18761748821294788
0.8322588475229854
0.1536179034715438
0.781241152239396
0.7335566239267473
0.2943146435542908
0.9658831153848099
0.5083719181213207
0.7135526041602825
0.10635149142461131
0.7463087939577664
0.4423425237739218
0.5330045018529475
0.8867657668153509
0.2565882000596822
0.0448248925298651
0.31299956703227294
0.5611027021971331
0.6049187803312468
0.678182452849217
0.5313602159039034
0.1895753894346962
0.5218744690748269
0.2422263075166573
0.9151299787465971
0.8797709022852783
0.6595216243188881
0.7559758305440923
0.7699539795750902
0.022977063364286177
0.33995700591600564
0.6487363471748905
0.639816776815803
0.9333843356284134
0.965578348290155
0.5687522417369156
0.3048590852249433
0.4664869109121639
0.9957813097303772
0.7178885146291794
0.6455012400706105
0.34632817347304135
0.9934089269811768
0.07723985763707553
0.8278609176412958
0.7408053248189388
0.749163209764223
0.40126093463548407
0.5984588710090031
0.09006871971518438
0.9033205223743785
0.5269571863479826
0.21546511792126777
0.31512154935545156
0.8014759435615224
0.3698710353992083
0.6892455822462674
0.31204609342205325
0.5446739360092799
0.9600432106761393
