1526471
0.5567269230488604
0.07185237294205549
0.3241661048639849
0.00882437910722711
0.372105245737399
0.8567666954018871
0.16716918186501262
0.7913578766375807
0.46068226486715713
0.6108460473059468
0.16237926190760632
0.5797492339587627
0.2531198310813577
0.18612656079988266
0.08263151881406705
0.4683836481407365
0.6941623632567436
0.02508292444730076
0.07697672108835718
0.19554808187395956
0.8028836013605218
0.655996986545484
0.7655793449767201
0.48445963681159465
0.4507727920980198
0.7299037997707754
0.6382247209798082
0.5019972746854638
0.8194824065603099
0.3561034089690802
0.13085495769952704
0.26487955143144193
0.8018182536401147
0.17779743030139716
0.1344372113003356
0.2107259212331517
0.8175594461647736
0.9702293450964775
0.9765995740367489
0.6953846108746145
0.12995471785691393
0.5407783430012624
0.10885346455980927
0.8781057024550499
0.7692486676329975
0.3637759929595833
0.8308539060307435
0.31258274697291655
0.5963494099042675
0.6923862754461969
0.38803180164327566
0.5745822871126597
0.8727571350992085
0.855709133068312
0.690065424899867
0.4258252784470452
0.9421307418431458
0.07133828192242198
0.715040731215602
0.3389801122989533
0.2743775126496887
0.3819244702745368
0.38778360097933684
0.6900724195845829
0.17490879840267914
0.2588651824784953
0.3507287171493707
0.562311432335253
0.9197120486734572
0.007062827205098099
0.5818243950846329
0.8992788718601196
0.9411480333635948
0.3517631272222548
0.2563535981885059
0.6956210500279731
0.9598891683869138
0.4918060379220477
0.598185355198113
0.01983042259281198
0.6351731812167591
0.4631918416393248
0.7208535222504338
0.9263979840687225
0.38855402377650494
0.8726852435597846
0.619992109860681
0.7335634172351316
0.5455896755988878
0.9332506903013621
0.5460397713787476
0.7180851810749457
0.8354142496206373
0.26143255035597024
0.9597583199743399
0.009897694111980604
0.5899000187443879
0.0813638043656345
0.15299364522298287
0.35721875702259687
0.6921220885703854
0.320907505956718
0.40323948551669864
0.47661478114870337
0.43809707308042933
0.5825055815974642
0.22294784611269836
0.9027277499081544
0.9962742010054418
0.12462939166584963
0.863162423004102
0.6088120998693645
0.0760156372478229
0.799297647854936
0.7359342132275033
0.18192584603972972
0.7493103897000837
0.3569467194634871
0.831111473306127
0.005565013456725221
0.1092237470613795
0.6520089240435286
0.5204787183168045
0.7277262480590925
0.5940926518731499
0.06087544555383284
0.36585260744760484
0.2738273076930948
0.358234534701105
0.8584894031923326
0.677625056380852
0.8016108863240451
0.027945363973711168
0.39063649205528506
0.6063768848816812
0.2891020086287146
0.5458203474182277
0.6260695424298305
0.4925681833511122
0.8968853429186439
0.5769384513606808
0.07592460268280088
0.04794429030904235
0.8524131481485953
0.12721004100379896
0.12745612038006515
0.6971789330158707
0.36675063776663663
0.6071942364693389
0.5549390569804282
0.06940944077972544
0.013110388735042444
0.5639508885335413
0.34265601027175563
0.196700938569225
0.0717231045545832
0.6989996164573443
0.9832082018986953
0.45011013699857394
0.5770370515415671
0.5922162506046853
0.09895887574337625
0.623901221997366
0.19093379651267006
0.7595046588039752
0.5752383625276809
0.8646002133178539
0.5695935708341265
0.28634029111627646
0.39101036629663144
0.3339556841308897
0.5918384038905271
0.29978872196279227
0.9860189641205828
0.593507980713059
0.6732267922555192
0.9683610859743687
0.3130068268319216
0.7033506127078798
0.4028690561208328
0.5520757185326853
0.6894146581866091
0.938801173333035
0.908877190122945
0.26435311820094265
0.18504280764558867
0.8460815828375308
0.683559504598076
0.3528793821783396
0.5604760389188471
0.08174013250470757
0.08091447336861946
0.8583307526971262
0.7056427096975023
0.11043109817705388
0.33667432145778187
0.9678600887098552
0.11870006311090153
0.3718000419259959
0.7550936478828704
0.7445036170843288
0.21250769506658385
0.9696058927262182
0.6568741541759539
0.2841741894101051
0.13927132024370226
0.28484376166268166
0.7890618186050924
0.028665325411674103
0.383509368766182
