1051400
0.16951542781678197
0.16044745530720161
0.04609748897595234
0.589315645875881
0.5388263950577813
0.6849480449911467
0.5794968809352771
0.9599609371538038
0.24697285437845762
0.5906407048295654
0.05970371440319977
0.09619709835925105
0.10531272638725786
0.2835665853566468
0.08056565086536593
0.32419778869136906
0.7815994758697643
0.24311786478947328
0.5423794358180434
0.4048896206494328
0.10508905825139203
0.5697653147334933
0.28380153985943624
0.013498314049201321
0.9947140043071525
0.006080480217810158
0.04295679967496091
0.5314548021139303
0.8261504598757797
0.6084504340500626
0.5152314712242778
0.5023761439001235
0.5584881439696557
0.7595797248040839
0.6082450510360683
0.569656726831578
0.3523446647386306
0.8808185325660947
0.7337533332184831
0.8352754782136373
0.7286493705293586
0.02855155943050569
0.12174224260478028
0.35774522642811246
0.5409542321953649
0.5403277546720346
0.693730804892081
0.9417002607134619
0.16401237312971262
0.034106234997743234
0.9903084276037716
0.4624390380318494
0.33749753351434786
0.357938544388007
0.012190211404325302
0.7158088499566696
0.04612034753695249
0.5376036131179721
0.6045815032020769
0.18713973090880576
0.6660306463813367
0.3761560837506257
0.19140063699176713
0.1925052014680143
0.36227742162213106
0.12204512632504716
0.24891696432842447
0.5614078800095049
0.38323074063822105
0.5414048760710785
0.897618631792155
0.402057906913886
0.4652534534530902
0.8053141419500648
0.3866328314331864
0.5187328789780266
0.03454240601428227
0.8342674635928163
0.046778718344549275
0.7352782612116794
0.27294240129749625
0.12979552896039626
0.4963410939924304
0.7196270885445774
0.4006685104439315
0.6671178273898362
0.49791095201480984
0.9012887408119137
0.7212555877726474
0.12290593114014048
0.8851465980403278
0.7270763312503327
0.07268616801122274
0.568681272769373
0.4050667486174224
0.8099129969936656
0.33353109469608355
0.7730660003954943
0.15449521871230065
0.49137736137060084
0.5440697999958732
0.42505180250540275
0.5285343005380494
0.9607187846635555
0.019740424608189255
0.915645683781055
0.24445182140207145
0.3513938366973218
0.5579018755116667
0.7966981627685873
0.05612477227602786
0.17074478893781886
0.46877395609346584
0.673413885085779
0.23218997917486828
0.009262099049784478
0.6975531587497795
0.0809900185644753
0.7353105445571366
0.722942926459892
0.7470860532001808
0.8460239149495772
0.3104740766998172
0.18557767177638618
0.4591132355824211
0.539775346688044
0.36699679479340286
0.26736728489872497
0.9669814678437784
0.8930657150731427
0.6219155969804215
0.9120942803052187
0.29385287086784606
0.4615403316430442
0.9617075414792394
0.057140674083219434
0.13782394764782424
0.4052162481402519
0.8747844223118383
0.6689661028406271
0.3589993789940612
0.9776830536999042
0.10896764146635785
0.3512304812092263
0.5634486210526439
0.2080192699831318
0.9161566253688819
0.823564781592045
0.9651061790226766
0.30243229179356323
0.36066165163991204
0.06606475142043877
0.3990590795960066
0.4928257638514242
0.6881798724261116
0.07790237101882991
0.9582978883335754
0.4159423355542169
0.6791511407958665
0.008019806220003534
0.23089070684427315
0.6194263650740519
0.2432378922621904
0.8816916417186914
0.5256720590766276
0.4600956283612434
0.2509314899019116
0.26881086490657047
0.7919213452417141
0.484906690896066
0.7437949017818722
0.01807464077195642
0.16213902308983097
0.3665439345476188
0.21660949087043935
0.6158164972038637
0.17691044057448202
0.6032573433640345
0.6227017026781276
0.8190510389279724
0.7869809272383625
0.4865197557875419
0.11798299809273938
0.9593686777513001
0.1700482694070078
0.2902693733821825
0.32974424331021523
0.7176374560185349
0.24841120876708622
0.24194871214631886
0.11300387580770344
0.2290392631741558
0.5484961135158206
0.598246608734394
0.34021627816382494
0.09378900441199811
0.7044158831936441
0.06739476928742005
0.25940557751058346
0.24095422281655354
0.47509887491985336
0.895066386702926
0.3512970308278067
0.6211142195412125
0.6181577527736454
0.16236897516169635
0.4177763695070942
0.3881672112655712
0.34355125630255423
0.23211932666914425
0.8420154406995481
