999804
0.5714147886823033
0.3562249155156594
0.8235334163103117
0.5748597508852422
0.2361232251538783
0.6892988737649961
0.8956600335044174
0.4225820260133848
0.7840811501598838
0.6280047498327549
0.37633130297554107
0.6378630745595923
0.35524398452326456
0.02945538945240067
0.7860995534009961
0.6488695932268175
0.25737532200165414
0.2544646132472592
0.9755746025783455
5.558099016435003E-4
0.9726660420067882
0.7450170682461732
0.5197710333667583
0.22782429474549903
0.568632248284819
0.004620482389543157
0.7945205405388074
0.43193850376508913
0.2751631334520378
0.36865601742721765
0.39769962210048193
0.7895878999433158
0.5804108061304332
0.4879749738731821
0.371967933512921
0.08826387296905525
0.4452836465833657
0.8913730590172112
0.6359083391430115
0.6521129528218783
0.13962572433520892
0.34120574231930034
0.13690499439678638
0.6991911968067974
0.7627348181831343
0.9512920077936712
0.5017905104367242
0.25405170361748963
0.7266918173672148
0.19738553865025776
0.38023955181996083
0.2288551371691484
0.35304481206131433
0.017876073717492225
0.25108050463924003
0.18170028653423076
0.26171153984583695
0.1760155731259957
0.19314300310404942
0.5626305795332894
0.4155336847964505
0.9348480351089188
0.009953837710362068
0.9657792767803881
0.5247374365957914
0.8821527137345623
0.14153936809138445
0.020374361635816518
0.012624816200425437
0.43509520678443403
0.996787925632774
0.0738320320316399
0.8971402922298776
0.15291239537813228
0.6962706063576806
0.7469252372115162
0.752527953051069
0.4908404844120805
0.7281147837534777
0.7740217503325495
0.3811147416147783
0.03962832925958648
0.6884693640478405
0.2806436792242992
0.9473250332631119
0.6123608394749843
0.10329667693502032
0.7961089699347479
0.1043531973286621
0.7639500459953584
0.30967058852028084
0.8507721323642295
0.0784899613932718
0.4585344045395633
0.5124564585877442
0.9653902568188379
0.7669195052876024
0.6361596673334171
0.42619315468720986
0.2043975651062555
0.6518740614435166
0.37249727734903315
0.3621933121994674
0.23537976814550166
0.7373535646291821
0.1739893497840278
0.2273226953670675
0.013797281281868856
0.7741876849542952
0.7056917720345605
0.6636154918727989
0.7950144895369051
0.7550381963704258
0.910220310754419
0.47682699560339703
0.16494913365414177
0.03301000582558844
0.043586642467644876
0.5772211554661036
0.17616499089607507
0.44585932556507657
0.6273448730444189
0.8873351507169389
0.47798773274671913
0.5123576810232431
0.6963511774094358
0.05915873038613062
0.5372322676973457
0.10819111165464723
0.0075727288668313575
0.38711175118766883
0.6603875624492165
0.025843924320705036
0.06776410226249785
0.003397689561481565
0.5486125199061264
0.47623680116561695
0.9364628219967117
0.2987573462876343
0.5436545732978595
0.8994592161259981
0.7656384643744129
0.5243414235140931
0.5558106068244459
0.4177569150954662
0.9484617586406708
0.6993663974072477
0.904306993590462
0.886004712256324
0.5670441892073719
0.2744132127177794
0.9459839927676199
0.7732159102183659
0.5526303765983637
0.48167396554530995
0.4199273986211559
0.043209790776969514
0.6016088510237947
0.941146457169788
0.8936978399121089
0.7933783827608317
0.42683948016484097
0.885722545071098
0.561066413115521
0.6575650009325701
0.36617862107361476
0.3183107857626022
0.9116728173507568
0.8823864528670612
0.7187160499709532
0.5205800274584704
0.4697799455904953
0.5459015627147756
0.43412018280242226
0.5956048671058177
0.882307065006438
0.6033491971385844
0.9416213002889342
0.14564033376019347
0.12558096301906663
0.316748569335656
0.9725450480748843
0.7614474624289417
0.49575299482121216
0.1534756559092405
0.2039414981195844
0.7310376026648949
0.34958692221316223
0.423499465833987
0.4307375035168898
0.2633977880840981
0.2703308670609156
0.7657823644964966
0.7599733561724336
0.5667055995647178
0.447644469801766
0.09141875491807872
0.013067345299353494
0.3207366612242648
0.5810596825912554
0.744407091552313
0.12068450427337107
0.4396133601359511
0.5432121770403912
0.45052025740312684
0.7996688326328066
0.5337393546149948
0.3720873066135957
0.09055954749005579
0.21263108227912353
0.1487082048694892
0.9007831522969373
