1379439
0.4563482732275208
0.6281669363393185
0.6841718055185991
0.47880059568449906
0.9261407237589216
0.32331313039641896
0.8770976968469378
0.7906280962843839
0.4306928735485406
0.09973221591333081
0.871541082257004
0.735397018824118
0.17206181220688843
0.8212491121800626
0.19100159724283605
0.6956407248417346
0.3042702899222669
0.3227455429989806
0.37963141811613166
0.29369890961595113
0.1882942088414642
0.8890512519361438
0.6850049363633938
0.9110662062900516
0.8934002047628424
0.2573539823437494
0.9178574240031738
0.8289917134431863
0.3326815884821519
0.7577822692959576
0.543143813495758
0.8378945009120917
0.7927106036121027
0.7741990109031148
0.13196514131909742
0.5586673444124045
0.6455455620644825
0.18087531934673273
0.5353547975090499
0.5206991080213513
0.7159018816560074
0.7905983340019754
0.5286126284141357
0.24945391925231952
0.11711594034243777
0.13589807126203512
0.21881947442595862
0.23070308581729038
0.36660123009733947
0.09746259098623511
0.20836121147518216
0.6390134074214209
0.24481695928692104
0.9924422942336852
0.3637351703683275
0.14485351259421697
0.17133854033568496
0.7402281124127699
0.051608623826265076
0.9476878463140048
0.8374409007090313
0.6344202040230246
0.8730432396333259
0.4216850251548018
0.4566752017414506
0.06708720747567831
0.2519952166450822
0.4061760407780717
0.2732398152052873
0.27504881227349676
0.7156461176669956
0.2247547429345368
0.902517053326674
0.8077968382432343
0.3418145768354818
0.9749215970002513
0.6689673099447785
0.9528034350448331
0.6426443722295732
0.49442878900501397
0.3536425000209319
0.7963473009644741
0.1039598915210651
0.6809934425614328
0.6669010860436483
0.9466218038764843
0.7061250642780853
0.5188023364827259
0.32147735932890953
0.2007720019878353
0.014937163931794228
0.24824067364547941
0.7968777335614694
0.5986397495760717
0.8500325997065552
0.6045341440199069
0.7581474416273524
0.37337956857116816
0.1134764487854294
0.9465020988937416
0.6203709829549792
0.2827401032061765
0.09265337601873624
0.3983768756047641
0.9348402734157724
0.6846895832912161
0.43927265151993444
0.8356526412627167
0.11364464535225116
0.5071956131018878
0.07024533801848454
0.6601845334260662
0.5065071232408237
0.9543532344859459
0.43638688811531867
0.8302670940374368
0.9970116267472863
0.389687500040684
0.961344022264171
0.5381781574684096
0.09493661294884692
0.34233992556866755
0.9658397486953814
0.2606830570818064
0.9672299430042965
0.9929806654639073
0.06127591379959896
0.6472509939332576
0.9722312006463703
0.813671456022289
0.8219277522204674
0.8562437655453097
0.040067321937338196
0.2595369290022459
0.5264106427537643
0.501094591625878
0.6767176764620321
0.5399846604504528
0.8967940448890579
0.3265026743602111
0.46006558012489085
0.5333475113701591
0.05768326900501941
0.09892696134804957
0.6433230096437804
0.8512039918340316
0.3877849946377536
0.9661704287922831
0.884535772129171
0.9072659526171455
0.5429177280165607
0.7176038178524066
0.1804468296458437
0.6006051067330803
0.6921234586859941
0.9595859279169916
0.7988156648582251
0.8841228531641429
0.9274828425009929
0.20989471740112609
0.3753617083759736
0.056551035440271735
0.8834302796575205
0.3104925061649455
0.3698206763016235
0.08990350095309074
0.8328121294830826
0.3597046410982516
0.7601724443010702
0.68418170425327
0.9146251672045365
0.5729005747300907
0.19491952590399508
0.02726985409432947
0.6923186062527797
0.09502282958777486
0.8203658657589766
0.43033850463077716
0.9417382449950934
0.8088178448420031
0.653165653850837
0.10770786038348068
0.42423586203052077
0.609380007882637
0.677982018898426
0.37500490736770564
0.41316350194604023
0.4486286609602761
0.8159162451267074
0.4505817097323539
0.910916561583989
0.6925948745941974
0.5314382799466723
0.8625444067722791
0.8188853158033558
0.9799032902208747
0.12386925251856107
0.18737585932449197
0.8041199828944742
