1030632
0.8215916425278427
0.684037592502912
0.4760171729601256
0.24420944441439585
0.6404187781488386
0.28755042578769197
0.2594065094962865
0.4258192261207838
0.8120694825625415
0.24319191507161209
0.4678564662801663
0.12252960063980922
0.5411724479352044
0.11828125527310152
0.9472833925060186
0.7840599716303297
0.08180542681202085
0.8223924148099812
0.510186214339105
0.8316610435025568
0.8951693776210479
0.24665902503647086
0.6204033957295629
0.9734015957086969
0.8263716053371098
0.827957261735696
0.8780610515084836
0.02827207055379166
0.2777648952336128
0.9355803979016212
0.4447571422154316
0.47947212683654605
0.6580484692644747
0.16258879033712204
0.42890967748872166
0.8649452389338042
0.0943436422842655
0.44483966044341094
0.037329834071058166
0.15716820132244502
0.5087150161423241
0.42777077107343187
0.9914634383111373
0.4843989393374689
0.6811163276296263
0.6543330577295362
0.30537751886590203
0.9020313149159661
0.8474971861005657
0.9570373277388577
0.027450755384366587
0.43540099390020526
0.7148152676202033
0.9029000701987006
0.9588602260843034
0.28433153664022415
0.5139560481430264
0.26214471256506366
0.6793390898993421
0.9049054312051128
0.857070244319811
0.2498334722605543
0.4343129326479953
0.6653900336222569
0.7175965949619255
0.7241771844632288
0.5674053587718908
0.9109435357325844
0.8092457404671946
0.6160887940328706
0.21843585669526455
0.5656716253144873
0.004478653843504432
0.6116181501257619
0.9494163925795649
0.8508006751303469
0.20352077748934194
0.5122249885484542
0.8096852696046675
0.3041785892257989
0.24171109713345484
0.7574179251479498
0.10620034422118496
0.0490099057676866
0.005992825019833559
0.3101071270129281
0.8061459007672005
0.17867694400604273
0.9206106139618848
0.4770892823400382
0.06639057170048268
0.19969385250122695
0.35758671765907
0.26540267857673316
0.8579665646790818
0.7062865884647028
0.32930626394937046
0.559862196544114
0.033623075125677304
0.8477858258631126
0.028550159188437396
0.7479023834670017
0.47263977938524493
0.6939664553123113
0.3955710969455737
0.414928841367577
0.12946885486418058
0.30366170985187
0.9123168021293128
0.38669719398625246
0.9114070579997615
0.1584257676326949
0.2506620073679098
0.7048100906853778
0.31538223369136087
0.6357136952955104
0.23451828169329492
0.08724231457531029
0.6650708434989697
0.36499308586587176
0.8149493232585822
0.04787500500590414
0.6069468302475262
0.6353971460979825
0.4029264080814001
0.12733982289797885
0.24749440343507978
0.5049738831323871
0.95611694845018
0.6220443692881777
0.9436998317612874
0.8992819043065393
0.6741068142222203
0.7890708211884826
0.2950711241526074
0.7810282845248441
0.02071474422267161
0.7517093674244721
0.32781626080403925
0.4226392095524202
0.06256525545620384
0.23370881588604453
0.2104440815711517
0.9200999987700627
0.7898440806006977
0.809897197583492
0.09493447262959054
0.3490954717471849
0.168167865706637
0.5766449693238104
0.8387575292825463
0.38342784691962406
0.15975810211296626
0.017714169735841723
0.4304038104538761
0.770884258851616
0.8476165293915826
0.3693570779586779
0.9147212182788027
0.7931709984286189
0.0981575860085887
0.9730980821063426
0.4942360054060726
0.7242276864454625
0.9057607704749018
0.9454531220749204
0.26876912200364644
0.34517917771932605
0.676964079313191
0.9909109021626659
0.7680413453635988
0.7743783995515875
0.2325272210530681
0.3378208465673894
0.030593488494650267
0.22743928686576798
0.23235108096092993
0.5864029304866505
0.487231147248256
0.8348533706956955
0.06124806342531952
0.723914478507507
0.3183357858581811
0.31372946162670856
0.9528150522427954
0.6840800170301572
0.2717672962256701
0.1153911293382962
0.27416964960488743
0.6062099293391235
0.15171544049242358
0.6520118500008473
0.4460669249497835
0.38400452381408845
0.3187406918590946
0.34316301336072974
0.9309225804601412
0.18485974386964488
0.5773780311582462
0.5170954658079024
0.08552598730886596
0.3675619835520366
0.7700593423079946
0.6517703483145534
0.4457343366846769
0.6295789427378278
0.24474383086258977
0.04710039901875762
0.18719680963976182
0.27472409610312576
0.11852770075331165
