1312876
0.7825584058864355
0.08916598965434885
0.20779310248003402
0.9206381286861494
0.733254325556429
0.3177108439612776
0.6348396322558986
0.7655983204159564
0.49277847359315086
0.7401540173150488
0.47607991673389083
0.6809844842903464
0.28255297827064063
0.2843137692571531
0.18298435613439235
0.09407707217313965
0.31512943105120717
0.0641384923889069
0.9919354262389537
0.7678424142905894
0.6228156186653122
0.6075799856621826
0.6439014835741897
0.6690633662175385
0.063209889164214
0.5430590629234949
0.2528961984262239
0.350070238547727
0.06966662718936145
0.5276352324209985
0.31556348228578524
0.4304063311912669
0.7274121609126543
0.032999731701382484
0.8200487411136644
0.675894995346622
0.9249748402659952
0.8446689936506102
0.034386768405956
0.989958399690226
0.6557896043769086
0.7752639215898527
0.8329574236489851
0.3556701311620105
0.026281416594762796
0.14451743579108556
0.35413061934453793
0.3969076335504125
0.1644280925881303
0.03666096000799901
0.37304194414768066
0.7631025089021248
0.016747942857932574
0.21009863763301573
0.020511254030268544
0.9844697237217025
0.9718532774976931
0.8047850598090751
0.3824359812460437
0.7932298948156604
0.3551556582230141
0.6694809834660209
0.07356254202412815
0.16122116950404197
0.10200473793593556
0.21406856305467192
0.09535779334565253
0.4654302071822448
0.33548724700266397
0.18136615986197235
0.15977461297880713
0.26035492212884725
0.15030826906898997
0.6283899810862092
0.189024515527765
0.10974370932373034
0.6356224290410878
0.7087678874075091
0.8860414777354418
0.8101395280739713
0.057377485180808985
0.5560187240301869
0.11114101397166687
0.12478943750705085
0.16467852151669304
0.681667775745459
0.29744898469031233
0.8388631390514251
0.7848761646525301
0.8226774778257757
0.29099478728508366
0.5455571729358313
0.22852729858765297
0.09942953009729338
0.8109343642836753
0.07754369972769148
0.5380725015157093
0.6785033396002319
0.19118793104289877
0.9093561068404615
0.2830193896253633
0.8737524729431283
0.18684863308935973
0.1736863895431784
0.42961641678008444
0.7646893623847096
0.40703775179983304
0.15820153021556516
0.7944473412967731
0.9629461827261079
0.3704531029067216
0.2793699053621296
0.7290712503745912
0.11558728471982915
0.2706770096204254
0.5659206450605075
0.9767789195167006
0.09830693758620312
0.28538108006906604
0.626942236636448
0.09273127747493415
0.622053178099962
0.6668849656100394
0.9282591043433601
0.42519136674918234
0.15337754992342012
0.9110963654485853
0.9556080190036472
0.4182558708675379
0.6318167952561697
0.017680936196550423
0.5042690124655125
0.9154385110539303
0.4568718385889997
0.22637936470043896
0.9021877678250995
0.21865201389350042
0.6126562851715347
0.6427110314575388
0.4472601052060604
0.8885814051040446
0.600044721007573
0.8508724266766025
0.7193311297388605
0.6601360824799216
0.054159184488687395
0.952459771792065
0.713595116594642
0.3906140562949283
0.5392894626014959
0.4667154654212742
0.934464699602398
0.6584063102295857
0.03385119474107712
0.18131759550797644
0.6876105674041122
0.4865154700629354
0.04474325208484575
0.35230322290814275
0.8127561907222168
0.6778571903524981
0.12347381152998438
0.6175354971384076
0.010944407394822053
0.41825918755408964
0.7956822749198511
0.610195220480726
0.7373757963183504
0.128266937837612
0.5611921437154649
0.5370983082473222
0.3545515597373763
0.026311532310822172
0.6734875801631086
0.9212099573217598
0.8703362246469073
0.5034894221104353
0.8655142495135475
0.29854756996511467
0.12168871778925217
0.20415000788738813
0.052963069456551715
0.9067342772529751
0.707192610807092
0.6566817159266
0.3167029326871027
0.3057852780461243
0.3201497034224704
0.40533281519275155
0.1427866575213631
0.43127954414763214
0.3888835119844063
0.8565984844825645
0.98146176530696
0.7958900382849436
0.09203238690041626
0.4726509538233372
0.6758761787789582
0.42731536099263323
0.8839943009151595
0.5194846659673388
0.20667597479688604
0.6589765331037637
0.639318842579449
0.30889418165824634
0.5004508286869086
0.07441264424593508
0.4047241419722518
0.7610973471614367
0.7579899989919038
0.7471296955866095
0.533549554168883
0.15876184249391712
