945561
0.8926210516543372
0.8247096395522532
0.4987812916967792
0.41748628491411455
0.9728818188186281
0.07255308853491138
0.13928551166982128
0.029261037993137062
0.1725987127203995
0.28403415238182916
0.653526961893683
0.4598089619321293
0.06069554433820257
0.23972217453844447
0.4525648186506518
0.623100514214207
0.5533989183735379
0.7018892818974712
0.27724161034533346
0.9446768768520952
0.9635875450617069
0.8683134211722114
0.020606570889373232
0.0567922476393623
0.9922013505041027
0.4146938089160427
0.20280153346691676
0.3073424175506928
0.46069059286493796
0.4092789507764538
0.8920196877198573
0.0522150285006896
0.8618063959148986
0.10693957782572017
0.34659173287129386
0.7524541093331144
0.7406037439368807
0.2598023034031003
0.2909498530818794
0.35563957493435583
0.5083487698472683
0.11769195983557057
0.5321648968024968
0.3051401665545239
0.5390923233908402
0.7340139936753257
0.5739477981757003
0.7914060938989678
0.30199187978128317
0.5413407455283751
0.9914514584558548
0.53622538151988
0.8420346160428464
0.4158481529459377
0.5929042920859798
0.483875861910567
0.13763451205040567
0.6108828392438272
0.8130525381738569
0.26236256765837707
0.7356464156266664
0.0073214821327479696
0.3585833810058703
0.17343780603458292
0.5926610550072527
0.10201792292826317
0.8571462391276429
0.771859688287087
0.23601451393425132
0.03551589334599281
0.14928500318491955
0.8023515908409982
0.1987662526849593
0.7463382459112141
0.9065393046389031
0.37698420833501844
0.17997063232823673
0.03154599863073382
0.4591681849555078
0.7962083929287247
0.5348859783622499
0.891894118026874
0.07339483772007904
0.3435256438799865
0.5093369739728716
0.044792682378271276
0.4307662951387321
0.7167906079551246
0.09826529764820291
0.8994159868692881
0.7311676812057128
0.4983976606049946
0.5305744745469029
0.6056840572905351
0.666225213007177
0.2121117090295761
0.16069490071288106
0.012474520137163436
0.49127840492199515
0.06606100150032246
0.9818652650609155
0.5003050330009025
0.5617961031723229
0.4394175088576001
0.0669472701373589
0.6898599389355564
0.9940575057179418
0.5345484533569965
0.9896603276851084
0.9701167301801833
0.5601136451234483
0.3869301264508337
0.6824437906691946
0.6384618665281466
0.5334906848488624
0.6018731547295735
0.24672392526523013
0.20006703628644684
0.9647913884340369
0.7701159480422692
0.9471840854004879
0.034930916055609385
0.7852968010849698
0.5036013580563666
0.9937056587727874
0.2083735134356901
0.21186499940615855
0.4282585924494031
0.742968821907474
0.6744032444608922
0.15786950559682422
0.272371119978402
0.6362717259166659
0.501259917299118
0.7426150776194159
0.3971184759985147
0.5309471760112494
0.03456927378516872
0.5356138962201425
0.730137920786522
0.07982652573492277
0.10592757475693815
0.8723005689252477
0.08345992019749682
0.46652029355612545
0.49336805294443276
0.4342095324277909
0.26392866468618237
0.11385575771079504
0.8450428866650209
0.29933402867008374
0.21722731531407147
0.9486319304146267
0.18858828978715236
0.8373307984342043
0.6858851735680708
0.42792245080432645
0.9660221513102648
0.14943011186543353
0.5071513799043575
0.8104776185662088
0.2576572508714652
0.23435624633269447
0.7283785887211882
0.09134692938262656
0.4883951015708867
0.6992583876262095
0.1755667388759835
0.6086634267000052
0.4458991473582026
0.6285977949321805
0.9749756516154904
0.5786023228035165
0.8825281650929624
0.17413181734246397
0.7982225083312227
0.7178457600462245
0.3215437797751286
0.5355812448304502
0.27803849425756777
0.6724564989757079
0.9429889820604679
0.2642621354668727
0.12486638706802633
0.18788336474405554
0.5857670227957783
0.24090933556777405
0.9637387388831091
0.8268917976822678
0.9698331675184059
0.2541134053279174
0.8063842484582369
0.5705327653838659
0.21604433257021605
0.8372386191334658
0.37526760454484975
0.8218340772898687
0.6210947708698819
0.9093848621912323
0.20427597845001522
0.17271833828445193
0.43109840326567994
0.8099011745035339
0.555023006624266
0.79172174282542
0.04976154616658146
0.5161545916505471
