822976
0.7082491287306716
0.44340856951809315
0.7157223565201097
0.19070283236279195
0.11655487743914061
0.9599467086268337
0.18851632935132467
0.7167148798992099
0.23771134686377116
0.4511292308575906
0.39375970222523415
0.5494287037215707
0.6070501633618355
0.6611979859012641
0.2955258521389842
0.03663085101894803
0.8529430257768329
0.659145194021397
0.48752220847305383
0.3425876443274989
0.9111384658500777
0.4837393343075115
0.12455813223224999
0.2475534886071714
0.6517315292942646
0.4553419367659822
0.851927120248073
0.38892660504468857
0.49679992336612544
0.6136524353057325
0.3327095832940137
0.9603182321963822
0.3772478176936639
0.1438379769138044
0.821634723138085
0.4912463436385972
0.5541562494320558
0.7130763781906352
0.9890235878698842
0.09286053635963842
0.4129472844655445
0.3553594294270612
0.8594677736022498
0.4740496642057417
0.3279263673348498
0.9144752667285879
0.2972809837786098
0.10747957550505416
0.09027553139706868
0.0834081982870738
0.9443938442233338
0.15655329460808665
0.19432781749933603
0.762964670259596
0.8962446020446919
0.16198126618644892
0.4849607664999751
0.8032547822226402
0.6873519788229817
0.030594948130891697
0.2832053407897642
0.1887285409200612
0.3506383143415469
0.5692319910988024
0.12767369346431612
0.38078694527689005
0.4132047133174672
0.662966582866294
0.6961675380865915
0.8415576412222411
0.6961423480398877
0.20965427854201435
0.3048364653994837
0.7282458049506833
0.6970969391491817
0.09170515917224997
0.6215133148730544
0.3695408726783269
0.1516861240418087
0.7911954713443391
0.8753617876109739
0.41388016422899143
0.09350276202885677
0.7358721694794328
0.8967289739252067
0.4739406316614443
0.3623192951610582
0.101300959403959
0.7791034217994058
0.6825506774812062
0.04624152734997111
0.5883532482462924
0.8193373742673536
0.8222835310374275
0.7859430970467485
0.6454228980813571
0.662799273287791
0.5943149820156184
0.21774433637369495
0.7112089798726793
0.2568805037743014
0.1516976361114173
0.08718248824531516
0.316595964249212
0.2992886340385361
0.23802493079359577
0.7258524406126585
0.30310826452630457
0.35681642909693523
0.14452769498416318
0.6516808561218463
0.990611139287701
0.7257844277900474
0.226967378458669
0.026428354224158568
0.8583754714511477
0.4071122161617047
0.9082591765859526
0.5840981601163652
0.19131900377670819
0.27698184380990387
0.9335796338343121
0.43006151142534577
0.1871825087440825
0.6483137774699508
0.14178296156149695
0.8030941176928348
0.22059357042572758
0.9387848239926591
0.1702709192869173
0.49114922678461903
0.3164173446426397
0.08787406808429665
0.3200313875149894
0.09657740131401371
0.39748798353076464
0.6984313651161436
0.2733809128548481
0.7576343607186767
0.5407598783421796
0.6175208323971991
0.4790171436113757
0.25050217612845105
0.30111362558908694
0.8167988998186515
0.7973069147057462
0.6196811856569296
0.14349662833016352
0.9844451820078496
0.43330648345285305
0.6144933415835206
0.16177323665481125
0.19867136631139537
0.2758305871631067
0.24557022190337452
0.5566055013342497
0.41709212484613545
0.5079573199040662
0.7175815607816229
0.7948799372434647
0.2867486864962293
0.7576757279079097
0.8430937249221482
0.9796417745957763
0.9563345717390113
0.11695440839249283
0.7973293737382293
0.7221930807434725
0.1551802997559284
0.07332822676200013
0.7347329879576324
0.7269565918182572
0.7928116350841842
0.7701720109941343
0.355629858338508
0.3749022822503272
0.7284039265724391
0.040149404888680906
0.9848983296020462
0.8227792768658095
0.1612130065967864
0.34089573374094373
0.10445863596230598
0.5230907062435838
0.3010705908421998
0.06281422209334009
0.5675137125323553
0.6136945941977834
0.5922902064421954
0.6759348160791958
0.9148610059491913
0.3261091909904349
0.7848374550235571
0.8361053796962238
0.31222645324750486
0.4180463569720613
0.5733761405433874
0.8803557826042707
0.6324549090157834
0.6483921356338179
0.3578095640406028
0.10709446938404543
0.11752405098419216
0.4817985192538783
0.9181943469718513
0.858869145782988
0.8727316006546235
0.5352465415842917
0.44241168700000655
0.703741799009575
0.1690386924997307
0.7603849968004373
0.3967388690215504
