723885
0.9459000176348973
0.15943457816461903
0.9931455588567303
0.18747167302013434
0.28694582967906046
0.151321215031065
0.29607958382616917
0.42600626253482743
0.706374222226117
0.019298664694056833
0.469057504287978
0.8802964729761282
0.5330735943263027
0.6913653895922912
0.21041709846020396
0.8723609805535438
0.2392507743977057
0.8964299802107344
0.6733419332445095
0.9645219826899131
0.7040032630812368
0.5221640610505827
0.5811970572456764
0.26631511387313034
0.5658323985385447
0.9996084867133659
0.6407437541079823
0.5895181946449328
0.8117102777859037
0.1045782381108753
0.723601093348819
0.9805040807501243
0.9348850347811045
0.44579390465403723
0.1740167659820504
0.8671307317981984
0.8344280197999887
0.6958004088788893
0.6449554411792077
0.17163943060538567
0.1265976711539446
0.31311678474341575
0.06470786967864395
0.2615400345026092
0.691414664416812
0.10269334649619666
0.6926696052315665
0.5372196918718967
0.08741372474080233
0.46663540544861826
0.7356331312614117
0.7880194603766464
0.9333570295697519
0.608285673066332
0.6648827370161705
0.18778103232636345
0.4777654072376689
0.27014021330021676
0.19957701525975424
0.9463736053873043
0.3554430050947609
0.8097054091127495
0.9033485026121267
0.18546859499829915
0.9647419626815804
0.5472868115944142
0.4787460040840461
0.5648380389281303
0.9901336608016025
0.35583273953472416
0.1380901807774132
0.5497099129173588
0.34172344371051966
0.4053388942319017
0.8795078984037371
0.9802217090041768
0.18666629924449707
0.8229532307525789
0.10335702001911029
0.7807715563652478
0.8070108470729335
0.7848021079276905
0.7669478734578973
0.23007324755863878
0.7343197228081637
0.21669296097633328
0.19441302086300172
0.20198051275052165
0.9834843418014854
0.8482304556002641
0.7337729064348598
0.18265249910820514
0.23647292884587956
0.8385163885072263
0.6846894622986225
0.6713911323976349
0.5113202841096772
0.5714863210318948
0.3080954338236922
0.7804884058643498
0.19248859934309137
0.505068665875364
0.27283267391505683
0.4636793266330701
0.2957988641846705
0.15073513901260138
0.5946276378073116
0.8233046842663007
0.49445244238100994
0.3586433215804954
0.9791777543053753
0.37304488871280794
0.7422330863855208
0.08845643926010305
0.4938177495911955
0.966094314344202
0.2957997742254609
0.7570566819630391
0.6611801023334617
0.3379035420175843
0.5600507864591243
0.07175216166837928
0.3934594334613791
0.8581242246841447
0.4588606451845857
0.9812104243589425
0.667335513995184
0.13814965311541882
0.968060528844121
0.00623345708712586
0.4773054979046576
0.5986514700850624
0.038354503179893085
0.748623134876596
0.39912042089501787
0.9657711023591524
0.3829329759163461
0.8187675342863926
0.04521742226777925
0.935132053711169
0.5078660036480578
0.7712126121266707
0.8004833285438794
0.9195973017725437
0.9229288479175547
0.8923655661430163
0.4893815653089373
0.8797035641700666
0.686332833058099
0.8456096784843948
0.0444187697289552
0.7249619944536912
0.3089045662321116
0.24649285062468396
0.8211236707782165
0.6697232040032911
0.5715771472107546
0.2142850837529442
0.9361551664374147
0.22906154957785074
0.9946271830411111
0.8260827536983019
0.8928527822494616
0.24814205964446057
0.5379117076715185
0.18577071729287864
0.8024874312970521
0.47279069270221796
0.6084295186552638
0.5125354434739917
0.70966562354668
0.6894971222765683
0.6048517885129385
0.25225616959391506
0.8867861714023225
0.3898361097832648
0.03823681898337217
0.7199826521387444
0.4751431008798278
0.24730224491971164
0.7339645551158276
0.1928421201242907
0.519214169026625
0.4338099912690697
0.7419964430335995
0.6900999145753083
0.2658697520650942
0.948619224805833
0.36088671153350693
