1054045
0.5151568249069003
0.8172894701762905
0.8366786225873247
0.5229283347531858
0.5980160465804788
0.6648512200568535
0.1051544186269725
0.7460865003299624
0.14424748974183754
0.19399676061923066
0.44278269749692756
0.30079073957197155
0.3664000083990885
0.6505667571029095
0.44077900708365814
0.32088131724423086
0.7017226570343092
0.6982775152702302
0.4673460793123856
0.17151341143926746
0.8990014500335107
0.2760941393455659
0.5052491089401562
0.024954755757685798
0.45694806292109313
0.3417097225278819
0.4606484021882771
0.3368474023582657
0.7993029681221273
0.9588017000876975
0.639386532374769
0.5892971076945657
0.5454480217803561
0.9171836288917343
0.38868577760667034
0.8517240750594042
0.11520661985001734
0.9626646920549283
0.6102185142463067
0.5512293263024534
0.6926421632730186
0.7573750210785624
0.9647719308502053
0.3413009848044767
0.2660483095960743
0.8915104388359512
0.10923543862364515
0.11100561879247395
0.059957684601872674
0.6238949335727403
0.23339768988753173
0.986379149078527
0.1798781307266173
0.5414553118716533
0.4970473443967527
0.6415534084929266
0.7015983862074525
0.996646828640605
0.707129939359229
0.3592233640783432
0.7542883647508188
0.0070649246122852505
0.7202206941478247
0.05838164193439577
0.37025153932752775
0.2829225677848881
0.6073313795950444
0.9418163216608274
0.004069800697270587
0.1857687156697868
0.5760764778551097
0.5066887775375507
0.6600142485199894
0.7157683781312926
0.009482464120900147
0.4085784315292186
0.5089780396741016
0.07506008161650779
0.7512311757621287
0.07270190060825832
0.7248200222998709
0.9611520358657489
0.9438865054092146
0.005583826648963175
0.024891006265520543
0.5070134771265973
0.3096613783133887
0.4762777276165101
0.06064729694666082
0.7034627756882305
0.7525393595838922
0.608304493924112
0.3716386537243599
0.21464976977117034
0.556073833358454
0.9517975181584958
0.08979087250181073
0.728874619410438
0.2529448809992033
0.28991331359984307
0.9607863155814904
0.3746807530734627
0.45036180048186003
0.7743862477963915
0.5354775068236938
0.27610514675329756
0.5096575797556512
0.4821775992447005
0.5766531004136198
0.02116445531237221
0.998928983471837
0.1384880080211297
0.8251071408099776
0.6741001556024198
0.2643334123017256
0.060974003734537985
0.27384613418983084
0.9746023637474334
0.2986626881951253
0.3458285304251031
0.010400769686671696
0.5361760783152724
0.3250701605363814
0.9384564650481404
0.5045923524121755
0.181009717465887
0.15933679888801833
0.5097961680307199
0.942736336616262
0.03015104092247145
0.46581864993610866
0.9939081094505774
0.8391488327351975
0.6054902045917266
0.48022648090123554
0.23327264064369413
0.6919538646898696
0.9939960816396517
0.6366460460545951
0.4253084953016212
0.8925730201024122
0.07484631391493135
0.8067152848651468
0.9669445866043445
0.4469110023901729
0.9165374527852265
0.5356323383578154
0.8536474652425666
0.32113402134912883
0.7137566394278669
0.7426764485542428
0.005127533279592589
0.38607048916266873
0.05274160447688481
0.8431814668093853
0.7620169080424025
0.0016463287602250798
0.8690512462660288
0.14440919807724228
0.32613311260209454
0.2564003511035666
0.19311387105968203
0.6695282821254028
0.10151145198751121
0.7570070973781975
0.6666164188918544
0.2719114795932819
0.734211215955583
0.6488686388756943
0.8567421084612847
0.01622241513400291
0.14596951775571587
0.24121831319835285
0.5954602352949039
0.32327048197412334
0.010097802954147084
0.20881333159619397
0.9275167877149644
0.30237056653381467
0.92758610283614
0.8471750441016906
0.7634697143524293
0.02795194202857021
0.02720025958020078
0.26946924115912907
0.0030583830639691056
0.25641838934409356
0.8354282113456375
0.7505011330140834
0.7193914644113735
0.22476977897354222
0.040450923371320724
0.6469327717047798
