794212
0.9758837163500585
0.7242529016460131
0.2088845322712578
0.45271341338359594
0.985566393971301
0.6003169678116138
0.6048604699550284
0.5848459589168152
0.6163422078585412
0.1944073991200128
0.008080257637760324
0.4369958288162933
0.6959504050787219
0.013639265354689512
0.8308022927117573
0.08708093443176057
0.17685346435460114
0.09114920148165617
0.8932886212779027
0.799864678523407
0.9839516377628925
0.08293279541117127
0.933058876961086
0.1267062921960156
0.2869772811431227
0.1362322842772845
0.2953703253759977
0.9720061990568587
0.014616089266006771
0.960046741797841
0.2806619337508275
0.46951619658103594
0.6588475708431871
0.33009552502269157
0.30927184686659837
0.8915677561400729
0.8056926308832759
0.4685725952780684
0.4045569444667685
0.10040398476341461
0.37250121375306355
0.35328813085836397
0.49261423044305863
0.2431839837309494
0.23210847875601082
0.03130094231724567
0.6701238589909062
0.4908610510264132
0.7606331264300296
0.4389032374748363
0.9014034720165398
0.6260188386501219
0.8583867747325563
0.06282730881228682
0.5715849637044265
0.19588257922516505
0.16230899784626163
0.016801134722994715
0.9448935852901493
0.7641052729898219
0.49353717717799594
0.7530880839389943
0.8553311479732095
0.5185612910517091
0.06516665446900427
0.6804033098285548
0.8916339693788409
0.12226332127312334
0.6129509017806425
0.41760789571309853
0.9291979057870722
0.23065030695549893
0.40563758558264196
0.2768385177563878
0.10873184976480066
0.540878148116691
0.04183137300655271
0.8402397092779357
0.2647223235422752
0.5873765928293514
0.04671949334333758
0.17122206219334013
0.3663615967834587
0.7528192184452597
0.5446917995902092
0.2841787736454071
0.7494122639786344
0.12478614147054412
0.7028317490611498
0.9858498319713485
0.789551597072307
0.8957816666243893
0.21545093157015893
0.09703178476073449
0.1960589451066992
0.9779021011567031
0.8312841806160346
0.3650879411233656
0.2892803704189527
0.3833316151555898
0.8126581110920744
0.08572251727752378
0.4661243402031767
0.7079771866107052
0.2598912438660004
0.5667394950421606
0.5549130321236794
0.7479359456056542
0.4343790011478945
0.08701500234100923
0.9142343965443864
0.8771215325401751
0.5702622339218203
0.9306696960129562
0.9400092196182436
0.3192585331846167
0.17727330563919053
0.4094357794374729
0.11080961071463258
0.8585873026740566
0.5062991346611517
0.5254704753138396
0.8235338889299815
0.8510036190075256
0.6743955296572863
0.07237629215712893
0.04986398051102492
0.6209913113393863
0.9274331721384026
0.5239458279020089
0.2785022859974664
0.45958792167251583
0.6562500859176958
0.018156561047698472
0.29900362541247005
0.474756903445526
0.07613142439403386
0.1081993870570761
0.13009019295299062
0.4879225123676606
0.9296322507268269
0.7228317771006684
0.7986563713058485
0.019056148753303637
0.17920470978182945
0.9551051095256872
0.7352407171252077
0.15758592847921427
0.41878580603193316
0.8815225690678504
0.26756370319581047
0.7775340954852195
0.6524479349544701
0.6029426606927433
0.0657988644382389
0.12266954246314676
0.1634089081851685
0.09405069990894321
0.4215660016115915
0.26109566976759147
0.4281442959892957
0.24997855658799828
0.927205440632065
0.2885765193915498
0.41803939995233597
0.7266609530182933
0.46271242918438005
0.44603703301601916
0.17496441693704623
0.7857741977679008
0.39478097808812074
0.5090558642235551
0.24735065191176742
0.37561086667401
0.5457270462103115
0.9058024233392972
0.4297918416272054
0.10600251498312852
0.7996314030482674
0.02475221420950835
0.2618893956430882
0.6084092785233073
0.17886187347210758
0.08464752566335643
0.911005940660996
0.01155390718626692
0.8462066103976412
0.7565533468646195
0.388786687005365
0.90848512248039
