3945956
0.11024580300852105
0.8845059970626096
0.6013623398064476
0.10491032121097654
0.03163549510894714
0.7169192319172649
0.05443198918893777
0.523222016489363
0.7005045290149505
0.5680058536923879
0.5874453844577273
0.4846659630043554
0.7686320046831995
0.0593730044317482
0.5597860120176196
0.6021596965989033
0.6240948289164321
0.3568271571979845
0.22943348632794913
0.026478342202850613
0.8715775704272266
0.6336878646591121
0.42155008527570137
0.6671543068886066
0.9676553964617862
0.5372265658175179
0.5257007951283782
0.22114394857569186
0.5549037671454292
0.028500611374408402
0.5906579633161533
0.26478485860959955
0.4654464509646601
0.2754221200787482
0.29062484280210654
0.6772626327029284
0.19756136094832422
0.24472236240862666
0.44784538974081034
0.832751569280468
0.9082212938210521
0.260542401865666
0.6139495587145013
0.32358901616723956
0.609954643635213
0.07570076601202103
0.9360173351302968
0.45828801129360963
0.31216882698601
0.9362597738073914
0.1632267843443863
0.4158886376585582
0.3050872588373933
0.7108319799674633
0.18608422356352183
0.7320936917783614
0.6487080045365967
0.40313882890697694
0.9426178928337288
0.7428294144974645
0.1997007164290726
0.2696535949375457
0.8745488892576141
0.7173175705836918
0.18591565410951083
0.32373149697738723
0.3713361837057344
0.6754402247038095
0.4211868103395966
0.22344966735328764
0.8011251441171021
0.3031242786660846
0.7423688405061313
0.41245006446211974
0.7950119933852492
0.9546675243926508
0.14605520332937572
0.9113993736042966
0.4246693771482407
0.46237405783546415
0.4041829921865351
0.3422490401176771
0.793261065171501
0.3615614107431907
0.645737460918348
0.6083002198702383
0.3457063421987706
0.18294771475821414
0.506027164110936
0.15014762232425605
0.8967380969453375
0.6646222613896338
0.9655087458752967
0.85089734170521
0.9738305475284332
0.09224787094045872
0.9268974862867368
0.47362355894083263
0.5769562561301541
0.488839397732559
0.9123084778086034
0.9798498202642891
0.8682642174060133
0.04440761532614246
0.0014302385348701208
0.19991001390997543
0.6221539766916386
9.527465575307481E-4
0.2772410575080473
0.10436576535068998
0.4898534106015823
0.18973816160804646
0.5975356976911672
0.3602261942756658
0.2624905802041676
0.5554689698112846
0.46853817664506625
0.9465366972920289
0.3527832287168142
0.2959463263136304
0.16113407109655986
0.3509737914037113
0.6578515514812416
0.6959632678902115
0.9807636560188987
0.2724033280014183
0.8142936619691444
0.34065327330164785
0.7787747296470806
0.8139295504837745
0.6115450629518597
0.1561979910153496
0.37604232550544225
0.8667831167696973
0.9906770277243834
0.6447459442284524
0.55891985309179
0.7574659401462196
0.6231708092482177
0.7555894503131216
0.7030940155561178
0.25889167879277764
0.5378384674371686
0.06609203202407343
0.8826741702361736
0.7508307503628581
0.6439424705151485
0.3335541749347358
0.5298539275344148
0.6557885784426061
0.28470074786651345
0.02315028201542979
0.3247413628467526
0.27351718068286346
0.14774500746772168
0.11726565665620126
0.015460862519339313
0.790679279811916
0.9577343777404165
0.36800665736179505
0.2953891362894201
0.551755418336291
0.38120811415799916
0.167353223172647
0.6973940617733798
0.6431042559278483
0.48489468061756213
0.37836836950671715
0.704203682159436
0.46415697768382824
0.9060770240267854
0.7960737611539292
0.919540667495435
0.23804650017339068
0.6172466339544013
0.3880465859829918
0.19641481322927412
0.3485432848329506
0.7971618983438203
0.10248810163857014
0.0769741323732237
0.9809888063901663
0.856559122576223
0.8254590041616044
0.7625733676901895
0.7919894138206602
0.10914710437096231
0.019172930394045107
0.10322563870968604
0.23595194944281017
0.927149573022698
0.6796839153945269
0.7723618575398882
