1166173
0.7361146146451739
0.47554161980239085
0.5149995813350433
0.8758293250244726
0.10354518487252928
0.28026038599850556
0.6635966277673171
0.7333195632114007
0.4796504724915117
0.9530517441565043
0.8485109705084922
0.46592264329755306
0.6060600578590543
0.36924837926868737
0.5936197303503766
0.3252635186821178
0.410318286279291
0.4746574654322533
0.016428021286389427
0.4076832929565517
0.7366389922726413
0.6838682931508876
0.7556184173421038
0.5111865668063464
0.5480467070433507
0.5246737893644546
0.7918166073072325
0.41338360028942545
0.07954989590449268
0.7819320999353462
0.2764719303097005
0.7754136236365424
0.23156088899938387
0.8990778655007646
0.9964465053681248
0.2098440799567357
0.9585978428753213
0.806624685097066
0.7708527169004838
0.7897975773457357
0.5303747674999129
0.6643839550423357
0.9018733326542816
0.4220669802299024
0.3207053449819106
0.22775782789553567
0.7827442077672656
0.05873599776920868
0.21421703872994569
0.6783464860749695
0.9037750722667223
0.6798313623651785
0.8116921761238465
0.7952432503921057
0.7912286536184601
0.3437897618029767
0.3619227161179719
0.28577345719962555
0.8640741539842949
0.373030776510054
0.7512863286254979
0.9430662079949811
0.8000762892149321
0.9186851357555817
0.9418211437854412
0.0527305469478091
0.7653763291423696
0.7315348833861502
0.9643970730460051
0.13204074073921757
0.7806669309481175
0.955480367736684
0.9456520365365774
0.6524178994180544
0.5722578951602115
0.1553564045202802
0.6756814991266735
0.8696281254669112
0.4877754014812997
0.5926780257051563
0.9080402702494783
0.2660003234986351
0.4439321882244064
0.9709041318695467
0.9244356659307265
0.39509923833303306
0.4177519998472834
0.4860644397339726
0.8935613423476437
0.11167246633078742
0.6928266537911895
0.03910413212079322
0.2068419548916517
0.26832276268287203
0.9286291050105435
0.8930573723558867
0.2834282336634615
0.965240003851382
0.13360198710975646
0.8911692879144126
0.3026033738454845
0.35045978036318415
0.7916854665632183
0.5913433873058976
0.9438310772827321
0.7854983271129424
0.7171443330544416
0.31779960184547174
0.4929964579173264
0.9148467038647505
0.6939991588043151
0.18258585425998852
0.6079610883880816
0.8076896703623995
0.5940618064998429
0.5875934427450602
0.6273738208112462
0.876347184215994
0.46152062521162784
0.5819851120401958
0.5537495422921521
0.718320286236349
0.0022167323087131097
0.7204517354117272
0.7451476969000591
0.37745458694690537
0.022196886413283545
0.7444718694465263
0.9093536942626754
0.7746186215047828
0.62282491832076
0.4917560258045557
0.21028568412632231
0.21942622983647164
0.37867839082247834
0.9283152246247521
0.16842018246115886
0.981915778346095
0.29965266750817876
0.09310167035909567
0.5653499014511729
0.8767306543878969
0.1101395735917422
0.04692640448233809
0.7471577256409042
0.692229877687007
0.2658437293051519
0.625367521021963
0.5621109273245387
0.08308895338144984
0.17274440188461682
0.9096395827097908
0.6652500965103408
0.23733491668621687
0.272906367285917
0.8499031833019713
0.07576765095696181
0.22739183623116332
0.018288277594888047
0.40225109398652437
0.682640698119658
0.4595960423692208
0.26639276555037905
0.8736153902969558
0.8598042762066951
0.04777322352722191
0.30054738924674473
0.9080979931465952
0.47421988063890874
0.25385200485646786
0.5028011968610278
0.6937342496191933
0.34851596003959984
0.3621219407315516
0.6888668022496173
0.5204576717641747
0.6744464525454402
0.4836262726080385
0.25223295882329777
0.7780413010593467
0.9642339304947323
0.8233126525857395
0.5585187443195181
0.8470492946695971
0.8739345161382427
0.8849481319205532
0.4813345980106837
0.10633985133919555
0.6362817076741785
0.9374371835156997
0.5773619207552206
0.45741862729481897
0.9000367610221062
