879282
0.8210646198001523
0.16105730166687338
0.3489495461448243
0.488693503658026
0.8333176859671807
0.4583335324479352
0.27398754535035164
0.9634557701622724
0.0013251414384745086
0.09376425255769572
0.10800599596781557
0.9037260746857413
0.5215828243082732
0.3973049132692067
0.4575490303226999
0.5029142560856308
0.5275194798544433
0.40421752113134246
0.3973467677456086
0.4181952877693563
0.6315879817475953
0.9658324075616272
0.5879895904948809
0.809915714773923
0.8809507881584699
0.08897546192301198
0.7867651623256007
0.1596685484198651
0.8644612315990214
0.47833426281605806
0.19101968001105873
0.7656265861883589
0.7135245625745236
0.2687322107141783
0.8864128736773119
0.7795446422248753
0.6505558940771153
0.10322518061169383
0.9116938247198694
0.2719113866193643
0.5561351345226136
0.03812997371114968
0.0971327636126772
0.09005183148511098
0.7495910846780092
0.2375396659811153
0.8855015116052097
0.20855177514099543
0.8076307320511995
0.05757614483737661
0.8025032428195576
0.8621957819995554
0.7817615149141429
0.9145753041866015
0.1078101258559726
0.998680967209676
0.617638239140139
0.28159572633733554
0.4283750225819569
0.49168836237250324
0.9280978396988951
0.264087306235522
0.8524412084503381
0.11446488236988395
0.5265293960676878
0.46825082801612705
0.045682182477451705
0.48988868976663735
0.2883586109838475
0.2945657724960483
0.4401612065473949
0.10506093991754606
0.9758090254697758
0.3641582046003533
0.442308027852679
0.006787725245719245
0.6347354076161924
0.5171263377381692
0.9078681162215703
0.9788859863413143
0.052207094340298466
0.7096362712682888
0.8397876451144858
0.8430673530467528
0.5496520445568353
0.18054628026060016
0.37925506317277435
0.02222466327325412
0.07875551697561678
0.45851272819826017
0.6806280384195156
0.6582656567071451
0.1859393047668313
0.13697655726289582
0.18773233270644574
0.38620920058021735
0.9161311887370353
0.8571240777210578
0.16202712250048945
0.33207921462801215
0.13766643217883323
0.6078615734518733
0.05238878285769333
0.024202144493107314
0.08754622268967793
0.2770382468816821
0.4417730885113037
0.6858339864381249
0.1599106576978372
0.36959752502126597
0.857774144503144
0.8116131469663401
0.09046696094791995
0.946031725656116
0.6921049184403039
0.02115585860880087
0.7257458848891951
0.1284610142350061
0.838283477610816
0.930181065394388
0.5084427551375351
0.9718521877592686
0.42731582574417803
0.1828721003092717
0.6587318445510824
0.10433867989550838
0.21792463927111405
0.8487526553399025
0.7863258866390401
0.3032981458508105
0.7808804946093746
0.1031750736243151
0.32918516520435537
0.09278954637793402
0.6062506212551375
0.482589068147398
0.7821638221880732
0.523146690031435
0.6578875006127193
0.03407942677193809
0.1525131546069265
0.5249709631716766
0.7012375307870073
0.36323153295454425
0.459045182947869
0.6174605708636205
0.9385582396735505
0.9252039281783864
0.37789210440404
0.2949597258513408
0.09988957308750424
0.9009572338093704
0.330180391661667
0.11580602598671641
0.15863338299059893
0.6539093265104584
0.40557080126286893
0.37399942178180956
0.26735244267507596
0.07185684336181575
0.5204986069681157
0.2469124401970758
0.3424084307250913
0.06482335726949662
0.1210810640533948
0.4812051667965751
0.9653162212111821
0.11156491010244507
0.558041991443895
0.0043052157113133704
0.9141992852657551
0.025784184189486137
0.9846360723803783
0.330257334947476
0.6904891069196515
0.047674240241797894
0.25843849777352546
0.2664429201316709
0.8640193646831408
0.9572337462209218
0.8639979558510945
0.22161509738772678
0.923923125521082
0.1528657170723503
0.3157345548867153
0.3658901260844726
0.5932493783746144
0.5420917544504905
0.8490959532760243
0.9997813650358012
0.24197317006370023
0.6507846169501703
0.46286900982656454
0.7520572559198111
0.11608089062666493
0.5731420705085493
0.536676201405242
0.6451502416547004
0.5896706760539044
0.25669482748534267
0.3150691930989178
0.6420384356615135
0.5425152932847799
0.14496265039870315
0.5232646784645295
0.019968097706426602
0.267292958892942
0.3849420494299879
0.25945076873998985
0.8040787684530776
0.018698992882567156
