866009
0.6474299135835329
0.09472417582944104
0.5379399453109004
0.4309096764851361
0.10525746980933615
0.004102408215909237
0.8682022626566241
0.5503764408709584
0.2678293396589645
0.3506868901565744
0.7770117701837262
0.15768764518979017
0.1799328909271325
0.6499365545105303
0.8085317130918478
0.3852418793543959
0.958603070494946
0.25214375517943277
0.30486061264075215
0.37673504729909246
0.7638987357356113
0.398587531581999
0.4918316737144641
0.8799715278323869
0.07776613391040854
0.33047169570619983
0.23662328451182735
0.21626666799607808
0.5997361898727951
0.25963837730313033
0.4368057680670717
0.02771700139694011
0.1590222083212064
0.04618019869829426
0.2943951787755771
0.5678709094023304
0.7896545953835542
0.3704573644934396
0.1786797663745694
0.07184145491627114
0.518610522077274
0.035658272208318076
0.3880303940337253
0.9186603463293497
0.4764654085812452
0.7919257893235618
0.8836014744513717
0.8816797130418678
0.6559147845759511
0.7342032690126509
0.986774161250206
0.7520867278054613
0.015584142540168044
0.8933380885574491
0.10738876643501527
0.016103396281562765
0.6548657801206166
0.1136125637609171
0.8012592940624941
0.06820174940793788
0.47009119689372947
0.6897554402299861
0.843157097086042
0.6506727723622853
0.04316839495171443
0.5226195679281613
0.5453975383316894
0.8241449251553008
0.5108831965942267
0.7450944531177969
0.2523574754914637
0.7941559929478471
0.8163848648815024
0.8684552129529877
0.797697251666139
0.3456398169342507
0.05394567525391414
0.5042317941270792
0.7237566158913048
0.47019742258369557
0.5839050661136712
0.627816110176017
0.23153841524500274
0.01027961494006524
0.2167789407901054
0.16740620249404725
0.154889941991724
0.7899160850124373
0.04383536100768526
0.4255207936334008
0.7339367141503514
0.7533838113926518
0.42600769822365037
0.47019922420955673
0.6005191530336282
0.09121553885129352
0.24383709704047152
0.16913520216568045
0.18232741286272092
0.1972066108298075
0.7582061406936719
0.9823756759792382
0.6826254377622161
0.5705864536444512
0.3349459950538277
0.9778484269171203
0.89890050135839
0.45427890119625836
0.8459696423314449
0.7888652987905849
0.40646942616817217
0.08318305672043746
0.7754039646244307
0.39388058849096064
0.05201857607078486
0.9056646152945458
0.9312642350650809
0.6661667966628313
0.2772495686429789
0.03695487832967714
0.19153409835707735
0.6147032961410126
0.5242482382502827
0.504913031144851
0.8980852041635763
0.11745535557262454
0.8618895779336507
0.5566147047220373
0.3526905543013936
0.7343547097272328
0.0165366155458474
0.4084878631715656
0.36645596224014576
0.8796752032097717
0.19048678000154862
0.3432245019156466
0.9673144284699302
0.2321297685744106
0.4080642140258657
0.9834550876444731
0.179798588677465
0.7658981778961934
0.6419522252374193
0.9051799441453118
0.25712661885272603
0.19692740679592813
0.6413051327669087
0.49320978059764076
0.8677071271395149
0.956229681057855
0.20837398145422148
0.08637539169820452
0.5164893864032848
0.02553560979436953
0.6518262729108841
0.012024291633498274
0.9161549461762689
0.10054319764964104
0.2826348102871715
0.06733012348849543
0.11396747283001418
0.5831357217190073
0.11235631254897993
0.3691980094834618
0.9271675908620401
0.846324796175848
0.3638155068615405
0.26505733380248175
0.6431202347989156
0.06430738758316346
0.010656161289252841
0.17359081176458058
0.999991946185992
0.6549086362440681
0.3249151267093765
0.8074570040396886
0.17955597475653617
0.0428149810279308
0.33072177762497235
0.21932071557388422
0.915793564818723
0.01938487294339797
0.1374193276416189
0.5080139577158164
0.8512797417144591
0.4484572963160205
0.35685092139954044
0.8234076499965564
0.9579127341042688
0.44746115734809766
0.19724810271084403
0.5165823958175279
0.1793657747537627
0.45926119908003127
0.37010470213335755
0.8961440385329659
0.4497111572531759
0.8225590851847318
0.6466143480379459
0.07203800470810917
0.8959860041517532
0.5473010665629702
0.756695681772968
0.7949737921457137
0.3420400545539858
0.0064265917982418985
0.33632392323980176
0.03257911993851614
0.19682568603185802
0.1664246597212542
0.7978332063633425
0.2626608703183081
0.4323611348956933
0.7965479062253027
0.3230492964317373
0.1094579264041281
0.6349175332849166
0.8201672206751232
