1469470
0.6605577028518884
5.285712423669375E-4
0.04755166810160938
0.6016319954551859
0.04610727507965029
0.9799232303557861
0.11292548571798311
0.4981347284493325
0.3590949209988489
0.6775509096906376
0.2724248923003546
0.4484608360150011
0.5782724899925121
0.7051557166502138
0.6809095939375869
0.7191375774978368
0.7062615064253949
0.42607731074796085
0.05599699428499716
0.18337895804960136
0.5951578713375859
0.12897741301290966
0.09660286935092022
0.6693560515395873
0.5244529369281348
0.12497185129759492
0.7775318747343163
0.9817051743499268
0.9576930761639235
0.18311596922480655
0.3552318057598993
0.17381889445205612
0.6357454390593443
0.020948240182125377
0.10439503310475473
0.5283481108634266
0.052232411790284705
0.27480571887494754
0.6459115366902769
0.48947583665955063
0.40064282024409326
0.48888194029973153
0.22374788092458864
0.4829063542827885
0.2828234604122011
0.182506168843374
0.44164693904997954
0.15814595245763585
0.8249994534539611
0.9818805564998081
0.7801134681215903
0.09253494500532167
0.3601674649965876
0.1355195339791906
0.6799708782268475
0.40762246084156895
0.5046510724148378
0.4718937211753593
0.10084507267674314
0.06585918752141562
0.28180300219359167
0.003288357018771726
0.24125107658330458
0.8392157186201934
0.9272840257726317
0.9316438770876471
0.5415290778195395
0.07121687322507253
0.1480438905753736
0.7701546896480443
0.18169650988549046
0.39001533875816286
0.9010747450519312
0.6586590477594785
0.03335286435110407
0.4725106849170554
0.2082029269867326
0.721361822599748
0.428094880679611
0.8081528474518147
0.12963041010756826
0.49218888321390564
0.16446947758679864
0.16595145331055905
0.781632332262047
0.016080018337862434
0.8913122743187125
0.12934602894840153
0.20276220182567894
0.22378533216504293
0.37739016158300154
0.6309738932489128
0.9481124767417021
0.573237316176494
0.20558621137651045
0.8930063790645805
0.5226222077305994
0.7523291017779065
0.11443585703804315
0.5586059742329619
0.15212001271163322
0.44593697514411745
0.5506434927241217
0.08619058544587077
0.9347354075070938
0.7842830996417868
0.993279046104635
0.6705730686798967
0.11550647010909676
0.11024227426317668
0.2636739690499421
0.05367776099678334
0.08345800525992675
0.1299541755362521
0.34460727147177295
0.5924182634791768
0.703118912004873
0.34411058573323083
0.19819144483400752
0.8624531771599788
0.761393125738347
0.8965446482069378
0.6939393925784841
0.8939200751248647
0.6358937732602405
0.6222573736324212
0.036813168932041784
0.8588800819131278
0.772295431920137
0.12877416732041613
0.019625973372625727
0.6600886634173737
0.19595490517421943
0.20273172815164253
0.014988965318339154
0.4068408483507281
0.07699567373221383
0.6978541632251047
0.8690649762358137
0.2060220745865906
0.31824744870832267
0.330984482856967
0.762711284779332
0.045128465024847686
0.24187646453211575
0.4895952037195087
0.6651640745313009
0.7989034076636965
0.7132384473456048
0.23721044303831462
0.2212375365807927
0.5523698150777248
0.4594307049092933
0.19242898146353338
0.7850807360441446
0.5004205020088761
0.9152157700171821
0.8527455863754057
0.8418558244383305
0.657761941604707
0.6604337343637013
0.23612633156834728
0.24327145682570583
0.4928891068774627
0.4007162924059172
0.42130077142957045
0.5237254383635515
0.3859025898182702
0.4872603845514507
0.6819919673698308
0.060881290261238896
0.5023610936788057
0.17161478040057165
0.430813180270898
0.9978232341661217
0.2739962458033398
0.1478784542392717
0.11531775860418503
0.6535049242127469
0.18199854515053815
0.4474046400769571
0.5416966060662077
0.6140272596346839
0.9497167761701406
0.420049682800001
0.8408754262552487
0.8193507118261792
0.5689954236635633
0.3612018811218407
0.43727186409138963
0.7383688411332523
0.8080082236709245
0.3252693773123936
0.9322301430159722
0.1598385884801825
0.978327719935661
0.804003346317426
0.7721588914790115
0.21748446728429605
0.7751047662292547
0.2419761351759211
0.9356560402934673
0.01466355613696324
0.9466135086975537
0.811730784970164
0.6444111361619065
0.617298378001331
0.3980511783813584
0.4775629290625678
0.27943520755762896
0.24335552601144161
0.08936414786545699
0.13959154723023404
0.2671741803032489
0.19296762022532343
0.7480049739415793
0.5687205118285457
0.6893210881051989
0.43536713376403036
0.9849077571913124
0.9182877528569293
0.7656493998395083
0.7971203966713394
0.8756016806501535
0.8296448030887126
0.16094773037939836
0.3807206534093436
0.4482663992092435
