965384
0.5366044506059682
0.2751441509413729
0.18341931247755083
0.8066641648450167
0.9176391331202269
0.28996608948964364
0.8832450653526258
0.8082680909988493
0.14490892726776905
0.7659894265800629
0.4124802641066465
0.3165375388722522
0.4356427599290651
0.010688592202309777
0.24843493373742864
0.051174898220525344
0.42409139196006695
0.2711067198732866
0.31717883616207776
0.9713309194541797
0.8412170939394779
0.04402339101505759
0.02796199205413119
0.9441084411091016
0.5144791574510075
0.4420048064302603
0.23437506222789706
0.17434695133150058
0.18152044264298517
0.6054792002107208
0.8528707569167066
0.5015539521222779
0.24925508800847818
0.6089881600183011
0.46008779699643043
0.2059807145757897
0.42380297043730564
0.17402234066894617
0.4374896575531977
0.4082242968865327
0.08691174264781876
0.7713578404302872
0.1351501443884089
0.49536907144978126
0.400952782849368
0.37256707259609934
0.08608854643188624
0.2615649863782782
0.38727230364863596
0.19338653062259004
0.5183771069734113
0.6120718253425765
0.6416246590094473
0.2608804480708541
0.28431417542616877
0.7471817186428067
0.9256097713669277
0.5318485545521915
0.8542765661191204
0.7160656955031608
0.6044824235269595
0.5916828445223681
0.20743470410579723
0.11047127682312496
0.7893955524661465
0.6708864559250449
0.2923351530580126
0.4543327706719965
0.08608645928321579
0.8307258655238777
0.22742454888601715
0.537737508065737
0.05220852771263351
0.6899950959442612
0.5649099638377928
0.5423242739707285
0.8219574640503787
0.991628226126231
0.7509207811832929
0.3100734559446313
0.869336225647955
0.6409049620288887
0.380757387771552
0.5185809966759645
0.5503475575711502
0.5862513016636111
0.9700824056608922
0.8432905588572486
0.8895990318213796
0.05914525071109622
0.7412306505544681
0.4107920602516104
0.058250460406622406
0.2413955458518362
0.3583837639659265
0.9771767991469696
0.1279288438281887
0.38606878176097814
0.6361768275729701
0.30157252235011867
0.9791814712072131
0.7825988238121393
0.9933731193696328
0.12736452914138652
0.6932332135957714
0.727119254592725
0.8265649658260865
0.03224170222396505
0.3622587327461151
0.8358182607215823
0.038427913581656314
0.16308938947431728
0.01607666283467446
0.6221227326380256
0.6708762562494135
0.5328832255454513
0.2821170870648887
0.24777630154572194
0.9655379523157952
0.12412179838946791
0.4707098629192724
0.7533839486968321
0.20228784270736033
0.5169679115675097
0.009185719497984857
0.8757529774354542
0.35114748188674316
0.14015171958854689
0.5359784321704548
0.7673694138088986
0.9136812317958497
0.5288211359229553
0.5098606907601495
0.5476048283744921
0.32708771888909705
0.16590862690598873
0.8896422131683468
0.6357579450079693
0.9575066587531292
0.5822154269164156
0.29610386233730246
0.24279245530766502
0.018630966601516974
0.39529739572483535
0.0806365222971408
0.23164021452241657
0.717534693995841
0.878369995661607
0.893999321815422
0.7951974270079751
0.5516974703853766
0.46783157002935305
0.6738065396238602
0.046648405170778506
0.9595263189181332
0.3416382186885082
0.4507985079142235
0.6685100604271814
0.46124648099691457
0.8306452938024794
0.011646130147455969
0.22479743295497023
0.0178526288110904
0.9611641996783956
0.24998543243280724
0.604969194668621
0.582882551422356
0.8693651246956796
0.9875721676625094
0.33881870984090745
0.7250955778047832
0.17679007715180206
0.15389317652232126
0.1982353804694892
0.7597084094951456
0.6711228026124679
0.4752659279454241
0.5847678108717662
0.04166096094311467
0.7974948396889144
0.24340279772249374
0.6911784786714166
0.9464558267855316
0.5329906307174298
0.30861254055099385
0.32068753269368255
0.5924346683141556
0.19064624845224576
0.1742561306508852
0.5493611268194706
0.5429253119315816
0.5791202658405196
0.9567698200580703
0.12510711904324756
0.567513890633883
0.7303470383730318
0.019513520924168137
0.6109993728422212
0.03876632457335161
0.09986649383208046
0.2888977715260208
0.8011592967387925
0.6940440951391786
0.7431564389776409
0.6176879677497021
0.8641812867524883
0.30162905412612684
0.47617697310287666
0.07308000904431411
0.002096218099786662
0.236193279824647
0.43946862579970414
0.6960865285021979
0.15212551242308314
0.09071890076090983
0.8025295591574904
0.10396827037821488
0.4039855882578933
0.23029471975988092
0.5688290315955439
0.28889076619754384
