664601
0.357260399013807
0.6277852467204588
0.5716980368931776
0.10368133364815091
0.6013681701415536
0.412189363344447
0.787469942044094
0.21950705592568354
0.8649051302116362
0.3075753051617647
0.034627806417311335
0.7904896457056041
0.1516580424551922
0.5437991741936054
0.9763465957215347
0.6667182256808151
0.3573343327759637
0.8797848358189434
0.09870271423395649
0.7598167520762505
0.4440667214785271
0.09596276277655047
0.9979549373603477
0.08416765312460428
0.2390071727688965
0.6845364178198865
0.8776841955730923
0.07208894989191117
0.31883248475417547
0.49456435763102835
0.6302125347556643
0.9927072117642958
0.24374210058750745
0.7734170615000645
0.2566040165705762
0.6919642313302958
0.6125360298407784
0.38698763163947025
0.6656835475582887
0.41514021043315696
0.024618946082041737
0.9981058718985689
0.0848919683368794
0.1734720507428109
0.05528411167364211
0.6359253363329505
0.4144292210643641
0.9728905034883004
0.7773889809845917
0.39862359793385127
0.8610194663465616
0.2355947520214159
0.1955415839049618
0.9975761926528831
0.09876527752880537
0.9141293402964142
0.19817482129559116
0.47323474269134047
0.021940891474252044
0.12282237564931309
0.27839418066961996
0.6912603562152148
0.8782070597142759
0.5928907365416748
0.3262409433148393
0.1620339272593686
0.20061306731556217
0.895211659634714
0.25302233748875647
0.3174843914169664
0.4928840897754754
0.16870703278391697
0.07261630598479296
0.6262475486240333
0.06487507519714497
0.04248078240911324
0.33516779916123396
0.831487288496719
0.7637050546527071
0.5462956984728222
0.48535026301476947
0.1552819844751726
0.6009687195579392
0.06667111637473011
0.8003742595789333
0.5292988378685067
0.4375544861937227
0.8248285327561347
0.052183130793930665
0.7835496462043998
0.9549817929517507
0.9279067876739076
0.933782969202716
0.2533411433320718
0.11580251225626115
0.7763148045754058
0.5914123794948518
0.44910411059563526
0.1954946247165621
0.4977840484726087
0.3122649798180823
0.2746051323713282
0.25440883525156877
0.12262935672740916
0.531735984738899
0.7761156389396616
0.6107116974822734
0.4149209667581575
0.8446709250544615
0.5584328972980531
0.4739020536109997
0.630716866207435
0.6318540636874136
0.8132181725121063
0.4033592253441983
0.9871991493707183
0.24597977531916027
0.37093724116491367
0.6675159818248813
0.29550381450383034
0.44061010196192585
0.3097592249050899
0.8966302320048591
0.03522863656801467
0.8711277413013909
0.4330896570856202
0.6457637641607789
0.13004903978502869
0.04845282820217345
0.3619839166141362
0.6144581195689515
0.8215671101480749
0.08429869764218112
0.07950816704037789
0.3057312067423462
0.33246449170365955
0.9310003928424343
0.5111841774898084
0.8494002439422821
0.46022481419982375
0.5894570997599055
0.12897588372597768
0.5633707563952453
0.8491370831107238
0.9354875130341768
0.6258447126329572
0.5814124204643242
0.4509863081545692
0.39790505599988946
0.4237220270025037
0.5370771262582303
0.6037832072503624
0.7108775904728254
0.14981664558433727
0.8607959874839022
0.23308039905413847
0.35864437163563123
0.24449611693496665
0.7208258699060073
0.9118668966845882
0.13242018838516434
0.5485503822334119
0.01859828445242595
0.9027294695662574
0.42732513003254313
0.058467186740549515
0.13515625415925203
0.8499131105621247
0.5214358818857554
0.03541866145116668
0.3177481796947669
0.48910952631118954
0.09956197767904829
0.3069787003868717
0.6942796354708526
0.5992471935359455
0.711109262839665
0.9101613731246557
0.9082076459932267
0.4332518944575837
0.6843991494047108
0.1901907722827978
0.27759448889808047
0.033692000394237476
0.2590715397451723
0.09148293823474773
0.1994205646592745
0.16441838234044515
0.3437059294814572
0.6556409027984202
0.2438895106165937
