676351
0.070753573247193
0.3575539235556827
0.6758341371285983
0.013340389527855767
0.9184805961900226
0.07328336886073006
0.047754312965681556
0.37651595043655917
0.5558270217965426
0.2418930387888475
0.6044088900556748
0.13131744176701365
0.19283502755884785
0.051463663669990556
0.12533529326193937
0.49781034940763547
0.6989536499924267
0.1481697371066235
0.7703878686682779
0.09812750419053007
0.48238495861416897
0.03098363361959644
0.4040707764878122
0.24104915934807059
0.333660495316782
0.12076226214163366
0.14845986723847993
0.3964226275273588
0.19112060671733988
0.6999131168476078
0.0310772888712868
0.7182161884166551
0.517413718878609
0.22059553763433393
0.7786522684000423
0.35488569067568765
0.8638285311056647
0.18742005512967463
0.6485227352785858
0.07186438681569118
0.24321703491204005
0.9348670433686059
0.6865017780363907
0.4033696795494658
0.13246180505464422
0.14015303382749067
0.953353986399262
0.14935311790939254
0.28188632728993135
0.8390315352580239
0.07159680137611235
0.5383031594900078
0.021702043391350956
0.04502287913961789
0.9101618653470461
0.7877421531743923
0.4245319024142171
0.8118248580035731
0.34652271687344327
0.1116431666208324
0.5082445428677204
0.7241644868100975
0.8242143152794038
0.447623618223164
0.64477936963356
0.3541087863001069
0.8582410399555968
0.3066566280398967
0.4783377817266743
0.1778598366581381
0.7316896062476478
0.18417324007573777
0.9502606954070808
0.8123179104221184
0.3739341280951729
0.9138115734802885
0.47810878183902694
0.20120388117436083
0.8141402660230111
0.19370198135948768
0.9429063255071547
0.5572897198551522
0.6633463373331168
0.2700596730166309
0.9012050507528665
0.45029440410792176
0.794219213130921
0.42398959787688795
0.3575701077445741
0.4192593701900099
0.7596530358413016
0.4747909387651663
0.5082848976060045
0.8837267996825131
0.5196995591498387
0.9866810040553354
0.09851767854106286
0.9298001155827204
0.7308887497286554
0.2457421773088403
0.42288708611234727
0.7551756208742029
0.19281886560290973
0.3600269305648738
0.5433101426899924
0.17149086964568838
0.04396554120610341
0.028140217059867578
0.9982110001745916
0.5828434823106665
0.9519795087633074
0.6202500938940435
0.13361379158667175
0.2860921229421499
0.8533131252822429
0.22036125142193774
0.19933899313925518
0.7715590693672216
0.7628361984718315
0.18981810139937116
0.522467473202222
0.9420112552662551
0.7961716090381852
0.6293876423395122
0.3954315821563832
0.813305293504635
0.8258019839126811
0.8409043637727872
0.7975387539631805
0.311838791255873
0.12656856081915668
0.5193431600179195
0.7064272108140064
0.2419589207410211
0.9570039936116401
0.942318096881455
0.5498999717207848
0.36073663006985857
0.2700111220279431
0.8663883386778257
0.29877756188465654
0.7680226760498965
0.6497199222276266
0.18818515431087512
0.8078557297540125
0.4964596114123593
0.1309250253199572
0.6832566782586306
0.2747498825836938
0.26913154545748164
0.773327114898876
0.2966601094640784
0.10535270002233055
0.8817915901969359
0.7348711201263082
0.5267133644837824
0.049827341429655725
0.5621140774656376
0.1167947476246447
0.4169517830331859
0.20450342717325998
0.9601774044848148
0.03757127675523264
0.5512175724786903
0.36273881205115743
0.13239012990204857
0.2337508277838365
0.2329427911583406
0.24175494936664532
0.9953317227255317
0.9827743519546507
0.7220696910781024
0.3126493488997103
0.24648636301293736
0.2961552955824007
0.0016845575816524239
0.3172338305631899
0.6756064604080894
0.1409939754275017
0.05132448085955932
0.06804245964034672
0.12345058962379607
0.9136101086152946
0.015049072916314632
0.7967986215048175
0.08389741687476082
0.5111490264471336
0.9697518085136005
0.1418256552462569
0.09094633533748486
0.12533792561098944
0.22281886669027662
0.8463311726710718
0.5838719937690164
