941176
0.31713816518363136
0.19812587372978385
0.37719024100829124
0.9018088462550525
0.02186045780882573
0.005495827084118776
0.967797868593177
0.42329881723305873
0.8813798615830648
0.7311242955377113
0.03875689654076153
0.636843651319469
0.7034077985633916
0.33511083321141455
0.5566122291617116
0.10526067084102642
0.907348817023962
0.7971183691628978
0.6535380899507804
0.8696492371425903
0.5320898666814574
0.8123149913234187
0.7498299547601024
0.8280321052757369
0.7531403482528599
0.9071356889733179
0.4962485389764457
0.019244756151033604
0.8848614901524764
0.318033895893981
0.08470779380466176
0.5444025729414825
0.5280938001865917
0.3562762921142758
0.8634952634500087
0.06628419925140883
0.8643119752055415
0.2679660571438153
0.7371573765786023
0.4412269974131331
0.09450629631284169
0.7908637791777565
0.5313781811210122
0.05863831892903548
0.6743108289148404
0.7082068936082795
0.35962538649017184
0.8899842608356127
0.3064680497388198
0.704612439844031
0.04103248572173368
0.08212524969285429
0.6175405622428832
0.7402794983630221
0.7879312051917627
0.16912554152574244
0.06785055107016691
0.9770919068968997
0.7066443628069468
0.6221717152776873
0.9219479958743876
0.013853242235524754
0.13659333563490983
0.5089932307596796
0.04147886362052433
0.8177701653846704
0.49047105128233803
0.4921851660195291
0.853145271401577
0.2754317727941836
0.05217577675093721
0.26009208532646044
0.09151909626471788
0.7289167159997375
0.13939642617398207
0.7544189816841832
0.8197918188504222
0.21129140538773383
0.1441858848001668
0.23549351619423153
0.7911126644156012
0.35064660769015055
0.22755360974211225
0.3091114035398914
0.42898852036148627
0.07295132346562905
0.8630544405940298
0.5281545730121303
0.5772882678764774
0.30138699701500515
0.9995456896340414
0.07767972745724139
0.6987154178724496
0.8234566515074053
0.3447298227114455
0.35393257694846214
0.3851828756741764
0.3770472547308511
0.15879580531031168
0.9557508465100948
0.8843438544386879
0.7927559593526718
0.991416834550454
0.7210769988410393
0.8436032948252228
0.7221739120425014
0.9955579273080847
0.9618095631021122
0.6262550005360079
0.08045401539060026
0.807992152391693
0.976979423401618
0.3639590245442995
0.8363717724792391
0.4991194341136622
0.25724572183971384
0.3755951855953361
0.19422148896158387
0.7636270838757357
0.5329632486043653
0.7045981144084769
0.5292723700710998
0.34872699747266134
0.9635816502312783
0.3051999786628843
0.6621425162874882
0.6981491197831431
0.31789402805551603
0.8425771526695063
0.18733101782983852
0.9277666946452191
0.9526608168723862
0.16271772900823112
0.6072815546116812
0.5426735869174348
0.761392023517766
0.23489636562016625
0.9657337240668056
0.7557298509841714
0.035579484769555414
0.7729642796058451
0.5227507145367464
0.8740364453955777
0.35742791263946316
0.8012315428028306
0.7686953025087299
0.9824957623115785
0.22614188948266278
0.14653978037932425
0.7355587493719082
0.07255973931187343
0.10908315200691843
0.2101936274052133
0.1314296631709876
0.8394625993058668
0.004621025212304342
0.4017389639565907
0.2975232863588445
0.6026807664315846
0.4052560821309307
0.3011475003669446
0.3670739601266445
0.19205762102321577
0.7576054269512585
0.9567861162991209
0.2915269197943704
0.1859761704063766
0.13009511802365203
0.7236209987076099
0.5918473819651735
0.5881580668206879
0.8197139945733991
0.6994260527993841
0.7913991457994394
0.8861124756533305
0.05594016413095382
0.12633561464352028
0.4917261791227495
0.446954040069242
0.7929595077495447
0.09090226515434363
