523995
0.9637048109070112
0.37525400761928585
0.8205537239362909
0.47788989365210155
0.9439160193518262
0.28278437294451986
0.06954242307817649
0.41135355705977683
0.04972064443629998
0.9014596664182015
0.03942270144019
0.35112707490872097
0.856402960038094
0.108477001750383
0.7338560866082463
0.6036603414838473
0.21588095660788253
0.7265996232231641
0.35391222327033134
0.2532179550019352
0.8388642701935546
0.41272495382179875
0.2694845582612384
0.4227719250152654
0.5109739457073127
0.054323385048992257
0.46605291821060335
0.3334903767909464
0.5682204429878742
0.3560291699882475
0.746974397396543
0.8475459892973739
0.41836967389997914
0.7176103345599671
0.4607425135175215
0.051036495674603555
0.9621094006787559
0.07973964362386055
0.4181617773906573
0.9621315577905931
0.7415609240368528
0.14543407877992975
0.9661435051873583
0.6341292027839963
0.5235644786726483
0.2727257053846903
0.8928356600760862
0.7639265759181744
0.8112985409462471
0.37807170588869465
0.9530576348825033
0.41347886481855645
0.4701772725329205
0.390207195429641
0.32351907591328877
0.6051416387068554
0.2526020001646566
0.15058942554305088
0.22405883382285485
0.3613615588720389
0.5110264056755982
0.16927734477488254
0.27414897997122434
0.2250006736024036
0.7999269342616714
0.3140357440603654
0.8931655824175972
0.4186502972444257
0.38465390506681796
0.3356489213137608
0.1984365582264891
0.5796102988361514
0.8987704416684155
0.11387328482461001
0.4068342490856186
0.44178017471696307
0.5213700265952576
0.6461546931200247
0.7036886405211128
0.9265287320777393
0.08199585601044335
0.09518068092430887
0.9070542750835371
0.8516789556381185
0.4431680460703459
0.6615336230053519
0.025872236250038205
0.8710658281891374
0.3591578083051268
0.6541558813502266
0.9873267762401703
0.31669420466101983
0.7645300288828647
0.8940337947949302
0.39170249894106357
0.33134509846341764
0.10710911846342985
0.5054517091664262
0.14230776369254183
0.05154820280868355
0.907405131531648
0.22436376096355792
0.1935362177546579
0.6291594168232222
0.20017068373223346
0.5848754376656115
0.46189698082755626
0.5643520730825583
0.893641395898926
0.7325229619187332
0.15285162635416838
0.16365119830717012
0.36814560994446566
0.15698320057064064
0.3705539236028833
0.933710066718047
0.8281524181146682
0.3370429587272583
0.8980958895663512
0.37484883727553675
0.020458715960292584
0.1471008011274516
0.4626221085064086
0.9479456056658894
0.9361002328720817
0.8871707032665344
0.6326813935588697
0.954089989497772
0.02470297754159423
0.9673019671192817
0.7344429690632781
0.6884800547548088
0.2673754150550075
0.6025245966698565
0.8189125203296591
0.5083636569165445
0.17787375047033682
0.3558754601852302
0.7640404675016327
0.3893955285416615
0.4316558960015665
0.004755267852038503
0.05362350324357923
0.13560171140494293
0.3585724211094512
0.999812034318984
0.6391576907273542
0.6552132203945544
0.977325578221182
0.7357417857317741
0.5613091859722843
0.6179515257388772
0.5984603614697329
0.9598428381952684
0.6844270313089789
0.3689180298239466
0.27753416393294417
0.9068549314632609
0.9805296019476972
0.19006077278440703
0.561244814629631
0.1675603083539069
0.2884545446202641
0.8722613555868105
0.03667918438489659
0.8738185050638149
0.36936972729844153
0.08940571094474914
0.16747756521970036
0.5141527232059598
0.38160040321653255
0.2503726592155161
0.7805918315867248
0.5817000319796787
0.6057358086673559
0.3456940839219186
0.35344807297264735
0.30028390447607933
0.3652362407579547
0.8027115845401256
0.9437074974590406
0.8745621345493971
0.6082691196905431
0.5163740794976259
0.20245184209435885
0.06664906468219656
0.5432608669716374
0.03239154332956673
0.41650252517419184
0.41430585195057634
0.053658838108724516
0.3252804232343184
0.9367157566109073
0.07473835432190645
0.3566554961429692
0.7359061279372794
