628148
0.66647824905515
0.10323703202836576
0.5161350239512207
0.41144901454808747
0.5082612811067918
0.9573389509044699
0.971859829067058
0.02528973046337979
0.7959737160486927
0.15488707114090372
0.20492304058603983
0.6451311587025875
0.7769869217332819
0.30830734035534946
0.023750078796648366
0.36474330463584415
0.1500882023923361
0.2076194904985107
0.7254406449455562
0.7180388692309124
0.5142511374747673
0.23114281919671187
0.5640004216783833
0.9537568659895918
0.3379949408429789
0.1255532153499398
0.5400189620613904
0.9648522719828349
0.7202371636072054
0.11589347315004106
0.5156089416620582
0.03875977830468025
0.7809271348338076
0.381333993338406
0.05392877138364782
0.6230205182491292
0.9933805126534745
0.16392599584042433
0.18436937801137843
0.9853300866063655
0.15011751846523347
0.16528546658121213
0.5024929996431623
0.9878874840295412
0.9401410543539827
0.4300904765887834
0.6280699008630578
0.19299419055739642
0.30797302298414886
0.6154705216824103
0.06506710850222364
0.17017320841071049
0.8634003580009507
0.40181143901522576
0.9342002322133522
0.18464815579820493
0.6157651902590842
0.8131948271130901
0.8816682941041755
0.4128427877048644
0.21776577397162677
0.3846365053089499
0.7069482697236417
0.45263180060316366
0.7211183781932914
0.43848335353208134
0.8980348514912366
0.1743935963592007
0.5700626903174909
0.21377369221639608
0.3142676128805376
0.8934868777603163
0.18857618251649966
0.2300613170950887
0.7148970158817044
0.43559217130716954
0.05329580794535649
0.061148810460624814
0.6957969477364562
0.9134306306037847
0.5865280081386581
0.6443708703162686
0.8672404922148605
0.9366921746639544
0.5523610714131031
0.3575141301058067
0.7824129356352928
0.5365757823359345
0.8937765646837
0.35815455584716827
0.2093437986902238
0.3021644808647188
0.1097892106346553
0.09913958241412946
0.8281975695997182
0.09792863244927807
0.33902785430819515
0.5091369296934277
0.3313709262821134
0.2599707807961792
0.28980235915359087
0.05861756385146
0.20560129360744583
0.3531959543067448
0.03658471699556609
0.8193356151033225
0.18330037290094203
0.41241175647064776
0.4889648756433448
0.669313082175642
0.4645831986102754
0.08743234533855615
0.031525195956932484
0.9955330371863548
0.33197177851072013
0.2655814497611063
0.4317096480288768
0.6029898110748685
0.7065095681715243
0.5545592380043989
0.6176471683088682
0.05143998773726299
0.5270315849526391
0.474458617976135
0.33902116334996346
0.3101439795545258
0.5735919013111341
0.3297865449762959
0.04146009387720351
0.4460823075765603
0.5015588648278299
0.5106665731333835
0.5085565408045958
0.042576804100977306
0.4046457822916123
0.4069686160774487
0.9555056178698
0.18294200724632503
0.18315252712232544
0.20993296081208523
0.2944857589385771
0.1277370396433971
0.3579518217916453
0.6229253090690967
0.23428794732265512
0.26438412082293494
0.7412611854883571
0.9062801186265319
0.7253325351901249
0.5143647969263768
0.5519998082325428
0.7407598443700846
0.01609523787336553
0.14590029331050247
0.1465370682283651
0.10997801409339081
0.24809673857828285
0.8589679117417718
0.5248975395735105
0.7742043277575725
0.08399354406565585
0.08470058264121694
0.16799490571856557
0.936290334879561
0.3369399204038175
0.6726619018738024
0.5632252433729119
0.38502442486906396
0.9492741897593922
0.5271846481097058
0.9837574797922604
0.7420454704331265
0.9547150002135965
0.29790528149361306
0.7011173907076431
0.43551437702799
0.2506361491026885
0.9298236796077503
0.8311686441598594
0.6770634720741638
0.10562156523725486
0.7346607845695688
0.44035244666933326
0.028113641047349702
0.3323844660038814
0.6579840383207916
0.3720554035282556
0.10746997803932412
0.9672677832942422
0.585514319183554
0.49223241518355665
0.6141761711702914
0.11492595238269099
0.8572242091217219
0.6989200914645218
0.11792897286790804
0.3404203203248316
0.6392826439038087
0.09203305614689827
0.003924065386389564
0.6208438264376956
0.441595983169333
0.157844063303213
0.5498248684344533
0.4047235680169883
0.8626411038168297
0.6868062377472856
0.35961628880869745
0.7698317190961533
0.5934815231009808
0.413883877087019
0.2824257983672971
0.018669311912357545
0.8193025142264178
0.047315532930426896
0.5039641441962661
0.30576923887451746
0.4194970132600008
0.4347416694126971
