599847
0.34504380037893767
0.027550297531134915
0.467472563016781
0.7750186941310646
0.7928338775776229
0.5058617259892096
0.6229934295048505
0.641001149774006
0.950105277617156
0.2862397107803125
0.7759321501524449
0.48466726846040875
0.12105143829912524
0.4271800584539013
0.8246981446525619
0.8688540393356353
0.2033187669481359
0.6632897105671426
0.8759407977539686
0.7864094679623891
0.09688832988779483
0.9450421370722931
0.9899869759497022
0.44650516333322554
0.6860026293778498
0.7853299969905808
0.05213480935473136
0.5097633145293646
0.008186362649436063
0.4650349537712922
0.33856630449406966
0.7353830937665109
0.4878310887449887
0.9183155916041709
0.548882521372945
0.4602075847771382
0.9637708222575883
0.8831519853496361
0.9879050049912576
0.3021938452581048
0.5638214486343311
0.5234509405619507
0.48265449630687096
0.48956261697594117
0.35715383855414407
0.3954601765394429
0.33979619930107785
0.45539052960035786
0.8220353220001954
0.8698116762226109
0.09106593596554147
0.3730113702644361
0.08384637054165178
0.28114166460323786
0.45000967366129785
0.2015808878039611
0.6089282006730671
0.452035474113036
0.7212569920482508
0.5600933060112792
0.7905150958037528
0.6925865779118147
0.5447764106653272
0.2112336108969468
0.8995607253265804
0.6062148708174329
0.3458659934026028
0.5111907973232014
0.1877992156531576
0.616583511693871
0.07979706977090695
0.9586125170343204
0.4920815458155241
0.43386558869854286
0.9533784636871642
0.0975373725223807
0.35569643162287046
0.41206249402606376
0.3389396779952061
0.37119515170073736
0.8981627731184628
0.4979334755452637
0.5104803759110406
0.30507526792492257
0.8753228101398749
0.2673530768060085
0.9018271001079126
0.3852793981443461
0.0814565922543431
0.13733872877501285
0.26793685660092703
0.20068698194547407
0.8980404802032351
0.07952915056385934
0.4364792651256869
0.5293461165546365
0.18795554620633004
0.6950606510502265
0.7659829056072854
0.35712249935355156
0.6896225035198288
0.21600839221954793
0.7975091923996658
0.6279066360949723
0.9731189007037301
0.3120708548785991
0.833996275119189
0.27752694677482814
0.5661205793065415
0.5773681607598448
0.10251206938582713
0.09802029513915056
0.3273822931675253
0.3651657699254559
0.5887905118944795
0.9219420131336097
0.8195229526395094
0.5025233040972387
0.43391621262373037
0.6729438595181398
0.13595863911626038
0.144823808085905
0.009704743601208765
0.4070011582652374
0.44891864392846514
0.6528666592059986
0.5225400677089503
0.9618022752305606
0.4162855351934719
0.8881964426611644
0.5953998874308962
0.08857218183919069
0.9666313684372893
0.8413072127801753
0.22494249547923606
0.2918045381667158
0.6347049418291557
0.6416000787378215
0.5015701898548914
0.11271529546739723
0.07199989432941467
0.2374684456680215
0.19517126118697814
0.5861493269473705
0.6720977211570072
0.9522810646366494
0.04009292715273283
0.2567817029176366
0.5219960833088532
0.49635994101769465
0.3174873480727879
0.5482608353200469
0.15523499258088158
0.14599519749319234
0.6629047691708803
0.4177341709731376
0.7614995612570369
0.04038229290169737
0.03786363575108376
0.7238737697347057
0.5244876400486125
0.8565033126890664
0.937714968218894
0.21968605633062754
0.8888573200742247
0.536951394184935
0.37258276370319243
0.42290700956569927
0.08582431393130685
0.7770774640232729
0.5955776984837947
0.5102139081427578
0.962180990279837
0.7373708491996623
0.02591171051349661
0.5271523999445461
0.29924674406708385
0.8269156542789534
0.5323790281423256
0.29457401607439204
0.2744634203410298
0.6268202243287201
0.7520387644824502
0.584706970231324
