2095392
0.3770868464209962
0.47164026852312135
0.2949684228468681
0.8753353162442313
0.7201677050163758
0.05312260948304104
0.3772065133881095
0.4886528988421409
0.9751170437744823
0.18088464746996813
0.7152635892189307
0.05238216381905414
0.7229213029687057
0.7773502845376253
0.0276810427318247
0.8698265395474838
0.39460589088052456
0.37273704384870776
0.15035930713897483
0.8697839829993079
0.009817960324808639
0.03692064659266758
0.27452827251158685
0.455503257358146
0.573968538996055
0.2121518969522973
0.8475871652850028
0.2187458819355964
0.5773378169836988
0.6104071779426595
0.36021209853030467
0.15389489084736285
0.4554341437774231
0.2225167730850114
0.08034138231060484
0.6614408666682203
0.8812851384725546
0.7415667512274221
0.12856549473716772
0.5178866283118084
0.20244200602257068
0.5264169712306516
0.5291947385352763
0.5517843881690524
0.16006628960120362
0.7215696880251132
0.1568072875738642
0.7564241738051256
0.3318190685458192
0.7318182894230901
0.3740521927855637
0.04669690926828196
0.510291426788416
0.10719566908517453
0.6608923464686287
0.45689961742141316
0.4068540157599325
0.3140808320377554
0.3219971808621642
0.6747358487410995
0.13950256920648085
0.8308083020596293
0.6262700210733744
0.9921609982840054
0.7367593731238575
0.7791932488888292
0.5788228153935617
0.32158529176902473
0.16950504793050492
0.5260866614859229
0.4800329527103113
0.020844948171658606
0.26291120465289664
0.054734310368341754
0.1626607785285923
0.6868078585017586
0.877193650239252
0.06751224792701671
0.31959247559036963
0.8874181863763015
0.6023068045938276
0.03373141880731767
0.9463065759131062
0.3155784471883071
0.9726028502041166
0.03991305043060267
0.3059043818622814
0.9712050267103348
0.8764349310549936
0.43037229173969704
0.1124937053532733
0.9036770404801063
0.28745534597129774
0.4275764555735837
0.8284945623316778
0.36313676973816666
0.2090995920127915
0.9029853044720569
0.3182773517619143
0.1835533722824697
0.42765863154272743
0.569167434469888
0.9654178900639968
0.6949705604722595
0.27392491212987724
0.043077063342462085
0.09011159222747656
0.17291722981993074
0.11471179604318327
0.34161798494504314
0.9618856034249942
0.43456677005861155
0.5341421129397363
0.30579571622391366
0.4286882665054478
0.9036696133063815
0.9671856949642524
0.9971388473287668
0.5055807776313741
0.9862001780137855
0.1221249469453729
0.025296361111054044
0.14388939940322287
0.539520995343956
0.795331276010003
0.8821079969724223
0.16115288222413948
0.9437329135460087
0.9578476708788626
0.03880205012368532
0.6868981938369406
0.986311408560064
0.2714911153193381
0.8945878058555424
0.7968225852445847
0.08388822898670556
0.6447022591805196
0.5925841155369004
0.7017188194628566
0.852298579373263
0.2541415038737136
0.3769929261430486
0.3636869542957222
0.9902924146372089
0.5186003980158098
0.6682851385013823
0.08324510966770815
0.06019532223736068
0.6382908299231097
0.6369921766306343
0.313330758944106
0.007534197422884192
0.9039868616558294
0.6814260143781117
0.7197002855220768
0.9079402766770459
0.3357294646331094
0.7485536887076362
0.33113255401880737
0.7303783287461637
0.2508404848460425
0.31533548664114697
0.5266077733586331
0.8798430738961114
0.7932429139132142
0.8923747797841173
0.1406557108666836
0.22502441394742756
0.9596580093221896
0.4261926907132487
0.44160204515932
0.5049312766696774
0.8676058203233116
0.884578978988726
0.7247188261917171
0.4651089785466034
0.09079174927372302
0.09203452849144389
0.9938267002757053
0.6378227336402914
0.46277132228105555
0.37167947596262807
0.9646875227924047
0.6483886888491264
0.9413019882708248
0.8449214861973845
0.2709101322837435
0.4160901191204919
0.5728236404895486
0.5052322797849248
0.7304146658478239
0.36186311617490363
0.5596085316411884
0.6300610331135892
0.17155650900892083
0.49830229206363996
0.8333460651745932
0.6814591093955904
0.7925969868654017
0.2397577280309625
0.34934274734548576
0.4750904686737836
0.624671891053394
0.24300699354355138
0.4491294155423028
0.9672470316531588
0.8131605924582689
0.7880895362333297
0.5225332275174317
0.5096999774263545
0.04667674893451412
