1045949
0.33817650508417785
0.024939767762747755
0.9265015315763715
0.616646969166314
0.2514632149047129
0.9698101421899211
0.09713356364984549
0.1923327505785023
0.3250426724583425
0.7683850980193097
0.6093639551779267
0.10548797909363006
0.4580151625885974
0.9174071272879853
0.9689248717725456
0.5127909324675104
0.6520776047662973
0.6409487063530934
0.4973226480518349
0.9419231410329423
0.4793660350843243
0.5984955391858463
0.8277937293287914
0.22630334382486728
0.6008133183588388
0.2959385141703821
0.41665479819290274
0.31674859146713374
0.9352572219930404
0.5897613566350558
0.16205532517694554
0.861169144215898
0.11555181983976703
0.8926060792797637
0.19178514437200267
0.07801715799270581
0.6298031196727785
0.876152956411745
0.10474574599450004
0.9783432266747271
0.36597111322799114
0.9328310270480363
0.40387264661367717
0.8632511395079195
0.8930494030118586
0.7328190420764451
0.6690161887087525
0.9298679283423076
0.044571455946243344
0.3289390227231801
0.8368930474475392
0.3271713716210055
0.26136867033860745
0.5602854301510636
0.4579479702518038
0.6954478647526304
0.2881482275444398
0.49086047497824925
0.9328877883044289
0.773206251689531
0.3044876886114616
0.4421239600137761
0.9332176294279693
0.23402480624541344
0.7173302037429223
0.5147647327441046
0.5736264104272065
0.13781272127082866
0.20871118797329968
0.052199627995396125
0.4774791524859122
0.03291850787759598
0.3962080518533472
0.440584961533253
0.6358558665972563
0.7799130498410676
0.8072422032878932
0.7961140433654657
0.24904515625837187
0.9973863759734898
0.05828234927468057
0.9629086664624981
0.05104454582944995
0.18551707731555078
0.9178560378815008
0.2913954740819803
0.4501068693962399
0.9030519804042868
0.509170535694841
0.878112412545991
0.5593602388983381
0.6978153940900217
0.7426799080280609
0.25342311510842264
0.4166403188810075
0.3632175157159715
0.16912837501663658
0.43146369119597605
0.9583187392468253
0.2322928284028818
0.8942828664789385
0.02897234124303627
0.6014636392208973
0.8080676454900776
0.4622507173468934
0.8287149208110379
0.3842068355589099
0.9335049757638175
0.17722959385912163
0.669690821569164
0.5796274185360774
0.8337036510321005
0.16995303292479147
0.4723339074138503
0.8895722764672114
0.04142679823026041
0.8416215632637866
0.3005984229461529
0.567138004306838
0.14988891587002995
0.21184128071361952
0.3632343994381704
0.9513259547208012
0.3312657880052784
0.7028897626979322
0.4469237291005632
0.6121852140053082
0.7560795529309577
0.07960726166864374
0.25111348887545193
0.5514059777166366
0.6896295768323485
0.34043633879560664
0.7309657632509096
0.12997272448408181
0.3972433363895429
0.508935169248053
0.21918467970731947
0.5562366103308437
0.4924371277304347
0.37875937638709023
0.1355324750166187
0.05642670365795899
0.22109313776299666
0.17957624868458855
0.08706138916147033
0.06761956508381739
0.34396051275210215
0.6611260722594706
0.5671775760916107
0.8335830351198871
0.2662910685552625
0.30945324382157113
0.031377713110468
0.4544775394745775
0.9639569181396695
0.6885948747180604
0.6501817018443289
0.500619752436259
0.8898767146656268
0.8360629536088061
0.8118182372246807
0.35102903943713204
0.8554579684965402
0.21535618849914584
0.9876813083888951
0.19801745636553458
0.21072578806683206
0.43078394963099065
0.18730567928246467
0.6717196164291368
0.9628210174221968
0.5187028512554527
0.32880552918624595
0.031082347827499857
0.874635510378785
0.744376973776784
0.40612892606720985
0.39436030427824553
0.44520451184058907
0.027687116474097384
0.8125120609259652
0.030234268399150777
0.3080033252963422
0.3913131319206894
0.7965881529929266
0.22597290733832165
0.3832243817124953
0.16138005145017542
0.37033043528037923
0.9540156477689673
0.6460110669068246
