1268423
0.9847502077188809
0.0249502886026286
0.2073576007892287
0.0785079418881679
0.8153810402227987
0.6187321303860577
0.4087385330867527
0.764525018815577
0.6094637738765751
0.547103827933672
0.37122722891803717
0.4015297357305424
0.9309522597693902
0.5026488788700706
0.653457995996978
0.3277529068538927
0.10029559459675841
0.6748658174753319
0.2557658904236526
0.16447547238732463
0.08457775347499252
0.13958453774971946
0.7154743279877912
0.048650127681479916
0.5770784548980877
0.4210754730056818
0.9606484150059358
0.2982737895860603
0.761979423429388
0.24494899432619388
0.6704669990741945
0.9364077825591411
0.9396498851293664
0.14217343341289568
0.4819043765259061
0.35593811758217575
0.3110384052825813
0.8044468522733182
0.5667816495569422
0.7091605867325017
0.43716464151111645
0.6329093997299371
0.08914320482551474
0.546938433226608
0.6862216334436837
0.17365883521121372
0.16893516716963985
0.7942258208930184
0.9554077786516242
0.28778277324797363
0.4527737373825369
0.7194244544598847
0.3762769090613256
0.18604566539750467
0.8810697056595481
0.6597916483777502
0.46962791624636535
0.5492769738766147
0.9766581290035482
0.068606478670174
0.21269377459060812
0.705251338449141
0.3698384510932351
0.4970585668722892
0.0516948255748767
0.88622829578504
0.8135966306185459
0.10415513299442836
0.6304757552314109
0.8775593963113668
0.6801102536190555
0.9707853745689687
0.6338531446281419
0.7100636941510893
0.9781674740478894
0.5148541636972409
0.8516354599711636
0.0910557715194209
0.6310873788949872
0.8948157063368603
0.9951851665378745
0.6692145900570582
0.47109737445518374
0.7251763422981857
0.2508148729380366
0.9772997333893366
0.5208907008056306
0.5458086500282651
0.8621637400196455
0.8939376882460487
0.5146103287190529
0.48448002803926904
0.8750606713734301
0.9120321754323802
0.5741620264979816
0.8193168535175432
0.4205917344521395
0.9421365728789336
0.9650361974805899
0.23941168388103284
0.8820625249962505
0.1936425211495575
0.5161911043029341
0.32121032159356844
0.6988925174240345
0.8193645664102682
0.2709877101691437
0.3874593081759372
0.5445857255344818
0.05599090490278247
0.3575483189071812
0.7400337767660956
0.21527629819531757
0.6200588697369823
0.44270689749919523
0.2845229975062138
0.06895969406276858
0.016454239366112455
0.6174707690212196
0.9835126331460299
0.7771070121153151
0.6746093295064806
0.5132105502497507
0.011446833822234548
0.3166340639991304
0.2972758817062052
0.6167466958607885
0.3551955342655393
0.9708297129517197
0.9409678352417191
0.5713400765029069
0.7552768982953479
0.9636033109622587
0.833833358154678
0.4399918734166526
0.15750761951984382
0.5982932268489467
0.7948714479291938
0.0616781232032948
0.6447285505266658
0.01105613951547002
0.5879309212976374
0.9225872467712524
0.6438868103466304
0.37636362805684076
0.8086015090762951
0.5120657645751274
0.7002670529599593
0.22414145238209926
0.8895329366853629
0.21524682037547838
0.2717735917231996
0.18671029336187828
0.8284262837450674
0.031364263989600016
0.8655537900918369
0.46072505287959364
0.9376804957882966
0.8322657135843836
0.9694124989639488
0.6745497469040884
0.0135060839528659
0.5063798846387578
0.7035697169226495
0.8674364714510218
0.41726490040545505
0.6977624649508665
0.9526544015405533
0.825904709262323
0.11115774812551849
0.9831011863978137
0.5512062811072042
0.2132681930292638
0.188244951252035
0.7813976466456316
0.5357698860696178
0.2936197946600214
0.6210651133057278
0.779315964605989
0.14766333522766784
0.704199375100237
0.21627749834043808
0.7912979412077683
0.9402362745551177
0.9102330922188153
0.2849806077583641
0.2759656678371125
0.6327271338333428
0.6778830146073929
0.948283674088468
0.10429496647778569
0.9198935784922275
0.24213467267859423
0.8590966066618954
0.01425734084926622
0.26911847551914303
0.146990224711401
0.2978203130202606
0.5742984746935209
0.7613379101581018
0.7263506638963516
0.2797818320638541
0.34805241038290147
0.8507190805734932
0.5862660611494437
0.812422106362724
0.03477391195277901
0.4905871961786118
0.6887669371658486
