628524
0.7503336053289762
0.3818679175049483
0.2515661697066507
0.49220960375841616
0.6574377894844184
0.10599300919814969
0.06344849786957796
0.3422675758430158
0.28026777207680775
0.7736889175854955
0.19408669097017694
0.7467898354841331
0.9644626366490602
0.30930353490015905
0.5292700683448295
0.47388824136394625
0.5552768237550632
0.2830396227289691
0.7508922936736987
0.1734236446487869
0.5789416270060088
0.6156131638352238
0.5198036804867792
0.9690600273328427
0.6312672820710079
0.3417584457121732
0.5423979117792114
0.23383877932832753
0.5584709458635567
0.4288341282959346
0.6979317512150633
0.48808928041943034
0.5246498352547464
0.8787323854131052
0.7889556862984526
0.17695100556392052
0.5941941462844892
0.5675240314507736
0.5247817336285248
0.05959886650214574
0.31972839245993157
0.07784841860204594
0.8333665037617076
0.5086438157223169
0.05513043582226729
0.8380113604260185
0.4158664688756887
0.22816141525972977
0.06649949108304587
0.7952245729727278
0.6368183230634051
0.039151544377311054
0.5218651055371063
0.16761366707644787
0.9589830464890656
0.4412012023157461
0.8256337242851164
0.6488442320758516
0.7349697976382777
0.539152879980352
0.33964762997690534
0.5807104027101769
0.5993100906758462
0.10063258075003112
0.10520972078783186
0.3764334780414811
0.7518430783294598
0.5032273401217103
0.4594761718904463
0.10436178239500171
0.4093725752191538
0.3343589875643824
0.29173581167651863
0.5001123841681945
0.5854416966205223
0.2955406476408292
0.11840165664167446
0.09009696885108909
0.24313333558426675
0.03363790815363521
0.9537575641283622
0.16003129121607496
0.27959168796304334
0.748721054600823
0.3379480659907781
0.2774658544873404
0.8040812784475767
0.1357719071548198
0.8705586435926841
0.7711729846359099
0.22045529901398908
0.1502196036742094
0.19170152645102723
0.13515815602633074
0.6651060410446352
0.9669983188343988
0.13466415552866784
0.20140584159492514
0.045012153023999746
0.33606484137509507
0.5534676878871952
0.7291449310949595
0.23319045833780294
0.7277153591681991
0.04864698644153731
0.4643061422555558
0.6922886469028828
0.8910812504818293
0.2556976100854872
0.8891761168734401
0.35583204517059186
0.02289849848719694
0.2982310401000826
0.6428032214801178
0.1566736199208737
0.4760732027888259
0.515509551702798
0.8219678088786484
0.9117550489481563
0.7072865955572545
0.8202438395244056
0.7497022866213866
0.7573903416468443
0.6141476392541438
0.14566698266796574
0.5949029468625142
0.2942482167292142
0.7926099927527135
0.3371209278712678
0.9067677135022301
0.34454603193342426
0.5480097642446687
0.2744366128749205
0.7733260208733279
0.615697042080784
0.2647360564454244
0.5528993135750899
0.6297726421331982
0.18999281047181205
0.9548635173264272
0.7799616336692741
0.20656277984389515
0.9215735526369686
0.8465938229386446
0.09852553065908387
0.9169470774259102
0.7729047118429065
0.6207495262319397
0.5797093477651387
0.7946889640773592
0.6483252696829689
0.26823839790959325
0.9687310625064838
0.8606674938606862
0.06894376762227405
0.16534892874468887
0.8039249410950151
0.11860657920492734
0.4438261219714025
0.9727371016108581
0.9195719290383654
0.4168262731613024
0.7861927831007574
0.9865810647249001
0.24644880198617325
0.4418949677367363
0.6741757646581695
0.7862015710962248
0.8807841709509009
0.04360181224201398
0.6564238608291677
0.6947430403093873
0.630381823933313
0.17348179352394366
0.5247625520997196
0.9164397406619382
0.7565841656984293
0.7890538794492002
0.5288460973910099
0.2367020208739934
0.10470417309263536
0.8370313697683301
0.46344039042104057
0.7659764922934028
0.3932021578418293
0.6045870054095942
0.5354945716892091
0.6924329064913267
0.4571419264272325
0.5653910779806196
0.3818076389413839
0.4724441883700966
0.6360449105828474
0.582567379751401
0.453943219535761
0.3756638490779456
0.8144325554944586
0.759722953148501
0.7685839354360967
