598486
0.49797127683258924
0.027791896978246244
0.49063686022690456
0.3640920265814509
0.10088557393868847
0.5476151632108441
0.29812210750210966
0.7810952029558849
0.5919035284615939
0.6154633250593993
0.853450939963417
0.6979082400293148
0.19828941162552072
0.11052509811417166
0.5252098626049233
0.39229092261148824
0.8070128559845242
0.46402078224084553
0.8558651387082759
0.12153427495630009
0.10791543403725556
0.3427689254670998
0.5115008562830271
0.1740809906677323
0.8378736143015562
0.05018753748374216
0.6188922368058097
0.36914786467447236
0.9599269509751162
0.8106740716076054
0.44067084450395966
0.8965917796176341
0.6035410675983629
0.1613533955859926
0.41530451700896565
0.16068260553144753
0.4379772446298128
0.9752450710414872
0.598537413306149
0.7133034975566476
0.7307203228955231
0.9799320388254782
0.3920122437475214
0.6261462996369166
0.23554345313137592
0.5758608830457009
0.09703976631929478
0.5939311765171256
0.5822568143376654
0.003769635699866325
0.8610365329177229
0.3589440413287549
0.7633305449527304
0.12257229636609124
0.1623686324748238
0.17507240906206012
0.8318762092035454
0.26637963948068966
0.6700061952183837
0.473793853224165
0.5038043582656269
0.4711606528889014
0.9033099565239334
0.23863843993868872
0.9763696128349793
0.3994964134842326
0.8725312058709045
0.26321193855476155
0.1394136823251102
0.5297043949496473
0.6410707979006353
0.8831820136104293
0.6243147332397976
0.24534235377710023
0.07842191723745273
0.22402654798593558
0.29801539569473545
0.0961928818190021
0.6812001943500682
0.28938044699352217
0.09817312381265753
0.7824708256561278
0.01713613572493311
0.27884738662578024
0.3913910401719257
0.7527188877763212
0.564181451402325
0.8198900555238239
0.47410266916190125
0.29746818887617144
0.005770659081292262
0.7905567792313825
0.7837454926218073
0.9454268093759953
0.9105950765229464
0.14982063855006977
0.5967014571656858
0.1647091518522722
0.5145324581623555
0.28931563548602224
0.6811747029040438
0.11438258163219017
0.44879567328814685
0.33497084302186253
0.9118877664979078
0.6828578915660858
0.181803110395929
0.9617222086376367
0.3430889422434168
0.5907781602593594
0.7857115691081479
0.870150811944723
0.581152075727935
0.3833077309264691
0.009429137335794091
0.7098803759255741
0.1766490767490927
0.645820049726717
0.6453976726220891
0.322633057835519
0.19683536082209774
0.998064217322991
0.13052124303413792
0.6449792866817189
0.9497301035455932
0.32946564882248164
0.2972447899578755
0.1042633898682711
0.8684016677985381
0.8911807097230611
0.5411882610535941
0.2639918050445318
0.002083262787186846
0.6446779375074989
0.8552839768915359
0.8915343035178882
0.0937012795401212
0.9358016410187422
0.6440160616715509
0.023410146488757055
0.8946692885040738
0.056568365459129466
0.7742456618599439
0.9280301848812877
0.4529514534740481
0.18847011281887804
0.9021545968911443
0.46944222409053027
0.5138597664123337
0.7378327862184011
0.2848601199159295
0.14486311195252843
0.9063861207949243
0.5330012437249407
0.6757318259508424
0.32061914699286576
0.370436342520869
0.4659642879063487
0.31479938251573136
0.019552601503638356
0.6627268234006173
0.36657433220474833
0.3474795946582242
0.7032018482888395
0.41922439801661127
0.5885962022374607
0.9592246605793875
0.2037594836984301
0.5861059730196241
0.7088568990704771
0.0503294260879148
0.05710638889506858
0.9680534531919839
0.7983909322929628
0.8417013181327516
0.6766380427050849
0.06975220821734196
0.830448640891521
0.3616764901108559
0.6378592033421836
0.26438171981209135
0.6622954076340402
0.3627568320587986
0.3485343144322467
0.2626350397331594
0.6841072989662411
0.9728133451693443
0.6572365214825499
0.31518130923116894
0.7866040560346202
0.5126846307530278
0.29435838310353546
0.9653155117521777
0.02949611173482536
0.5635609018501215
0.5999506845425732
0.47429045435131256
0.03779537314964976
0.8105563354235421
0.18022036885170545
0.06948268654876222
0.7613346147785812
0.28171046579769077
0.723024292674325
0.9092464257795129
0.06769917864684771
0.017116875650071584
0.3099189955573556
0.9559556010068964
0.15788611454986134
0.8922785029708263
0.5733667752979937
