4689215
0.4993528120673172
0.4130543160841855
0.7660157626691623
0.3504853550873527
0.9758087821165933
0.2524047292728787
0.005923434007566342
0.6396789227288174
0.6682962482819662
0.06165751663900121
0.49886798833542456
0.3177364796044323
0.7885984286642055
0.8815215205316508
0.3103184016987496
0.9475363950509547
0.8505845685510037
0.03337948109263367
0.9836493396579721
0.01634733766206331
0.0430740672690163
0.24079384669847625
0.7474023572530961
0.9479025173644869
0.0010434007705580894
0.504527849478428
0.580093154937903
0.5960645722483211
0.14651248245797455
0.8884689392410449
0.27815500510063973
0.6485340265259606
0.3615687539193615
0.4916161654024399
0.34078394204901796
0.38493378821148816
0.20665908190632043
0.33377448666967624
0.31967348001461515
0.8156099260115325
0.9287833282650582
0.300166848230052
0.2591214966710218
0.24374156847789008
0.20400135431488864
0.39274774259678524
0.8661876741899228
0.7949979853166605
0.8894355606231813
0.7205142307743156
0.43463342088781076
0.07685486682451892
0.7716996597741649
0.17124350887814832
0.7991614440053286
0.8506455154779698
0.5735241421574085
0.4024818022427191
0.05160903419533058
0.7253214519150313
0.47861967081785417
0.7636415104012594
0.23352890685255212
0.5074733614241488
0.7064124332598671
0.9061824353561195
0.15420840249513912
0.15821403022122027
0.9116101260507168
0.6424893500158717
0.10816879213450514
0.7776453947517213
0.9082738063882355
0.08608659643040661
0.9060103758080637
0.16562436421712978
0.6099097227042234
0.8678953039411301
0.5309438069705905
0.19649979284548547
0.43904159208079363
0.25617512620957905
0.6358524932565857
0.25313489201282224
0.15268151430541432
0.25415368833493246
0.744008009463716
0.3731701406038057
0.21102983381531026
0.45827439389810753
0.30484444288843293
0.8431247064962513
0.8200242150131108
0.6959184955207489
0.5002135726218946
0.7243418031894948
0.9931016922388094
0.20946509579605976
0.490302823466521
0.3101929373827683
0.11934017448385092
0.7306215222597566
0.055883256929301406
0.7392200742276691
0.5991471890120538
0.17258162644453034
0.13291833928986296
0.06652157110578139
0.9430578926643545
0.9851651091573054
0.1977098424160264
0.2878768898836619
0.6092065070616965
0.6592050973339436
0.534839337103328
0.6563588871332027
0.5323684389050182
0.3175087675651068
0.10021439415582822
0.5175863999005269
0.12464917483582483
0.4525032911911957
0.9594178743602135
0.4868910223983868
0.3357454293248625
0.4388688756899859
0.3320301430614577
0.8790040350611098
0.4581793596283207
0.5289653222108001
0.41720154354194583
0.7701229499465199
0.5470950528626007
0.3949172256285346
0.18344019958831215
0.2792552602740018
0.5152697080098069
0.12459620794962822
0.10294271644770847
0.8002052561076846
0.10284286844202573
0.3185510337126851
0.48504988947744776
0.34406379379103114
0.05035034724698284
0.3064659453752896
0.2579690378558669
0.35263158978461495
0.2519532641742539
0.16349046806553214
0.7639447207210727
0.24361496760471868
0.25498941446082457
0.8020490727406591
0.8088624129652364
0.014472988692800226
0.7079062298212159
0.5906981558801279
0.5093461847970947
0.9070995052097497
0.418749966819131
0.47503867611650774
0.7688084985055531
0.5126999171571457
0.03542979183285677
0.6103256171210606
0.09047133983976463
0.5846227447891383
0.007412681177079938
0.9953888251854207
0.6288580541698625
0.39968560356238425
0.0025136358028045036
0.09272054140490527
0.013519450913371034
0.7052905921994649
0.3345343582913518
0.06688938588098281
0.021116913889923095
0.6374164918160702
0.01844091553195304
0.104005380852073
0.02188497031658021
0.32914560918518787
0.911457404912151
0.2790994668908213
0.06293675834112711
0.40746533325352197
0.16293571372780824
0.9381090197987545
0.8298228775855315
0.901726424681591
0.5529775846857252
