780762
0.31334780732823064
0.6760836305924254
0.8705196261019884
0.3073952268203406
0.002546429762118496
0.3633839522668876
0.7841905349869194
0.9752118807491934
0.01396843878693188
0.4004830849206088
0.007160498153071515
0.9056894109203387
0.48938724326703664
0.35105777393368454
0.3116673904658791
0.4109898664203364
0.9476855924988876
0.8067441769432558
0.9973915190517995
0.40818072907868996
0.5606491793064162
0.2990282202795095
0.6278601090401849
0.6772327368147316
0.9914452610692979
0.8788265539470449
0.1456576212025792
0.1975441205706414
0.5108136183555988
0.5804548671114621
0.34488780162430754
0.7054670393863447
0.7735358280791034
0.9365119357873882
0.4756725289114636
0.7030489421477748
0.3175052057815093
0.6682640918971786
0.23587044425859427
0.26262067852597304
0.23903386447947472
0.17484025913196577
0.6037394326560619
0.9560091590226231
0.4784344793703803
0.17166148790777958
0.7203479046573968
0.9437338892651307
0.6173702610445747
0.7982544515972017
0.6681458608691719
0.639855500712565
0.5854590965936921
0.6837531347903891
0.09474193264066666
0.8835006830470782
0.20976437090029632
0.7869359440674185
0.23091736843009114
0.47163091901049103
0.4203218007287495
0.0374430511167001
0.559583836941286
0.0976257092134899
0.007569653073442151
0.6577934309787604
0.1170133446226792
0.7642063744868652
0.8960687569152204
0.9405330330144828
0.6942127995653795
0.498890616808048
0.17204895414347232
0.7247353166203709
0.38346692285042094
0.9207742178345061
0.376842626132209
0.5730876366776545
0.21182577856301177
0.1767045283845159
0.7017178747685728
0.5286961775398111
0.4896483813904058
0.6996301273135058
0.640310785221182
0.7582401700606606
0.06173668100491325
0.35751502918757194
0.060562239597088396
0.14114181192463782
0.3588496782148711
0.9024464557053593
0.4387950405521698
0.10045586660306827
0.21498515918608252
0.7383490507526078
0.2643945676463466
0.09781882352599702
0.08076802970012475
0.32643314414364777
0.29175392337151573
0.2289158866960559
0.8936136966964685
0.27055851006872866
0.8017663298942732
0.6659127599130482
0.8492353638534818
0.7470928349633553
0.8440498963044183
0.2871944048657321
0.5346674820285704
0.38279489126305744
0.4282556647764836
0.012027003069131736
0.3872646414920726
0.7910974052580062
0.5215284102174744
0.12207544703999507
0.033274325395884596
0.4542339151545651
0.5459828236343104
0.5627440409840408
0.3970393442141237
0.9003907707553716
0.9068828349659239
0.007067716690580594
0.6832545454818673
0.9563790241675781
0.977116299151713
0.9347596011047709
0.7172158237285571
0.33722280053182285
0.8131768723075583
0.8829365146843658
0.23050032533832843
0.2867994170840922
0.9472779693458618
0.9970563358088774
0.20650344793814712
0.0718208890587646
0.8587402887234659
0.7849298529100609
0.1988572453419537
0.7233956658571419
0.10794356348909517
0.621518943868369
0.766812429995411
0.2686446103182044
0.13751791763404841
0.6416200446254811
0.05769339529372253
0.9724843776488125
0.27506689533972095
0.13348597480093038
0.3216217806924634
0.6927508450522364
0.23419620626092386
0.9169551716730316
0.37212593602228194
0.7788540794708967
0.12390497650269272
0.36052596564298867
0.5076169838394233
0.6008878883238234
0.178654525131145
0.12217733296117339
0.5089959517595729
0.9714734507528638
0.9574861019717315
0.26951290991183385
0.5331101029749733
0.5992965664630703
0.7042275040947433
0.5903003820118434
0.23674977401982966
0.42296750391560656
0.004156834698654799
0.6480918311660312
0.7504892512619851
0.6015381736089292
0.43516427423305004
0.2330595235578764
0.21514053441125558
0.5517345745279871
0.27158577234104975
0.6584325684580157
0.1314103629605876
0.9959179199552103
0.957919748695677
0.020243460030185845
0.7467090609603777
0.21016724940318487
0.14978407983412434
0.09504305603686991
0.020323519791410116
0.10917937077991158
0.288531462905407
0.0554757644010897
0.8574038466481189
0.6113668705770193
0.6196184146833116
0.5126483086233498
0.21510241332548763
0.5367618370149514
0.3991835010819056
0.8005482000076046
0.7724205463092175
0.24260396151204244
0.37779717255839507
0.7066769305632229
0.28558964005177456
0.4079390546462117
0.9200746468045623
0.8460823873551548
0.007124503920686642
