729751
0.2629314995904882
0.19634770337810303
0.1652542485371441
0.03728322690975583
0.9610639459873042
0.7288234292086683
0.1649225021536409
0.7525156211174086
0.6266459336813465
0.4345670525765106
0.9664733294948245
0.8110201586230069
0.14799182159093305
0.5877768652302862
0.22867201164971362
0.6740999091393373
0.593186510183761
0.12415048238632276
0.9760673913407656
0.760415227170562
0.5157080620850159
0.068439227599837
0.15936227695697558
0.3944503079192869
0.8926931006503807
0.02026490480711396
0.503998831183709
0.39332326501677395
0.5784220290170132
0.032215695473721384
0.550881677222524
0.018331089233911912
0.06607613144235969
0.36058910162597724
0.07497946468291983
0.8406764207704471
0.16709889373779252
0.0306149612059895
0.15933136845893214
0.9773509035769843
0.5294783056990889
0.6498830954336969
0.25801003425057434
0.4527706597012525
0.37934492843440504
0.6663297816789753
0.7821224262470657
0.23402041770679383
0.13029514412876408
0.5722950272872609
0.4462651540507683
0.7826683948065926
0.11028002001726045
0.12981338479526106
0.5200751022763274
0.3778577472404444
0.48167685146514605
0.4399384070747534
0.26102989614405403
0.9299177795890599
0.3500201989579662
0.5623137773511451
0.2578881336129526
0.7724671102329294
0.24491495823515175
0.8984312209722126
0.6200854406014756
0.509536030226839
0.7237188328326452
0.12812781072593604
0.44512768795841406
0.36200086271408827
0.7645667389932989
0.780324427321985
0.6662323410521747
0.5699581457447027
0.9539500873461174
0.8764762869806713
0.26188133982537154
0.8640524691134331
0.6272749009578923
0.2812194928877644
0.9420259041144587
0.47781608422957145
0.759769806598073
0.7496146148749885
0.560446181972712
0.6508417888273814
0.546475816164176
0.9971513781272342
0.8236046150071568
0.9358834488547391
0.73991032388299
0.1857499226688205
0.7799414776807412
0.10857017025047433
0.550846576318635
0.26051997753257217
0.48444743476220387
0.4096454943137199
0.9178932094075367
0.32158645294103805
0.5930939403605685
0.2631810666128549
0.9223240389303697
0.879785843363631
0.9767296924125533
0.7508547217829851
0.7717835027894041
0.03458938274441914
0.2879640700977263
0.1952057425481346
0.2804227911277475
0.9362994788614101
0.37256006252489104
0.6596822610086601
0.1580474794695258
0.1989719464472791
0.20943199478083352
0.9898077447556373
0.20181667911687595
0.5333419585629675
0.25234848618563643
0.4565497934203907
0.8772604771236674
0.44575866799822095
0.45298681989865386
0.4666027052808053
0.21855779425678468
0.8451882044997743
0.37992051263280535
0.55944718990368
0.36481741469306184
0.09474397724075301
0.2594020039811836
0.5869181947933738
0.7610619163516401
0.21204616389761066
0.8310055806140169
0.2696162850388172
0.8573676676785627
0.27428502828000134
0.33204225403215026
0.04716083882357769
0.4308888496601124
0.35590174319494483
0.6106793290823435
0.13227298797881892
0.3284962697317996
0.562380125474633
0.17728672756831443
0.22547547896539188
0.10346666728866116
0.6401825328549942
0.6695680188558848
0.3286960281631399
0.28013717986194664
0.7593393491070856
0.24943102704000908
0.141450842925539
0.3336849347630123
0.6549209148856948
0.7688888100800584
0.5990308050482156
0.6564727452711784
0.2829549403414898
0.6293943744820069
0.5997615940003876
0.12478031777365328
0.6559884245229634
0.38754993369170954
0.8522398954423376
0.9705368474945345
0.9539203929014133
0.31327465757180795
0.6536004186091227
0.4108012114906947
0.19329760033503895
0.9393110882679216
0.9656539395577702
0.3996032198257057
0.3422893294132586
0.6223428814695672
0.7171231364231089
0.7263227958674677
0.6930140031103238
0.49029923934123065
0.6947709111811422
0.2993130962542909
0.3422652049111008
0.7749231786786929
0.8885383872681224
0.79901809792265
0.3554790130510753
0.9501351837970211
