1192178
0.8282697055862999
0.8339677515532559
0.6119370274660183
0.07013328965752785
0.38910474048014343
0.403942728228585
0.5115361567970017
0.40766242458561897
0.5825108090053941
0.7262629365028314
0.6456072396778912
0.6979563511221402
0.9870836302947433
0.09986345910131844
0.4234307335999439
0.5932716009155291
0.6552868002732748
0.922225665213313
0.3415245091536254
0.23089902671318863
0.6407817599523332
0.740572815784734
0.5066961982011012
0.6162372267466869
0.5489260038736525
0.043325734423948825
0.7925876335539946
0.264808889990914
0.299691323229365
0.3031811812639418
0.5626077971663982
0.05340802139476253
0.06910026129023827
0.4160975582247173
0.39294677919162413
0.2395931171376554
0.9767676779583266
0.903683823849024
0.23557648132324804
0.8470923331842145
0.25151933343453836
0.10173752890188104
0.8166731941153919
0.013584992059500034
0.3727386413548929
0.8147624854426222
0.7635939388543838
0.4817663636219415
0.9030185945521806
0.37481585276848695
0.8313517888382845
0.6858055395535851
0.3337801681421103
0.5668566868339885
0.8022378717725844
0.07272170015932256
0.1656719688927295
0.8112291050324696
0.25738490357813126
0.358351897440906
0.3066421660844476
0.6406260621294213
0.3748130706192587
0.17663942272510846
0.41364782543485656
0.16294260709140607
0.516668861262962
0.6700714059919195
0.24748304283053235
0.9008879847387884
0.22499644668030083
0.29049035910059384
0.43173860544109877
0.17254337837763367
0.31806069062682796
0.3743071447859979
0.005858255119170153
0.8957303689938602
0.12265295589655212
0.9484877210102909
0.8388128916158158
0.18044368422140744
0.16541872730362595
0.8320778506211478
0.6036819348319669
0.9338919389585234
0.32184782446106885
0.6031426140286367
0.3071787442252548
0.6288143223099483
0.10450389727604092
0.37973883316210866
0.557734611226636
0.37181416884087504
0.06196676519378552
0.009750786572619408
0.14127728627175495
0.04241472988339767
0.2677280652649857
0.6560816209808836
0.595314220498737
0.6577566078026176
0.14080189980864122
0.7098243990229299
0.43863905558632066
0.4994766846434924
0.4721547966235847
0.2122695631610826
0.5626787851525947
0.01903531153902105
0.1351041249933942
0.03719989969958104
0.9125444750916069
0.7595754579211014
0.3092889466795993
0.8049464829496885
0.4671199804887797
0.9752101077504627
0.46776218970315
0.4384450837656092
0.7896822745920673
0.3016147890026386
0.3262850419949175
0.33717459886719536
0.26859185270259345
0.07074489301458031
0.9997827737736628
0.6167096283597063
0.3380863482397646
0.7955086752415553
0.6855172987317038
0.7731082954472192
0.9662375300095514
0.7398227697208142
0.92489139567041
0.10429842436368053
0.1438428800231415
0.8853433589036613
0.7585784886098474
0.4788724116093106
0.220954217250933
0.7023722781181714
0.6549879239522496
0.5759739612783227
0.01933980111637279
0.3724497350406727
0.7286076662834076
0.7998472687905278
0.5691832516661246
0.5941298328577146
0.7173897793310743
0.43132732641464955
0.8612248474222254
0.4935759603672991
0.2318459797094684
0.8379844248652417
0.7645039471393403
0.8659195016528153
0.7756948733448821
0.8138833936681034
0.8544392370524145
0.6565946121016749
0.6445216295051903
0.35498959259135854
0.46968521139959984
0.3083902840097865
0.3514281119107965
0.9667252910844844
0.36110557758431705
0.25071313742889445
0.8254124005606538
0.4271176963467771
0.9396221236407677
0.8080191864626342
0.7947284586682878
0.6400432173607153
0.3518252620196345
0.649573749140727
0.46861876134787783
0.5497925035240508
0.5376420881173959
0.07916676681556356
0.48795071831374337
0.39712184424559993
0.6741028089708341
0.19841259435866276
0.7358810766519364
0.19469950970229377
0.29184378946394307
0.6257518460726723
0.7234430585581858
0.5172068932012639
0.19169764884742446
0.5942758512552583
0.2691006029249795
0.27891448948189723
0.9962557885469895
0.7201024449028974
0.36760891955966635
0.4369548375784825
0.518535251924999
0.3979022120462449
0.7019637014057941
0.3774461576303162
0.06169539484375608
0.3317546964993092
0.5622009370371532
0.4860030076523647
