586194
0.2206136176888822
0.3528885854268472
0.19089362546999433
0.08222412037231264
0.885330662776158
0.5462534962236989
0.8672980128078613
0.8207559549282745
0.3547292733237415
0.3002645239244742
0.49966618658013606
0.9054504138672388
0.4803917342198929
0.6620284174836122
0.8349194123158001
0.7768007853403629
0.7170134116417923
0.1446200466523896
0.6543909984884418
0.8897680060703147
0.7050135043759219
0.9980550386551792
0.40302107522450237
0.018846050761114785
0.5906651033005711
0.16832037260173183
0.9194782870383531
0.8287937291336649
0.6001101735233926
0.34149437604878186
0.06882875242173014
0.2867190997059258
0.08931419041233124
0.4338951954521114
0.47845187509523923
0.8677291656637367
0.8811737962408317
0.3392478284395092
0.45121678503710405
0.8189880179469304
0.5169723000433024
0.7962093133308719
0.5630464835164593
0.32679168270496584
0.892118599475254
0.9761905596638387
0.27193623935852007
0.8400753042652178
0.2661046733015827
0.4570409457018003
0.030376922452852506
0.5203301778394759
0.002773391268466985
0.7058761659464543
0.7385458246619564
0.525401268379845
0.02814071867307033
0.3135304578915544
0.8089199000817344
0.40309835032580554
0.7919286118838923
0.5261057690671406
0.10765076032806731
0.24284845143143619
0.020742675714714442
0.8757076036876776
0.25403298104245897
0.5356773122071822
0.6904211463204107
0.5664537714508213
0.46831866941303024
0.6190949457321067
0.294702894129272
0.935523515071545
0.6726962397920031
0.1147635591302737
0.32486091539163797
0.2047653595374488
0.4789808956454429
0.12766136495140412
0.4505568625416292
0.17929279777246976
0.8788877585731621
0.036907039055456115
0.7808218157685067
0.9929456351585545
0.36778203742608206
0.35774940649304166
0.6589778808514708
0.4813798844527636
0.889460363285372
0.34964068972467777
0.7200324394229324
0.5605522987694336
0.6382376180901438
0.6459793084932561
0.04806539215444228
0.5487019216955205
0.48272278220649034
0.7522169758918796
0.601719868832667
0.3940660839524621
0.845708176233605
0.26785961967791694
0.8410936376585898
0.4729609481513365
0.9131946692836712
0.3191664790958315
0.15752715127003003
0.8989017220168609
0.32743283404636725
0.544405492984915
0.5109750236199274
0.052538467889125195
0.5447095355922457
0.4437190479509092
0.34484515295763574
0.8131335751788357
0.6282468907885109
0.22840378590801036
0.5162148743451643
0.4973386655214097
0.9035359025050602
0.3784588717369517
0.28798221043717
0.40079230700831825
0.5874384221295604
0.3106268641236334
0.5039194876746428
0.19735459754451257
0.4427993008313488
0.9964471474561165
0.42261086737097153
0.3811282981146267
0.8452531186937181
0.31133577287259595
0.1605690382756212
0.17149901250169708
0.3327116082941376
0.3406310165939038
0.19316171550623207
0.49854591796404746
0.4867713176624715
0.47777766991188186
0.16407663105544668
0.41313036227501676
0.567730031388788
0.9555149718806563
0.3879416320017408
0.3786794076175479
0.8784434785019855
0.41018847397376645
0.4510929974045774
0.500521182398808
0.44053802166954126
0.20098779220414498
0.45956121921713144
0.13802984243743455
0.03665511768379359
0.40404310698736257
0.058845599739447585
0.9567001334140661
0.5172913588314791
0.7782537458461445
0.16404734802980514
0.26476775908884
0.34685640895531156
0.9960021971787545
0.896277886947614
0.6647098559933515
0.6508922171662839
0.2873895193074951
0.3181282340757884
0.3756426622650364
0.9467360090123552
0.3462487582857231
0.22146245936165
0.6434384784813593
0.692093229253497
0.11130508487827817
0.6757916220569027
0.2523337520155331
0.11570580783187634
0.3303630177183151
0.06395823623495445
0.40086324649132365
0.7846269382102851
0.665840080658388
0.07309228076511987
