1300385
0.8375784343232688
0.9250126449194888
0.4161333868422985
0.4810035493681317
0.2048508779124233
0.2552349441600461
0.3294794570696702
0.5237397402939363
0.028397387339408442
0.33798856936215194
0.649922260612186
0.8714854836200664
0.16820605315743187
0.9405846874104221
0.12212719730556099
0.13711508038753695
0.42604762107271654
0.8721173617314716
0.6254506734766538
0.40645990051345326
0.46664725706930354
0.7292094716953261
0.21863006266302143
0.9291035615931695
0.3970684926067142
0.9183528778083582
0.7620566257035434
0.04016792979207984
0.9635088963479598
0.9297562878567853
0.7018891449610392
0.5547193442577433
0.7419163941933874
0.8404964047936142
0.3689357567844238
0.16807770648810483
0.6934585199556794
0.927420120641846
0.8013440688171821
0.8654499126096454
0.4800839873972157
0.15353197946001818
0.3207392852219523
0.6770993976993867
0.41962709008050203
0.2657402098899192
0.8918147086045936
0.2728090065226134
0.6223395063448756
0.7419126683400754
0.8327761501419775
0.18849854449126846
0.4026217330155991
0.9901832947491507
0.24496907320624706
0.5100112709350489
0.45472401354338876
0.7296966805606921
0.9685747833673933
0.8531264293410626
0.2181824403436512
0.616001355881548
0.852680191866559
0.2194824721024503
0.6360942745573488
0.5101108007784135
0.847480575683106
0.01273485163271837
0.5836712558396305
0.2409062158633548
0.2548826687500443
0.9946377379578518
0.13257462113045693
0.10166067981747628
0.7140491101024935
0.49869125145991744
0.25496461476380494
0.2310141466953558
0.843503224102949
0.6237276952727597
0.6404165403058736
0.8819374454211925
0.7164370069427266
0.6687329998829115
0.6189382338962985
0.11416850928919964
0.05959729668583191
0.6816223931474162
0.4662462741212635
0.05636379386336188
0.35078798679607326
0.15513118242527457
0.5450825423549863
0.5601487943868061
0.21503386717968476
0.6067298006859491
0.6570425367508288
0.664188966098112
0.8015967686739736
0.03291312350880937
0.7753991509716259
0.9617876594994881
0.209650575093696
0.5994984006333153
0.9019835019907984
0.04433374441397542
0.03484302839260067
0.9622872573727217
0.8341901078791458
0.30162141074745796
0.3176542207086943
0.6998218186001096
0.21234863575206397
0.9294052450827267
0.6690714373226414
0.2617942282628427
0.33289072494042726
0.9611574810742944
0.05495001244922437
0.5353145109781465
0.26873299522582694
0.07076507653013264
0.2903639079239876
0.07362264694085319
0.757866578400801
0.08956306182974527
0.3178183500139291
0.2454698203132425
0.36004818459750476
0.42039078050528444
0.2201122539436099
0.9746030803062201
0.47493853767618177
0.09994633835511824
0.23618596817085125
0.40856465620282645
0.4469652036745547
0.559443863300683
0.1743626317835285
0.11570184703752195
0.8766505210206428
0.24344396954688297
0.1868032430950859
0.016771585787654364
0.3516786759356899
0.8286269630975887
0.20172504020271254
0.9091410185002754
0.7487758196275363
0.5136080476068411
0.5410666171626592
0.6211462660750233
0.6485925553746587
0.38196452163260297
0.06286058793898142
0.4752676745528377
0.8582330319878941
0.8471286104242656
0.5715853498151633
0.8857590272175525
0.5451118602289515
0.34750099968590054
0.46849836925942956
0.3287295421059724
0.5187781471772881
0.22910604993806338
0.9801929463764539
0.9168003363747462
0.15521777513926116
0.33677322002681276
0.08506744457556559
0.8774482793880944
0.5739869280764838
0.42397873843718525
0.23729007933956903
0.5734627870440886
0.3413151126730306
0.6485988718377463
0.3852443250234504
0.8229606795816088
0.6025652511525628
0.733054091652145
0.23498427834203917
0.5664922951278829
0.22933261391561788
0.1761440000088419
0.2621891869760544
0.6674459043808861
0.48065561601962714
0.4008944053845671
0.04819795006502803
0.3472445950426255
0.4986355499460555
0.18646323723753466
0.6519415503147282
0.03937842364921085
0.5437219095625626
0.05624056553563084
0.8086566592008885
0.40776151498350777
0.008226383095084833
0.19042938452920544
0.07178437070636445
0.6945239780168434
0.14319693085472296
0.8473525714982165
0.05317146627500147
0.13746050103916196
0.3376159906439844
0.38153142614068325
0.9715406096622969
0.01802921786209244
0.3802237796777137
0.417984518851672
