1117456
0.7664334899763015
0.0797821749624461
0.47782622498559935
0.8942258050347976
0.8417744839733552
0.1813718881444002
0.4537002060279368
0.8375539974421045
0.9499020236597567
0.1676052100356118
0.7792652141427777
0.00137046491953563
0.7991567570889161
0.7619000920117495
0.24909496834631117
0.6305048870168825
0.5466644047457537
0.8944758104318915
0.17270160356459574
0.7857703734985063
0.6822080081262293
0.8963086944016071
0.3930209208831622
0.6743193178619834
0.8829941707704079
0.043876148597196574
0.5353632488222219
0.516360465170274
0.7639681984382217
0.09961800949479283
0.2914097402857456
0.9855668433096494
0.46282753020064904
0.06309436153025538
0.966027678089874
0.1782565332907068
0.20019601784613472
0.7784640934408631
0.14628865224379817
0.1198045177882654
0.4725535772313001
0.9853825922724418
0.6797148682750245
0.35396597119540507
0.5658175181437476
0.44381712655631844
0.8445072814744212
0.34136917756102825
0.81158307624317
0.008931686446517317
0.1771566975195279
0.6216150140625968
0.6948088324716413
0.06726811696400803
0.04769465274074436
0.6089565508132561
0.8675466941789671
0.3592197812873833
0.7187281004993819
0.021424115089913154
0.9606503268251437
0.16402859083433607
0.7901878433637755
0.8760286175718078
0.11997011506782762
0.6493463686282166
0.12746331084943385
0.9763825622769038
0.1340105632263885
0.4616173186939979
0.652219157911148
0.6898150137507751
0.3091968179868967
0.896405167273431
0.9100802068962667
0.5115112666741188
0.9028710821364959
0.15971041468348857
0.5904141837670772
0.4381158053135019
0.7047858485460462
0.838040091047949
0.3224706940419545
0.7507465589486166
0.9516584512140488
0.9650644119664574
0.23415169530560376
0.708008401027782
0.27736615884476523
0.5460454304236183
0.5510826172527009
0.3618830546699996
0.7596187016609414
0.05524596989402952
0.6843783667538968
0.6371717806222436
0.16625653369181936
0.36304133282845297
0.061554981872802506
0.4559528357428596
0.04554096484266845
0.4835266110119799
0.3028726444179781
0.021934194728957856
0.410689662240157
0.9617407712261744
0.7460198184473633
0.23501520420964916
0.405157421245925
0.7180025050018873
0.3123298278625465
0.3630854327256148
0.7640083791152158
0.9217350530975217
0.874301303631014
0.9949641808265911
0.692588007465655
0.7316457141578213
0.7779074440235922
0.9997845218694266
0.7870586078982126
0.7853867488434768
0.5068871357042859
0.7689796072150642
0.9356632923553246
0.31789885807770846
0.2653230932967301
0.7261546176951797
0.40221838130288945
0.8255467016402894
0.8397994846901788
0.7636958488014288
0.14074497819569998
0.993522944532401
0.010277116934793606
0.20036753277808583
0.19186884741272892
0.15834392119800167
0.373841443338331
0.7753016347194156
0.045279681400564376
0.8912164513588573
0.2345341656665333
0.71545275549278
0.5338474923494828
0.6813732631139525
0.8907482850701491
0.788843990229897
0.6077849548556667
0.5045551015730021
0.841951224351349
0.24129747417591874
0.13416608668484675
0.128903295102056
0.7806346049957547
0.6088009898442299
0.12796059896149659
0.6503795626449873
0.39516147570244775
0.42121415339028623
0.789863599619758
0.3494352296631904
0.8338612257245147
0.9621744216818001
0.7993205790284018
9.204527519043326E-4
0.8150743256467463
0.637683092700703
0.25520865902450507
0.6797609248115538
0.7904567666041362
0.7152766560965031
0.37723334677651754
0.8079872549369335
0.6372021377368527
0.1250874682652986
0.5393686720856811
0.08276131374895024
0.6495219991911994
0.670531389852074
0.7006759073761247
0.3973243128174797
0.013479619472134052
0.34746597844247273
0.9768830619550254
