2374088
0.5727644961230686
0.14925837696607258
0.0708073930626475
0.7746044435477513
0.9549139946356355
0.678882627883079
0.27583234960009595
0.10295183870162417
0.8265524618404284
0.5641195217516836
0.23447706647885902
0.12188053258856513
0.3955409730722267
0.5308579638595339
0.645833220594403
0.9318960766860824
0.9517162252580941
0.43205708935494336
0.37282959387627235
0.01525077777418482
0.5053108792410435
0.32554095830408225
0.9522921818719503
0.23361490847509425
0.7680873038408875
0.8828868696398411
0.4699497216853016
0.4052699490569077
0.560955377535929
0.3784614941115505
0.5291748272545416
0.6879287263545646
0.2171967956765043
0.9695727438624885
0.043227834218117156
0.595826350993055
0.3170196263081596
0.9718694743188651
0.3629964344354889
0.11351444844813396
0.13701849045343528
0.3585352162279437
0.8157013226672752
0.03383101668012156
0.5272178620884814
0.7674860278236862
0.07476426901069255
0.3438067452257677
0.5387260856589322
0.8876968203710829
0.9070117009431533
0.20980763057447704
0.016631397645253787
0.21394457850102422
0.7506135365109651
0.8720033544988727
0.5456207797084701
0.8086705164764473
0.2656335062996805
0.548289457023351
0.5899050913859664
0.8903282007692092
0.4687935214366362
0.26908039851987153
0.4043856962573922
0.7794974965005054
0.31503174167888315
0.4169299872037966
0.31059840893932966
0.9772094648644671
0.6206600536894136
0.6287244996979608
0.2288230463277443
0.9243405504641596
0.036403502842964564
0.6332328883983718
0.9368479167361676
0.2965988297970247
0.3733306104345371
0.5430874818891119
0.3862304750503993
0.5265391654097786
0.9606604503668912
0.09780799065197299
0.5484966504234777
0.6122080331171544
0.8716581863376197
0.3632700886935919
0.6865729392397373
0.17143280056322696
0.7923082836502642
0.43305945353310527
0.6508473394909182
0.13143472172859905
0.02718030726444043
0.7484410049079648
0.7846060485109193
0.40535833893182016
0.6378793480302268
0.7562120806342246
0.2901951768132489
0.4004745121074642
0.9916994321467891
0.7574973517945282
0.45510753653198666
0.22722828553854701
0.06157480782567004
0.9655825578337833
0.9662968388165012
0.033966672009954846
0.6631508722334695
0.9871729199634027
0.6513726982632753
0.9790956454682616
0.44077246424041994
0.16900135198661825
0.3769315716312761
0.9705798131927209
0.8214146288917544
0.510500466992425
0.5071303629188292
0.45211189546399366
0.34405658390044713
0.13329181509731403
0.2797109818857182
0.1959437499762844
0.7417272270243331
0.6195341871178661
0.6920354992726251
0.27428428772288604
0.9044259436126489
0.8837127000297583
0.00629356356840316
0.12433380141660344
0.3833500868280768
0.6262387471763531
0.7808946728670016
0.896438713365391
0.4103363751638597
0.8322702528279106
0.4141601898317544
0.08051381857511797
0.501150265090503
0.22545103338391814
0.5467807274175897
0.7427944610847829
0.5872339486924144
0.06380622926203272
0.31110701094815707
0.5731440283878155
0.27775016090432914
0.17382101058313393
0.3381929025215549
0.342556822779137
0.2922352796165968
0.658767918719017
0.6376118159260338
0.3011602661963054
0.3239024118767666
0.28863759267509903
0.950418469390807
0.5089343212570868
0.5946108666842991
0.18156676892021906
0.9422301276346946
0.0845305021769257
0.14474588280995127
0.02044632074800412
0.6512524766965962
0.8819862063457052
0.4647280578869317
0.7134314338151109
0.9351774689248377
0.16079506236751784
