3833603
0.02809964994286218
0.24720642704278717
0.7543307196452416
0.19981283542066408
0.3155417050992664
0.5431405621849572
0.02248065462709603
0.7893098280062456
0.194939237815133
0.6322615549272304
0.08921232266124368
0.32078805745816075
0.8273321092507147
0.35452768058476325
0.3693444239533016
0.9811666055911614
0.5465221469227521
0.6849785014264949
0.35322430967924345
0.05950314482531571
0.8134600157437735
0.862534791166492
0.046081713421942117
0.5121957556281446
0.6665133526611637
0.04187826763945868
0.41524164347982806
0.4730327508049609
0.19181626251236295
0.4625825766687355
0.31129160756221497
0.8511875816294704
0.36700256346314786
0.6853302289764952
0.1740245250267355
0.3565445445171196
0.7419758168965458
0.53196519286609
0.4599554191264812
0.5192806997889923
0.8119718147538466
0.9842942206632099
0.1354366021656217
0.5294177420661313
0.6110199080910271
0.44596438894234547
0.7678726892217549
0.01209734129247897
0.008011339137086293
0.4524084500858435
0.7172629392450308
0.1756218581873764
0.42293485526840224
0.12576312770136244
0.6812756011031531
0.12184209969175674
0.19744032538851108
0.4148303035049362
0.3792847523218915
0.4922619980681704
0.6517439003415096
0.43456467976953417
0.4742776593142827
0.03827027351651646
0.9389887951261513
0.025235360052124123
0.9262662196067792
0.15019683392875638
0.16852806003132015
0.9883235272968852
0.8468132197417299
0.8574321219357114
0.9111966658415592
0.32438168798724076
0.5815107070873934
0.3206356232908646
0.1224924477657503
0.1974944908949594
0.1857239532366265
0.3770992506976327
0.7236863260196822
0.28164522041833484
0.6786416072267786
0.2716205699819617
0.5662342961426664
0.6062058267226808
0.4616485079954942
0.30777930459955627
0.2714650816032499
0.01093256275545973
0.06926486990442082
0.7883004750207275
0.4853687803051826
0.8452633705600134
0.9843716843213369
0.27822541468404527
0.41741359836416825
0.6023774686850991
0.5941688630810013
0.9209023882138119
0.14266914863399938
0.7653910063940288
0.4892893050007978
0.2643463752471277
0.03811658767899062
0.26122735928782903
0.21571836668345623
0.8143071256530245
0.8968771046426923
0.5671145736101044
0.2776451321712551
0.3204240957129807
0.7181921210412763
0.6953259358215623
0.6590983297405469
0.6231349690622389
0.9063400284370872
0.9936948851936388
0.38319585745147744
0.7415443397132423
0.6282756792468773
0.9425981937377537
0.6600643060242951
0.7662480454825129
0.37763092947056465
0.9035164271426218
0.9879606577707473
0.036147125062230945
0.371815180023933
0.07994432803716478
0.1668552354803916
0.02457539777090345
0.269307651901205
0.7883377914760531
0.5597115746380702
0.33760293852722334
0.8358333806162548
0.5049483681459889
0.0939252259326131
0.23616698363115696
0.6109675446575841
0.05381018207055255
0.43386059088818885
0.13372122104145823
0.3308137575308502
0.7318080994741629
0.47515036742280325
0.5923829936313625
0.8477535885279067
0.12867032138163703
0.8124002810442102
0.44309713569798403
0.5548662525076887
0.8928924153104687
0.11416685369184387
0.7891246737726868
0.8704687511728335
0.7190138365116843
0.40255357405743675
0.8172028879075051
0.16732891986723186
0.38733235074244676
0.07949682314278061
0.5370129164044063
0.6414541674959163
0.7740554601316405
0.16778961632291955
0.7971300794449206
0.0069619760525387875
0.36805209871791833
0.6421179777246941
0.18442076779645356
0.5763879535249017
0.9797823854888144
0.913861161972615
0.7038891795031961
0.23989035357669752
0.008646163078589342
0.5031332356162871
0.45726631733036827
0.09216057161278202
0.8469068353363293
0.6825206646091789
0.8911721995984906
0.97245099942207
0.7415089710342762
0.40919679652274343
0.5694719750588398
0.980983234736889
0.7095242957752876
0.17557046022937495
0.8394851546340785
0.11410123616893786
0.9086231371611275
