1672581
0.5085781591409206
0.055142991561233035
0.27148621612523693
0.35384689501707034
0.6948881698463647
0.2213236402882588
0.4691005998935419
0.36590032234292125
0.222298062657998
0.4433752032294327
0.41404106304565125
0.8619329613316263
0.47124948572449477
0.0477063027106156
0.6412328434539897
0.5106873814370779
0.3698583446185779
0.7466180545627892
0.6575032791152544
0.7777653556890343
0.6380140021368371
0.3500921030667904
0.544018922419401
0.6078637210261942
0.6337818941051159
0.6164191646957873
0.5691223122773703
0.8225265574371161
0.05018714505843003
0.367919650541377
0.2710718555848607
0.8093716279376865
0.3911205275573014
0.9677338322400764
0.7914769821277498
0.31410086932056336
0.3670221803227184
0.004636165173708573
0.5927597090364114
0.6632065663964533
0.09416283861617203
0.5650543568105008
0.0767631014804373
0.5431359052488645
0.25575632441177043
0.7849509812716962
0.03666617490991386
0.5407785527731636
0.18880048528803384
0.46895159877234516
0.32065347628860663
0.010493245450055033
0.19745902889225941
0.4400796772910285
0.5633270250152718
0.47449098398269096
0.26195960197517354
0.940685893630829
0.34963728159776963
0.6862443072043326
0.7113981369796223
0.8436352724605776
0.7161486416539472
0.6906928578306722
0.3595034614015168
0.6525425338605377
0.46574444402722437
0.7003681834314384
0.06433027008919168
0.27082254672995276
0.3744149508922733
0.37316101278487146
0.6660123214715763
0.3015490314533745
0.0025616186752132064
0.1253071024450776
0.7811220890804492
0.2035919317706264
0.48828904257487404
0.44226807960016334
0.9878472749948413
0.974229619851879
0.3964459795395229
0.7605362089942181
0.5231080355445556
0.15440909666180036
0.4247154670645731
0.3849930479453022
0.7309037765436294
0.8600539924796581
0.5268428078519704
0.07930372968646826
0.15059136920466032
0.2312964450244387
0.8031300070831615
0.42093013300970994
0.31446158242016675
0.16123571418403826
0.3296136115085675
0.7476977684279604
0.035894322845983595
0.4168028633014713
0.9498824899563125
0.5394525546658024
0.21253687485846662
0.29653732515441966
0.9372805439269701
0.3761959663382942
0.9433641237899467
0.7835580338051434
0.35027937158178923
0.19318724944121912
0.06414337349199417
0.746737864204089
0.8500936245450066
0.4138545325452847
0.04274045746018551
0.11906731695338768
0.727152275822419
0.6829569714142806
0.5438681381574654
0.1394192870865888
0.8918270284807917
0.3452923811291724
0.8722913381215587
0.6824037621853533
0.6248585426401518
0.5193458842434243
0.9341687096035745
0.42072794631865007
0.9542105377862883
0.6006271711936825
0.31812299959289014
0.06545319982390607
0.6276201251348642
0.2960449290805923
0.5907976721546078
0.21176755602672792
0.783902578277014
0.838519141795781
0.9260706890581701
0.38136884671536275
0.5911072985861596
0.8601331823380277
0.7427608304123219
0.6972795177165005
0.315910971622659
0.5124791289295864
0.11257582031476099
0.2528917727950448
0.516173052275253
0.8144516445206469
0.31821537461868843
0.6442673061538522
0.3073676404167973
0.8805970064735679
0.0909567495629432
0.3231931026153706
0.9436447687462161
0.6372254133231245
0.7377143087192679
0.398220858311929
0.2755636864831016
0.8688467520319769
0.5794783693050278
0.2618946193600378
0.9990790836354168
0.9540907045555986
0.8662032102760127
0.954597299494337
0.9941508491682444
0.4481245211406746
0.6076275673915321
0.48892378694204464
0.4663866424871379
0.7476828901639706
0.5651756931268085
0.4532143593710052
0.05141583093412039
0.43517572960262274
0.9870003502796725
0.08885944792717015
0.5192324763208528
0.5399418902488373
0.536393902710874
0.6932124618594924
0.22453354915363932
0.8775676391819139
0.2632071634516129
0.6384246077614328
0.9891186900164033
0.8322909616891604
0.3985801243846867
0.5162421023585855
0.6737056151582073
0.4328636326861198
0.2152024241245568
0.9197823171749895
0.2990554162505553
0.33884542144038543
0.18848584209813435
0.15553250371754634
0.21009041981611165
0.40215533838970763
