1735875
0.8214780519991826
0.1312975346402525
0.24764080166521452
0.3259648796835094
0.6567927040274933
0.8935299835835954
0.429971611629024
0.8307598711386309
0.8174884022398256
0.8919222630868316
0.960909858259215
0.39780827697247534
0.5223485150819599
0.6115858391450828
0.7615025020724779
0.9618013653333751
0.606702244045491
0.3881209496183655
0.6703394214872105
0.05876402697800731
0.16869993027709906
0.4188221727560856
0.49425191004615265
0.6251864716087182
0.44332672387748395
0.696668023873513
0.2779757690077693
0.3377532292731126
0.3673199833873312
0.20257405743924994
0.8462763656847861
0.06401198213320192
0.7991321135264184
0.79392845655086
0.9386343901302813
0.48748942915706805
0.6403073540850132
0.36121775318138327
0.8044428618074444
0.9951753468789347
0.16811748240019952
0.989589899009455
0.9557673345600428
0.47096025169155764
0.7340277990080719
0.05849013312366169
0.8850728781778652
0.7255253861838786
0.6085418908050848
0.4400455754986242
0.9469229353982405
0.9113490793457102
0.1601992583028995
0.21566167064412778
0.2755067878185752
0.4209062337686751
0.7449776637099603
0.6203343687635654
0.5639539042994537
0.44680282377237956
0.6520773256551555
0.24546997383401148
0.7667448314085614
0.5945006445493858
0.20304192077906102
0.8835441113648469
0.3031302772517459
0.681452114184208
0.6333968347732633
0.7817197996122546
0.13732104323466254
0.13087868610352815
0.6994624825790153
0.4865847544263112
0.1903134696522848
0.1740903477325887
0.04772630249131016
0.9084556324595191
0.898566411584009
0.4121584771220045
0.2601345895157672
0.7112372845884731
0.37634746465814495
0.15591741026800487
0.14589083989510487
0.6426134976235383
0.5614173515738742
0.3626848203409505
0.28882451615434834
0.9593847107046289
0.9278236840578779
0.9187548779633118
0.07912056221074837
0.6740578628090921
0.8349258850649733
0.47863217721926565
0.4591764802241536
0.9513315647514702
0.34837558799524315
0.06513845602437485
0.395580146112372
0.6169101417422744
0.4166276876109596
0.15893830124242792
0.6526789364132729
0.4061178883141302
0.6156592175145588
0.06169415949582602
0.7879358871855653
0.27607491439265397
0.2849243747384119
0.903974582237584
0.4152467213097568
0.832734305579651
0.7691762105468052
0.787204506476412
0.6896168524268844
0.682870131373836
0.6536361651583223
0.1983595303392257
0.6550750278346612
0.3111439679342817
0.33409522963445626
0.016770848772085678
0.5674259515247398
0.9036676184717042
0.9988811218400239
0.14432147434218767
0.5544216978764887
0.3920180530549846
0.11622813084849737
0.03347805814725213
0.008157424944507108
0.8754500519633008
0.8184374140223705
0.1620170446423056
0.9179739977363889
0.49409089416320306
0.15331731138450366
0.8089680880830906
0.9468768631358021
0.7721906834227226
0.033744719136725276
0.3232111504230223
0.43045601491644603
0.42804080393307564
0.8577902151139497
0.4443283386307204
0.6345201878295398
0.655962066633376
0.1947009618474066
0.13472534166324746
0.5461330718284145
0.9258033318238269
0.6361374261270443
0.8127012623117467
0.19246761288516967
0.4166801621605173
0.8974108295591148
0.8380602432730148
0.9828694961209069
0.30422260954658475
0.5200706201159035
0.5950213696219515
0.8517490380074497
0.2543896475203279
0.0750420753324752
0.5415987060630828
0.043395644013495716
0.6419474712812897
0.5946163342477803
0.15028597523311882
0.22453698965069824
0.20799736729299478
0.07194605500779938
0.7517957418346352
0.23644076220489318
0.09847848764168743
0.25830227986257615
0.9117659403063074
0.20558346557233798
0.4843594307410797
0.661198695742716
0.11976150731561541
0.9203878753163126
0.2542719667047165
0.6005920468856489
0.25056238693310895
0.3512567004961259
0.5916288391265843
0.4157180372899686
0.46964350108739794
0.942106755445953
0.6008075155877004
0.43172455921169106
0.9979161244059459
