1659842
0.18310688883595805
0.10501342224237908
0.9334309537920681
0.2271757157685228
0.8734758713569779
0.11592233117881157
0.36373295215672274
0.35105325769736606
0.6331373817602889
0.04181980244332728
0.6017642632812809
0.9893632750619432
0.9422496541253241
0.39524490999080464
0.5677286425582746
0.08191404250434797
0.029222164837619524
0.7372304027170461
0.11085775696143407
0.23074344561885718
0.2514934690524765
0.6378146409000164
0.46126502828285276
0.0779478679887955
0.6969597802936082
0.6705969330916653
0.40722607492002605
0.9455969471783127
0.24436586366511126
0.5421966406642873
0.9913733611971426
0.3820518810586351
0.1891343842299955
0.11470342880201945
0.028081769782755783
0.18185652970168054
0.9405232445946683
0.5176822966838293
0.284360552868285
0.6504719379910474
0.2266651630312999
0.7660237080220593
0.7378566387880893
0.3704766067207771
0.705957326877293
0.3009055209422429
0.9281129484655654
0.49245661195621626
0.8764332979206088
0.6533604370897852
0.05101456646650249
0.6216606197490868
0.6991631506104498
0.9934184911820769
0.1113948078913064
0.7005971862035335
0.4073924313292636
0.6725216493217391
0.14506211191729756
0.8981026848643163
0.5600436875488776
0.9928830625507401
0.24904764804011936
0.4070099698143018
0.5163692928251044
0.3446911185823537
0.9176631082034952
0.2253996292609629
0.15795777920358112
0.5405341856894816
0.9719965442063083
0.4505170233305187
0.8649602967030388
0.6461489179929373
0.19176354511060256
0.3497896932096466
0.465317302366659
0.8575715815564794
0.6109701480356103
0.48998190683526477
0.11893076153202098
0.00699817006481851
0.32263287612988945
0.5033740424747917
0.8731397597332806
0.09313582269223486
0.5528400357533279
0.6489562621228009
0.9315227500267234
0.8265546092140732
0.7107281773741633
0.18697767210121163
0.5149629291510882
0.5565251829770225
0.09848600250400363
0.7267936701705395
0.5620777846572108
0.10305473197435944
0.9742872769349378
0.13080539213576692
0.4155274040898904
0.9563094130391745
0.701093654142175
0.26138725865267065
0.07138089185031782
0.02533929742631491
0.7855570365198207
0.8430498114707764
0.5306335023997307
0.6189968555180126
0.7137901448995551
0.9786868376059333
0.28513195452455853
0.6241680649187502
0.624563343463275
0.406606973122448
0.9945787410286431
0.9099108114710477
0.02552464323617787
0.41415220935066743
0.9669508779663322
0.8308220175100324
0.9543286447722897
0.43405632616301215
0.14158216750366726
0.3289318925042236
0.21409976918162454
0.7412988107572472
0.8923225711409947
0.5406496511088875
0.5714436483553381
0.34106091858782195
0.11760167879120942
0.003762158156119688
0.09525999687800113
0.09249173046400239
0.7648882558971423
0.5292131977634047
0.13589916465719465
0.34834451868784444
0.14895073009902748
0.5533675868503716
0.7967435562034304
0.9071445795116941
0.16648902420128975
0.31869129602224766
0.13408449778114717
0.872401377845454
0.7841205269830268
0.5442548662117388
0.7362038197371443
0.09247959327677913
0.9823684017304485
0.34219414818020766
0.7788586200914989
0.21509529016988782
0.6752141256728862
0.012239103214144897
0.13190685050597317
0.03200458635175962
0.9929394430790163
0.003647669881524651
0.6006003084098985
0.7123040716722076
0.7153985424302792
0.7723584027032155
0.925110701892546
0.7268639205658156
0.5735234074801268
0.48090256013440036
0.7331435130512941
0.7517656450095488
0.5987812596008101
0.4895916688924793
0.24303343571764058
0.6052188917271804
0.6934655775507742
0.36972493877116297
0.14850432407756486
0.3202820536641797
0.119117102513558
0.7330358093437549
0.781315531833386
0.7848143749054891
0.6560349644870551
0.5163243825499582
0.34430556014546787
0.9904376288400528
0.7737521952643133
0.4861988971965677
0.7348833050624655
0.823887662826784
0.27051390180310053
0.6360758802725561
0.2378055305914677
0.5069876254917898
