1111789
0.5121483541384058
0.502019183887153
0.9865827968460309
0.7671348937984995
0.9825005394750413
0.17101162510923817
0.7527990029229574
0.9883502291997128
0.36193940227258614
0.6098461583186412
0.7503698856447799
0.6570685737234978
0.7995619259665045
0.0762939518056378
0.40408657207799237
0.836839466468683
0.13012777953850918
0.8280742078020435
0.44342910835499016
0.14004836876109272
0.8733101787496822
0.3140521815765832
0.13311061369277688
0.31549669538140035
0.821883680402784
0.8820246622957562
0.20866241691914256
0.7700647766439307
0.9610666097968616
0.014109446532187486
0.8769536878640667
0.1414317351510742
0.45440062544279236
0.8829822965976892
0.875328951824306
0.08667759579595335
0.9559631927973478
0.5856815563797391
0.24808490946892525
0.7806947093453543
0.5643732567628531
0.7564265351318088
0.1952978129062809
0.2286871626592667
0.3209646361699773
0.38587322968645255
0.07655145485918868
0.38863795936826806
0.2726650163661407
0.5814566446686631
0.4109047742852703
0.2724760823678315
0.769533391766575
0.691946151840031
0.5044772428396
0.6487764860962065
0.8475720560279285
0.6890667834286754
0.1583194381962969
0.7051776238965938
0.25934389752050524
0.9500153335154958
0.7617748767735384
0.0453033981330313
0.9580895223247579
0.6169277026142712
0.960328670551775
0.6928269545399655
0.6154526093394976
0.522829800147196
0.0019772960134304407
0.35441613361892177
0.05858666222265396
0.26833070804930115
0.8124429992639671
0.05365161581627298
0.34932956170335505
0.4092942575778056
0.8270953799619603
0.3896101352237098
0.5962967662191195
0.8729507152247303
0.6162318703188019
0.09665737839918098
0.49015830283836714
0.6583875334152219
0.38040749847575006
0.2860959315238373
0.9830282528809926
0.5970843705075038
0.46379416695729936
0.7356657515128388
0.4948098768738116
0.45013426790582123
0.1360875722925926
0.8594961330303295
0.5225033662583203
0.9010193789075642
0.02727035634265851
0.5389594110516256
0.5528975423901744
0.0662861232415608
0.7645777638537784
0.8239784525291128
0.7347304249378834
0.9911915699534761
0.5573022741884814
0.6246917250036966
0.8533182648429187
0.2233687094379022
0.7026119822229883
0.9049808035156526
0.7688160569636197
0.9647857899175687
0.24434688937444615
0.5622169012095255
0.6286872326871814
0.490750473348303
0.3067964938366472
0.1316852643880735
0.8456236201579034
0.4944368464672464
0.9467504688068368
0.6894964517469063
0.04407169545754541
0.7663897266005109
0.7196541431621768
0.8443965523988073
0.9216840856087363
0.15068679514905658
0.5394890896694707
0.5067388789532218
0.24643050028813718
0.03291637939537151
0.8270378267985297
0.2019816981713809
0.015765561505064696
0.7098548608373872
0.38748195657533413
0.05642834443166589
0.14116520044410508
0.8667041014679681
0.9358201646796984
0.22452688515735575
0.8895078021405036
0.044976276103804724
0.6973838358429163
0.4498988758749398
0.7121895072304978
0.42258967831748084
0.05076510877313034
0.6563679138720333
0.023527991026392803
0.447465994362778
0.7517625354163291
0.9506100742187845
0.9519227725850851
0.8668954851712605
0.8794880529541309
0.18465044154845167
0.08040368844904666
0.4771640440375362
0.2795680630281703
0.2742808685082895
0.7176142960728803
0.4814114668098922
0.9444105644277951
0.7985761962779686
0.2959398061068318
0.6884181761280034
0.4667994581794408
0.016037362945726774
0.08040432985342327
0.9109927766867436
0.43061583099297507
0.324491532343792
0.49012534269973995
0.8298606831832656
0.3612756101605097
0.36473112233717486
0.9835280910508437
0.27742957522748224
0.6485114437087215
0.4219745481674957
0.6391862439181892
0.36553498990645017
0.6754164227658864
0.5145840968688721
0.2760691989901467
0.13224476076344593
0.24020546769667617
0.5760768281010763
0.20014093281700962
0.4150288412404074
0.24094034735414882
0.43431652497998485
0.4386686604652261
0.4710764682604771
0.5085021151660486
0.8708764839700064
0.6292643450301194
0.4602700085370409
0.6193848609726278
0.9039138140970544
0.5675955895340498
