805952
0.28230104224188
0.49742333847310316
0.5794982074225518
0.7858669030531421
0.41664072126048746
0.6223557100325168
0.9791890881740949
0.433586120282647
0.3525531924072426
0.7031625753454038
0.8557570909471931
0.1627948675464984
0.9160674228298264
0.7454115782103954
0.29429718573676966
0.6818564680853457
0.301799194807972
0.5443767778182274
0.06258207017445205
0.1350578069822269
0.8997417078742318
0.7694902598321569
0.8623566707147472
0.4896967691662433
0.07061970552025709
0.9707232326848741
0.5223754100488367
0.6679901525782906
0.8681288532417315
0.03378245352294407
0.2843359750367924
0.24805157203297
0.3323581912373361
0.8385470442379674
0.7244646611819096
0.17635240848026867
0.3859204035315159
0.13395971186450029
0.5263599894035332
0.08349343922437813
0.5527913723584298
0.9326258988621778
0.2748028905740053
0.4757785445499364
0.6895864709823207
0.04966253518366959
0.675593183959556
0.2869958682193401
0.6699779884700233
0.7628782430257851
0.12307385888476086
0.01797613264785125
0.4951848288850136
0.9551550334547443
0.3348558807535751
0.9659118185849368
0.6169417826079564
0.5149409503391325
0.8523582539137893
0.8510847479410688
0.35408227208739573
0.21705231580274753
0.5661293797287169
0.48556398715599325
0.15984554318722688
0.7835229147011865
0.06651706387579337
0.9965997102131645
0.15424497358206124
0.33302689002931696
0.5431067910996656
0.5168532151817898
0.7743117796130037
0.9674408761702583
0.16044862481454325
0.1842667090594302
0.6147538248353848
0.8154003136046651
0.322945313111612
0.756291161781327
0.532546877910333
0.455243462094684
0.008375388487112168
0.13635406756945512
0.8712013472874491
0.27352632639321783
0.39737654726743044
0.6348635456865847
0.2239246774644822
0.980329996008677
0.35531671409479604
0.8427086130630519
0.4996259317129852
0.19887183321627533
0.9333308656895115
0.582130260978507
0.18168557760192927
0.774470108983215
0.9469040654682374
0.5180014549963237
0.5766401195330068
0.20670170574897861
0.8632323407462853
0.6619684825306403
0.5384079123160639
0.39863047496917825
0.6826945371035684
0.18257009308924788
0.6234088541305656
0.7382740624275668
0.23512012494999246
0.6463651190192187
0.882907321887997
0.38001499539524275
0.3281392620204492
0.058262805614284985
0.5311342299957931
0.47745183940201696
0.48275297752025625
0.843664885676816
0.5412207330466768
0.034224508688583954
0.5703630346207471
0.22069183775493562
0.8157026454019151
0.985637318660633
0.5258527436636232
0.24768012368036219
0.9543309371890277
0.10144247664076911
0.45291085960312527
0.19930143683130186
0.7991509385914681
0.30893543381225375
0.8606433861060785
0.8240686458012232
0.875288281446762
0.07555280524327745
0.47461836360931753
0.4666572766533187
0.5656076441424022
0.5614526165101966
0.050841605896702946
3.860555831065593E-4
0.3583854546700016
0.35509587193541503
0.887761743404452
0.008362967621421968
0.7893654652055604
0.7386368177390913
0.279255376347995
0.6762184545970433
0.7630418309602945
0.5949694160779662
0.9806440159038471
0.4150106493207366
0.7827414633616699
0.264565534003945
0.870146702802507
0.31980212660024143
0.24505353908767824
0.8877801634296706
0.3797732214969022
0.18757132497564766
0.36138102453643106
0.027087733412915038
0.942514641518675
0.9675361653021225
0.45786538514824726
0.6537526253730308
0.6567894726403752
0.19763128631032656
0.37466200586429066
0.9047261168123578
0.6044552107404586
0.19279440359634026
0.43652116187532863
0.36810124914034337
0.775296670535024
0.4938812791092939
0.9988550399831012
0.039245676020856934
0.34875399627566994
