1399813
0.3100361634791914
0.13924358117590074
0.9805398381139695
0.09276450188125318
0.8270293631556188
0.7760173646002012
0.9791948554630414
0.3928100959176073
0.5785007641242694
0.951929568172676
0.7181193657142039
0.9139581899164421
0.29340488892128147
0.5237988338558364
0.10841791547913648
0.10989681703279552
0.5740023789129993
0.9652887031883042
0.8180903329085121
0.40971176911811236
0.6664869569058568
0.7748647083586869
0.6652212736446705
0.7559329292349247
0.542114188081495
0.37172091507717475
0.4496171125675451
0.603831989689075
0.21293519348541934
0.2135930499183324
0.11232432330157716
0.7257517493397484
0.4572145091177273
0.722914503074705
0.12906620195373153
0.4074120809853674
0.16183817418916113
0.49156087039687013
0.3414857574969562
0.39755052870628416
0.30249411597793274
0.14946682588763105
0.009184073576033014
0.27792097043430775
0.17713434523706717
0.2286895588436879
0.7258955347007058
0.7575863790871177
0.8842042560145617
0.3320307916095202
0.9847422752695435
0.7636072627065559
0.1943513427858944
0.9241191933899527
0.6003622431079036
0.09963997421499748
0.9028018197977702
0.10289379782426433
0.8998063287455154
0.8746244319958754
0.4693208002274539
0.7807182326660292
0.5794522879742965
0.8656538022170295
0.25364751179014067
0.8068945679915502
0.39178402590837225
0.47228354987513776
0.9365242325912061
0.697134518986207
0.37373676391442323
0.9439508536033996
0.7799137080246364
0.8005850475671306
0.15741011176954778
0.11783957689917157
0.22472667861323736
0.9312943041307875
0.01430266757873
0.9914401697446444
0.9503578114925711
0.7185429326117589
0.6758230501122569
0.07221768198402545
0.9275541291078845
0.189254999001913
0.6456844392990707
0.5962154569593645
0.18461784354566202
0.3857414057457458
0.6738903913504622
0.3880857592942819
0.9766709379163339
0.14331841013725044
0.29737219854631036
0.34695301976304704
0.7986859702602409
0.5048822258977064
0.8689388634192362
0.28567928629302375
0.21521393697245828
0.6333103059189454
0.2940528182516159
0.12551524075163278
0.7932167691229147
0.4975985157364573
0.774045638084555
0.2537850279622168
0.5191386247457732
0.05493290409860452
0.2147402549892159
0.1891659128245602
0.9573260169421378
0.12843335598173
0.6010467221463716
0.567289514781275
0.06413473819764115
0.689096116025141
0.5609512428193123
0.8588035543633717
0.010536543574665935
0.7905004336251109
0.5464189482747474
0.1626988665267951
0.5857664955542194
0.9761343850654022
0.5440826560302146
0.8796191695328092
0.7555273272521266
0.5817333822480987
0.9951918204266924
0.06303597143761408
0.7304944847561544
0.9888146789329306
0.6521467305347676
0.7705845172652578
0.46434196631474245
0.5506292642565634
0.4280452639003992
0.7935213022355341
0.8452349393739326
0.6080425106676808
0.9060205609188525
0.7291770605228215
0.9707129937100858
0.7403934367155279
0.06674979574484285
0.47944384793244477
0.80311298196812
0.15517182365352533
0.9653658766325157
0.9077483075984026
0.1911581169098363
0.9103911686471688
0.5431050687238841
0.5676280331322556
0.7130659566630122
0.4848250864251512
0.4943755962778922
0.1279410539483934
0.04750460373326082
0.06381282679286282
0.12653338650923374
0.3629032751217206
0.6109530509333143
0.7921300808516893
0.44750317093506087
0.34956255669331937
0.01349823200651401
0.16045864590268932
0.2954840911473511
0.8209820430079884
0.4798276040438555
0.6382792302597812
0.1853312229305767
0.4603193812470415
0.7581530160958979
0.6435493417596695
0.687805368320572
0.2891530170428971
0.19702810097628265
0.948318137347938
0.5807354686380745
0.20282014009756988
0.608497673758764
0.6594689629817618
0.7152394236016023
0.1361953390517141
0.2557445249542185
0.9850691113996728
0.5255003944627895
0.30525295843544453
0.8043755902425765
0.09934591943393045
0.37719770188154167
0.4629203509406664
0.3587157470258636
0.553096511109452
