871731
0.6579112087193506
0.7415781585351531
0.4017401896950876
0.009955646236761151
0.9553035776430074
0.3064878269462378
0.7802880517775348
0.1985357189022452
0.2648245559141844
0.06608684025089628
0.4588905071028003
0.18676864438330154
0.5044980463003558
0.5882453783520588
0.7700011963003819
0.2967570007066156
0.31483167638140663
0.37801175396548636
0.5190198503783723
0.04808820340405828
0.5735850383648544
0.5640878629030559
0.7335645917790687
0.5220827876103215
0.8993917296694239
0.8103534062469323
0.0060435198751487285
0.38260766666144563
0.19690272986980062
0.7033895793338637
0.5360731634422256
0.3062830087800371
0.0651759646428175
0.5946975890590482
0.497745488893915
0.6751108702539469
0.13984497009490238
0.4783293462321828
0.07374302627819262
0.012380005351183332
0.12076200281571225
0.28698384539379895
0.7936047466270157
0.09759193662702492
0.1975100212014328
0.32624557722138925
0.802541335514333
0.9901206758634791
0.04224525245744848
0.2676187291415091
0.7949277587577562
0.3262926103829086
0.358361460758182
0.44159389876125965
0.6241359310104555
0.30204728377427015
0.9573330556740473
0.9606064763491432
0.04408732373518509
0.362657255996931
0.9838742216809596
0.1831641326358462
0.8860191526041755
0.801391052690932
0.15592330575707558
0.120654439290513
0.3476067038220838
0.736989014963603
0.32203749257822867
0.9442041264452816
0.09102123791363925
0.6109324253513134
0.7770672370651672
0.4156232876237421
0.6013491172583878
0.4919095527668803
0.9369389749770777
0.9520721051303673
0.20196128475658037
0.24436951100445992
0.6454103305313645
0.5519717905202614
0.5272853344715458
0.20802619797433897
0.6593518429104424
0.16814829392013142
0.782571577253616
0.7876740259755775
0.9841156498144099
0.6449350125858153
0.7681090637304745
0.36594725538185413
0.7443814444660526
0.801540751169395
0.13948850212333042
0.37905380422414336
0.32872537396700785
0.1356445297827591
0.5993949914180241
0.9917003152958436
0.9303197522470675
0.38411478293246515
0.03881279559801454
0.8711152303677795
0.06539308564505086
0.7511162469161105
0.37717653754518987
0.31566165378467237
0.6422294819734936
0.2870796015566013
0.5736329862068131
0.2744794533725148
0.7349678858694128
0.4894774178310086
0.8303902284041795
0.7284024789338437
0.15168190985649033
0.03536398272981234
0.6374890376117149
0.6776270228748646
0.7677995307459223
0.15397570753367007
0.9118635645455598
0.35657589120786193
0.6023257490747703
0.7124006794380909
0.5059830770506858
0.7243900069876646
0.6898076737549516
0.046119582105816015
0.091478388857125
0.35225616290787476
0.7453557618291686
0.45756677841586435
0.7266874648785858
0.3723953355095816
0.7117189200940659
0.82272722773733
0.4382363377328701
0.8948081405466987
0.25787944467057045
0.9522047174818286
0.22051021901769308
0.6970332501636258
0.33343218271281805
0.9394676012620315
0.008659716514171745
0.606594475394272
0.1564394337676489
0.2162900647026491
0.8004645997440805
0.4722018292476182
0.25831787000017603
0.5173206394839176
0.7503047496402072
0.7407669296861743
0.12022234315016744
0.9316768497453635
0.5121101840072928
0.32178266683712053
0.6205091178281178
0.5453763386201325
0.7590528871898593
0.36418659209628235
0.012444996456455248
0.8598573576806501
0.41909065561125114
0.38326895697089636
0.7996314667591519
0.2779662304236086
0.9931167777731755
0.06288418623465519
0.6181069961176566
0.24269657404590927
0.5573912262923169
0.584631989682991
0.8933205914289523
0.5389206264563033
0.646463860286493
0.7591651004875802
0.15304194739570598
0.8278896522444803
0.007095807708800139
0.9854610106280269
0.1294156574820443
0.4768760733778008
0.9857487157583662
0.25215206879543717
0.9928107922377795
0.007639514667193592
0.7537990212442761
0.5516623677474973
0.4401866191741982
0.9241563927251277
0.25626530042248863
0.4129413760040195
0.4604313558490629
0.8036532707424293
0.9676726921560871
0.6820846301820139
0.22842413057029187
0.5946830482192685
0.7032154201193656
0.7312182040906834
0.2486546174989953
0.15521470379378088
0.599475305891512
0.9977149073606102
0.2162586285045558
0.7361918919055869
0.5457363782396958
0.5623877765155485
0.19881789375931003
