2453965
0.9924449557287252
0.6590359804552729
0.7884739992357106
0.5607162124284684
0.3929951189856248
0.11056826119541541
0.49675328233364857
0.5831161940844224
0.14586811840339609
0.2755888553042991
0.2002894812529794
0.165727116637303
0.025915176772699167
0.07885045085719444
0.4951060513967456
0.6438490482211303
0.6865001505140407
0.576652699428348
0.866037609541457
0.6026504060604353
0.31701523481370464
0.7516034317041279
0.490733560048217
0.7501177683476719
0.041526966240951646
0.44626258108090855
0.5300039805644062
0.12122033387867603
0.4768362480172844
0.2694914093560167
0.01581990400063482
0.6964665778708968
0.56637191736797
0.25910202168583374
0.5276170232325965
0.8161586264213778
0.47381457232696156
0.3050528985853561
0.7118841498949826
0.17860511574192361
0.14415766597621904
0.25689105873702345
0.5097684253045115
0.926170823201401
0.24891120883292805
0.7141354768568802
0.06986195881829316
0.7954458663073964
0.051091637593720374
0.7134284122895139
0.9300904894977425
0.14060585584252205
0.5924193775485319
0.8367617708907116
0.5454859799944148
0.11293221321940661
0.36850440224865244
0.0780788201784064
0.04377733390269811
0.8897158856855846
0.9362156442328408
0.5924210252264699
0.18846662113565915
0.6505681586409386
0.9107281372536674
0.7517595513405471
0.1500980918618594
0.3784730633523624
0.9556036054560614
0.8537941705305832
0.15764913151948023
0.09446700256505303
0.1540212398059031
0.9641525668270305
0.3564811652807691
0.792319481117695
0.00727714245891764
0.0792186980260059
0.20830016072274604
0.318479011395046
0.3503833818689227
0.8071483552027456
0.5413101291616179
0.614371228063232
0.9141292027428435
0.7712951188243727
0.30111683690011315
0.15963707334070654
0.548318628339009
0.4070607212556294
0.6783859233597729
0.43008582240736415
0.09172993207925428
0.028066888928951372
0.34077043363014003
0.6139597671780683
0.5991348569454115
0.11713490364758972
0.3082800439181663
0.8699252793307894
0.9768087725927179
0.934945578254234
0.6068691479988927
0.8608965919091578
0.3648369740287505
0.16356444778786206
0.46717468475723
0.5059920944336428
0.5453347527412843
0.3990339637060941
0.25397841076617933
0.7361078534292971
0.3338348571274036
0.838132823086436
0.45289549558856446
0.3865237941670695
0.31718614660148114
0.6819363796030541
0.14090305834478944
0.45374007981609
0.40618541850645196
0.9073885533400017
0.8863281848355059
0.174110683389331
0.6234305103095342
0.4261144298486791
0.6532482397740007
0.5021896323465845
0.9924373072064743
0.2772924028456263
0.2529015439761775
0.6088646140184203
0.1677164650358124
0.13866821912925043
0.4468850614648867
0.047852245258382387
0.4987076519250222
0.7732343707005274
0.7395295804901922
0.8581412371969042
0.089843040049988
0.916273025283612
0.46818968718461884
0.8979444900941946
0.4750107951961394
0.5248485974408305
0.652479410090258
0.7473544915039648
0.5255209734825392
0.7558833677610011
0.4797029633088852
0.14399804622472934
0.2675029272187577
0.232529728717926
0.6281754408121918
0.8353161683405689
0.18279449451555851
0.4015158649826017
0.7007035541291808
0.8371707970827509
0.7115337499208916
0.012250891536568775
0.0023897375375305785
0.10343381025127796
0.5503649462436871
0.7611160277133419
0.5092448268999439
0.9699957942766653
0.7697081471991171
0.8591643682395224
0.6167585000442294
0.9403870018824451
0.2904149071057682
0.6340311098292328
0.2040973873180354
0.15964330651283054
0.5315376220822022
0.44467896945169816
0.5730781903457817
0.23092459427907985
0.5688650728890611
0.7157284253663305
0.06248738619169747
0.36829129523945947
0.7716890268089321
0.12395662665930451
0.6053573586211597
0.13331898425696842
0.6278701923110744
0.21746409982549597
0.5470672132292039
0.7080585178689425
0.832982687559451
0.02444452440564182
0.1564595584945312
0.20204117668041865
0.5057612368765365
