1170831
0.5940763890870009
0.2934892298086461
0.24586309231400605
0.5620310875131078
0.8524297916604202
0.9197822949204514
0.9610504630502553
0.7759682123907399
0.4045509764415718
0.47117985305568244
0.7279130774865795
0.9702056714920085
0.7360683902442196
0.35874507966222835
0.768202686285332
0.18945897681898693
0.09395420708437985
0.30645280987636725
0.10760398345795497
0.29773880826926624
0.2438854592094043
0.7872906992476068
0.8324783213189245
0.2871663495405694
0.7646091679493524
0.6102649685399991
0.9233050374622077
0.22374016549333753
0.20758092039791065
0.8322309459809825
0.08863981918926034
0.7735156607891058
0.5822026078429904
0.8511648753987536
0.9084101966302688
0.1612893605924015
0.9371649049549565
0.15269643021841206
0.16035220803578398
0.5827042941870523
0.3818674463193211
0.012757928631741855
0.9447809069031913
0.34536055844797786
0.2946626420863814
0.48943727473006304
0.9405666187702489
0.9765713939191893
0.5309958365204772
0.35660554559452207
0.23217136147436856
0.17438199237567065
0.821966703846159
0.20474119025031912
0.0010955727242610847
0.5534761429494705
0.2805160721424681
0.08115872337681396
0.9323962819292868
0.669092039686383
0.443091858384807
0.45820029534893214
0.017105152511529664
0.052690772940437114
0.48487807313701103
0.10991452242387234
0.3250270521635128
0.6660411758690667
0.8797942137441224
0.7364063013898308
0.39421475419062024
0.02973829903779668
0.2861683529654854
0.4317587756118486
0.22149161644377513
0.8501254418807658
0.02961726012662158
0.6656712089488475
0.14869731385235818
0.5229948661248296
0.08063148439723611
0.6909985494241695
0.7795364032607773
0.6390015295070377
0.7389500074781198
0.3525509547131781
0.5381391912213737
0.7750558571479423
0.5002404069144063
0.5741481672590144
0.3068488495513976
0.7073704527593871
0.7910829675303211
0.991076567090825
0.5186063891472521
0.6714771212511748
0.7833283089571405
0.7477746210980668
0.9542323232060643
0.8521363950186359
0.605383675351451
0.6656326964377922
0.28399433414659125
0.4481223119423472
0.45041534460646315
0.8857925102362151
0.424209251695006
0.45413181016829296
0.5561617637754293
0.2860419109596337
0.955038154572422
0.23135616706086248
0.1259614785608475
0.9645576058947156
0.24852409782251672
0.6177402832478044
0.9875705270584437
0.37796561942798945
0.031192585726338873
0.5313989968285586
0.74456337092865
0.8597038387322328
0.3489930196708352
0.8128202332487604
0.6957713339157419
0.5060219465704628
0.14919707094736068
0.34954021232273014
0.5184245640514746
0.015325960717975318
0.30937252097343326
0.9608991479347376
0.23686037486631495
0.6244373587592746
0.4151755927375864
0.2478383857028893
0.7659712140077811
0.3511044952040461
0.11238203369036648
0.6583975109528447
0.5902549247830398
0.012842223849564238
0.7750100166202252
0.8953692583860088
0.9897862222124252
0.5758397569043178
0.1954892395342468
0.6984536244851486
0.21307199129013377
0.26050813552171526
0.8527762513215612
0.5571748047237507
0.2629762083896868
0.891580129847597
0.49886766999355525
0.8432376394140086
0.03961488219067366
0.573762290243434
0.5210092558552994
0.20413665795331726
0.5956581935389256
0.14862774124852152
0.10645985517343037
0.9749722667789124
0.610053334166752
0.5096290528324153
0.9867255239172822
0.633946456230796
0.08927899841140452
0.6709506824666669
0.22320418658587593
0.6834754155296419
0.6229211605797599
0.3525949060197313
0.09933131550562102
0.6256401766852795
0.7322859400439731
0.18030022674396462
0.540387300418369
0.2804875103336111
0.3897976616590214
0.042298697220703785
0.5799625687067261
0.07896945459560167
0.19845535019825855
