1744757
0.4016549547554962
0.9102336125439341
0.2309056586386128
0.41670334925753816
0.9976812648004563
0.6326087521606893
0.8526922841979018
0.7831304807387909
0.7560887354278285
0.07820241906025083
0.6942782902896799
0.8239578333729869
0.3038816769634297
0.8435334991489761
0.1527620594439929
0.22902384210527194
0.4035849353827242
0.9691231985217451
0.5113197693770175
0.013213125387973035
0.6174971593398859
0.2488503923078038
0.7527090417893479
0.5563117027231095
0.9485188840987562
0.716047338618304
0.04125925025507293
0.988690269234291
0.9357649913567363
0.2045380919165104
0.11030758475654723
0.724332494447833
0.8851817930754523
0.4452406248311018
0.8513110394927733
0.5283719699221319
0.3861863353614775
0.9393740302326562
0.5783452592265613
0.7270362402862143
0.8157208085451699
0.5119764490538679
0.07361097811963724
0.9188794722089123
0.23654550855115108
0.7020276590645625
0.40638293707047735
0.9534700979464045
0.499185953847212
0.027792301557957755
0.9128503394365384
0.11262907382757259
0.68635924230139
0.7219530052862484
0.9564509249636931
0.9753858423848492
0.6578620600641587
0.18720083984684455
0.39600767685385796
0.03711701313564175
0.15820135602086716
0.46314331335465
0.3748775179551447
0.863508055618133
0.5957522988765208
0.008104247888263028
0.8977707794933563
0.29380955850941515
0.08107880159650283
0.3151532407756611
0.630454043044637
0.5136069115010625
0.2990721695782004
0.9705168015894178
0.16920861474771387
0.039959429024509885
0.6379912758307116
0.006416566643093646
0.5780497341349096
0.5920108832967121
0.5384054845036755
0.013882130980414131
0.08961954249183013
0.15573990321835496
0.6037866604983329
0.004476056211012103
0.7244548925339642
0.5517394204034721
0.39917855745889164
0.8057454432592192
0.4852478974268981
0.685632077570954
0.13054393562987943
0.5949416850741617
0.7790249615737365
0.603502153521599
0.024904220819658596
0.01409315075542572
0.48679620119188727
0.7299460874507037
0.5670154055887813
0.016804210396439756
0.08135497219593579
0.9804250254667961
0.834386471872688
0.965515444517282
0.4335839615075757
0.44757617213286016
0.38556247601278815
0.8810297366381032
0.9575150912923626
0.6435601606782667
0.2814332941357254
0.893561012514286
0.48520077802071127
0.9508641431364461
0.9597299197966136
0.3980408912849924
0.2843185699866334
0.2549341269908607
0.16513006135191954
0.012616074128219523
0.5615453966295519
0.6057878081338939
0.15029791308537066
0.3230876976829743
0.8511851320069086
0.11199341773296934
0.19223231660725704
0.950234055149552
0.6840414302390849
0.8447769583070112
0.3846654775284276
0.22245092690685064
0.6754257964498799
0.835350962358858
0.7908111063441307
0.17098651778647367
0.5663664158008722
0.795214258924934
0.1392569685901489
0.027480760762660927
0.14571176775765848
0.5436822373693828
0.8945136525079599
0.08990560779011492
0.9382871093712457
0.08206157963581906
0.9255976562959528
0.001840845905865307
0.414124879954628
0.40960263138497466
0.3984430372572758
0.8184574326654092
0.335956229683643
0.629599385292773
0.6054161474161565
0.5577331352803447
0.29787358563980837
0.8847215392223046
0.21323081137402422
0.024344526582228854
0.23866493277598455
0.9547532197248785
0.04145878372104084
0.31464316790301705
0.6354141516902307
0.8089455318454601
0.6804342582511257
0.935904481686338
0.8384489147380523
0.09349452662501045
0.6194408626292014
0.3256349316512236
0.22421681404652527
0.8393221744860998
0.029442657262217176
0.555534833575105
0.16651875048018594
0.2047601458437447
0.7007138268752079
0.09200277066750118
0.060191644128437805
0.10004312338662313
0.7292663558731507
0.8266127247573503
0.49774656890193236
0.35908320223314005
0.32455178143238017
0.5993806019578986
0.8028031508452934
0.7015028273084434
0.9147015985056188
0.5093259566814212
4.794841843444031E-4
0.5255373557348668
0.03156754667064987
0.2816043391410816
0.3160913777698455
0.4920844526106467
