1074324
0.06497969707547913
0.4458796026423343
0.4225552912121412
0.7714979847462317
0.08892159583596915
0.5531374584976791
0.4321001602147526
0.34827376188907333
0.25536156719935454
0.4614091894107176
0.12840385803945908
0.8732443097695348
0.8315063172760397
0.10963885244853688
0.5256639643256145
0.14791881397980955
0.6917548262394271
0.5877627644510096
0.5549892705146529
0.09278557027893641
0.7650132864420401
0.8308563367057221
0.20959382617732658
0.44521991029343844
0.7304075828518255
0.6842974904299816
0.607690594679681
0.6531173231411886
0.36233497273546167
0.03889527040093266
0.5258107395571079
0.4526678492111429
0.20811584902763447
0.4546050078646714
0.9631960612933588
0.2753730387740926
0.06896224746829283
0.7659016950512403
0.64052756165822
0.9814233331301249
0.7893045465989114
0.19159558319919245
0.011812360202409722
0.7781419775914313
0.9313060702181134
0.6656301679860361
0.8647494114317481
0.7053412957725181
0.6940237685164018
0.5278538828272762
0.9271364149343775
0.9698416628306797
0.46542688707887003
0.06466235311580049
0.6415815111852469
0.016950072857518594
0.011921534798724043
0.745043584606304
0.7668491658820769
0.9138770735882323
0.2847493987653731
0.2635567512924728
0.5120076848540199
0.859452739473153
0.664629147517865
0.36594065942138687
0.8305341914585004
0.33519450826810704
0.9954484747947151
0.732118700607633
0.5800369028259761
0.5359419891967891
0.4631175008665682
0.7628324805020062
0.3793245738616907
0.01285806946222734
0.06915998708440396
0.9751552618684878
0.2441326169316561
0.02026228851523948
0.8720647408531711
0.6931930619635619
0.6635556078286188
0.5634895942051331
0.04879141558471545
0.375861652226834
0.19738080226552368
0.010006876992236013
0.838997589787629
0.3144984150051706
0.6079952566275588
0.45451041423588945
0.5960298439900894
0.3572754854126394
0.08354884505858406
0.00520182933763369
0.319869955603179
0.05748915001669219
0.05709512120127802
0.8057998397719448
0.9955025914384027
0.17384699649625535
0.7505330947411785
0.6883142984674321
0.032253829859594685
0.3736711244469507
0.6895971566924375
0.9872449162436561
0.9593972097577562
0.9660860363926427
0.8511275908751716
0.13405419033313593
0.09976956342275833
0.46851500828341697
0.7711132146348774
0.6687437018407535
0.7078203158383906
0.6473778713876082
0.09219540693647454
0.30563871648785135
0.2303363561155528
0.6477370946769607
0.4621117851210096
0.5764245862023837
0.5116822980005759
0.0437366277047313
0.8880333614733249
0.21492138541300154
0.6230215544119128
0.6096631386492141
0.42080552021671447
0.06662790784566963
0.9849388511976094
0.4549746060450034
0.05547716142160042
0.27435942371577504
0.17054069853827858
0.5780250555950743
0.2708115062704971
0.2893006269897176
0.6169436916940797
0.9886261602466438
0.5507400579796565
0.31408181674241464
0.14667377413250282
0.6469819037996192
0.11740933244234575
0.3332472454186256
0.315756263853054
0.6183816704384448
0.6561317337332326
0.546953662731241
0.3315071255733968
0.031603667248494616
0.862677749082952
0.6239040891971142
0.5871816454530634
0.8908833202726446
0.9190635126664082
0.19142232149179694
0.7502679025447253
0.9358927938160978
0.4465565782084454
0.3180087078528724
0.6600355235229395
0.2434939059907565
0.605404874165799
0.3285213168367612
0.017188419235641295
0.04434907537017618
0.7960856075852933
0.9707727591034797
0.2412279301721778
0.40405687817631586
0.2893756980526082
0.6770212183251395
0.9147889035030968
0.09779289004798997
0.22135941158177241
0.9653453704787578
0.7733648250021594
0.1326586161435569
0.8708516473375965
0.6296937963300631
0.28334222424261746
0.9555211796847825
0.6710342455469972
0.2755364222796737
0.09213926273536899
0.9535573089092769
0.8188831378643242
0.30732454628344275
0.85679639855926
0.8430877159547067
0.33899529714263144
0.0375898835778643
