1664523
0.6190709073109589
0.8127318302718598
0.83654835032845
0.717338161405941
0.8965069950616988
0.626301768552988
0.6861802064579515
0.2948764233565715
0.026019299698217258
0.11717442345620666
0.8726566158766718
0.6933752107542918
0.778516313418718
0.7887546070590967
0.7231707150686804
0.7214678657259616
0.6204190668669438
0.9850043589345662
0.3989796658867404
0.8651057409305966
0.9461264495663496
0.2525531874334196
0.0581860672831902
0.4558175024753237
0.016130603154713263
0.9940061120192243
0.813911992047809
0.18027663151757178
0.647108346267091
0.2886092116686535
0.11276206119981758
0.8344303922053163
0.6860527589685153
0.9675152282274041
0.5899875970425342
0.4613743033636275
0.9069511291293566
0.764344025103875
0.7055325154673578
0.6458673487049287
0.9191925080082584
0.3722286050195386
0.25501200527917955
0.801184213038474
0.8165755687550846
0.21523584457037737
0.584435558673558
0.19446321581978399
0.6557694563987576
0.298825133350458
0.5182545937600137
0.16637280532434662
0.13696863658604508
0.15003835869422955
0.7930252948301233
0.6596314369022827
0.8162107233942411
0.24787430773466923
0.12238433751513611
0.32604304425064323
0.3732275983313481
0.14194243914727378
0.5248177200055857
0.7105611149466318
0.9518152044363347
0.3834858305279355
0.8534796907810959
0.7175928150173267
0.7451269835500278
0.47987825857393906
0.17432407382182835
0.10383637239465549
0.7428693795718972
0.6840138574034902
0.20184004713852643
0.05359074499556893
0.3092558369444095
0.3009519484583756
0.4557118240098541
0.8206657826016108
0.22169412052151727
0.3819671662909495
0.7646459423733855
0.6179719411036876
0.31923671304134593
0.007878869597207738
0.5451099348056134
0.5325245650069549
0.0434624601541721
0.26180452219508976
0.6492593060716774
0.2749509730723201
0.12601415363852653
0.7964803438242768
0.3384094021695807
0.9952500295087608
0.6643248456444735
0.9757080667777411
0.019654566125891892
0.10526990345543985
0.3904925728910188
0.06948836944371439
0.3106732517474491
0.935804739111309
0.8970320045735976
0.11584228265669938
0.43029433949786733
0.02923040073599581
0.9939862953391688
0.7600745170655265
0.8289976514501262
0.6126472276999252
0.8008616761078996
0.6253648660421945
0.0844727342430468
0.005473968282842301
0.553463259082488
0.8409992527758369
0.32289976861423797
0.9384539370830568
0.8335907065551308
0.5318852726382907
0.16195647662771595
0.7513039630706813
0.1388333705407483
0.2159598344288498
0.3777903771446588
0.05547978417617838
0.23097936029702615
0.5844464775148649
0.504911238656745
0.4559905825564996
0.9777516983887679
0.09816281648657099
0.748600363981882
0.39116459125083247
0.0283255957053844
0.7915044643321643
0.18992330638405808
0.14249901958354572
0.673084284586685
0.43888846558682415
0.40600087229380233
0.6205628296744723
0.4092658133155601
0.43224629360681244
0.9251357844902866
0.4237431594668767
0.5398396302970802
0.024773479393123576
0.7717293861645189
0.9312687496358482
0.7342262734893253
0.7255304504491745
0.5106335471012283
0.6802319985968371
0.9098955724912354
0.3105079715184442
0.6162329392533727
0.035119743220272004
0.7981994837477685
0.829460978113291
0.3916519352315774
0.08086000226146584
0.49356082575609117
0.7899269101779216
0.588284883423221
0.6400898050387616
0.7386910459046737
0.10929873407695778
0.49028024630841593
0.6723040705107418
0.9249293420327476
0.7758793577248253
0.8601775917166203
0.5618169963118288
0.3817698953151035
0.6926404919278768
0.981745295539706
0.5517531948113652
0.7835006025985296
0.27036302555591685
0.8411409369360024
0.9560667977942401
0.4608455540912104
0.02220658036514822
0.12020735860454268
0.7599740025220963
0.8877526788152794
0.45331583105702
0.4546879478029605
0.355060289611423
0.4727676482415324
0.048104539198024376
0.13856599181098095
0.6359031695614978
0.31835077901008324
0.8176455666610815
0.15923346932581472
0.9063143342727794
0.15733956465239107
0.1402054853774839
