1111569
0.920735210987735
0.36331829936962534
0.8962592986797706
0.7030767806154253
0.6907319633159301
0.23728690293490007
0.37684743956785205
0.9585293147744122
0.9741297466152463
0.03980425014870803
0.5268048468562729
0.7980238023027871
0.7857954590129815
0.7838460572470681
0.9787397061927006
0.592899740902214
0.7087347414868179
0.10299374208237888
0.15689323421676382
0.484739259534284
0.8476165817904362
0.9393223154740717
0.38233384838383633
0.1329798300426588
0.8556228046491741
0.1138688484975875
0.38870261446695165
0.6468443840685122
0.8491897810316399
0.7834798528506204
0.7779568930058661
0.36409320616384167
0.014650862149871102
0.450333717833576
0.39210582494997104
0.0069827833733774325
0.054761334162019115
0.8235568264970917
0.5288577667788997
0.71230946773162
0.16600367701282415
0.2850954520518896
0.9854593063257217
0.8917793957355066
0.531596009785291
0.4820199260464503
0.7807273499458801
0.3988700735987589
0.3245072854884845
0.5205004354976365
0.8864783257078788
0.41750236831365994
0.9292314821973263
0.766743161337011
0.033411343183860076
0.5949856762345649
0.8948257596342817
0.37257154293970496
0.6013031141506783
0.9809328778999512
0.5431760495738631
0.976120678268267
0.9520925622541959
0.5659414289244317
0.15552163207065628
0.45872151671507366
0.7938859559692789
0.05909668841726223
0.8802863859721908
0.2130858223604647
0.09746053371840457
0.10225810920266687
0.198408086761235
0.6813698870505934
0.4764913086224385
0.5100720080825075
0.9335368924631088
0.10426899225363073
0.6386847675503707
0.07916015892036354
0.2433372997589588
0.3870045128339342
0.4139936852172592
0.06346435382765103
0.9992034095915607
0.9178334534125663
0.7612372898642994
0.5500448973264314
0.9424234076036286
0.32908953301968624
0.9098186624511639
0.28173363014485475
0.10105179860075153
0.9370983513682913
0.1837800650338105
0.049342957148288624
0.1331293948816521
0.6509730571245808
0.4882954970098683
0.8339961627455549
0.1299889408149325
0.2836206465975565
0.7385266622499592
0.6449250920548134
0.5500219436989018
0.5267552643551492
0.8303987443187665
0.8786490633620085
0.5485897127984058
0.09586012350123152
0.06713891695760887
0.3293828524277941
0.48422968085492535
0.7219675654468798
0.45020821218655305
0.2429576355809423
0.5269084120237687
0.6996791260116144
0.45750606214671197
0.07348210029489433
0.38754711112489504
0.544490153210752
0.8200724368654143
0.8488964004343846
0.6725535530920547
0.38102256961943526
0.3140577720968043
0.7677888485189948
0.6413188430148667
0.3928139541882878
0.6493631232346427
0.2536952065508423
0.41467153546878666
0.3097933210086209
0.9127040272639478
0.043689143355451376
0.6630303573905407
0.6737832660370026
0.20784540801946672
0.7924651315042854
0.16812434099601237
0.7134071007440793
0.15535311117603534
0.6369347904341152
0.5203910698693944
0.7341902799663876
0.8195610138634172
0.03179514156999186
0.37521022223477274
0.33652825997985236
0.13141099907779985
0.38136710029725973
0.567705410684197
0.4910353193535394
0.4036650294885539
0.5381723244433526
0.8795200565628728
0.35246656797623854
0.42431089759832497
0.17150364821151476
0.5718755108724707
0.29856976397783164
0.6233552945482405
0.10098658798719651
0.0050229458663342275
0.24452468168025232
0.04624727235800696
0.3366322896469848
0.13473629224548056
0.174708261384663
0.5678602305316433
0.6747676320848106
0.6202564371228765
0.5497604083078198
0.08815629053021412
0.6980147779169467
0.8932089006391338
0.40430497007261157
0.23596529795125776
0.40457137002328425
0.7320150644154498
0.5848459759464061
0.5502031356760944
0.3953443992352532
0.4852589202784956
0.508230053471559
0.9233959914074378
0.1109995849058929
0.3440840131547044
0.7212099013488485
0.0730851813626956
0.6854478519445527
0.5252609276630705
0.8031315315062945
0.44372489465116594
