850797
0.48976590695773414
0.0422882780887075
0.8439564615677535
0.9523049171775215
0.17559487423138698
0.32901433843026195
0.18247819329782744
0.6759349232704395
0.4152640286163195
0.5081341552172567
0.6283531269250026
0.2894254850832728
0.5357490887591596
0.5085371780447914
0.7021380678083601
0.7774850587928069
0.4885503546370583
0.20513375858792193
0.831045498655768
0.2939744200832183
0.2332398304678016
0.19201482761251454
0.8813564188448202
0.29964036359689206
0.03870614250890059
0.25864329798841534
0.294195266675393
0.014870897030650698
0.14454093323469452
0.27874647560932064
0.6296691292841456
0.5738243543869938
0.26836038661088524
0.10240467270867992
0.7158107407434748
0.5505167939399136
0.44549651955529246
0.13463390112041762
0.5414824969899175
0.1129762832521316
0.6756774798901658
0.017436978977958262
0.8246260549712291
0.03336770898672159
0.3605395832817666
0.6381753843269947
0.9411553907108536
0.22866636663077844
0.955820417021362
0.5990305067778096
0.9296592664552941
0.8477925454654492
0.2943251249550035
0.7189679015756358
0.305300664453258
0.9728953754360721
0.7418727054218246
0.3468239397806544
0.4025297755172257
0.5385188757171416
0.79122065181463
0.9691405544003251
0.089955399364673
0.8444273393072532
0.6305110491963785
0.557173307584485
0.937877792978018
0.9117681523962956
0.11648222404056663
0.4287469399274694
0.9941903027610104
0.18220722096004793
0.8110760403305387
0.6023647825982795
0.9403456295938248
0.2606061775648495
0.7647435527868822
0.8769034922451208
0.3045272384105798
0.1909938695064941
0.9095190501004903
0.4455638373826949
0.5493526685990987
0.4013792978991688
0.7351573676951858
0.9085490923123705
0.7239524320023284
0.478166650331606
0.7360267833116091
0.15966147180244628
0.7548600887991135
0.7313270336716439
0.2636607755702174
0.25355052713038095
0.9066264206588862
0.8224278190967467
0.23537931743941076
0.10561100189479244
0.13020866589633606
0.744484230000218
0.16574855980995373
0.9405284245644353
0.44389374246479174
0.6996863255849612
0.9435318424995477
0.7766058097413716
0.8351027319081124
0.3443851132200667
0.6682140799151686
0.4210931459186362
0.7659180629162282
0.8995610526009373
0.5618603988826386
0.02817362471517082
0.16639439705164338
0.16736865690002034
0.6126927880478747
0.056651297362658504
0.6034839496093629
0.11082927524891084
0.34881316903422344
0.34993014200193107
0.19530438054499644
0.3603376137412644
0.8151980731428533
0.34284425808921914
0.7867389368787103
0.043785596786083514
0.7052624222604755
0.9974600161029652
0.11416701063634105
0.8619251029731758
0.9084247466118825
0.9646701492256173
0.41195718082218935
0.32667859274351885
0.7085800317866485
0.2633244470500201
0.8133497284018425
0.2376438361360903
0.6769603698396447
0.9011295572680071
0.16694666965946314
0.6116920126353946
0.1674035214739813
0.4067499575405775
0.9778991765444196
0.9171735699714149
0.09476482700353983
0.43743505354560264
0.2800693492995904
0.9750713237494364
0.4546118723809789
0.7519145877963458
0.7161137391673428
0.01938796466843562
0.7341703289557578
0.22554904318424995
0.3964621213742332
0.8937160949206977
0.6626536603665901
0.9512890936900376
0.9940345689434114
0.30444324871057926
0.8711465164939531
0.6917847640668474
0.27338731616138734
0.08769937322007071
0.9515884891716497
0.34490587544026263
0.1231250044015052
0.4673345023223413
0.9123913564867998
0.9827273806593526
0.7157836599673846
0.15859361705896957
0.35326155897070666
0.5532738838200055
0.04374427645528378
0.1734234326463484
0.2967480912400825
0.7369955910344139
0.6524575904034247
0.126627136674345
0.20590635846053085
0.8029294109769494
0.9122366154330607
0.6414361468341221
0.7183553573036381
0.7348003588481642
0.7442145337489449
