1098330
0.292581541918174
0.18900399020257808
0.28986435375042496
0.06759503587786919
0.131496891744192
0.30579886572209936
0.15111805127200328
0.172690821352382
0.2794876844333678
0.7887404816070073
0.9726636141195343
0.8855712391059604
0.1982252615804857
0.29893902143498907
0.7025145477260482
0.9354321866583832
0.8673114463830564
0.3520813871632066
0.9171823174584256
0.12128521719425045
0.046128099837267955
0.2646519893348528
0.15504127100489706
0.16875382290007968
0.4073320371676724
0.28634852895852403
0.6934846535477422
0.2537130047981313
0.29020047581601915
0.05466213524658958
0.09088714180550506
0.21887086606312756
0.2666469821847578
0.06748884623483142
0.8083398073618542
0.7972795906012049
0.46487782812640166
0.44520205474232044
0.36778566805060053
0.12854739861907927
0.277352247300483
0.9599430485860366
0.00542347556756273
0.029569554814218302
0.9337197161090498
0.7607915239628704
0.6416091048007307
0.4502095904063794
0.34463002297571776
0.18131321740502426
0.4533142447231431
0.48026643231021204
0.42209614012268004
0.8165257414802599
0.18806140567888263
0.748920275908432
0.21295880771296283
0.042215633259629515
0.9014136553535484
0.965310057258601
0.7368278565016846
0.10861779518683579
0.45981883381461774
0.3076970248312296
0.46333226263696226
0.14662415402443285
0.11072877505250456
0.31528509448714626
0.888881288059076
0.6065689537181296
0.29845641609026363
0.1740803624907017
0.28313686429347773
0.947399619649881
0.9418640823370994
0.9707517538326229
0.37834473295060755
0.24021703811939066
0.2205334252346367
0.20658156249983295
0.6087166887682752
0.3299722528124541
0.6247380106185345
0.005641859668574889
0.6097546086407182
0.7128382850740352
0.9785420830941767
0.8196257231204727
0.15520529524301308
0.4435640160414258
0.3928499216333454
0.21957168740808164
0.7143679654080385
0.3993876121413872
0.3874268476509256
0.0061437343334914685
0.02702315344864914
0.5101652661070029
0.7606092542586509
0.9258863482460343
0.34645184658488815
0.8724130264059564
0.5662387781099084
0.6993707902184306
0.9663947329795728
0.260651280256437
0.7472165440603807
0.3120960925096645
0.6303242332383864
0.49976785844363114
0.48687809542822325
0.8251394769276723
0.17004483704982498
0.5414898396368872
0.9594281580514171
0.30929076972029457
0.6014691755516156
0.769679655589193
0.6199617745572845
0.8557195703225884
0.4873316385012364
0.7724715286368522
0.5054324710049198
0.9530141012000598
0.5584680259637717
0.05792578683175609
0.8255991648372148
0.7763117164726592
0.5772160098419143
0.20485547124517356
0.48692501653058484
0.550670315936276
0.8239998713444123
0.34361479548147167
0.7481291076902782
0.9501292800200578
0.570467335970225
0.5397463257068903
0.5402906784546451
0.1066182197471619
0.7106925098660073
0.4821487310175476
0.9524583462986571
0.29710053410901294
0.10144898942240888
0.8677073380759971
0.8540589011630718
0.8884968830288157
0.5806217325334864
0.8283179924303611
0.680316062061412
0.3100132198605735
0.06026279920978406
0.2805811198171093
0.2086458856005734
0.6593725796189404
0.369417223512551
0.06751897223954006
0.8249155704427265
0.46064475049374276
0.05263707426122355
0.11699161798507007
0.9648492000961267
0.5915032213728959
0.44717582598289785
0.4797713667398479
0.6395235345190697
0.5204837678580732
0.2552810286640472
0.7239004054178895
0.05114097348149016
0.2616365884016236
0.33598021619125107
0.5335509773685756
0.9751880858344621
0.018231328347089848
0.6251681608094439
0.46051099355309577
0.5651963157065311
0.7397962935409061
0.5375449160242819
0.7992483745347236
0.1574427311583444
0.6323461211501429
0.3960486337446165
0.8318423630633779
0.07485018566467716
0.3833564468139379
0.9539622832286212
0.03226584438188684
0.8555210364426534
0.32398393182462937
0.6381124974025301
0.7481438663860165
0.6204233360409301
0.9127538810279013
0.593115498228485
0.7385810549795963
