1381787
0.7685207555130449
0.5198733743248749
0.5729325064943499
0.21853586138901437
0.5735041474281688
0.2923799563280435
0.7009548456373154
0.45365979101718146
0.05099306208891652
0.955188747956175
0.9620589964920886
0.641028098615838
0.2559052227001971
0.8281915880398593
0.3146696102707923
0.8538253445557605
0.5566818435985126
0.03795789681044559
0.7114731818593963
0.5100800938959975
0.6897519085819677
0.9537452066153335
0.1840276353777378
0.5934092988555749
0.321455311869168
0.1777057115058135
0.8409215161510906
0.7785415342491632
0.9291133891912817
0.2005567523638061
0.6118577422518564
0.21590201354791105
0.5758239028477371
0.4002996018855033
0.4687000807269919
0.3920297358983589
0.8863576379767122
0.48369926799466834
0.9544053040937831
0.7476524052885665
0.6162551169135839
0.6701849358832758
0.28225126189822614
0.3115919560034468
0.7480927241627595
0.6702494126760934
0.963872794355791
0.7180226646083077
0.1579118926322327
0.011559947676133109
0.09229104818720524
0.8940417115462489
0.8935674103722703
0.49879139780200177
0.757562609451901
0.16872544331713657
0.34877434964274356
0.5100711253103367
0.6677886356727034
0.08706080089860957
0.27705401117917794
0.7670942378727175
0.006767041193210144
0.6482086765917594
0.7292669610335986
0.12123642035406645
0.16441802133953087
0.21101889350885772
0.1979836378405181
0.9462403632739049
0.8743471400364484
0.1254629835240978
0.577638317326226
0.5805161947148619
0.29168665416539086
0.47859751481561297
0.46400183700322284
0.4253548821109101
0.8247560457479363
0.08584174002519884
0.3765196667496975
0.3481181828897617
0.18779354596941567
0.6780310664618435
0.36500704073756673
0.003945632662020193
0.6784813063486193
0.2456754889812115
0.8973138725517877
0.35484945871996776
0.050600026479643345
0.745086742574026
0.08249308685161227
0.364751618771053
0.890126238795316
0.027951917171295415
0.7238824624259463
0.7740305312113904
0.5723501062574836
0.28229336281400363
0.9193474144006005
0.05114584252694865
0.37318369928015316
0.13898168975946412
0.1791606338301941
0.6578891914642059
0.6566637422311019
0.6138778561516979
0.44736824469259373
0.14985345505459025
0.6643131797435399
0.6626305093874602
0.1316553735130388
0.6460106668459547
0.6693266114067508
0.09408311283414761
0.9285959183766174
0.32582946208417496
0.22429298931771702
0.1780985080041123
0.7978179652474663
0.6376717660670445
0.23617866877520277
0.6679672455758332
0.881123804899583
0.1451138504132251
0.661862254507885
0.28118245810493214
0.9204489263123161
0.6357211671053078
0.11770299891076785
0.49625431492871075
0.37083990019020285
0.16672204175834415
0.6096049473130443
0.72797106826965
0.505593047257213
0.22520219383568807
0.12683800235754528
0.8427495709798224
0.9130491337471752
0.47283653120876734
0.19285680863247723
0.11809618807078792
0.9280912041023371
0.988016403104095
0.3414006687907717
0.6292595791173772
0.9330923059661977
0.8921108470948758
0.9696292126390915
0.7482730343289348
0.5040505965700663
0.8817030443630554
0.9771223655412469
0.23890745440205985
0.5595062826197021
0.3103572680164526
0.5389264274122468
0.11331318860669082
0.9495868515590307
0.012740480277503186
0.6136965695187196
0.31826085731354214
0.971992814350226
0.9425986065908432
0.7910764825349528
0.7150890266053492
0.5007150712280315
0.9845940090743683
0.58788004104111
0.09172748933958264
0.5999982774167347
0.10466235862490891
0.44646348532307567
0.13808136616574496
0.33494103571824074
0.03281606961479411
0.5645727180958684
0.10998532005938444
0.0013269059962692786
0.7166461413303967
0.330883653958558
0.8596981799760001
0.5270642665953407
0.20352592685048077
0.9698191261347394
0.3829426858463061
0.2561984290513445
0.5733350192927433
0.7007063512471068
0.5602595284583498
0.5145082510149264
0.6700426552129976
0.8074528852683602
0.859687100715017
0.05919949385471601
0.01361472218287374
0.47660481889811823
0.2622018843701722
0.08682456552683737
0.7148094362722066
0.32404037200248725
0.7644182341612121
0.6684367745460874
0.41305308515697536
0.7418571528993941
0.6952657595013153
0.4360905740969395
