902526
0.5058751515156072
0.3236870773138033
0.028308568937074452
0.8892846357736168
0.3025972903259754
0.20986178004637857
0.2631282414660113
0.3157923035138732
0.5229499402265944
0.4214652005845134
0.9009541439147137
0.26144852822973363
0.7910783611107435
0.5695880872529252
0.24972376701647814
0.518717055311539
0.5253319031775165
0.48247354324186176
0.5180166067459604
0.23633077684923287
0.6419290788249814
0.555501713961448
0.05004696784137974
0.5937980899734315
0.37322994833886813
0.6862094601346498
0.5980980244468069
0.2633721181905079
0.48178906514704034
0.5969391708752972
0.542326520839995
0.1400375413875341
0.960855490973798
0.6489790449638257
0.7300269997795549
0.2446210873356477
0.3293608843200526
0.84575945529942
0.17161092216346852
0.28723388869822586
0.9460025419287491
0.37961311658167673
0.29893682924491893
0.7363506731877266
0.18555709832787481
0.8750783175635856
0.4053079841120686
0.04836040167077538
0.48196215532543807
0.9536972000408983
0.8442215397417328
0.07601920906504911
0.8449196686155739
0.06642121532425138
0.7561639992199932
0.026911152408057193
0.2503943817729344
0.6678987802522116
0.07599585481993276
0.004140597386380507
0.5774075011438452
0.8562576042934544
0.3030044076771483
0.41245003713229655
0.5414529628967233
0.5249515115116288
0.0726574291219454
0.3432355483238355
0.902827684159685
0.2854828124909644
0.41837931391319827
0.7774070233850358
0.5992228483791607
0.792523536070018
0.3690539562024725
0.10530132911936496
0.5368550455486838
0.3810233168251467
0.42220997739116806
0.644640540950988
0.5813174324566414
0.3840690243595748
0.6413986278359248
0.31614272271623367
0.22849566745013328
0.36614190813493297
0.12065692148199225
0.5576157737117161
0.6326188702235381
0.06947573988999822
0.2086166811827458
0.3854805690481212
0.804463713074932
0.9556249422268939
0.11411343546739128
0.4994216813021263
0.36754480853917315
0.7085193759748318
0.9439496859877616
0.24228867154739453
0.11018294449201271
0.5889547881971955
0.02947429157994519
0.6499026907869045
0.15382587184830343
0.9268767979126644
0.42265060050048897
0.7557688754850874
0.4890737063069194
0.45879971788323426
0.873292170153856
0.7517055189802242
0.25765493581743903
0.2989180412736131
0.49558794794256067
0.030144478151368115
0.09334017421603391
0.39154446985361424
0.8000960249513509
0.12873685724384387
0.9251007394249522
0.5756129500422313
0.6044055895442998
0.19361205364399725
0.28994212970209277
0.9253151000077505
0.970234610927252
0.9566798410345624
0.2411212423779019
0.8376157767260485
0.46494914148555333
0.15921339207201557
0.7478649850406889
0.9428450018158698
0.8480983431265553
0.9433070554684234
0.22400127795191993
0.6895520740695
0.5898105480452436
0.9612237288121241
0.08723294404145521
0.16321197284600486
0.416967324470497
0.09850649576913417
0.23059364170248298
0.31042464828315974
0.7532932362543692
0.9048170560912315
0.7333570413867158
0.6181261746673443
0.032882972625084994
0.9400178791006888
0.5005609364205217
0.41618870856928925
0.07162253633096627
0.6612323998859091
0.6514071598944893
0.19554879029506456
0.29221280926312954
0.500831969195608
0.034167068638794595
0.06000788942196156
0.7154341865628656
0.09194319377404625
0.7666712273828592
0.10390629577224997
0.22238258892325768
0.2743933207914846
0.31181621882047317
0.16174032602700683
0.7797288508879023
0.898551258263358
0.5773329867697565
0.13751910930124678
0.8422234493962082
0.8241751253995369
0.25675073164982853
0.611490947817703
0.8678296476976913
0.5747816612835479
0.4483925632888227
0.37553395894603114
0.4758377669266103
0.33130840341052725
0.20082857695175682
0.5831159745161745
0.7402015596254298
0.18347643099607847
0.784030008371029
0.11655064317556085
0.28375291740027553
0.9595689519296904
0.11060870093008823
0.4725121972711761
0.6955022626826444
0.4251150879304594
0.27601786190015654
0.3792324368627251
0.7378448649352319
0.12093365430723546
0.12377173696776467
0.02716975097679797
