604049
0.04723024513235041
0.2623719350079212
0.36762303664924256
0.39819028847875326
0.8334658783437577
0.2576699751511139
0.7155500189047201
0.8825187621707778
0.2856846534617796
0.43146954418913797
0.752783858091195
0.7713810656854247
0.36046811463600203
0.44863226923437316
0.5118754037513275
0.6954450238174514
0.5188880864596058
0.7734055102217837
0.571292358243389
0.7489603801568628
0.9708090392388901
0.48986542234770103
0.702001543382155
0.08442865570581148
0.4007518730019928
0.04209721812787537
0.8301935314568215
0.2362486321446673
0.9441214430951913
0.6349981586602637
0.6959761503605837
0.08652421355594819
0.3289393098833251
0.4955688071938783
0.37371839837743537
0.6940418964303525
0.6609721688948402
0.09149636369024361
0.74154329164286
0.8972390527997367
0.12748696618776856
0.4367570144869849
0.7696859464340656
0.4960416342570806
0.9184167542097581
0.8167326814691405
0.6299041811421409
0.9532809841508552
0.18096055043711945
0.44995107880516283
0.3605843231121679
0.857418956926857
0.3913755791306446
0.48757511192879066
0.22116486721369966
0.9275205068828749
0.0977638307294234
0.2714094134999483
0.48596644577924863
0.3018680429850218
0.4324526742118241
0.9331976046369399
0.1476734533231705
0.4723268476977305
0.5185642578397569
0.8500865594819597
0.21481565491783605
0.8086859324779541
0.756485589161578
0.08198025674114884
0.14565481939865843
0.08556286659406331
0.5539488769752432
0.3655096713046333
0.03914309176184794
0.08073624577918459
0.09127233803545576
0.4267158143080426
0.2453749108259402
0.28973852425612323
0.7754119227131452
0.9349462160425018
0.9345355501080882
0.33287461938245655
0.9094496715249895
0.36269644916859034
0.0707367280035659
0.9620497777214981
0.48036977733817643
0.3828999587314674
0.1268110664733606
0.26374922509738086
0.2544541433888128
0.08776784756520495
0.7690080541670583
0.14736732799837404
0.4111313517420433
0.21457769986961894
0.8875569820749821
0.8086632174378897
0.8367625083484311
0.23369312215027194
0.30239431534150996
0.9563107086643481
0.8557540539147905
0.38385985739296336
0.43590720732104815
0.7068926651104811
0.5083029129786988
0.31548157510681596
0.5867295847493066
0.6724824055278253
0.8046810117173755
0.020416668297015494
0.6910326803840208
0.27673213517302875
0.44249927854824134
0.6279083833910659
0.5293668519406229
0.9637063334783005
0.15577104053194524
0.023314855089455855
0.3084165123295143
0.14229753576970416
0.38797545793115007
0.5701901041590848
0.5562855233961596
0.1332409771388745
0.04421018405955368
0.1667171425316708
0.05688884827439844
0.6508458962100896
0.5497198987225327
0.350234032589257
0.5756889380488079
0.5513422668046862
0.41304789471933634
0.6551516121640072
0.8817490727288054
0.65409864810132
0.13614465131474096
0.03832056426735109
0.319280254428296
0.1518906887750333
0.22591042616083779
0.53556318466464
0.5460861858037865
0.08177907859226108
0.7198595497267928
0.4849506981371564
0.9970240975454577
0.3410746782410593
0.48624456171693886
0.5017240777106255
0.643690631301817
0.24669831057639646
0.32991496461596004
0.9346223150817277
0.7323137561942725
0.5017376106016243
0.7387903142740236
0.24006542158527377
0.0156527220014947
0.8818566672606534
0.01232463428609576
0.9595961129339445
0.8617099571351801
0.919157495518006
0.3734278633381801
0.4568948563357984
0.08528922297084252
0.09712826530735952
0.3357953637287855
0.5814866031376353
0.1100329388639949
0.843856067816467
0.7289798798481181
0.9405382497818039
0.291890096822622
0.9133888011825609
0.43762293027303134
