849461
0.561320840965106
0.009774646391154107
0.518543948329664
0.3977313982625057
0.45820464899102364
0.561367069417365
0.35477031708533247
0.9677652722015876
0.9102623692620334
0.1436682492581588
0.08081943443866368
0.9005343003338993
0.09437145305183103
0.9483433249731831
0.06979349990862882
0.3521344449603946
0.5073923531607797
0.6718431764852466
0.14341166585045484
0.8366326763183061
0.9205649511519699
0.04360980947100135
0.10652390556212765
0.12588075701076618
0.8107327580059873
0.46739143337964406
0.21299704946467457
0.26552929235592415
0.5223406354910833
0.5465347818783661
0.25179753021453555
0.744752253087803
0.7159493017543446
0.02296218766924507
0.4708621417133153
0.6285089932044748
0.9573292190175303
0.11270411023539817
0.7066927952666636
0.5730811689488159
0.9792613449633109
0.8586500848456087
0.7600811781138399
0.9225254882885615
0.7016406630507969
0.63240775309068
0.4478825579517245
0.4492883947794529
0.42246439246145995
0.48486766859331476
0.42622910016131277
0.24703134616862643
0.27171366083670156
0.7405576772396614
0.7414890270415169
0.24054976628306624
0.8649557717468724
0.7929131374910252
0.1508381723678366
0.8207790285257035
0.13081428676640305
0.42920826340056006
0.06922328107813158
0.9434662382229532
0.07435007194273602
0.10191406776028444
0.04843458539125178
0.4821043960091449
0.3099539647131715
0.8447949533403236
0.9500399449587595
0.9800797575983634
0.05523924226893617
0.14324551551022502
0.4416159508119434
0.32443780004281764
0.015393184900732937
0.6276055135416584
0.8308268213962282
0.6332938460759232
0.8103743022027998
0.5623467714342991
0.6088820207698766
0.8589233760320277
0.04061061229986551
0.11480948794453105
0.3381486872374856
0.7893118661289081
0.577422287113593
0.8176385535471529
0.0693365384919199
0.5247250333784377
0.03887150685845342
0.9883155351278756
0.1494639779569492
0.9268235755445496
0.007108903085383922
0.46030534243359356
0.06940098908105696
0.37550885384808674
0.08606698985959504
0.20546765305408998
0.13314958317013337
0.7651203157816221
0.9966000104293724
0.250886252483956
0.46252116697978307
0.4074359526096081
0.8647320230920279
0.5934329192183229
0.24308676034836796
0.8253342036620305
0.6516819506882771
0.23050464686233452
0.9931485132013396
0.9241016570888626
0.34894529550933784
0.9428632360001066
0.9259646154972275
0.26330798563609004
0.7122151394123617
0.8490912989200643
0.28595934265378287
0.1856375899008329
0.9894047049300658
0.5019866489630022
0.1933787385432888
0.9471117636175153
0.2644804729057406
0.48380049230978606
0.9451182647579889
0.19203649741797202
0.6352245643078687
0.19273733320668873
0.7524669136540718
0.5034321040257811
0.009029997374151888
0.06839502824466936
0.6255753507167273
0.3928307050675469
0.8004779271177314
0.124536710458381
0.4563196340478398
0.27745782874907365
0.24124642667261353
0.41767586768746456
0.09102242067923327
0.03209827607663962
0.35207048479886494
0.6170339190611184
0.34153644040080333
0.5576414782414953
0.0606357818186164
0.7027185192151072
0.19686930430632488
0.5463302337866203
0.3451694419927289
0.9768976765603911
0.5689439318500882
0.012325810441832008
0.764374508841652
0.8015905211767332
0.7658287656256629
0.1757491224910882
0.5829815177792002
0.5737293358630513
0.7859262836223038
0.31998278132434366
0.16725210183603134
0.26683788307129663
0.7835499731170413
0.17005926930641346
0.4222135816273008
0.7572970852764028
0.26866873181093065
0.6189301067533645
0.030699625814375908
0.8205651356777371
0.9706062936166323
0.457202879221271
0.709547635893253
0.35414874307714617
0.9907766470480086
0.49960530333072717
0.33613242655358977
0.9328835651877617
0.6595828708021666
0.5152346273512965
0.2821067780476668
0.2357639862886316
0.9662384548907195
0.0983393940374766
0.04283404411104441
0.9711097417718753
0.5185128732742539
0.28635851778649024
0.13465017345279995
0.17928613151261985
0.6119711280642387
0.11522920184841201
0.23792521873582517
0.8445872227415144
0.5038146940668521
0.5642554634735034
0.05087835564983334
0.17382551895954435
0.5116865903860756
0.6711489737164761
0.058948660118285146
0.23011311393694023
0.30505708648721175
