28789075
0.18595915904121385
0.9855635009694047
0.8370370076340304
0.3290354192391476
0.46463961017569133
0.21599129052851296
0.8282364145949103
0.08184199031706296
0.4525397904924242
0.9266736990079933
0.774662250627366
0.12584263567761034
0.8292457188248943
0.3986320841341565
0.42547767431347416
0.1883040863151767
0.142603850733927
0.30301377532914375
0.24631902973686248
0.10751687158907342
0.5224309517561337
0.102564609528361
0.37214616958046653
0.38753294653683845
0.20892406590047186
0.8397863518529405
0.7918402744458878
0.8402368432161013
0.5769368074617324
0.905473485817479
0.5527617570246538
0.7081373668314341
0.017370312544892852
0.5261774570251568
0.6140237289400304
0.20403529013125077
0.6085170358180536
0.22224942464499886
0.7349322578599603
0.8694777903184278
0.8881011493311315
0.2816871648679623
0.5326761716071808
0.21492879147794586
0.1955363167166877
0.8266783267951169
0.7343860491027133
0.1750326022217683
0.16197531137810817
0.5474121687400985
0.5563749450522331
0.35077236329836814
0.5867156339781296
0.33782014301143415
0.6925259052424483
0.8289989276377445
0.2642897021088372
0.049288321976328486
0.08191201412732096
0.6462712925406091
0.9701386972948977
0.9623224331245452
0.8332736230235339
0.3562018500384492
0.4339763236688493
0.6295694162716763
0.6678904487107077
0.30734157604307666
0.0801496045518848
0.4832872257518598
0.8440591280208133
0.2304858943392818
0.9602034944461424
0.03303059941855424
0.11526085313377177
0.4503325670874696
0.6852729996840364
0.35672395025825
0.3674178811319859
0.6556382501617466
0.6586393686490617
0.27765565970450967
0.21890877037686007
0.10263577290753056
0.1461660785994079
0.5445675534609662
0.12059812439943196
0.9951975680916222
0.4314848100192423
0.5234958546445126
0.5043350964361791
0.9723313508039777
0.8473529149871549
0.7309437810445014
0.8691218177101114
0.565477239849515
0.20364211565867263
0.18756162412165234
0.21228320849463067
0.3869548240388718
0.27273981052151264
0.9205567443085546
0.161707233649502
0.6118657856843308
0.6526686144658133
0.18623261894278287
0.3548629636011249
0.6083564937231817
0.4180412926759163
0.9567413451940872
0.32935635116778716
0.8262967670719326
0.42014454687446057
0.46601594796900214
0.4264740394051917
0.778158120048109
0.7345463642718502
0.21052022460210162
0.457581150030249
0.327884261936476
0.981223446624021
0.548611178155965
0.6018101144189598
0.8951133758116474
0.7379097309510081
0.23050260874305517
0.18131630494421946
0.23709688111021776
0.7118656752596866
0.24976018983810222
0.9669217422068772
0.3667894860426302
0.29000218040927894
0.6861966313361134
0.9622747819632479
0.8893334204956809
0.7177348679222492
0.3590441033453631
0.015863828472435948
0.9402842689580015
0.04073235940505793
0.13017755401696451
0.10414961220826247
0.933407812952037
0.0523375229186942
0.2678759697854669
0.2740095698597298
0.5996026325041538
0.1717434103607378
0.4929907528984038
0.34321779617444437
0.6815414142742561
0.8186511901345177
0.8337258536003963
0.8735961405695207
0.3434264545284552
0.21552740771292955
0.4976527419780479
0.04164002177102044
0.7029009673113215
0.1200342335731448
0.18854591924796338
0.5731626892345242
0.7018943295991287
0.7052730537769115
0.700439955300122
0.33462547551195854
0.7296313788668497
0.12231889391171946
0.3274185168679721
0.5359772232511999
0.014128028677260152
0.8618786536569845
0.8129282312997976
0.7672562776203482
0.3549800443486002
0.4420670670117114
0.835263179949501
0.9226978457625682
0.06155200513034975
0.2514052483129837
0.7848151282608747
0.9587592566794051
0.015397435349856159
0.9845265581325272
0.3997503609407168
0.394562609133266
0.9930168595425756
0.2355037581797924
0.6438261669785602
0.1606910775876329
0.3874410374101215
0.5761306289640334
0.5764005580046212
0.1305151072814138
0.7765934871694002
0.16431792091396913
0.44792724966965736
0.7774105018066976
