1112362
0.503535335962752
0.5521508100688449
0.38684638833182083
0.2641149599514445
0.8372056417414451
0.2445309307440784
0.5439086082147198
0.25688881829670573
0.603388625288728
0.006968891817616063
0.5143883775376474
0.8001115034005012
0.7062823326909775
0.8740988090793214
0.1923430325560418
0.6979164603346306
0.44322729850831655
0.5825134081877479
0.759708059734693
0.40365747720641676
0.40098565433849753
0.173716333041248
0.06641939495232863
0.4494549094032618
6.539073742801715E-4
0.20259727868124522
0.5094014663517626
0.8335137962280712
0.04370239385679642
0.726256593075747
0.6820662669254164
0.5124270549888826
0.5276859325718932
0.5375884268277654
0.8206783341394275
0.05412970278608886
0.5394367311803415
0.9843278721157804
0.35452764875994336
0.24048582957007192
0.1718719057329804
0.40289482191049397
0.2895952114385567
0.8344190956461762
0.6648276139885546
0.6420279878304459
0.49609379092257855
0.45542959035699715
0.3187193256048775
0.7002142139536282
0.25767713857740093
0.79232304250814
0.8548234758121384
0.6445762859338632
0.516574034120752
0.08043866915334663
0.8771956445986258
0.9599847522825768
0.9838839601234712
0.05838591892152367
0.5027811189472535
0.914479949484687
0.8390018328854707
0.9727662510686624
0.38899599002993646
0.7193241293425292
0.9716731146902965
0.8570952827844246
0.4917542074837089
0.28563994708177953
0.2356069440225459
0.9649511971158922
0.44856431096917193
0.5930905865891827
0.8091239701850809
0.04280911538911314
0.7249513114529215
0.7199925895278891
0.28600920113106676
0.2853784261794473
0.7495029953786614
0.07117295067110052
0.3758866882227465
0.04518603721446335
0.5176487112979151
0.1791048823899004
0.16327791413636783
0.4381134980184893
0.6613629470870297
0.6986633479550912
0.78080561756164
0.6182010125682805
0.29149589799818865
0.24247528812066976
0.6206285331846951
0.9638685622491366
0.47541640373826644
0.8789162286452711
0.8699931125450842
0.7564130509233915
0.3951273237462044
0.1697574311264155
0.5756667685657064
0.8816855477077423
0.5377496266114682
0.6673905071710271
0.6418308444818185
0.24888866905014506
0.27475189606618367
0.10274320008511395
0.8178784317362441
0.009999050806262066
0.3083024398873456
0.409418456331764
0.07460222457214005
0.4067220060847053
0.0022674453790282323
0.9145652231783692
0.7503148083929918
0.5629055831339799
0.5642518018370732
0.31491568036586204
0.6747156823213653
0.25371442183816895
0.08785598391705274
0.8223137943504355
0.18633650419332182
0.3330140403099421
0.2657489269850072
0.46915261206651404
0.31776211842537583
0.9607254788978957
0.03157540422785532
0.9289729467916087
0.5204171796929549
0.04450672827258595
0.3463503889731676
0.337746993140531
0.962796416312518
0.3049580739854517
0.8779732671859947
0.4420806984225134
0.39887158078195195
0.7609043890851119
0.26860953204361704
0.11265672637532065
0.2007686911452473
0.4853348774768256
0.2675866997955415
0.22696150082071687
0.5253294013939714
0.39000616983434
0.32101717481335135
0.6767950229610719
0.3221975092562067
0.12779394101682007
0.5767731265071692
0.38551501416482237
0.6530575201814319
0.240327793980452
0.6989755565264442
0.65744371126698
0.7395195772240468
0.6402185307248072
0.6034307132018865
0.9732673378759719
0.7438911100528189
0.12719843316451096
0.4518543137898201
0.06390910694830532
0.24323154632850175
0.9462375493134711
0.6779750819755359
0.990493470264117
0.6360515139687413
0.886010980677489
0.004489991119150383
0.001624154155024593
0.6268530317050637
0.8646753787350752
0.0016454025953979157
0.5032662602475656
0.7233349739965448
0.7928459007893529
0.7100101440143008
0.07726168540483658
0.515546371365714
0.23171116787783996
0.9416207683434927
0.9425121437726341
0.7383877598934274
0.717031021678638
0.7070087940249413
0.6769011279644164
0.5110139442730166
0.6711582263546337
0.7981021322847252
0.36703020176048096
0.6356056563591888
