1051355
0.3467399061056399
0.32758535492365515
0.2719337240423009
0.22692978581656698
0.981669836842104
0.47371635590047545
0.2826333075877109
0.6221402056918459
0.264789851156117
0.6814328588406573
0.1608922826531448
0.9562355987566458
0.821944031069089
0.8009799973662934
0.48639955366491305
0.18368069389239738
0.43334867826034085
0.7144594572551382
0.9345853904861678
0.501511253198103
0.2644877815438694
0.5896451709718513
0.9047554578490447
0.983587422025592
0.49915772371797695
0.9348363809808312
0.32908674526945303
0.19140520474329525
0.27283814500752945
0.41096083450410403
0.3958736132623518
0.4268151940222966
0.7133490410653546
0.913417577063714
0.9138015590699674
0.9119101503732172
0.35667654435971263
0.12108022791483641
0.723880814816924
0.4107492762043906
0.3980720690708115
0.3642262618386394
0.43672047252175583
0.28447389945523305
0.6462636206394032
0.9733211028734314
0.48334144118135103
0.7890984019632871
0.9936173049549596
0.7833075883025402
0.9588128789758485
0.5034722859758043
0.021805962898716835
0.568941536369026
0.3586116505233333
0.3974632678307298
0.43466388876707873
0.27061942631864955
0.8084058238176688
0.6749574018435675
0.4785980733543165
0.637447495993531
0.4193356121250911
0.8656337923849323
0.7502429930209843
0.7461394030767934
0.9118604594955715
0.7246591859459872
0.8726040278180497
0.4531149976125278
0.9795559582971464
0.4029056562801704
0.11075113773124323
0.5688518234293763
0.44898720524203684
0.853918210412534
0.030140581903217112
0.15884227525541394
0.13323057681818817
0.1152248486802514
0.15784319518468093
0.5254701890459226
0.07250176337670211
0.37141074017998166
0.3056074982746644
0.7832301745367719
0.7960647343565554
0.7564790984695617
0.7693838449382394
0.38449423127700344
0.2806202512732213
0.011471189107400082
0.3594660762893954
0.8981021709635472
0.3852456602221749
0.05393498628535465
0.4524003959152646
0.7401812577899366
0.6065590068779921
0.5939101941207857
0.5105770333720963
0.13539170624045604
0.183976378430323
0.9823120442191304
0.824118713849317
0.5901244905513766
0.759740102796544
0.8273867361095588
0.5005266973014275
0.6774396485050573
0.9479639443979195
0.21384393643392852
0.07472897260988154
0.10015311902548807
0.6806336228381581
0.772592325992433
0.3929512253666352
0.8136772305513745
0.20403136522949106
0.5086219484252766
0.543354581907231
0.06639994227605772
0.4907176669356368
0.4634741543258314
0.2310383685911005
0.7539963483147092
0.22062453588475484
0.07715688869948412
0.4178152438687289
0.689077434385131
0.4813780820529061
0.11964104707529943
0.6548392114502715
0.839595317312381
0.9387524993246503
0.8947776978227113
0.6265822369401269
0.03876201470812368
0.32797553061053586
0.29252317919175164
0.5155423818871301
0.9419178425875437
0.8012203843143217
0.767837846685206
0.5433305969805425
0.13721198542755875
0.4855067413166513
0.7616780404100619
0.20638795217337802
0.80349336254596
0.6649266681724234
0.6963287151250837
0.4067792311534155
0.3597087239723349
0.03301712810991042
0.58882998882672
0.3145240514292069
0.5061066032918534
0.802855139954774
0.7412646879804168
0.8315180149059811
0.2709620181877802
0.2879110995590851
0.18323784421562617
0.836450240046911
0.37407917310252214
0.27083342759449314
0.5458931309657181
0.10801444308908204
0.878810209033194
0.11812971037267184
0.29166994372452104
0.3092542851263642
0.2120992215063865
0.6831792856002509
0.3531637884773985
0.5355741640372176
0.5251875211000702
0.5416287999025928
0.38990372922503214
0.32208516759492456
0.6529866969109106
0.5918863464793892
0.04730092622360427
0.3942656531318579
0.2549520753259078
0.7606094290854376
0.9724551834538614
0.9372970888241949
0.7047292565127228
0.027648389691639963
0.5388575069756621
0.31491614610461627
0.0086895744426424
0.37643319606432357
0.3230647278233463
0.2919738019373719
0.5501489213039854
0.7391383435336637
0.7528796055861192
0.6811513416598878
0.7137790935911575
0.20342964728068147
0.989090178608818
0.9500931644571528
0.2743088497070031
0.18599082702774028
0.26124247756375807
0.23185113094994259
0.04806055245088692
0.5226207982962279
0.17110107588856083
0.02249530410676781
0.41214672363348337
0.5718341157666311
0.014922773554347124
0.7751115755892776
