868556
0.7885808148193052
0.27025441265118344
0.571881072888257
0.7618373209433797
0.010357840785219619
0.17159629442426239
0.5655259477368765
0.5605183815603045
0.4477203243998401
0.04103281472146458
0.42075575885085126
0.8841157371246126
0.5550221858843339
0.5403607618998991
0.17250685226662255
0.31722477023746143
0.5463070628866666
0.12759703060907746
0.7999618223937789
0.8763611102153954
0.1750400178134518
0.5699948797725447
0.3780719561693485
0.8472433500198021
0.9872707627823794
0.4596467503129036
0.3318748314322003
0.2702486621538105
0.9425389954417447
0.4240322318885872
0.6796533975492006
0.2544105597382822
0.6827625290794371
0.7762875205983051
0.1277421035341333
0.9152735244848725
0.04433761976209527
0.6700661306777017
0.16193645051273264
0.7608437520276251
0.46706070224817775
0.8053998577888913
0.2749522824752836
0.4846820630572568
0.09126461991329504
0.8350689426656336
0.8099949996561271
0.945711773922117
0.5816800672849919
0.10846990306627335
0.47533873719570074
0.8667286528987664
0.9627880053753359
0.7448838087732977
0.09439694940845966
0.41555302058482346
0.26999726386330436
0.5998545011742197
0.2588345557837086
0.07914159511154295
0.6638972039464862
0.4152935358252393
0.5526862679041943
0.5450960176947318
0.8811778601753385
0.022362661081009594
0.16005227021624746
0.8598535143180261
0.6130265364305746
0.40396294640663477
0.5220367905258426
0.19650880846565344
0.9982174876453619
0.11090435782283747
0.3750377404448403
0.22086011361046054
0.3539876626380426
0.306228219118706
0.2902263650569161
0.7784653502366413
0.23567516716198045
0.42288938540344945
0.2273417359220138
0.32398564055249823
0.508890551502656
0.6541414375025478
0.17652499182503956
0.8974380079992084
0.2413203980345381
0.010354495192459012
0.5185160102202284
0.3949637244490045
0.8171132286196067
0.7705400488337462
0.5142001590907255
0.5750476721346535
0.8592835393799918
0.6949987987153792
0.020586324629090602
0.196174786017992
0.7563647623273112
0.2406286738140495
0.06079390492177239
0.5496367821791022
0.9238852401743805
0.5217240578149294
0.36249381885778154
0.4726662489253918
0.6834526668648955
0.7610710170239486
0.5168534321067769
0.8155646782871623
0.03533802992342705
0.9946093738130826
0.8826401927472487
0.8180161021122389
0.09122301748919237
0.9271914009506229
0.1746431802191456
0.2781605728373159
0.29539809771102743
0.36758117595830164
0.25181238277430873
0.5280664076426609
0.3302538287963751
0.9669833492713282
0.84490357041228
0.9559066209862259
0.6776215703761966
0.866638181574114
0.6751185483722818
0.917795809744152
0.4845424591310511
0.9278102938940775
0.0035753941579415027
0.907913045582776
0.712039041574691
0.6817188619585784
0.8166995403912705
0.38408833786917196
0.7385714659292997
0.006993959123075877
0.15736272183413813
0.7494408290953953
0.8870335976256077
0.4074912544449182
0.861674363468715
0.37070767615506917
0.08163480208345342
0.21991926982318377
0.668627254159952
0.2887477939476948
0.217571430781755
0.528732687222878
0.5928865546082351
0.34695335446399045
0.26796503394405247
0.4082129588375025
0.19587492929700945
0.7292348613689468
0.7131670137738146
0.09927650905455854
0.7902486410946512
0.7352491623187328
0.7757534618285808
0.6888261322531388
0.8634449843408613
0.40373836559639786
0.6390166360180304
0.7054663272159204
0.6987875704240012
0.883635237925866
0.8797343344536236
0.3776638412627622
0.24168433439432402
0.6506393576896702
0.2400587032833763
0.19943124857041572
0.5311663332260176
0.04548826062565614
0.5107965301157528
0.7058591553943445
0.6091543771133305
0.05545368955816343
0.6872854778133399
0.21227025453311077
0.3153366409331877
0.3132831049236985
0.4607408953071025
0.04676210986593565
0.41837107421178155
0.39105123142774123
0.1787780780267496
0.21571871492374273
0.03585839231447541
0.3876453638577779
0.710858607856214
0.4920109541979454
0.8058396611071682
0.4579251722449087
0.4157275407760528
0.360144679328401
0.6354620450695149
0.43043099501866044
0.9335780628824218
0.8363088009182686
0.07870958043113474
0.6001683521861438
0.10523675908126462
0.5100174129819586
0.851767479590453
