663769
0.7828844947689104
0.34657760650809677
0.3231634999519226
0.610586662576424
0.9418854794108739
0.7757344178991271
0.25025089394115296
0.8920495085497114
0.8544294678472454
0.5218408658366351
0.5696849640563141
0.5926085005273428
0.12219245286760072
0.5015784429941867
0.16100170505351175
0.47765135418828797
0.045958119564332156
0.8639336389842079
0.7702699789032993
0.7503354995608743
0.3464286349337775
0.4881106211426729
0.5247543661947427
0.975685466348919
0.9188350027482006
0.2366606310647812
0.38850852115198353
0.4387893397973669
0.3637046346769396
0.9051305283325253
0.12873001232333736
0.3101388907325672
0.23311656902302957
0.15614044760746926
0.7417930860585471
0.8164905730878532
0.6239609402163194
0.7333128942027739
0.9587599423452535
0.9215172606018306
0.47934522793054657
0.6546154718633682
0.041468734148972675
0.3024438746631327
0.496649230730953
0.34411952746230445
0.029628581181120883
0.8101413471727846
0.5622892211456585
0.7836319418010562
0.5314800144607192
0.07960274091821673
0.4196848423007328
0.6010919330608873
0.7371158618033244
0.23870095390613943
0.15256503122151233
0.7465372896553903
0.7460201898060627
0.9005439826325298
0.4461147721568499
0.9502232467915362
0.03203461675567365
0.8132385570671864
0.8018535755438052
0.9678257037749111
0.3113334261990597
0.7973643729956718
0.40984955974328896
0.43146089266346066
0.6226796285806979
0.594186021208106
0.004425432337276214
0.8284374054286416
0.013971236609505944
0.7462785417405908
0.5341896814743412
0.15285083231595142
0.303420006602266
0.553046052989219
0.9138202410452783
0.7593834376245083
0.7840528285668504
0.904226022965522
0.06694420096835363
0.3069124642591783
0.7044376164138219
0.7567478651958718
0.4922407451614428
0.2859489216190967
0.3863599220687175
0.09986928176064902
0.36846849725221176
0.7577108906022616
0.2107442006272604
0.32879242289898825
0.11360395355250752
0.11559780595535629
0.20992193423716687
0.5436737002068207
0.9520630743941576
0.8080737523130723
0.37879208595330793
0.8322020740766364
0.9721323118227134
0.0644135708124246
8.992749393100796E-4
0.671368600832285
0.6509790495973915
0.924121732103492
0.021025385607313263
0.6666825705023521
0.017966606382501027
0.44130280167348346
0.5463934989279987
0.347634017721681
0.7192649480836629
0.9578165632932651
0.2451976057088593
0.8112974962648788
0.17522418179337262
0.8876183033704245
0.5199600926451714
0.6227604448301403
0.5056691928162541
0.1346918216707227
0.2634316593744548
0.3696637558282305
0.35199180596114243
0.5455965858767753
0.021559364302821904
0.841869550146951
0.31312729887927315
0.9791263493242103
0.1246590194328775
0.5304685397432596
0.5301692406652517
0.566754744943194
0.3613888553312061
0.49566012256092995
0.995883974342691
0.6644226469169632
0.895578750783907
0.339763946335381
0.7225173811922547
0.8536977522284369
0.7383573298995535
0.2842648741020207
0.1923439345997855
0.7532165149603851
0.8464231789923545
0.5699584700982167
0.6252536126938789
0.943880527976192
0.1949636871222573
0.6466797820999636
0.03486172720435454
0.9955965748005491
0.24522550164699453
0.6818135135905145
0.47244722729735944
0.3695424217033666
0.7117867141227565
0.6148753878236821
0.39125064306690505
0.01802676284109128
0.8857005409753265
0.8852559707039461
0.6364467787819053
0.07062113153789684
0.709686039742372
0.033641447270530644
0.898485820515588
0.22515040542411868
0.7640337789861177
0.24426882157194874
0.28821419323635766
0.5070463910620501
0.2797013517095124
0.07936680515423933
0.40365045989701376
0.156874445460646
0.6648987871878276
0.31066474603176675
0.007169784168250204
0.791158383618199
0.047234378573808744
0.40969007644889444
0.040705972065588014
0.04322053533728165
0.6775987745155574
0.970214299804387
0.3661607140216183
0.16185246358654726
0.34749441787309454
