1559807
0.5737339180263252
0.016407726273977463
0.3262384038417434
0.03014280087078447
0.827088973002672
0.5269606704026228
0.872475209189571
0.18139509045656987
0.4643587678061475
0.19413168938598802
0.6387745792630699
0.2889853242426764
0.9873821712260082
0.9393338016077056
0.4032012243822837
0.5368852649477561
0.5420586929936758
0.6846271390087608
0.01533597446254742
0.3854401769790303
0.9570188626136195
0.6396951420202583
0.4207488762014948
0.34060988604145337
0.007904839429906163
0.46685953184019524
0.7334989532975076
0.5464643365918118
0.18736546099535734
0.2266301518197964
0.8910497641636587
0.679977670118424
0.8444892889754037
0.6248258198782708
0.3748725962312893
0.13034154113508534
0.8239687753145755
0.7393587957060128
0.6293288622725622
0.17416070482815016
0.8590132578261535
0.4556492571433458
0.373004814182483
0.07236209561665763
0.5781516468560138
0.9513325636534791
0.38710781032693364
0.28340123426897856
0.10882829706730779
0.5480524770294501
0.31267375078317017
0.20057305792769642
0.5004915791056636
0.9167016233001329
0.16058303221009118
0.7042898687208038
0.8697565329956739
0.3803553837882431
0.9983591991375471
0.8339425475528879
0.47475037894657846
0.4328651431489918
0.8506867588102833
0.8637205487904657
0.05030792802687434
0.04233499573972277
0.5764537430355224
0.38651477931811684
0.564603732330966
0.563884905967374
0.3212312864085718
0.0277736855296129
0.2364960593943769
0.8236371723265395
0.7081947984257613
0.9447354078170058
0.6737525179419489
0.02917127840811229
0.3779985751538597
0.1038000214939867
0.8849843606119185
0.636009627435154
0.7557947889610326
0.26551109946020446
0.8750433089167252
0.1373016008242388
0.25846829648076863
0.8353975489135197
0.2138460731841043
0.8686773692550654
0.6464654295173367
0.14768468709366167
0.42260917416938937
0.22363670474465025
0.8080832877354026
0.29164090491273165
0.7025917466672457
0.11171606488275743
0.6258846443768324
0.14298211030566343
0.7049343965446533
0.8603290584833908
0.4378747221084037
0.8492821114135692
0.880054507630848
0.9031610303623852
0.02372195748922623
0.6504160646496242
0.8418518536560462
0.24067025816420728
0.27563259986791266
0.6326796855226182
0.6282982389952841
0.6399525967348553
0.002497037634980215
0.1356662271653648
0.5910572580565018
0.8779860951118046
0.8585493559995919
0.14501550392261775
0.3653153902197507
0.3179678326904468
0.5724380686825442
0.6210165150175438
0.27590008474205974
0.19992298298488298
0.7104898178448807
0.4264549238000287
0.36839713390610307
0.3756518950681119
0.35792597945343374
0.022383499481893
0.15053886951586049
0.22534085254684122
0.7728427158690288
0.9802178892704785
0.2652344612955235
0.8569646534255335
0.28663076996360504
0.8957544008684982
0.055584102590538476
0.21131515446932592
0.7963674290363598
0.7806975926368928
0.21683312936817134
0.2376933206742301
0.9696026512392533
0.6230515629207619
0.48570042514949596
0.05277222304394669
0.7651161628743582
0.830607289601441
0.619624594952271
0.8697637898159603
0.18815055291583305
0.45554336489656255
0.9950221173647713
0.9850914640929127
0.8165753970260211
0.3922408189819234
0.9853925431499811
0.9453295931268496
0.14105082740913466
0.18830017477971994
0.7868111222166014
0.3301145831794111
0.26783653350996794
0.6557597179703613
0.011932753696426768
0.7490063155046154
0.36713984753439954
0.6299752336467932
0.5453448298579271
0.8772653789721557
0.8987201953990965
0.29628371322395497
0.16263124856928912
0.006924666584674166
0.5414745975968712
0.6629772849232882
0.6266415697018016
0.12072032467900684
0.14153849204581526
0.5861017225170041
0.3104687489066529
0.9269197538364354
0.028624624724490677
0.09598923961048977
0.6104318861610236
0.0748770798109295
0.9685889845909825
0.9542166012171247
0.5036442168055459
