1978270
0.8077923460446351
0.7000794487343386
0.3758427949853004
0.1838787360019868
0.8277744341643036
0.5654652276350542
0.034662979660655346
0.4933535688602746
0.39141608359471136
0.7214895797021378
0.7368649683577415
0.8402188706501544
0.2793417384093223
0.061421247751158425
0.013400535142986003
0.43027065854271407
0.4707595806688648
0.7864066352110297
0.6211743498376395
0.8291054579874542
0.21426203778024466
0.28003267221800754
0.4517914180294875
0.8050065247247037
0.3928684912496715
0.5346242011852566
0.9108019466015439
0.009155490481168038
0.4936552576313815
0.13170886545816507
0.3410110521088958
0.6409509967629189
0.24399398355116464
0.5887677370810646
0.22344364108173298
0.5910618169313867
0.78632402946805
0.16919561292233998
0.023431092850004442
0.28821392633339704
0.7223852125799824
0.11611496365620444
0.04909153146224898
0.6280722688814354
0.6373482877053138
0.20437392256652143
0.5656532602973879
0.7668577251229498
0.17102086301868868
0.7057454314663033
0.8038456035233059
0.20020722678226954
0.9045160259369689
0.23131749075562902
0.3831323278007954
0.8829501683328969
0.18022812455058834
0.46552508998570574
0.6545830776245186
0.7142887087439457
0.7879005258487443
0.2060353075653747
0.5962070064108541
0.04636262885277431
0.43880091300902546
0.6089949294750935
0.7829610854339457
0.3517742557539312
0.6995874514777547
0.3139708779492846
0.3301647439914105
0.0464496071682875
0.8618286985932846
0.3888074990509648
0.196936311810763
0.3426446528835675
0.28804323293389134
0.9049790762235257
0.6834523853939057
0.39869107586937114
0.03124222498293583
0.18237742955262826
0.9017433222607414
0.8041420799847474
0.8742962633475743
0.8927338290534248
0.3795345749926271
0.6458124023943296
0.5159934468462134
0.50103277122304
0.5682931620775478
0.9911839937016769
0.5992026981012342
0.5845939825710368
0.24541878341101464
0.3572662317555708
0.15703178852299182
0.5767881926351056
0.694132513041991
0.4075268093384332
0.0371929876197854
0.8641211833290288
0.5391035365241207
0.873822374726736
0.13904434004863808
0.24951660296763079
0.7209924110950486
0.8277600690090503
0.30709165935056015
0.1406926730223601
0.7546183676615302
0.5053884918692761
0.9085520611141238
0.4845967529728973
0.6819760664195491
0.2774936928873789
0.29222223514824275
0.6185122880959337
0.9573724577496604
0.3311820001745951
0.7295933247496993
0.9598587291268827
0.37832303248396315
0.15397619568890542
0.9874972050449756
0.6669468993800954
0.19042087340946612
0.23662439583928097
0.6727585244527684
0.9817937631365609
0.3140486778944148
0.12979845125832568
0.9104036005978168
0.9394789829325859
0.06209133845013637
0.14048923281064352
0.6707082256804769
0.9555950837944632
0.4421996250656337
0.4210501114302657
0.8007255984137238
0.18926946127627542
0.5539170648629613
0.4183591099469248
0.3888870874308923
0.5780941846952494
0.5830285731043292
0.07660165551487841
0.9737456709527391
0.60915446443414
0.7909627998509603
0.33091845514437357
0.1999561257685405
0.6327149298263819
0.19187734365168263
0.28637676032287795
0.486816807462239
0.38696553324969996
0.6261085150562891
0.6808094564307879
0.7354205477908361
0.9604882465354061
0.2772409091735034
0.7913537889421597
0.057634367747372184
0.4081782986295168
0.9129683558051335
0.3804894036222962
0.9902525667348023
0.2410595839802816
0.19549453823401575
0.4380321819839328
0.089112165876984
0.9142627947277318
0.5799718134591184
0.16662571877719556
0.7056723633009824
0.8948585034572504
0.512842774098461
0.22771897065225932
0.2645339713072533
0.15344738139732905
0.6380260741225587
0.3383374242315673
0.1599487455140618
0.7533736258896452
0.4258236296102095
0.11309674568245398
0.8002750739972189
0.4032741741062794
0.6122102495365807
0.5461712683102602
0.22420561350527635
0.8737322530067136
0.2295551739433711
0.28222240979664703
0.3945952449936013
0.6708804204636366
0.018484073865706385
0.4729843384473701
0.9455812537297623
0.7741024483936035
0.26091155115888853
0.9763143838353463
0.26298472795823524
0.05354340001295832
0.20540217580259856
0.48999162487137726
0.5058499204170989
0.825672655659269
0.17153015141087347
0.30008096871221757
0.7289605385251539
