1211517
0.7572257774194093
0.07446103939250426
0.45740731537807044
0.021769465221501805
0.9814086671607287
0.18434629660865665
0.6885425732902182
0.2984562124921367
0.6305919054262891
0.8313314474628736
0.1550430504594259
0.14958130134240233
0.7791495593684699
0.8861306833963353
0.9981181756692661
0.7806495663732761
0.8433766479654032
0.984200902108833
0.8664806634815666
0.28483140916499494
0.9998022841270584
0.9126087007187313
0.7274595434407618
0.4328176752939763
0.7652237490966711
0.7530570883069547
0.44678407235662443
0.31862400072761055
0.6210165005191204
0.11013700318116526
0.014095205530647026
0.905469234855088
0.08114771564944046
0.3184907623094011
0.873535195809568
0.24140737412421687
0.36614125970498057
0.25585055959238834
0.18689090515650886
0.7751398982585969
0.903775990258622
0.7777792317175015
0.6773154706934147
0.7240267448820472
0.5076130854229037
0.9125898245528813
0.5415271039109028
0.6781837257251727
0.0666804635581727
0.7485314239877419
0.20909354672560743
0.7094548619520508
0.8503726308803895
0.5763313267942171
0.13167352592491732
0.9134459105349216
0.5881544017328912
0.00472278340700838
0.28469934196576974
0.025986420059334048
0.11108955399211184
0.673616523032082
0.10244851140380884
0.5339991228350561
0.38594147067228113
0.04715283967170758
0.7972774034558757
0.30220033210109243
0.4399859572992578
0.338857938284553
0.7439483112584157
0.6052864952531827
0.5897481655913756
0.024677848628115395
0.09708676287300055
0.34705044358194037
0.3797448906240979
0.27604960364677333
0.6933951901035581
0.20039219565469957
0.678686578421258
0.378785041031388
0.08618676728310626
0.19147513266927862
0.9139982139711463
0.3920303828003321
0.5569681701338888
0.03158546517159211
0.4839894979273479
0.988906917340166
0.1755721825585087
0.7728545376010434
0.36939056645494184
0.648544863653469
0.9639717011306606
0.2977081227029057
0.1684256247928766
0.5269601814790533
0.4339906523340722
0.814114674207741
0.09616494335552794
0.7081907115067225
0.04279387955467484
0.41517311075763763
0.183946328806729
0.7479728699925986
0.22301052361914908
0.7991536429337879
0.32071745395857154
0.506001074262081
0.7343841195011243
0.1808736231639605
0.5757021142942566
0.4775465831321235
0.36827479243205496
0.4430265847964511
0.7954319503130528
0.32776350371566787
0.3818212926912764
0.37564283544325516
0.8757818744802154
0.46674152976840333
0.08065152964025601
0.506156661238618
0.5694409447573235
0.23222535379077303
0.48136125538382135
0.4219519359108631
0.9009167073560463
0.8524514545836077
0.8668786370347805
0.6023660171490683
0.14843164515586327
0.46108367521959537
0.3126876350484187
0.7914808154242586
0.3887312016801291
0.8822406871177466
0.5970396333827499
0.8822263861634354
0.12567516924070854
0.7089225452024779
0.9178721086730444
0.022633783427846166
0.3719779276738612
0.06857002480808383
0.567036974235776
0.9946393414297082
0.5218062192872442
0.2755391132765046
0.25230468122793204
0.41811571727312313
0.9011429473752505
0.562917118563975
0.42710915466960064
0.427825180853904
0.7182789460863639
0.6406493501668796
0.5200350777936507
0.09030554903934906
0.1632582694351924
0.7495994551620955
0.07519333146837459
0.8517684455120232
0.5531322768558933
0.10946113662971024
0.7523824164574763
0.5271797600611524
0.20397917137581312
0.6712849276452031
0.2992231965586646
0.7606285503161977
0.29661519390417834
0.20473759521406976
0.757460423164734
0.2220266635745387
0.552194207383347
0.45736229739006273
0.2742964227972494
0.12960277792299146
0.672938065484204
0.2067871009449037
0.9398107156610628
0.035089213794258
0.8525489328005462
0.45491907302287593
0.7277053621281326
0.5785969718922152
0.913577655903087
0.5799335418985018
0.08615270822533228
0.10419489141662808
0.17226190208167103
0.5520878063227966
0.20327225130493043
0.620818573311389
0.7889390643630074
0.7378799648116794
0.0487462905385887
0.15510839488457528
0.031230041167253808
0.23700897440989876
0.02629019628548812
0.40422008842357704
0.9398854645694843
0.24144070465526923
0.12885594937255185
0.9162214420743262
