1570269
0.40068105555490385
0.14320713637231675
0.7530215765124306
0.8574837735220735
0.03991530704590185
0.24382637728872048
0.43799075535221854
0.6904718823987073
0.06689291136233833
0.10836122532404913
0.7894092066185393
0.042673076401129495
0.4339319492593928
0.5361686403519565
0.5906907925223883
0.473509189616816
0.6962128747210417
0.20026424898687822
0.3805840582281961
0.7234810914700898
0.9553344567276082
0.3953562327193252
0.47435158413114664
0.06458611639646106
0.25013772817027735
0.35085296002144717
0.906912643759558
0.6309537080197155
0.3859642557455468
0.26880543594106454
0.32551540078601415
0.22715409749851434
0.4510949609073156
0.14573543042858628
0.5560005634143264
0.9398434055131603
0.6429065801853425
0.5779989010690787
0.17957493368627875
0.7055850737172936
0.006791538619581705
0.7139271315738126
0.9159517209705468
0.4186587284931983
0.17164913493287304
0.5895111629102099
0.06130917836208438
0.07845059332221727
0.22797073873175522
0.8426391647942161
0.3360407395825691
0.2875570565719213
0.8761931107094434
0.8392091728779286
0.11449855458330283
0.07099003205526
0.42498262758749117
0.25613928940602004
0.35976708036606253
0.5025561382533177
0.8464095919116786
0.07025551255957185
0.02717340059931428
0.9328980167306724
0.9602289524594763
0.8345380948812962
0.85316072895921
0.38097935335136013
0.8912312380606588
0.08505945976009188
0.9476890514359054
0.4980953131948862
0.3652777512098737
0.4462237999350709
0.23604140812025998
0.6759763422482997
0.32068304517773394
0.25078012031791097
0.9509250076456771
0.09833980051448388
0.5527843989559773
0.6863036378830824
0.29322153865041456
0.9093218635153447
0.6223989988891825
0.8080647711247555
0.3610470132220367
0.49664415865908995
0.9525453944521934
0.6565734067063322
0.9532701107329936
0.5775466564029551
0.04379273721209109
0.028426462409151698
0.4586918691200438
0.5012555199684112
0.8213110640492679
0.884832959792551
0.7129756672394164
0.21486478700937772
0.9721942789882149
0.8152464944353119
0.4231533714703566
0.5899965750906049
0.17154271819498712
0.2079286858534538
0.6134036651734096
0.6824588673891637
0.8308476074856067
0.9738868505259398
0.8000159727661696
0.9083712210925955
0.9186443250978498
0.9735091819557004
0.39413419835310004
0.8307881185905068
0.21582983435440006
0.790332407231989
0.45776383006644883
0.8033675579637847
0.4390583419580837
0.32650300969795676
0.6750175647441207
0.07306979600132701
0.4012202794005153
0.20690735884723632
0.2771832478064624
0.8337439252251118
0.428983932376223
0.9585511862856579
0.037776742093041604
0.3872926939399204
0.7169140962466353
0.6733789626346595
0.12989947615200848
0.25952464415910825
0.19020582169694256
0.8671684685062161
0.7905030278825675
0.7138486845592971
0.22970784831374846
0.7505908826033659
0.6347247942660423
0.7026194271612811
0.5197613830941474
0.38714787597016764
0.9940986737156133
0.04410410964686595
0.5686421017374556
0.44772838267271386
0.3293712349921213
0.7360998724098351
0.2499761592406914
0.673427273949316
0.08700724340386679
0.11545088424436989
0.5326127029628325
0.20923334668734372
0.34836242223482683
0.7554455875073665
0.15697750596906168
0.32278610466178703
0.34285910975335787
0.9212774825622984
0.9621743752116393
0.5647935879613186
0.4361589146672895
0.04827343976255116
0.08159521925393343
0.974957831098616
0.029868565237945233
0.6275688103495007
0.15888392805845186
0.4322901626387864
0.8711903334639783
0.29326656225111347
0.2485994412660485
0.4307481325144774
0.16370990154864207
0.373304522938644
0.24196637251194542
0.04141515922795491
0.2469725430975055
0.02725906606512163
0.5079019329967599
0.42623055050336967
0.6270526048010635
0.26837468628092453
0.22657425137609732
0.9957878396377691
0.4392234707525132
0.43665376308923076
0.6212483998457152
0.8786286579347574
0.3234328446761985
0.3113481288594543
0.36130556196928976
0.6655760135720875
0.9543205590913133
0.17226316014082144
0.027002545789544197
0.3993388439300547
