1555179
0.11764781449920969
0.28298915669763736
0.2937959905254883
0.37759668214606235
0.28611944811243506
0.9998155345098374
0.9928239486062623
0.0047848458191418475
0.08436037894415294
0.25410554655101214
0.8382615242075823
0.6514107388595466
0.20262449975013253
0.16646409333317114
0.1518725098411532
0.12669839244791115
0.6075519637901965
0.26931836782627594
0.6050109343715255
0.5419492289072934
0.6176722183324476
0.5814284246612819
0.8840860553173131
0.08306392889763425
0.5144334330016394
0.32115784554682625
0.10519695245369698
0.9957082311432743
0.8306913637514957
0.8615015277449053
0.7397426862269839
0.7847475124101599
0.6657397053035148
0.9914131062969015
0.7817984062933206
0.8876050452161924
0.6461469327296304
0.7271252554635382
0.06924392433521454
0.5453404516277937
0.31136290224417884
0.3227910364443989
0.9895628453695092
0.029828822426750556
0.25453163008583757
0.8536001126314027
0.7779859038014767
0.6938982054307334
0.2760848878297578
0.1351157995695924
0.9487676972909455
0.42542060828780104
0.3550827072087318
0.09445512725344996
0.6817673965125649
0.8405756978321647
0.08026394181811969
0.6322413025102019
0.42704265473692027
0.8618277237368513
0.2882974053664179
0.9370419514638049
0.16991474895876768
0.9206389697965913
0.09657023353203487
0.7367087246663181
0.5572971976015786
0.30832837977149286
0.7368638427164165
0.5777091569894724
0.9598981968227711
0.07410271913294253
0.3763615932094544
0.8680292799826891
0.12037502808126022
0.066052482591334
0.6749709881905572
0.7811466151979847
0.31677463158147146
0.5153915314876316
0.7942533874887752
0.05214559210765901
0.08739417566460594
0.16270096241924503
0.4558932286040088
0.2669938316064806
0.8868736892818129
0.8161128648681986
0.9349892058739309
0.7472908481866692
0.7862019268430911
0.5580553836104729
0.2361360789707041
0.509633649559496
0.1866734209862584
0.28963398392259676
0.5059319713909043
0.024221967385592902
0.27303567346552216
0.5895583061322314
0.19244062357854141
0.31451400686917974
0.31644141986467833
0.6741653311309894
0.14161332849441233
0.6701955719752736
0.28002630865336786
0.11329109483853306
0.8102095465781491
0.1477252665541261
0.7182766709247054
0.41341169986781023
0.018393349097393763
0.6993252924105967
0.9750430182951577
0.5538750498180235
0.09297157074681683
0.5208234063096667
0.2791876778336243
0.6435927844974167
0.31248903141941575
0.63264974869307
0.22547047280783739
0.7710422306763478
0.5474498735729213
0.17858402373838356
0.41998236806555267
0.22559350881838025
0.17293110234769793
0.6211842441510765
0.44043994135366127
0.7014784312145651
0.027223493528604092
0.4323574085298243
0.2797642217446177
0.02285986275402152
0.9810213022014687
0.6052063051843313
0.6704933304097065
0.16122258640489473
0.22590503806624318
0.23092879107634545
0.5535595164746022
0.2335205476471932
0.6129861846915193
0.46488582446837545
0.7945827641174278
0.25628416970265333
0.34769175790707285
0.799324570704375
0.6723638007559157
0.2810191863069449
0.7771937249978256
0.9381443632044834
0.2796368639987349
0.6075115564621164
0.5239112677494633
0.12526883338096517
0.8055696654552276
0.3571455934168797
0.7999815887560926
0.16131923461128794
0.3028358120815273
0.02115926128456347
0.11737137911580098
0.7625906113902172
0.5964258591590228
0.44458331432024245
0.5204396592240835
0.19226689297138433
0.7401003476969432
0.22843951547518015
0.4629511542351583
0.5980295391393508
0.15324049353739522
0.7779811480181767
0.34412214236046323
0.928321007822133
0.7298324613799843
0.8120370745230613
0.6081633317535359
0.5396906060641637
0.6485060009616693
0.9534095821913025
0.9790156150697812
0.5641918312068869
0.0648444313915274
0.8731173196931993
0.7595325273032004
0.6192508004967527
0.5115430303298857
0.5212786215831886
0.4321797355839777
0.9310637532720127
0.027678574217336882
0.22869093611399804
0.09012808400752248
0.4368358203831275
0.0997746020156548
0.29118181821595923
0.41821119022524444
0.7789664780366721
0.6278638068550877
0.24988025813545212
0.1687515223560776
0.3124294716970395
0.9425422696474546
0.17053169042238336
0.1024551115556771
0.019095484128794138
0.5473344211755715
0.14044538102243187
0.5514429845952664
0.0731760416654813
0.4588095718783676
0.9219046470671018
0.5826044010940977
0.9889151622588832
0.4070498507872524
0.9521363473639043
0.4157271534361522
0.9278231035483693
0.2506034231040962
0.23152065333046679
0.0946747529001074
0.5950469631005697
