778045
0.5593000128325871
0.9758544488201073
0.28607500144495646
0.1636487219386198
0.7612615216876785
0.28902684489345476
0.5549316701066406
0.3715796343868518
0.6157393113483646
0.006411262999930001
0.3314184996179923
0.7460636040629841
0.46994887561251997
0.5896404748965325
0.8893019490314402
0.5236246774867572
0.9137201901604424
0.5125302160635852
0.4242875935629892
0.9215605133475342
0.08277146443130601
0.4225988636845113
0.5404568145740747
0.2108997416816638
0.46273919275210385
0.24926209817818745
0.12615363829091142
0.6147319518928848
0.8323933425306262
0.226718847817601
0.03217981075722831
0.32807387852862313
0.4519514349175022
0.757397079774557
0.49335270293677214
0.3451139974126963
0.7304946834842613
0.7074002617182461
0.17526046846080034
0.3907055631972496
0.07410754660407881
0.832887164875802
0.5730668321144637
0.8602365996634089
0.1838555336096983
0.6558212434174918
0.940170684487074
0.884501621973429
0.26829689817512625
0.21509700891598682
0.1471572166264863
0.8961796676679377
0.9920390576179728
0.26836479972507044
0.10688455776387162
0.13834203605716722
0.869121357630211
0.793083701344648
0.8815797525171907
0.6474598505658835
0.4756023377056515
0.29081898790828664
0.3326837928047297
0.35508016120048413
0.8690639159748765
0.20397945040630894
0.8940053188600356
0.8106240672888144
0.4442302753110161
0.8190528634479117
0.5355033660992669
0.19478690446478963
0.9659143355479958
0.4314868683053589
0.7283762128286437
0.8987354494474803
0.4313982600651062
0.514100033817764
0.3531428854895401
0.7001092507642659
0.3204874911972825
0.2426139553464116
0.20435283682715455
0.33926408816207854
0.877332401635012
0.17660298514155803
0.3922421556296679
0.05997720709423571
0.529000713084496
0.3198326308232645
0.516757318956208
0.6916174338526367
0.30028899313866353
0.8393715370516875
0.5227339661656699
0.6135796851828745
0.8220800065116836
0.7605379649555374
0.5174482126921731
0.5480194435551782
0.9279262714635377
0.3033362848015302
0.6020962641146633
0.9068748940430248
0.9841164988574945
0.11402302811820564
0.43455131689098525
0.935640342779398
0.09546419041981236
0.056368241984115386
0.048891928329209744
0.6554388448102405
0.796425023608963
0.004147426343361849
0.5839892668798056
0.8247242431907172
0.13977433297245523
0.8083416539341947
0.31301893590292496
0.47612625392657637
0.772300748592251
0.39817844641869315
0.3928492312819456
0.8625134580894095
0.32861314398733577
0.19531019107797443
0.4896614942548557
0.04607025317919933
0.319768566948889
0.9854675423553703
0.21007762987628376
0.6493959818314834
0.762425686830029
0.9698461508818181
0.8200292723161147
0.6369715013421274
0.4173905329898093
0.36572894244506693
0.47646505558462193
0.8199432322015303
0.37848406733842177
0.1756822172321092
0.4673401219348038
0.04792512694326723
0.39896388046382536
0.610214587763916
0.41258647006974214
0.5445501974908621
0.6012520344265911
0.7003455186567866
0.4012167444764524
0.7062221483118843
0.9813607029295078
0.37032814693006544
0.9836433567590083
0.4830857706027627
0.32398512031585536
0.7369750448317377
0.9101130284414447
0.8626480295256861
0.8527801813114377
0.189539078449372
0.04185867137967747
0.047242599401281726
0.9699905970948347
0.7722187095708172
0.040017304209062576
0.6947011485750969
0.9743742159058353
0.2142503492878267
0.6638506942040607
0.900095408752097
0.9786958725015594
0.2654100380144998
0.1285537961181341
0.08193424064261534
0.12653432249755558
0.810953404979064
0.48399118028092636
0.27405591585033307
0.3717305859645127
0.8792979390850751
0.6957809191512144
0.2089581303078294
0.2116394802249516
0.9689369770087394
0.7595360477887432
0.5551467416377716
0.5660931990646973
0.11697335560831779
0.23392357255019802
