1328438
0.4434471777938218
0.712863644267901
0.3794843341519155
0.09598052772815546
0.5710220574490399
0.8648732175890291
0.5810906291672315
0.0784407482512467
0.9358921749845531
0.7620751742606446
0.37740951089151076
0.735873935341284
0.5334806815172296
0.6261847766705563
0.899973388248396
0.5794492215010638
0.6104851748095054
0.13437141735760283
0.6530728670946334
0.8352083087623493
0.21393797349019628
0.11635425060621807
0.2576273196947776
0.4725151506791808
0.4279820603238671
0.646540449816416
0.08910230198309366
0.9880088933710608
0.5969603254936783
0.783259791972051
0.5261186568312578
0.13307142733243416
0.07466258812586668
0.9822392101705633
0.8401305477807564
0.40726925522633695
0.5372418453120801
0.5593423785122047
0.4882605532834752
0.8888712814731168
0.7637405836097265
0.6135747260640322
0.016441693381498368
0.14106683446473045
0.16901172239211693
0.7342555807287336
0.24151235641060254
0.20979875501554723
0.87307506342118
0.4232767211563677
0.01430853245877406
0.26351417797346444
0.12757604458894167
0.9128296163283253
0.8507042164359312
0.41764902981253094
0.18830170419305625
0.37816314114029637
0.1603555629047736
0.8798031226143607
0.9971296050866862
0.6586502725990385
0.7402506678681576
0.6460434466063741
0.7366891096527759
0.010410283371207196
0.17491472895923832
0.7047095811569623
0.270619571118095
0.4625162600095363
0.1885875118836795
0.2821006241903129
0.3970491654304267
0.5162363685917251
0.9640045066237876
0.05449146056654508
0.42341446495371493
0.3512547012308269
0.589697448932275
0.027529882321677523
0.16452222532537342
0.6944333511695732
0.34751937375390785
0.9997546965464598
0.3356382698808569
0.47066868028373965
0.07105097357812218
0.023570117202071028
0.43961002379461167
0.9153228313948581
0.76968665693858
0.7702017004286716
0.009307007761170438
0.6793889652096323
0.780613152259534
0.1611504161015439
0.9695805656934217
0.28967398108417297
0.9861083642849311
0.6473951047641956
0.7363805403719544
0.8702921707098019
0.8747018854885722
0.5544272071892045
0.49459927663058867
0.5453093329588811
0.6905043585587334
0.46691450363950227
0.5060107935509891
0.9701971653639114
0.7465601454211941
0.7828348575761439
0.4194773526020229
0.852822488689283
0.38758225326010176
0.014962789890202832
0.5219087337226267
0.5982459065063239
0.4733202152834439
0.724477149025042
0.8112506236242628
0.7898744857593334
0.5520164287905225
0.23351579330791583
0.44270578519447623
0.2966748938490429
0.9183653330121042
0.1713683388314522
0.20394842906760846
0.868075495715867
0.23441277403571736
0.6008965829470334
0.04167807768284404
0.29322502569406084
0.09175502401337143
0.9670987218163
0.8590314437033466
0.18690531767048835
0.709940432799072
0.8894959458704509
0.21997076117007253
0.7859181617383377
0.8767930882222991
0.04499645886951564
0.19252220479545046
0.25524097858311423
0.0565633970554128
0.004093135341533327
0.2390391242050519
0.35926619114979297
0.5561841885311283
0.18803203397951218
0.1389863741081846
0.5068613135402747
0.06021319501522726
0.02352709608233816
0.07837775933770019
0.4623681254748202
0.2916829866121633
0.17536365964569367
0.57236736986978
0.8604943304539594
0.8598224244603906
0.3014981551425543
0.9502099767535113
0.941505234926145
0.9075297450625658
0.027841562511806917
0.8416795031370843
0.9458620734718386
0.5192806351380846
0.7174378617089631
0.758292395924554
0.1501276417739985
0.4924344646565486
0.9848633662603606
0.3591530533177214
0.901116677135985
0.9420941947811572
0.6485919287232218
0.5425047949206421
0.8163023696796456
0.44535243700850735
0.9952549389423232
0.8701392375298925
0.5389452481728291
0.6242676077442048
0.27428586831613977
0.35659437339794764
0.9039425794102629
0.26831209664840283
0.20551850273634475
0.9101637137742862
0.4848106206525843
0.4326093236533809
