1685779
0.6777647377183218
0.7560796870044865
0.6509630589403799
0.7123965502478063
0.7199891885838076
0.663620047258998
0.3421793274678948
0.17518615713029917
0.17591364817132393
0.2568656770098219
0.3686911717954596
0.23840693637652133
0.46937370087979624
0.7309057024962868
0.15827101981343705
0.45239487292558134
0.34751851077162255
0.8593000553534058
0.6308962144885064
0.774235710982118
0.7052061855853311
0.391432707757423
0.3934454167624656
0.12246506823149561
0.18388822207399413
0.31764127672646103
0.31259269718290195
0.917879760353471
0.9186861779659837
0.2412997843162369
0.5172876425999963
0.5057412308405538
0.12454668843946592
0.46955010073808234
0.46277548401484647
0.20727202639306475
0.44875557499894514
0.8778328614973202
0.904504766105147
0.017557122435655104
0.800843320063207
0.8515981294096289
0.08383945720337616
0.7253492955634422
0.1692113223880436
0.02051364063115857
0.8929824957291624
0.09482315752789983
0.7833979371568083
0.6991235237489253
0.8957940331854879
0.18270055996111834
0.3707276590253248
0.9437496998993641
0.31525202846787836
0.6648738663166821
0.7280349928375461
0.8727768604196038
0.4404865246801538
0.5824033735498926
0.7921052605633992
0.1781857708215855
0.9449199725380053
0.16297795359132972
0.953055938357939
0.7384769580697507
0.821119215197486
0.8418406364154282
0.188868226244854
0.5741814676837722
0.12451004925505904
0.08040583696207537
0.28587271032708383
0.6495752322208748
0.9690215775170737
0.3537505817411556
0.5114347431622208
0.34019979488883845
0.17552373957389533
0.7288426021303649
0.9682643122849597
0.25229384355009543
0.06890164238933738
0.3779259679757221
0.9800051669548002
0.46740862367685776
0.8184183577532299
0.7028084029595641
0.6179102955557502
0.39907469225047676
0.81223321806919
0.00959089671638802
0.18474688792641825
0.02672487971352433
0.25409642553475476
0.9411156338583802
0.4970594764014309
0.13796791093261607
0.11094112967989056
0.2842485366904718
0.15043151296118962
0.7260215448703201
0.1999838410851481
0.3327703066376355
0.001773202768095672
0.45287230363060826
0.7128163057226056
0.7893303573805478
0.9054882258106037
0.8020297512827342
0.6014599069050811
0.946368933241508
0.3703201231739859
0.5184442677552471
0.10437562051728644
0.10758605890168371
0.7085512029908291
0.3842392260401829
0.3482462679705688
0.5622808969982436
0.888242928129493
0.33703314387967376
0.6968462385087532
0.996001581328504
0.060183066755745585
0.6553901753466704
0.6966060158812875
0.7797112587266758
0.22326023959967944
0.8946880822889324
0.9842412369149037
0.4725678005711995
0.1886062641491254
0.4885928992559361
0.13461338615389484
0.7586143348323734
0.28477556494700684
0.8017604159700057
0.04946655931502131
0.8374025224615337
0.2601206292076015
0.9077037716314892
0.3922506206328009
0.13572786978681783
0.7086228446407967
0.35352382025080575
0.20309628124776113
0.801303388454756
0.07764885362317608
0.8231816465826343
0.37805317077216505
0.9801782930072631
0.08287543327417146
0.043918697137152574
0.13537959542012445
0.10958734141207438
0.13594074918332288
0.8545862947374463
0.46868220959257867
0.8764788488638986
0.5256282870562615
0.5281244564941786
0.43320422330533337
3.729725138881257E-4
0.5388160734059092
0.3874447968700825
0.7639293648219786
0.952662646274646
0.47563190766931973
0.7161045348413728
0.6056070362676328
0.025057269537465343
0.3533146369226118
0.6214731923425879
0.222822084368273
0.9226992800867755
0.05211626576159922
0.27821890244898917
0.8716085500014029
0.2109078550228629
0.2569379263004876
0.5039410304218767
0.38396433062022994
0.7061429470781315
0.7665581368634251
0.8400487401021624
