1076578
0.0808837743996057
0.17968935781793827
0.7858997045252617
0.17573042859096988
0.1666639281645973
0.3661849333391686
0.8677036041913534
0.5747905902538082
0.34750846173863315
0.08428753504076592
0.6948242494132791
0.0271401685283994
0.48555323039264564
0.4239440414358724
0.2992933587062758
0.7905541555064036
0.985582245853485
0.7320865186006391
0.848686374772097
0.47262705196628063
0.5446792625706379
0.9959973850388154
0.1714066866442181
0.6302276735521268
0.3496565430458777
0.11670132606790129
0.397440973215881
0.49730580802130253
0.40431389144379304
0.6779641702759959
0.08087297059537057
0.46010679156210244
0.523064376085982
0.6077539195674516
0.961874081640987
0.7258200101136647
0.3156803594643689
0.6098151171793337
3.730855087523688E-4
0.7418621154688424
0.5153896622959605
0.731464286702149
0.7914368523317199
0.38338771761964674
0.657136405457392
0.5927322217121939
0.34230184242315864
0.9762535531594345
0.34146726902682023
0.5735809039976486
0.742911329840856
0.5080741498161729
0.6622142748830437
0.9339753058715997
0.21859319634658436
0.6230635928611551
0.28373744336311213
0.9592346356700117
0.3714631474106448
0.07762913804334559
0.17836657044260473
0.8654817987631728
0.8802861638784526
0.6600884708131666
0.9037698104918038
0.06042627358744601
0.7470557879182771
0.9727061832632317
0.020033633382875893
0.26125219822682233
0.31938322898968496
0.8672014788472125
0.8041127315222781
0.9955818329412617
0.7033541005776215
0.9759914802143962
0.5671283713902893
0.24442298981215183
0.5954360684041041
0.1496846336487585
0.9677168634512624
0.19856758662650886
0.03691808502071714
0.7802171447614994
0.6833772635848557
0.15120571901083668
0.11004919903222743
0.3284066907709584
0.10341171783255476
0.7837552923543564
0.6912906243266815
0.7336877374949429
0.9607405922274336
0.636279970631896
0.9753997060882621
0.7632559052674257
0.7597130238727001
0.7778441984098908
0.7337850179936575
0.18134818729030178
0.08092505634104485
0.7525473356350431
0.2551780447526084
0.6270456984397
0.8352507622866268
0.9793392705728958
0.6043027002645941
0.5828007822407242
0.7388217394780011
0.2121856672166651
0.695148908580332
0.8520205992298862
0.9136307417470596
0.981770169816618
0.5021359858848476
0.8437740372313025
0.3929054128366076
0.08647413417640892
0.29497957620592075
0.05048404025161091
0.10018919171981089
0.3907495770457611
0.5194839933234254
0.30066763378269923
0.6695380475313516
0.9945030687199202
0.24416198365204367
0.49703529980300487
0.05870942685308134
0.9526967894189914
0.07601226069823785
0.30604157025334444
0.578732887358273
0.39454533537837777
0.09789059920167109
0.46585936607902967
0.7054538836982364
0.40958734744435366
0.9281913168114234
0.9854147825959219
0.41868519743867094
0.021740290622542457
0.35529839339408653
0.6931747681852528
0.6473518620365907
0.1399206138921103
0.3422808124741942
0.3775636540555859
0.06093372443776457
0.12267784078369348
0.38223155280764476
0.2600157683654645
0.09476868922279047
0.5734596330638715
0.7136687762791104
0.7443448193216967
0.1925780354735216
0.4663675716945348
0.13918600052691887
0.2849017035910275
0.7071571881161717
0.3774470171241905
0.17108573736788535
0.8782667517571543
0.8514178309876073
0.6357544678174327
0.12751466677378887
0.985627988873971
0.9310314021208371
0.1565351538377623
0.10866533353673724
0.47056535446314196
0.11210048583688692
0.27376787474416897
