714508
0.40158475663438586
0.3825588105733192
0.20885902859587369
0.08020258320498086
0.28488374337114564
0.12404238434972281
0.7302461594099819
0.9044568828072753
0.37898465831676675
0.6565554245112417
0.25334142582678076
0.684168776388609
0.665853735015954
0.967756933783949
0.9784875080528939
0.5154027575419047
0.1104559239711892
0.7414282969177716
0.3019550199594099
0.23155521352510755
0.9107322638162595
0.09094589122753483
0.41233421249329816
0.5097813547734742
0.42930507175757915
0.6892901168694653
0.38754863860203115
0.3019290889963311
0.8373703707441349
0.7035066567499306
0.9941334851260213
0.5458733000706989
0.7095571371312979
0.059570939076067475
0.9838735899588076
0.5319229512464968
0.5607536999105802
0.678051220427744
0.1936063377011944
0.1785035021424558
0.46542460108145756
0.5002406264136519
0.17197678422481244
0.6453222862584251
0.9749651568913136
0.5067075548948201
0.7016781097398765
0.7777913256593876
0.9787149604329012
0.8622745403218607
0.3307335183229112
0.34261147642780554
0.994475419333247
0.1880127196603213
0.036078539426709244
0.8892804375775665
0.7463255459398559
0.8366027792910006
0.3209176525633909
0.00920456720580598
0.41464804698004054
0.05316629622739
0.5958400554834042
0.07448959824882218
0.9332604061249162
0.4289288612732597
0.3519928967948093
0.3002582693244076
0.22176319972072334
0.3664377663141506
0.985343447252503
0.6812823929658668
0.6136456999561163
0.47850596544726687
0.5534807817682104
0.9711787255460967
0.07070504102870379
0.12928323386483154
0.18054183979783556
0.8219331424922116
0.47994726507968055
0.9362796826327935
0.10201363532552443
0.530396764421476
0.8110685546166837
0.6869893489164725
0.6200053008582807
0.3572960801266353
0.5531833573703352
0.1791551442228162
0.30338776989300986
0.5617515573243719
0.12411260706775129
0.22866205892288038
0.2903769900804185
0.9740796972131072
0.06586219223463052
0.024120424721711387
0.3160188897065107
0.4461783395475034
0.4257434456041874
0.7551398529623279
0.9315642049303058
0.2628180897749507
0.5804984679528977
0.5630116059535465
0.0794075889814343
0.5196047631142284
0.7220160578039923
0.6267430035916673
0.0029057654470533434
0.23063275417160156
0.9799728489778643
0.3799680584914161
0.38971754601220276
0.6464659715522029
0.7347158550750006
0.1548088712902892
0.8955819000103368
0.23165178412637888
0.8805130842837673
0.7064463153293498
0.01035596462608157
0.501481190395621
0.13247526710941893
0.8777683923813544
0.018274488641552677
0.4658177094785113
0.44650319805379524
0.8054511407411038
0.40263750512180907
0.08425447039403167
0.812539754489808
0.2145486939414949
0.5943372598647346
0.950142596884928
0.08681155663386975
0.7460147404415862
0.6266121554422647
0.7017743892730873
0.9602474732624754
0.004049181532365109
0.9453331743352156
0.5241228107660595
0.9814226922237288
0.9596775015939827
0.6624285404438938
1.1694702946229985E-4
0.28243448020469286
0.3528327866645584
0.9957232404205716
0.292615417201324
0.5786514268797174
0.16793407099054902
0.6284751125609621
0.9277469375825332
0.10425593258862775
0.3222395380423091
0.7937411389569728
0.3937126618773059
0.7935352165613986
0.053434430939738764
0.6845830427975221
0.566736213539297
0.9789723447192474
0.8515806393809926
0.5216421408832264
0.30698233522767693
0.9570197765918108
0.5838570769395709
0.0025367205104709356
0.4233484808421707
0.8146318991480599
0.8443175212478472
0.12951387884683618
0.9353650408327361
0.3748557226553234
0.9908066064135621
0.345587778765476
0.10712223138857246
0.9627006715726167
0.5923115910042306
0.6294734876272357
0.6562149985675988
0.33193206623764626
0.813075099856362
0.866626044663629
0.7762801300302278
0.906130878480676
0.016426229238894807
0.580175461281444
0.6174545353223518
