1430125
0.1359551999601386
0.14140540915614674
0.6867345600617636
0.6067907674622866
0.5207277622080707
0.3538006362254672
0.01252288055314621
0.8971292789667772
0.6856407335971698
0.9296697097722688
0.1910464938384956
0.44751395585622467
0.37939022885812634
0.013546453796479785
0.7517631550505742
0.6916261987027058
0.6148149072819026
0.867458163260267
0.7269824846471931
0.17375965029148865
0.08813920220612637
0.05318592117819654
0.38408020473592497
0.4968697196784241
0.36692680010122125
0.028304617219545136
0.050370243642734014
0.30436932723133625
0.3695948775496488
0.34097792414098926
0.6710539980681298
0.7810379038853373
0.29893953956981223
0.6855777551366149
0.9095664573429957
0.6201611266157463
0.444469768487184
0.6534891137957779
0.5911137738483908
0.20397090196493495
0.9334743299275642
0.6178682126231916
0.9880304766446906
0.1533207166939461
0.1926449203117645
0.30166280357237774
0.8048827377041241
0.027070181679648697
0.6385107421788835
0.5433749324780135
0.483535685715635
0.774019780330629
0.29540601859954274
0.3647321430486129
0.5388482154402716
0.6995238451455582
0.6409595614213093
0.42729827005882204
0.19058668342306484
0.02809044570692365
0.9703129093465851
0.44423337724525336
0.1604832872780324
0.22189515338418508
0.916063468424619
0.01987970201068645
0.10866452128488346
0.16947496016909902
0.16962516456164012
0.21051500316255722
0.23299019340033844
0.6193665644559068
0.9610615805461977
0.2135414641324127
0.23129081466919055
0.07315471014460584
0.10793974913398408
0.9191143634172515
0.5446878062051078
0.9251696215219503
0.61200864370062
0.9418179088041936
0.7240295356185732
0.020577068638515272
0.8131059114699011
0.36051421819387963
0.5822405756295297
0.5735280705924676
0.78443097397099
0.3858068256767433
0.7695520916297504
0.03349363278543904
0.01542983562251421
0.34841877770442176
0.8056361583027168
0.8055522759021577
0.9581395328179536
0.21058624790678748
0.7356510527833253
0.8990256462729775
0.011299377252849907
0.3810067821746279
0.8592610261348311
0.5121788830580469
0.40305136274095466
0.8000532444592345
0.8292084107740021
0.5682931812687144
0.7512091723510458
0.24359623873626224
0.5903825295165114
0.6543485138030782
0.4151972126306307
0.47507373704656974
0.2243785223093483
0.3688614334312238
0.22557203883855104
0.7140835098723753
0.18689360742559358
0.7566902751964834
0.7706854600994587
0.25819675062285863
0.7770323553175852
0.5120624447477832
0.16542085774167514
0.1564207541556667
0.7255107011201257
0.8971878161506563
0.3941669420909374
0.08247484209350486
0.16989950361389416
0.21678236120028038
0.2937877511902469
0.5720447036869748
0.3450553561368792
0.3641369367070809
0.12441387992015551
0.9660053645569173
0.3411821775693248
0.3735581708287534
0.012870075475790554
0.6977946844459537
0.5146624147025475
0.9965444021962182
0.003551879549763992
0.5640733079223985
0.9985983362614049
0.0023201780729934507
0.24374213310515802
0.39515109949274196
0.7517123744824526
0.2983076700358881
0.3723308374893727
0.187179709058527
0.8186997929859268
0.1957601221851305
0.9528424351328567
0.6494884427945988
0.3625290136434409
0.45595054542949254
0.9711951221631961
0.3788703303995762
0.7477447944015205
0.9502043446078529
0.9127720607661763
0.6699674957592514
0.2994962498996887
0.8076129152154383
0.18925561286788561
0.7364400551004016
0.8613011480772144
0.33255017058539693
0.6864443530432612
0.24494831175502707
0.0706719857414343
0.08128982568623722
0.05637774193550538
0.45239044582923715
0.9856742304696305
0.055476917736273945
0.44230114771116036
0.9139658246425539
0.5590793547736764
0.18818991554475373
0.04813790540324514
0.14685182488808746
0.7157040553293399
0.1022440457959708
0.3359687304191604
0.9287643263284553
0.3483522596674187
0.7006257258129939
0.606061660862021
0.9887880217188615
0.8204211917593446
0.049204014344892855
0.9069966388421499
0.009983292197477622
0.34655945885968187
0.6757778925851217
0.07750097051028071
0.1886842564527571
0.8300954779984279
0.5523306066780813
0.4734743147092225
0.9308455045381188
0.7467447314741578
0.7718748441974419
0.896829360151282
0.953904441301663
0.7717258848314961
