943235
0.8580176741300665
0.09747402509740744
0.6814750652908927
0.988793166891618
0.1105769068119139
0.3533075123971565
0.9110919993627561
0.9082226007100663
0.6895673473488215
0.8266579913791178
0.8585906992442071
0.008119070165196418
0.2104887714878727
0.08612747610618876
0.47623296013990213
0.8861000208945448
0.47134072249877035
0.9699780209352794
0.5440228425561552
0.9589766877777667
0.3604254764128799
0.9083723160699884
0.7894893304484601
0.10483983847176737
0.6571634894916302
0.30507251780109856
0.8769349448969869
0.49231582782931793
0.876093515389405
0.2530193903691318
0.5674210899264297
0.6244335273536219
0.524154136487289
0.6037607633841746
0.9332509711587245
0.5312419963649101
0.1426806675659159
0.6583910980971597
0.25723525160297733
0.5260180025876708
0.9455375680727521
0.9420554558627801
0.1961358200387846
0.0535446373480003
0.08275229781224425
0.5028505903336384
0.36517073349895657
0.9794585990438501
0.9565627824158787
0.8528217120803223
0.5443331119440457
0.15104858121077447
0.5072235108860823
0.866244816736754
0.6972559298410257
0.018728427921547164
0.13307811349124166
0.9670292019031778
0.22400303190920978
0.23976587086431755
0.6904987979304938
0.4119700635949528
0.6177486510738436
0.5174829081021866
0.420858026649621
0.7433483880736161
0.4848151365721246
0.07395460176326851
0.8382035819926771
0.35235549451337156
0.6441472517868853
0.6480155314822575
0.5403525368280173
0.20017083640488553
0.5975197274726941
0.9870080693935219
0.7268580811087465
0.9673546917051021
0.8101547867965031
0.4239107636093703
0.8911203964689144
0.6627120527807013
0.09072033546510128
0.4917693355997196
0.8482207040205774
0.2698692402470262
0.047604586440418206
0.9068476830235643
0.3669622145146857
0.9584331352332287
0.7157806323724096
0.6813563590557553
0.6039712323395979
0.3491866240004289
0.38011643600746015
0.42941232226900006
0.49865401497877215
0.5303353835941459
0.6943560441055903
0.10578628358147224
0.3614440884169353
0.32189169023562614
0.07672573970267282
0.5874246884846304
0.8688419123066874
0.8433367287778588
0.714082213391629
0.9426773002768571
0.6791356003507719
0.21914152973925172
0.6949841751554205
0.9736079892400542
0.1416541266764474
0.04341047961004407
0.6613468383148775
0.1432061721438722
0.3935680540706098
0.2762695040833574
0.8509710420383545
0.9246995377037432
0.33302945504167647
0.6532513883276831
0.6111399919512731
0.07182479497814143
0.02525547422486929
0.14768409891261058
0.03198407239530865
0.09024243689494826
0.9633658172869042
0.9010802104973114
0.40400796504167713
0.4649514674755846
0.54859242978942
0.5300257893974339
6.343600506523162E-4
0.976017628137025
0.7177295610398224
0.25886626328652595
0.5720797643807073
0.7558361295396482
0.930309006355938
0.10855093440298358
0.867711877245108
0.32391791779114154
0.9661190265310714
0.3292143983762664
0.29517066623512034
0.7596260912032174
0.18617581262205785
0.8980241319481226
0.423676621272448
0.6505302158659217
0.390733158127589
0.15174298415139464
0.3485606528259897
0.9628874152115129
0.8427818342633061
0.31334362665408844
0.5089731022489723
0.34642852416596215
0.7601559192354442
0.4787442401039237
0.2619330797415702
0.8625457009060866
0.4536850589245295
0.4681704596866968
0.28981941281793633
0.8687836039348598
0.007748289583537682
0.3900316735975625
0.03025932680721166
0.27137649827337496
0.7836100221934096
0.19678543322337982
0.6879627458129287
0.0047955230406517835
0.012500965405285669
0.49081673954983196
0.537800073764388
0.7043482403339022
0.4233082246024381
0.3062177521148167
0.16414875478167257
0.09704406090709006
0.5322530840841082
0.31706187159165444
0.8293008929714744
0.9186649903981384
0.19304557229827146
0.24990423814862828
0.8494087688115229
6.243914374333137E-4
0.17476277358705583
0.7664233898460597
0.6108552401894536
0.37618401962356174
