1654222
0.9740237992063807
0.9770425896801247
0.07519817128520168
0.3191649982048397
0.1472208387178623
0.06961012917702913
0.9050441278716725
0.8377631585078241
0.9484739627904037
0.8926794721177161
0.31949907475803085
0.17721482190279192
0.9603329983522726
0.9236627915744635
0.04979900072445609
0.28724902235353655
0.2591720284291461
0.10897378246497624
0.7837028229539729
0.34425161188767306
0.33877049361227185
0.7689913370222529
0.4756866715924173
0.22871093432855716
0.30987777887785406
0.789349001062232
0.4518181072146281
0.3280787772815973
0.21371223817468377
0.11774798968744438
0.29247407895210376
0.5227888320615925
0.4297099817900457
0.13319008033320456
0.38757920924122535
0.2009646068641069
0.31597572375842986
0.5411842835103017
0.27784538648258816
0.5074122609619383
0.9531038675923635
0.5862778183312288
0.5741073823464904
0.958289420162169
0.858885548577439
0.4268503356321124
0.20772393696830016
0.11420747809763365
0.525971452001823
0.9410581170334821
0.16574270300686078
0.3647853774668547
0.11837441550484618
0.6116777084247296
0.012685707918061784
0.9486086178936577
0.9806241950129957
0.4723330244737416
0.18407910358189672
0.5080159497680076
0.0018871538648155273
0.2393111313441394
0.39422402083787933
0.2801458517533899
0.021419450469691514
0.6395589395794021
0.8013618284315286
0.06323505376002281
0.5374607436297361
0.20091802238832202
0.8000623746708411
0.5491921081840292
0.5816116432570982
0.6081288280942333
0.017927504031728048
0.2832491218985056
0.045127658935902315
0.946970273310211
0.4297817800688857
0.03162541711775002
0.24352673221205978
0.7073186463064234
0.5354941117029192
0.4793726430508167
0.8910987171529717
0.9588618341950909
0.9368262916063371
0.856873814666228
0.06078695100759779
0.4455825449945653
0.6624861568418089
0.18946342498901925
0.5962813425853265
0.532207654087192
0.8616868906913184
0.4385841815309116
0.6927528708606945
0.26726874717682836
0.1952758557209454
0.27533443844684957
0.1268970439152779
0.2755399196927476
0.13587434939443843
0.5268108878530602
0.35603421363948196
0.799914637116468
0.26409142518831674
0.38411278853698794
0.15449523361688922
0.586097069674377
0.1860016351659768
0.6339250191570133
0.8701415027704659
0.7832620772292789
0.6835280790020124
0.5798219704385379
0.8808013716156229
0.3346063452058816
0.33149078359022077
0.3993431551594856
0.4392841309282316
0.37186066166628673
0.6419314156085973
0.08008806901033338
0.46074699195350466
0.32400897338135926
0.08441553456566753
0.31387471285088564
0.5334609065041499
0.023915713924683057
0.8961871901695747
0.18301750166171082
0.06976339939607523
0.8341421387283473
0.02756963785563349
0.36876934003504747
0.4074751518975108
0.8186216917657118
0.6358117311150944
0.6629259477824129
0.4148918765259175
0.4297823612844631
0.9068428391397192
0.2732824625475686
0.06128296727458571
0.9205486136613551
0.4179363517200402
0.5490010520440476
0.17324571927246835
0.8793532010573207
0.44349485650096676
0.5388954213696189
0.8695294702397178
0.29541996141815086
0.10411412666450148
0.712093753918994
0.8047357801533888
0.6982240767925348
0.2677142235509561
0.8531302473000917
0.22792925266723774
0.3610668012935865
0.09948758574183403
0.5811724977296544
0.27532162592962106
0.2935317937032448
0.6018625449009836
0.4943594082363266
0.6920932278951645
0.4969673050470582
0.5233975739728878
0.8606791303957928
0.1721302354251557
0.39068747752771726
0.02656699404224705
0.9296270075653379
0.46381395181002494
0.4239729370592149
0.5708243562337281
0.11056501376269956
0.655638684728678
0.8205840902520691
0.27220269646861306
0.41664216348013783
0.928176506994381
0.16718827071793674
0.5272722596834818
0.517524513240588
0.39370749519762904
0.9698634880972993
0.8277628016537777
0.48081158367520327
0.31386035985890604
0.8064875227500986
0.6112658671990764
0.14521983858825094
0.8592317876685267
0.1686862336016126
0.10602769841150561
0.5736406622119007
0.8866561379337664
0.5151252242880444
0.11466505081812228
0.012092811746601595
0.8995350668243767
0.32857738163703665
0.8343250027010675
0.774750859712191
0.20008433072067222
0.23373157726183047
0.7817911555040676
0.016161080820236595
0.022387206284493755
0.9550568645725889
0.4107690110854013
0.46205429345167015
0.6533647476992109
0.6596723143039026
0.9848683488906549
0.4832331273093795
0.34017329551427244
0.36274039311789064
0.04946489643678176
0.9074801832150761
