1313986
0.3082376632285665
0.14073752844978993
0.028980305602293033
0.9294043224167086
0.3066069473017089
0.06725744486922325
0.44583936022571125
0.16203873700152782
0.4035003485226427
0.9888292020418449
0.3716248648292254
0.5073298483446691
0.2793727683891988
0.9616336669827414
0.58753328411462
0.21550728099698158
0.6590939174519602
0.6519762435478496
0.5280219754228276
0.6209425556350624
0.8905505057023552
0.3302432412408526
0.27280910133348757
0.6719812803086018
0.9448888025745371
0.8110187581417729
0.42953767422466893
0.48151413256357556
0.8789273546785606
0.8776246978171458
0.37010020837425084
0.2531778694911069
0.46336079558776044
0.3907446662692763
0.8115538109425705
0.5569867016755506
0.46702587045333965
0.35113420033680376
0.69096559647102
0.12728195163257372
0.13414043446236268
0.7823320991084899
0.12682667677465975
0.6068607105171935
0.760047365384825
0.27321386845186246
0.726791103086258
0.8530777626943415
0.9550174989098875
0.7747540865094553
0.02821764835845375
0.7295270475222765
0.9853792686187846
0.09835541566695194
0.42047011587320726
0.6560781260243185
0.8845940125194012
0.10979830543543123
0.5898794203180503
0.6202631230786873
0.6092110128468299
0.8869312357965545
0.6293581161401848
0.5534171381696575
0.07122969665701351
0.6398435236047249
0.3368346676422298
0.6777345157036136
0.9156923818558843
0.5670703592476255
0.6944983443696783
0.4127095618904223
0.8953435533722414
0.41751550090495915
0.4303811291492805
0.33849002986827537
0.31626931109537104
0.12781897676785658
0.5935232060757284
0.6898525762772856
0.2846951330192613
0.10890528681433254
0.7248415374185948
0.36704609948340117
0.7411604098305512
0.8068634821506666
0.05023364973710098
0.7864734789599439
0.15197375516534462
0.45335215148768115
0.29403560366002934
0.6051217773315257
0.8448200205649973
0.5621994651165872
0.15792645515048265
0.3910084865110758
0.8783703862958254
0.6384646880447092
0.396484988882432
0.323597961710117
0.16357792688973027
0.9510078578436576
0.5625282414600292
0.8382452665402343
0.09737473195131474
0.7894713531034041
0.47378343262649447
0.09836421208851709
0.5250334614143337
0.9782574245872039
0.38400586670641557
0.489474247937534
0.38512369717875894
0.5557021700151201
0.8355576766492375
0.6446612922720563
0.9877633091522713
0.33741589508215686
0.6437169039678039
0.6947498633918247
0.9673722551566822
0.34720400987509603
0.9666308841118738
0.28286658126828657
0.736924321347732
0.8705830011568791
0.6413425914877161
0.40559945884120163
0.03952681199285746
0.05526755389099414
0.8016028205714351
0.47728051081892264
0.5485207757386726
0.038669285486408134
0.9357020931555287
0.5523237522363541
0.4047340948825964
0.14491706428411144
0.44338105357836444
0.5154171144106999
0.41776722422896484
0.1289502208033393
0.5757810252217452
0.273454668803952
0.9145516897271723
0.508524610521684
0.3106043693343117
0.3876085127355634
0.5177058841129847
0.4508098884096001
0.19074494766224703
0.2671045737401073
0.28040514362537095
0.02457320744340885
0.875109775733539
0.9252718122546665
0.7005325865566491
0.32668642691155014
0.5949378030004598
0.6459040316892584
0.21851860342134
0.27678922947315443
0.9663240080962796
0.9448756891722246
0.16573417320773776
0.4944101226086224
0.5816596693139233
0.9293638072277498
0.29447995686459616
0.5745025454664264
0.5035546100984154
0.905401269595392
0.19567145908127104
0.39984725544118394
0.8736761979730594
0.45314720761293537
0.10731066196915806
0.5258575159925736
0.2924773426499694
0.10529239673708424
0.9074296054656701
0.19182303628753394
0.4550799743786563
0.47863898103308933
0.20177381144307294
0.28066529293559095
0.2921447047219443
0.6788372422255683
0.6781198076931078
0.6204465075731136
0.43047574729794513
0.08697497378999175
0.3346118852921681
0.8127473095012808
0.9114337711878633
0.7845769518060803
0.1250489180309815
0.32989208253256574
0.5408202855575154
0.211197514757536
0.9858126548749475
0.3203410471304521
0.5243574317184837
0.4470056231993488
0.5403932463423131
