885874
0.6404606619636037
0.4534476923192029
0.4649283062409527
0.2749244217043002
0.9058213064211732
0.9364970719584745
0.936548405006935
0.14330482649299825
0.6960622164773422
0.9240183542215294
0.5312294967392037
0.2780722567811075
0.025320548468312776
0.41565848238683245
0.9565697500217445
0.8070173025397637
0.641087479900189
0.07918648170713194
0.7850947697794942
0.7097541693328687
0.951371054358433
0.037047314306493995
0.48223955783105676
0.23513409702784038
0.8246363302770777
0.8394258726233339
0.07308941984753392
0.4350679446860739
0.3528913981271311
0.09920384107507874
0.6690206609222724
0.15702599550395502
0.5446346139004216
0.4709329770626084
0.8566461903718551
0.1971495295626906
0.4719639848417859
0.1756228119478772
0.4554577792070702
0.702579779660858
0.7270099340262746
0.6567229045647135
0.4103078164043873
0.05561988703306642
0.3432247890382717
0.6423064005538445
0.331014178499493
0.2070689978210235
0.26507177505969626
0.5066152204084756
0.7814348640126163
0.4859218764442932
0.11254753832280684
0.16202096813148514
0.5741377044310197
0.263148852793639
0.5582304463361613
0.07610983334368304
0.41375521611953003
0.2001613448945303
0.3077315162668477
0.9395075713147173
0.5810770263143145
0.4229022663156006
0.8274402502211068
0.7293049657535141
0.48720393350251767
0.6807550927153131
0.6308299681112778
0.5572074095318775
0.5626505584425114
0.7628048006375084
0.9947535853426219
0.7018515853681591
0.8201404556411913
0.01166443527033878
0.31299653106530634
0.34721949214194037
0.17900552460998687
0.27666856278738317
0.5372609547998933
0.6026772539804607
0.3383048613127728
0.6819479246460383
0.22051224389090907
0.2527673158757717
0.6658363400881285
0.4173633107306004
0.7193356272349068
0.6102881904927436
0.44973158374678424
0.523924170708257
0.7073771807044995
0.511041905348877
0.3386267878602527
0.19065806084312598
0.8385039364848756
0.1633789167656039
0.8625467498070072
0.5398247099632577
0.49329611439862453
0.5318986851281358
0.5968970113543864
0.6111164010202157
0.08997857873138992
0.17747486612503072
0.8837153686784315
0.02451448740966422
0.21588812745326802
0.8618730007770038
0.5480979058838148
0.6319322171789533
0.1049495887915628
0.6611604960429002
0.788091255357724
0.826171016774823
0.2733170323635079
0.3445275061389207
0.8680042995119608
0.1454907561973655
0.8509339806370068
0.21518957376865766
0.5881742816583875
0.3302025017791974
0.21464339718278203
0.7634691919549877
0.95448466576039
0.016820265831623216
0.6726381020757864
0.7601949895847037
0.6124339860035194
0.5042565644255476
0.8518414417011112
0.9746717017255044
0.38888180569219966
0.32266293694888004
0.4806791273151274
0.44176312145117447
0.6731780185759245
0.19978008653875268
0.33070521786477547
0.40592685983999766
0.8064013146997421
0.2322130666791723
0.8880514726605797
0.661678968378781
0.388559481976132
0.39607579466624754
0.13404309806611003
0.8912806044620045
0.7503685984625065
0.8182435184149103
0.7680485318710862
0.6848677764428804
0.7669877196481301
0.23962678356035705
0.6858988668675914
0.9599216932391311
0.5447654850282831
0.8096695296219943
0.8977552367690715
0.18208938754473603
0.3610650012318718
0.3345998501049604
0.5001677526740397
0.029855384762801807
0.3732006241613727
0.7141703013356286
0.7503847213969899
0.35141760102175945
0.918802886998442
0.4718730581309407
0.6281946106261175
0.5439914850183805
0.6741207109595264
0.05655381707443785
0.1877881158802076
0.36539028805377916
0.4647172266975087
0.7056706766466332
0.03627581331738039
0.10687019126239694
0.7607848280916202
0.6356791899950749
0.5718377563379577
0.7579372057704706
0.6953130045713797
0.04026684007237191
0.8978477330698211
0.44028904806243907
0.5919013356732642
0.9434324959677061
0.5889166901699529
0.30832491937496953
0.5999287436841564
0.18317919746151956
0.2850253758593353
0.5482789300558923
0.3408155060649244
0.9329701000103454
0.5383737104634887
