4828432
0.5781733197424295
0.25703810423359785
0.4930403776632303
0.2120578643145481
0.5363632432256287
0.056131378244827834
0.45898198399769363
0.234153231956444
0.7450276715018836
0.742543594472784
0.8131689489121091
0.48861259213678043
0.9272083384613213
0.19572148244544396
0.2413505149740568
0.7519658480915308
0.49895561569883606
0.9720028920790269
0.5092701537450638
0.1073986003407087
0.9882036577959105
0.900354130952798
0.9182281470026775
0.7142775505703747
0.26661426867880755
0.14184460390641207
0.6611964147107785
0.0024309953067508383
0.23938705366637925
0.8442030755537752
0.9457390021060459
0.2671681702644122
0.007295508052312938
0.26853446200059117
0.9837333220701981
0.49182950600692654
0.18977433977255764
0.6850745676240491
0.7340667911086246
0.7648379141202145
0.2910942634817263
0.8508448671634675
0.5439052764238804
0.024750113101744242
0.974939910599828
0.9960364510298239
0.6520953645218124
0.5317324122031748
0.854772174931423
0.6939495147226963
0.925450010797899
0.4633588320380352
0.7217347931197208
0.3929371739716445
0.10902979863989981
0.12291646312231908
0.7776705294159225
0.6475043145834656
0.2842869442209256
0.19378981187530853
0.2058648328103434
0.5805708729047271
0.1402459719508049
0.8527985928542098
0.44079136271002706
0.10211246885808045
0.6532072279366693
0.3104728352952171
0.30934123058622665
0.6591174593928657
0.9513044148599068
0.15007784537333102
0.4491394343271733
0.11700416800264768
0.8895148800158791
0.015389768119608127
0.5289141698547318
0.11762798853729894
0.15787814508296039
0.23662451939671403
0.19311256922164488
0.7187371640908613
0.5511881614090857
0.29897056311697723
0.5462589420307861
0.4028409897807611
0.5395151645365277
0.7154028925593187
0.48708248657825914
0.9657660156181841
0.8750936647214368
0.49440341980158153
0.9201744754539871
0.42928950412160394
0.4331273764601512
0.5826566812935701
0.3990679308038617
0.9636854852158632
0.9220224930999299
0.35510725486103256
0.8614506379635152
0.2581275462464887
0.5002766094025651
0.9191381166549255
0.910655933821116
0.24318534882453435
0.7395341289111786
0.44969159087122124
0.5280315815698862
0.8314254417732186
0.6126840016622629
0.08301520925941863
0.3168168890164015
0.5722290803069318
0.5847034418482323
0.9940806621782559
0.38467410840532756
0.9260105973578783
0.19160472211620283
0.20214832313723263
0.7580872053926038
0.390690105280732
0.35290184458713025
0.8943918193481738
0.17543157245785423
0.022358162998809106
0.1557745289110034
0.7457647965046631
0.1542883611070226
0.6076101518827269
0.6418888347788322
0.9863404923457985
0.8071016710342774
0.817425282893709
0.5871881338314154
0.5072884357840335
0.06982591398234872
0.9353336171097515
0.3335381900959167
0.8558732723984486
0.4367288146751539
0.7965532106178086
0.21376457413686956
0.3729134994931531
0.082868962708468
0.6489046100331779
0.8773629385373037
0.34105596493091306
0.9581935405037401
0.6498664468940357
0.20961527810892966
0.45992352380268753
0.9503806718420141
0.16097781672070588
0.575123697056277
0.8912041939612714
0.6864327006253768
0.887535181408596
0.4112002988053488
0.925815481943707
0.4465111402851354
0.7767023366583304
0.773325440100848
0.935264587993357
0.4770508061793368
0.8233069203277846
0.6796181483202195
0.9875838723836571
0.3706627281678567
0.19024716673894648
0.007067329925582788
0.4235362734045146
0.027109457928439773
0.12086479327798072
0.42059390394766827
0.28333523861425847
0.5886453205607439
0.23062230173650788
0.6753884772204124
0.8688255508998929
0.2545937663860105
0.7189954110985514
0.2984725899926306
0.002825942578830176
0.7137560218703034
0.44592617747509544
0.3419172352088299
0.9601257951856356
0.07353444901174766
0.33439143497316615
0.24256715675214302
0.7874630238542288
0.6951705190911649
0.20360708133112115
0.8755943282679809
0.10774877626051238
0.607984877779837
0.08655938494619264
0.7647660806528241
0.8254863862933673
0.4484124325874165
0.2061259050715012
