1273521
0.851512721318831
0.16084350792034585
0.2931907110280183
0.6277044171544791
0.972626055816085
0.07880827381207356
0.41028609617979284
0.07368283971034517
0.3207003719270686
0.9773520581613537
0.4383737224879801
0.20055330318630238
0.3257987785075226
0.08446732423908354
0.5599284836002432
0.32793969906458187
0.8472271835306998
0.24055746246607457
0.9297995370729929
0.5876571353086048
0.47383606533896117
0.8801183620667223
0.010815313893829837
0.7100601400708658
0.19595630989014645
0.0185308260026823
0.5764195537388885
0.5069291442902014
0.5911656566694756
0.6205256046400806
0.25224682773495377
0.7687354424752527
0.056989468921706754
0.014607695840991974
0.04909747416799681
0.4163319371147194
0.9087932506759635
0.022041684570767273
0.8492614826018382
0.8553099135965327
0.09827727381833329
0.7655678100952809
0.7062020832004177
0.1378716091160942
0.1064431651976796
0.6232301971495662
0.8743405998721566
0.5576193834281912
0.8247809720555525
0.1782395642300333
0.6651864968325063
0.20933186413913285
0.5083006945469873
0.16149158782071504
0.05509774585197269
0.9941709392216138
0.9504657655312213
0.47139674258217
0.19885940813683767
0.4782478295826952
0.31235693163083655
0.1974532338539544
0.23714037238581476
0.6517295675770716
0.567177841011706
0.7388809054841097
0.7371335102760331
0.429556964537532
0.05747915248490332
0.2537153080371941
0.794995085934736
0.45709849995106433
0.19130748269412057
0.5946569440391773
0.7873344225033405
0.8918085099756985
0.4545388001729094
0.7262233378592562
0.059643684563830957
0.22769425936662957
0.3402363992315415
0.708452018023351
0.4249342371958854
0.015910927677895814
0.9864559578403269
0.7246040671025014
0.8880574135325632
0.6006019234124301
0.6244273028120768
0.21053401899620117
0.4311468154340472
0.45753749529857324
0.9709288094021291
0.35973608350263053
0.0420614212965309
0.4932532962516757
0.18501773588222425
0.47575047859117725
0.6007013972598029
0.720119324261125
0.7890927843539756
0.15243949560001058
0.37951424483068175
0.6074232701905777
0.2914694923023159
0.5918639037741266
0.2657722042483208
0.9115938809893357
0.22556909503069655
0.71868457276931
0.9089506784258014
0.10522909716685047
0.6893227091957825
0.0646250833412253
0.20513291137822642
0.8337061391953042
0.35233673345398875
0.4786569145354769
0.026192749327984544
0.3433681543849483
0.9614957721244207
0.6730397635608794
0.902586144890953
0.2789071816652554
0.7561654294846712
0.5142483527544393
0.6272800760550639
0.835117631937633
0.6589123392447355
0.9316293062204845
0.14196169719505924
0.46512602876281195
0.7180392660476065
0.9435922601068748
0.307972467083682
0.19450296801186107
0.23860078913436866
0.35475155307402406
0.3804810114209475
0.49113816631410434
0.43825163377846965
0.8852064316028808
0.21323838745533275
0.3763106274023733
0.5523377607382071
0.6031233037720789
0.269414109428354
0.1409585020163312
0.6943635385273149
0.020904183698222778
0.03419094285183766
0.23904149585846335
0.202675096740074
0.45895541902578185
0.45144421879300956
0.06709797976994158
0.3187387652873055
0.44805852055906226
0.4854395969403942
0.31760049934667955
0.09971383785498256
0.8622774208518789
0.7752801218354858
0.24618555610261095
0.8497138656572706
0.10039740124458862
0.36268433176367154
0.39758209743590145
0.6087339931035782
0.5457304718311857
0.920966617020762
0.8587794580483024
0.30230999281444415
0.0043193117617860155
0.7361623575184087
0.9845246607647448
0.5270189725384923
0.23364269952397065
0.18155277616105236
0.6512410482717176
0.4583382176436944
0.7286583446579912
0.9448396323484539
0.008162499367496467
0.18563737270205682
0.8049991614454851
0.6443080439017117
0.759960597819657
0.6739503423813685
0.78287295896757
0.877954883224631
0.1105609847760386
0.5004700698564548
0.19872787777228096
0.911101777410202
0.49092415733292505
0.032581667644423606
0.9816740500329335
0.3362607100255267
0.7899917807291782
0.8212119162713591
0.5587406046578606
0.5639642929033479
0.4480511333438002
0.11283628170157167
0.9478760378871556
0.20682135079402264
