1283692
0.0883505463807942
0.7816447682125444
0.5843982271699516
0.6844692459778007
0.8385412126029079
0.14455559013470254
0.16198148533814427
0.35489964156455767
0.6104363827556998
0.31619396670696487
0.21988569058455865
0.26214995453523726
0.2792075717024767
0.8960051622147615
0.3572825419301756
0.7194539749128026
0.9610855751877175
0.2219053187511677
0.15312408870226535
0.260428648425149
0.19897954232678117
0.3485089029835856
0.22869569192973227
0.8132860916091419
0.981214746244772
0.07212558637086841
0.47760143667386135
0.16486884470484842
0.1537648637423068
0.5157335622985011
0.3680045927084672
0.1302419268338001
0.6331730606638819
0.14338203055310117
0.6525796763353506
0.7585184201061913
0.17874306638704807
0.6808018621260463
0.8192540307204883
0.24127804811207032
0.428186739048369
0.9132470567141924
0.9113577965733165
0.2792951690616755
0.8267792303420286
0.1885253201887589
0.2911133525069185
0.298293145433556
0.23934436506496948
0.5439403775242329
0.715212676454144
0.45123832108640405
0.8766495917463039
0.662679935737307
0.16860218747960398
0.291552591620888
0.9355198371776854
0.3269102241067493
0.01600976789087749
0.49387682116109277
0.8394180069667193
0.3829711489308779
0.5300513580214619
0.07707551877401009
0.06073630498404592
0.5722228501652202
0.5590729659315875
0.45638106382451027
0.9568101613234503
0.9612987945720566
0.9187405874831788
0.518788427964197
0.36546140716902353
0.4704506305157855
0.7780632719607997
0.39392536267868117
0.9599125977276216
0.23426862786430713
0.8584651817888316
0.27016299958322954
0.3942610246815108
0.18700845632856034
0.9001635073238903
0.30795083889318264
0.5035356770371766
0.8518370289275188
0.4661268675763245
0.5675749612872464
0.5439112227826962
0.666161735708274
0.6168562068581689
0.8096271275211484
0.5418363981035184
0.40168284718846003
0.2543108199338526
0.8722610872541257
0.5915720297993916
0.5665106482512821
0.3106190589600444
0.9446074735897326
0.3948563854599425
0.7679872199434723
0.12843894816134283
0.604535939360079
0.6334833542590576
0.8206502646094498
0.8791094568972689
0.7158440529416742
0.1450769776847134
0.5743646934222397
0.8795101952417327
0.42404121249958326
0.9185755127778769
0.3593103866002666
0.453938711089215
0.08994535509181234
0.9917096808656197
0.06787329490584237
0.7573310809880754
0.7694738405927847
0.007123062867292251
0.6290341280119841
0.7133695069723528
0.14548476561081347
0.2692491539147853
0.8163015380934963
0.21945245011027215
0.9249170904863245
0.21056488467273893
0.3506200287536966
0.8646868620665732
0.41199250841832324
0.6254092426165417
0.6095336420613114
0.47697041268335516
0.9813562328105676
0.5578676497832432
0.8835534394475477
0.9894751973652209
0.8699589795535887
0.14334643397751623
0.9316686686055232
0.14848663958709818
0.48711066435698924
0.5387517461829452
0.450672031916869
0.7163929393920727
0.27312944791379956
0.5717195950345924
0.33874071689374385
0.45363846784836903
0.5408820695481886
0.970193818257325
0.7598601521338515
0.0518112070631046
0.7569849127059075
0.328262417259788
0.20689596845145364
0.44419088560321784
0.6750233774856434
0.731972686958397
0.9714072661375152
0.7311153377053728
0.6731852146286581
0.3746901109124622
0.7929403290707594
0.39310480848299245
0.4275104120594333
0.5173925568464793
0.4653112147660968
0.12360140239838269
0.22568003252602864
0.3139487527429057
0.9918144561004493
0.09177336613338816
0.24606898880770323
0.7817728318774714
0.5518023916064344
0.2664524859272177
0.7483828207545069
0.1625302094744534
0.6290676351219893
0.32748307593125225
0.9091580014526779
0.8783171327542857
0.13332737283261398
0.9996426594226343
0.18848598159381602
0.6728736234735835
0.44345176666906705
0.23233831012209427
0.41728334572936954
0.36888669905819005
0.8337666756255387
0.6076900403887722
0.4185209224493138
