854148
0.9703352492825384
0.3944017037289128
0.5454043422615696
0.2730636036464432
0.5498655641527208
0.5782971970094231
0.7944919524954656
0.44821897481187245
0.7325977597111455
0.7757633226159107
0.9658428285760965
0.6932984016514989
0.6004278822787382
0.3065729711851575
0.08879920874220182
0.49840228205142634
0.6627121371801526
0.28328012845570216
0.06605634240727998
0.7476892483834483
0.9154499162464205
0.7444090355358767
0.04295892178995264
0.4647785619566773
0.10870052507222083
0.3259728964700699
0.3154288832616272
0.39598677910559044
0.5233981763643071
0.9191270160197773
0.12090081573207712
0.797237772805235
0.23974151494794638
0.0748319658755503
0.16003676685224688
0.660858700367917
0.8321759994966803
0.43295002297657625
0.242925129144418
0.9694228325982212
0.24829086014742618
0.9030238840017628
0.28581091124768254
0.5932837134437097
0.3480325667674078
0.8990398830256001
0.5101044247654959
0.8422729408251185
0.21983458927702781
0.499598389878939
0.6534857794703427
0.5649626783945968
0.27123018216838857
0.33420259933145424
0.0447343783808134
0.5791936674852891
0.47417443133718873
0.7502232160575171
0.4260491150194271
0.673181164316721
0.21230682851303317
0.4485766672833097
0.26911730914971554
0.026822794122066673
0.7295672375255642
0.5629489090581291
0.97438755402669
0.7553248634915534
0.4792092483026268
0.18288886379863512
0.9164881803904643
0.4360904626575757
0.3738524934710632
0.6334195526025056
0.024224091013493654
0.2053412295370276
0.7923096604110327
0.7127161803244673
0.20063099422124353
0.4341477548458297
0.41719032049777816
0.5248200311595439
0.6176366589633346
0.03837777146257859
0.8643736969672041
0.5120649673017661
0.138280438342833
0.1015471739022179
0.264089106863432
0.29398967095762296
0.8553089260794636
0.4458419726747783
0.18698815172945704
0.47164510533248327
0.5441332380652878
0.7700473669973856
0.4659757500091489
0.46752112527011236
0.19625504744906597
0.9964202416973149
0.2783152929760494
0.36381228593418535
0.26144927997666245
0.6100211245807008
0.4537601994735866
0.45401277265166584
0.7679414727287339
0.7569320015129847
0.7027305023079806
0.08788388519413137
0.6431509676043311
0.9727853319470924
0.23158956863976232
0.3641112151589946
0.11696966210609228
0.30946211778439514
0.03535199878433892
0.057602061452018405
0.38975294621807244
0.10252974134095272
0.24849148374586738
0.4467125103688171
0.053627977458415854
0.15551766527844801
0.27894868042430654
0.35950548405455485
0.5581187732769376
0.9006959255338827
0.6618785741776579
0.37550536623396524
0.0431310931633756
0.29675768316968654
0.9377421071732304
0.24847424068273827
0.9471436687402921
0.8328701234299958
0.25105980679946116
0.5012585271507439
0.018893568451336606
0.532061446735642
0.7933627791271808
0.5726106535023175
0.13643163129486868
0.24430822251331719
0.7308957584692077
0.8499386569075794
0.5040080570422745
0.46128951677680785
0.7794335387333199
0.8917733960317314
0.006253314703639989
0.4501863919058988
0.6513721880982672
0.028920490553131062
0.7684654829778821
0.7532549928993577
0.035907946941734825
0.5700783214939189
0.24610679278133796
0.9039329232600588
0.08691423703389811
0.3915830486788592
0.22273232611705485
0.523219703679166
0.9168889368564997
0.46015523448280293
0.30732431548764505
0.19258950080041404
0.9341315278073435
0.8226570746416543
0.6794472958274945
0.06711808438676659
0.3709877026169536
0.9084351246371688
0.48978670838999117
0.17653462208780846
0.6116696496077808
0.9062688420513455
0.12515255449270135
0.5191312840277141
0.3604439435923621
0.9714123814979262
0.763187966081566
0.9779855605280295
0.2613975859378077
0.6964069421454616
0.273722776330826
0.43351888938425465
0.3710135840408285
0.19675763157901816
0.8566765581202378
0.8927813923327337
0.7451913777371165
0.4853256655360114
0.8336220043553548
0.6015081293502358
0.7051676962205862
0.5151736087256354
0.10912880970547578
0.88432044092907
0.18616774797565117
0.46934041836105156
0.9584323131285784
6.724736746520632E-4
0.5377245626577155
0.1891907542528406
0.07678165203038023
0.31867958896146686
0.3754285221168068
0.495238366867788
0.03298744053046232
0.8656657263664975
0.9559629906615098
