22064069
0.37267641456020495
0.5621772128862345
0.6133847455788191
0.4913996043601253
0.2578420534320226
0.6475376681301879
0.920997692928413
0.00629681279765526
0.07266578546426294
0.03486465425315899
0.6062530151645413
0.528705691811407
0.6122479315049449
0.819222863787313
0.3062534580940173
0.44670170158241185
0.7086903712357522
0.16424505537789813
0.5024110684847288
0.9216370640643317
0.047467162181980216
0.025898481309651444
0.19830059510111708
0.9445953625762246
0.6913505718881678
0.32439608050575286
0.23204767404576787
0.7248236853662426
0.6351272217299518
0.03436511813185572
0.13807868524960631
0.5404095233671323
0.8868707441543041
0.18553745534369892
0.5248547787414327
0.0111752225273124
0.6284751828776992
0.037067737343835616
0.3269637975109255
0.8912831130541669
0.8317803824279688
0.3489836065436138
0.07484904254041924
0.4911830325179696
0.9582535002173358
0.1705198774689739
0.31522632356883973
0.5488795092257068
0.6314512881768058
0.28325057319647406
0.672544687784708
0.36130192944113093
0.0847579983986706
0.6440059335013547
0.09046231341210098
0.814755780287662
0.6047792998934122
0.8337916120850863
0.6405847838585956
0.7218006645988326
0.20414958243454118
0.15624598412599022
0.6106527691190745
0.10116776772691749
0.37657672267695064
0.2792443630488608
0.8200261915489658
0.34630067539311715
0.18574899208636397
0.5551088997426833
0.31332199386971116
0.6547106065060486
0.20606630805625403
0.35047949708940107
0.4020653491617163
0.9203991366608264
0.26675295930349696
0.08534555086012596
0.47328086837866423
0.25876582466491616
0.9896463478544223
0.18328979306732596
0.987893183016722
0.6554607467048705
0.06676173991309498
0.9575828684503762
0.1761434342907825
0.5223560870032802
0.7018855581780824
0.06886982588376
0.6727272669863141
0.27750587549692163
0.26068335333857884
0.19181678619690024
0.8156756422924912
0.8783537075271816
0.4708186863504388
0.8724779274110153
0.8136860105244857
0.7204529661475421
0.08578832956166138
0.997890676002744
0.8566158779374554
0.6590832960212665
0.07619628223239217
0.7253035461283598
0.6923018718614918
0.1939037309998083
0.9574226272452928
0.07252131147115692
0.3973941634534067
0.7401489899736862
0.09670472580111356
0.523815192990602
0.2588704985459932
0.8837030785653837
0.7706510572432386
0.9633462140000787
0.20712262622693467
0.8762890185143242
0.19526932347759873
0.4313854781505575
0.43649503318665894
0.6585813380850972
0.37090825430010166
0.09155728586478296
0.6873269435773509
0.6135514142004259
0.015178692587665465
0.45849367297250554
0.819257101704518
0.4089841898512988
0.05327463311814007
0.5412968656618254
0.17008480941968807
0.3786577233223265
0.8534950273144956
0.7560285168787861
0.36520261959258926
0.15173740445793793
0.37771054348379407
0.74402652554276
0.5415007015729466
0.02045558010918136
0.062388792518354164
0.9300564418677616
0.5538957774558146
0.11625167043550078
0.20563983313064882
0.041714969162603865
0.005608859211887585
0.19697695253176872
0.8873066225355036
0.47748542924229576
0.036569728024328896
0.3313456488665577
0.8631581195559105
0.1162764426038514
0.2839985774225443
0.43261543111996503
0.5443959850823766
0.4918499248339744
0.7007008027089532
0.7134619127900255
0.8273035359629127
0.8673933975925965
0.0012666612477169048
0.6607039914284647
0.16405468352708585
0.8133810538734884
0.6576735332058575
0.6464864969712658
0.902653681776861
0.3132113797346635
0.5244017794501091
0.9639478586207202
0.636478688782541
0.8552583485508822
0.9913893368478142
0.1944528412489389
0.9807887642471463
0.6988003162745892
0.7144580578247962
0.0042711717790412385
0.3400862576923964
0.9201848422926538
0.8003427141033848
0.2615659083948485
0.6534515225961601
0.6700623641370432
0.591113864014183
0.43187318143980225
0.24635786336208731
0.8785101800436591
0.4187695631916487
0.36561082132828404
0.5135986685420498
0.369447702778794
