683900
0.22827769901322725
0.49140099714835306
0.7722665437515307
0.33415769274107077
0.449131250130138
0.13131153174090304
0.1442229738610612
0.7976902791925854
0.17588132279236135
0.5572692016787545
0.9876349799047771
0.9802671343109116
0.9372638465744528
0.4353905704866535
0.649273131276502
0.0053824328910720975
0.315460148696211
0.27396926452770753
0.5517013540910456
0.8541912312187065
0.022443878181841792
0.06834972510217996
0.9737002982431067
0.45015250296782483
0.6002001526124432
0.6686527136465599
0.8701262187865614
0.7439945208597675
0.48642910211177337
0.35886626512099784
0.897577568176953
0.5687254097285511
0.09393242546785951
0.7700812873266909
0.336910370201587
0.4644886791447197
0.5420350983284302
0.17139016059539913
0.3295980102296395
0.07612891148968814
0.8327231275640867
0.66406415016503
0.5673553035796122
0.8449138716875237
0.8984798684344026
0.2631017495185396
0.35908287788961923
0.1741345075310463
0.9272635647879539
0.44602282664724846
0.7034338316348976
0.5527942993711318
0.07503442592070386
0.2370461850915253
0.5356978386560272
0.46892905757001824
0.6700559606816414
0.0364487709838619
0.9238209867303174
0.6340782423871536
0.9177139586558739
0.49792085028581035
0.6883418993075849
0.47065409495658983
0.8911667222125831
0.9278133433646867
0.3373070857951197
0.03777018378881514
0.7027578365566663
0.0918794222411764
0.40282250080189264
0.20298788716942806
0.6262384697599799
0.5737414717437213
0.31349616462821717
0.3444044220621991
0.6026580622429205
0.015426499558981566
0.367250899451915
0.9192709987905323
0.7515422665236264
0.8942423944140837
0.2419710103749576
0.7095901984089703
0.29845078562015137
0.3139849137924363
0.21638381527251793
0.6285293454181553
0.9544222214629229
0.44646096917388667
0.2824294970983804
0.22182744251409336
0.5825767155006228
0.8715173773126544
0.5424499617784296
0.6550296135478502
0.8527291964539878
0.9467064696402177
0.5768269230284174
0.5763133229542514
0.5163377059318341
0.1767137909061467
0.9003947325930043
0.1476980076468858
0.31663604861989003
0.4598069805252968
0.4372688880111315
0.3392935338696941
0.8911021764211254
0.9791424403823595
0.4538507243472064
0.7158289396925067
0.7269012309664417
0.20882580535559625
0.2919289883880051
0.9561546537028858
0.45584039854459557
0.6191675583132532
0.5875002105747379
0.17976216093315622
0.26748739120480525
0.4782970002227842
0.2632058824298602
0.8567353614715096
0.41186986444699314
0.6798176334917143
0.9026643954883035
0.5845360225562639
0.8409766571330546
0.6536484303232732
0.09808792580671677
0.32070928464268245
0.12538609557839453
0.6544046683732665
0.044026737052626164
0.7991834541629209
0.25386401635869604
0.4633555650268194
0.7857831510358725
0.6186348993509948
0.30355610493484786
0.6305741808613406
0.8512681912796429
0.31375060105196684
0.42041661733893754
0.8898810482192719
0.4142955197718866
0.15231050737961038
0.559052281599894
0.9962908703587677
0.715573351674886
0.7071319168654331
0.9501353125252064
0.5625226449362477
0.7005442168875067
0.07856764370867564
0.3205830816226075
0.4602024591658339
0.8241566500880236
0.8355154455425181
0.9478210167945268
0.16036050178490735
0.6080877214831305
0.8876199851238892
0.15886127279688356
0.8302318020851698
0.4130342283103108
0.41272124757365347
0.6979223930671155
0.6148125285522829
0.6805210261351752
0.8323041636282326
0.9170364689117539
0.2431167509480866
0.6382667666524696
0.32705592370458414
0.3765453848467172
0.27886533870622976
0.8798137011024847
0.9027687283519739
0.7225986419321584
0.12958021988452206
0.7092123223561484
0.36437017955838846
0.02492345123309736
0.31706547409842745
0.3561830500538524
0.607424219184844
0.9089394700276942
0.20564124326580724
0.4311929158030223
0.5712686047870075
0.6301810304513717
0.26754914852530665
0.07106131713564823
0.527438993099651
0.19700085532050515
0.5427842521937238
0.7541868127985623
0.7863528423876524
0.5893592479294391
0.10046467157344308
0.18584295147972896
0.2929365941907016
0.04899676030491096
0.3421250827369936
0.3611566324137163
0.8381667252125253
0.12416762734870723
0.32777139029556646
0.8432484857247627
0.379030953050423
0.8572306503440164
