588298
0.6351373294515839
0.9163192469954574
0.08996020606309663
0.1483387226156334
0.05865569003627036
0.38097772118896556
0.2270276095980771
0.8368435935024753
0.217645047004824
0.2290511415988732
0.20266612264457295
0.6426942454037827
0.5745868390859039
0.883520747917755
0.47194715291718803
0.751964477070552
0.44962281457351494
0.6127161477409112
0.05539452108520515
0.38603693606606015
0.9520607030944057
0.8848150246414883
0.9744158954061848
0.28709899044019394
0.1978551357404189
0.315579906265367
0.27478794264311424
0.13646162626007496
0.11587395003409628
0.314659086600399
0.32477748509176696
0.2468767877470447
0.6482228180393919
0.8690304264344072
0.010724384227336237
0.003729508420990957
0.5684067386532199
0.4199749845365205
0.5288369142165422
0.8785389090810999
0.5295529823031071
0.8477315868042108
0.4154863488192553
0.32133328149717966
0.720740642410343
0.2184464248429595
0.12692225383403333
0.0979552774149065
0.9597279195709668
0.20292293538671635
0.39658783067430126
0.37717725005353475
0.619074712238405
0.8419038354120253
0.5173198062550585
0.2740897210181684
0.5684926506536395
0.7354138757818552
0.30781567172201707
0.4127769242003194
0.5093719122328532
0.06472019215540248
0.19615907260655852
0.213578381222306
0.059432608176957946
0.41834172879792875
0.9188131329125507
0.8232672735125889
0.7539522506683862
0.3066333772968154
0.9755610376569147
0.1452736123088827
0.8648403830174642
0.0617882729894742
0.9757613714142469
0.9202394454631025
0.2640987103142213
0.5719009115863467
0.018298056459311263
0.3355610984939028
0.24666269117353234
0.3057472421698785
0.8192998435434383
0.4715800073137173
0.9165244388356906
0.8056085276235191
0.3336629348269906
0.356123338151057
0.30194153547511626
0.27143396439026923
0.8197123280110197
0.5988231516442101
0.031799360355305284
0.13640055676502005
0.8858782294071238
0.5502107031538817
0.4369267232319375
0.7089967441742054
0.2607078250293735
0.246077638586367
0.5254935082211805
0.08939536043643126
0.9770196867028764
0.2007612301805476
0.30915585212579144
0.905427780130995
0.33666827597084636
0.8588790045406999
0.8925857285539499
0.24777095554195183
0.7782097732740092
0.8317349373083521
0.7286177330126962
0.8917427033430945
0.13617060265060077
0.08744796578650527
0.2168376300139444
0.754722357793771
0.32264410078024386
0.49280766367980233
0.19753544207457596
0.2522916156694578
0.452505366054611
0.9842379325557115
0.7565484529222549
0.44725994725711693
0.9116718166866163
0.9985194448452318
0.2815406534754502
0.7676613076093451
0.010714573516619641
0.9814577824649539
0.6446094672598989
0.3529911267754057
0.5458487893882332
0.7904863011098622
0.11327998166156428
0.22494489265328843
0.08943522151553274
0.9937832612067594
0.1671394847249439
0.9846183489503562
0.36854487497169064
0.5597944382472554
0.17235028794846796
0.03940598732672673
0.8365879406742412
0.477131411980935
0.7130271454186595
0.3907357485896139
0.38777010471644613
0.5312363549788358
0.6997882885744933
0.5437973427792249
0.9855248569891999
0.39483545212586535
0.09767843172207213
0.1493671706958204
0.9072149372108119
0.9972118981237751
0.7978732349673765
0.5064882142595759
0.6954160333319419
0.3631002605526894
0.9230975150339381
0.9235574366279828
0.5547798685662161
0.9226834231099066
0.5347605928021631
0.006849266851046698
0.2633095794457454
0.5183438694803494
0.5326175173612728
0.47804183858090876
0.6189840935149813
0.34100425784233057
0.24820726156727735
0.2775857816133762
0.8785293359658326
0.1447052652619475
0.28525086756040696
0.002542998171426336
0.8687879506411298
0.5008806026476503
0.6644091659395926
0.7323353056132428
0.005463948309150757
0.5381016623636278
0.5574938779204421
0.3108825492953017
0.33768706933561365
0.18303996668962885
0.4012300023213228
0.4240730603234497
0.19834882388412522
0.6420867860254337
0.7332506025226994
0.7265092164207859
0.2859824963355758
0.7488346848885152
0.6037998651823847
0.3161623402003294
