4478659
0.28915671436468726
0.7260200240041496
0.888008111550266
0.09856689794218354
0.011654602868031771
0.8187186600394689
0.22979332707220546
0.746849560768536
0.822414077328965
0.8756075513713882
0.7105686053989695
0.6151217049152278
0.4695432654417582
0.6303367401851395
0.7214707924128628
0.28166657118132965
0.2621143391467061
0.73690524570876
0.7059331155236506
0.3509237808819262
0.5337941724918052
0.23535443397305955
0.3693598450695491
0.685417618346223
0.6180422702597871
0.19061303116349904
0.6801960935653184
0.9180645310506489
0.6291229429556521
0.9900419505647603
0.02534083530607567
0.45787747247692867
0.0864767109779555
0.695508309143404
0.5147634638241649
0.23801586178338785
0.8268072711439539
0.06849407690442344
0.630018650064547
0.7943982203137845
0.9199540981127212
0.7920032282095666
0.5978619523038132
0.4319147371028901
0.7435347742311487
0.6046418999006605
0.6014799685284247
0.6927892244702659
0.22402230861346573
0.8499412020394875
0.7311532096506237
0.5568379645170203
0.7383204574185681
0.9264118768783262
7.931380790859865E-5
0.49571675345891886
0.03972169778515178
0.8814189219375062
0.991061226651314
0.7588786127733104
0.6212097697100206
0.8213800284480969
0.7927777438875651
0.46202943449845
0.8618785899026812
0.37935563911276815
0.5262776766645219
0.805354252966153
0.4014374954832314
0.17667078928586788
0.0061781803047471495
0.19437865217166284
0.8807785919077576
0.8832395614231854
0.510013921622501
0.21276849360624184
0.274322276200032
0.1562597985628834
0.9250971069852499
0.17041785225437867
0.3202200939695684
0.6538436962865065
0.38282543543451775
0.9607693335866739
0.11709319074240687
0.2088974573296758
0.15084658640920623
0.24451174634044814
0.2482869604240504
0.04349023852075662
0.12684760351679003
0.754804041283999
0.663448467087331
0.6398089411861156
0.8532165761150367
0.9760450779504036
0.6236450775105883
0.4103474341347967
0.5679060911674148
0.07470258233396998
0.18256650256266305
0.4147165576321741
0.014158175264872286
0.09908973434821289
0.7456510540814909
0.78005678391796
0.7053306292278381
0.04167818528048939
0.33741463257600557
0.9144381932317206
0.7520302459715681
0.36266466386520957
0.27632524728778607
0.1404324937786975
0.2308844995605983
0.21449248653886654
0.044592172618496684
0.5408093195161512
0.5753419161926162
0.6563182496982066
0.8149023890393629
0.2300321673797977
0.3233420189346605
0.7445163359371908
0.38462732609864947
0.41680017279068304
0.25187650427767694
0.8269148939571932
0.28110648898129775
0.888433077145316
0.6247731501072673
0.44206831666763324
0.03425735722637124
0.15091952466257808
0.8188324890543285
0.4850767983722113
0.9560422319406818
0.8189858892560641
0.27445099667122386
0.05718892829381006
0.1813878043298751
0.4415187444294747
0.8840642724334551
0.8931005133666206
0.12466142958647175
0.03634456748756154
0.10930991818944125
0.9752827539285627
0.1554929962549424
0.8925455666675189
0.4275896061646539
0.30355947120180615
0.23354747496461747
0.9735401726164886
0.6347702779667673
0.03227131689867946
0.9290506102035637
0.1756817925787315
0.8780231425547745
0.9815022753866148
0.5514599381672597
0.8230293464575862
0.7042721769510629
0.815610641611465
0.69173381860629
0.6975955964908331
0.5445292305570616
0.8832183743179578
0.030298468954792046
0.4430962688228576
0.8271180157456776
0.3036839893382317
0.777246147892317
0.8609757846288942
0.8180275280780495
0.8755517599718278
0.8456285290322346
0.8618197078679476
0.14065512574355932
0.5365395614816089
0.6094030949029324
0.795445708124769
0.5726111563178856
0.5105686866433738
0.26274098275743296
0.9656303930995915
0.6801936627228289
0.7350493651809555
0.12009982714242695
0.475826604726585
0.8162409301046113
0.030721757652199977
0.7960895369903401
0.883072362182831
0.7761635479393296
0.2815578857135289
0.6034658578389891
0.27867706377193946
0.10506854057515735
0.6814785645525512
