1215053
0.23545548837630437
0.7249787377314615
0.07119317001201342
0.3028423976723903
0.43026996843968135
0.4865986831189334
0.009041634959472633
0.17190704171885907
0.8809861016008281
0.02724659973236432
0.6409272221112199
0.2707469216634152
0.04403555980540641
0.621202767085483
0.7735452061154741
0.16035570775363106
0.8381982588036673
0.9083565476190233
0.8508406454351716
0.4282122053081331
0.6364722345938049
0.9723960223299163
0.6175151561633657
0.32425530646503964
0.2555589817289827
0.3053152714333134
0.1581411730642367
0.8409853428942633
0.9640955781262969
0.2847707935117896
0.3132531734505093
0.39110634400311783
0.35913259610274395
0.12307883674484488
0.09505892989793263
0.13869996348968172
0.8454161513958663
0.7125848852650822
0.15997734478159553
0.7643532996994461
0.4448208603034264
0.7696076762781752
0.20061119979696307
0.9303412519000098
0.7363433078942412
0.8635324110643047
0.195151060691798
0.21877474612699588
0.7848484963452925
0.42302115588579325
0.7527376599886729
0.11959570954171306
0.3557257928220604
0.652665327969158
0.20152305410393445
0.5894161534172069
0.6972711315017965
0.3720155410342526
0.7393942091245612
0.3758712026074975
0.7501141997647907
0.9415592346251885
0.009791184575714151
0.3208643981553404
0.2614144574271269
0.2860504389525358
0.7497761355265469
0.9813752148758694
0.7916689105240658
0.22905936919136882
0.6036493089374296
0.8972804866188421
0.6844948189145726
0.6272609325380974
0.9814237378595007
0.5762054038317942
0.24475681696819218
0.3815434316767392
0.20033543854384395
0.42614523085208567
5.726725885942807E-4
0.25807388678272436
0.8465011082544172
0.8723907720854308
0.7878072434626704
0.2721080597689064
0.10371133520309217
0.227234146932506
0.2065995860275962
0.3986716701932558
0.7194098246115821
0.7596243481862618
0.9793705362264271
0.2147131770437427
0.7318901537175079
0.5824536434551938
0.032397563451764255
0.2785321142238161
0.5371045817074989
0.0410504789668773
0.20926717785442162
0.6246659900782733
0.8235297435402527
0.2294878122746844
0.4143542905172758
0.9718828016857629
0.9693536192342751
0.6814624197449094
0.8656875877534752
0.3362473543081218
0.29713960470623224
0.4781849604737569
0.2431360146706263
0.2752134821988139
0.10329622878582789
0.47460679264234773
0.011701106846734644
0.44622640057051877
0.8407453679767135
0.1984656896287228
0.6569547967773901
0.6051025917406195
0.645556351075831
0.557158121828599
0.2864996602256882
0.7208850633056154
0.13679204213031615
0.5321371039342072
0.31636606661482813
0.5312216917278217
0.179608213863101
0.3381482349114502
0.9353400649213846
0.6307245208622592
0.4313073523842179
0.24348026010837132
0.8274449901559017
0.9309754712103152
0.17651623859652266
0.894684751373516
0.42418669144872045
0.16936266773494846
0.9701171837695044
0.1618392632510307
0.7860821193727274
0.8458398542506872
0.77295046834458
0.486234854734684
0.27700752587442734
0.15349815481193985
0.1583517533107086
0.81144633690625
0.3012448779209078
0.6105100584819692
0.2590531033358545
0.16792112339313925
0.014451541174777871
0.04317436245119988
0.9871058875934805
0.0036409628649848313
0.28535024721618385
0.38365488960138094
0.704126190334254
0.6711528350421024
0.07517631526596824
0.04937943545925583
0.9971639317171754
0.6332545753005557
0.5594034038719586
0.5506852250953654
0.9450591911763271
0.6851845477644327
0.03649061869030157
0.4118189119015687
0.4926737847384728
0.8877483931717457
0.07810655448292259
0.5825771334199923
0.09477809298404005
0.15488771327011341
0.6598757166776702
0.4131233446468422
0.5401488822650368
0.030411854997213217
0.08531558980856546
0.009482551642044923
0.8758333635660297
0.4675149803610791
0.35100834532002334
0.7819826189443411
0.43201580630281256
0.4860601634040198
0.0695592080916081
0.8214943424215853
0.827192393828987
0.29372961249304286
0.5230667288437321
0.05284974271940923
0.01822460104585033
0.7401623037384908
0.23427208212328288
0.40677484562043487
0.6767563170160658
0.29624856443084113
