736078
0.14477575270436094
0.7794932182498961
0.24107792890279367
0.032295817767062474
0.6283285491534113
0.15042524756463638
0.20021224462176213
0.36694755758255393
0.6194653616838282
0.36887242955259025
0.3698766830500768
0.5110676518682093
0.318407050022093
0.2524602521893431
0.5030033796375639
0.646465305959078
0.6170443455951861
0.23188458672923629
0.0989837857542486
0.7492964246373652
0.9768526427436929
0.6059312738499951
0.9875513988797308
0.5656146660466841
0.43803172748179586
0.6964378053804477
0.1978040839162707
0.44617106520799077
0.5142849880117217
0.17421971195021824
0.1598133120341526
0.4072357259947693
0.8328884494618617
0.12419073217634258
0.63230203504438
0.15595019039823432
0.08001483693836298
0.3241582094815998
0.11308326885173015
0.11391815399433058
0.2355459585670736
0.34906021844263047
0.2364625431294246
0.01886895208890549
0.8302905641381755
0.9489812358005949
0.41933757999173205
0.4319810401328029
0.16289169816773885
0.881468575021618
0.036567448449051465
0.36183870938797946
0.7432529297572762
0.9121130472421619
0.6523146006438075
0.2904944390203479
0.9856226098389199
0.5707581482649229
0.03506522153294156
0.10624509528378323
0.5470343628426372
0.7561341345296818
0.6814054692953386
0.32446004434928666
0.5683492491633437
0.9995745735848006
0.808899696066149
0.9255141691331634
0.3760033348839342
0.0013129926962441862
0.7010958454381555
0.8781796516198063
0.3136517004842121
0.9333348437428274
0.5449086608780159
0.22356818668299572
0.12828676391986227
0.6704160594402638
0.6998222582107317
0.3345115761539411
0.11658807291590745
0.3217782318345531
0.15233438390231724
0.31675015366613346
0.5436737632938812
0.9411250875180943
0.9713475956672295
0.1641649495372428
0.4818504619846621
0.09396995132179264
0.07902875029855294
0.5431506110076718
0.1985956956763033
0.5104647503189863
0.3173272666874083
0.045748199531258416
0.8447325571703176
0.6968599064180755
0.33797510551492804
0.4852027033408669
0.16696494999243283
0.9794531964354816
0.54062405989701
0.7876794442582771
0.08711376094564216
0.9035437096349198
0.8144507751998049
0.0129983825690001
0.5635221860052609
0.7902141586395792
0.5707805960507614
0.9235228135793285
0.16376691075784366
0.20537676414608252
0.23028958621760776
0.18967312039621853
0.06518837933515165
0.06904184669662328
0.3975015704010435
0.4434830878151701
0.773520029287244
0.6524758521175966
0.6586658120031849
0.5228710437225434
0.5098370239902732
0.8021733010519975
0.949872040284042
0.7350957296189035
0.4043391081649387
0.07251654654733564
0.8033158211997588
0.3588525715105665
0.19673170527498318
0.9771632099542477
0.2733802852827045
0.49349420609236494
0.8164751158489917
0.03972470855271293
0.4914608612599831
0.31066001374432783
0.8348231848239988
0.6216624086666314
0.11485121283609812
0.03684863639307978
0.3309321446914153
0.9795960208322071
0.7683830294432875
0.6515814336120777
0.6930254665821685
0.15785872916066024
0.06350788965609844
0.7763594030864885
0.6795415216402843
0.7216218556754334
0.665377890883436
0.42862516385654315
0.4986826307916732
0.2604109420138644
0.9584154349490723
0.9969180687496958
0.28648673634688004
0.2982581997982857
0.5837748893454638
0.16377231753732802
0.590459099549927
0.5230480075928198
0.49499501373711874
0.1524249553151047
0.06012306157265235
0.8736178051326638
0.32764143052556105
0.8382568495030526
0.3840488758451599
0.8982624408391052
0.9878972513470452
0.5306350485420913
0.6231552768178132
0.5223310548274376
0.12992452044754188
0.49597715318876057
0.575802333299074
0.8222133006518489
0.5050766320224765
0.3889019261000386
0.2201633925664218
0.9041576507715614
0.1858451432511955
0.0039962663398175335
0.7648071209346978
0.3748573167615127
0.13791800114922992
0.7277988297009506
0.6881087236322683
0.10447601914699389
0.1621062896277058
