978267
0.3877602048188784
0.6229370376929045
0.09462841932911192
0.869700444837977
0.20543839972701472
0.87121080474292
0.8511555228324708
0.38701146206570625
0.6283192131493056
0.17375234347038548
0.15157291534473583
0.26092802611607013
0.4747118754344173
0.9073709560913937
0.3240209543699826
0.570875565654075
0.4391283741168577
0.19047675515956375
0.6492489580513687
0.2321337798081875
0.5086328031009182
0.8147674895835955
0.40838790794317037
0.9718920640295614
0.8725483853450982
0.3568822408796509
0.2789518240086135
0.14040187392202041
0.41602731992344755
0.948586164789468
0.7886589028842336
0.9593035781346361
0.16556890716902561
0.08069615919311035
0.169740934222803
0.9366638627275108
0.6931073371522277
0.5555042016720558
0.6441116626658537
0.14241060487911583
0.1525907141398466
0.4191340710679168
0.8379859470150014
0.30169758796264323
0.6488783944320645
0.8241366362146024
0.5721651079960357
0.6970662393522659
0.3766354467523827
0.09260887726125855
0.059804173867189836
0.13837920765123857
0.6152962420143878
0.10449160543387614
0.8792029164954138
0.19889946354517252
0.05492732336955175
0.7603295214214282
0.5121341606990268
0.13435867863543782
0.2050371150395539
0.9569795931252739
0.7593501242201353
0.18900968327630296
0.8932792481375658
0.989885233023472
0.3568379354896286
0.805071847470331
0.5561968748357958
0.013419353724288707
0.030947208204930243
0.23293253936573965
0.29476582821707253
0.11721158151716515
0.6423530154821564
0.6809790750616571
0.4805089582532742
0.32902462998939896
0.6744385742089173
0.6182350686940175
0.25168659366238366
0.848270650076593
0.8625820708981083
0.22452051315865784
0.34308992219329004
0.870274963039587
0.08385884645267261
0.6775028937597454
0.37192457417484315
0.37114230026113515
0.29853317124048384
0.4444132696672476
0.05741063628951604
0.6072036570713036
0.43439728111067444
0.10424853951039192
0.8969899748602636
0.017334747988555166
0.14014682298631975
0.5443867826022979
0.8341491651508979
0.7880043450883026
0.5999173509056287
0.7817124799598092
0.32579599136284676
0.8429153887756107
0.06480426298132069
0.6220726422080998
0.47485305744701656
0.7019646173911025
0.7826645996435203
0.0969951721343415
0.5943702791705542
0.14530512483544644
0.5649064728428551
0.835158803422014
0.6605380928672755
0.2957490066117192
0.9088448786318978
0.4649038593106303
0.96299544944492
0.0703205748454373
0.7780619234348071
0.8917606577707711
0.16174222460825394
0.998115471606499
0.27248284419915025
0.31592723172499604
0.5234189784983612
0.4830059011941834
0.5483407333386674
0.3270881249440599
0.4283310844076301
0.8255557239885741
0.23520147834662297
0.3236475433059818
0.047189116854790214
0.6104365180032131
0.15118246016662107
0.8203698243724651
0.639159553798013
0.8285279544477104
0.14231853798799432
0.8832201478439472
0.6482998741738961
0.35274186711207034
0.8296492162826211
0.5125938861200745
0.2990687914120328
0.9959055717302816
0.9213270669837218
0.3881681771665382
0.6551046787386559
0.49676618539974715
0.40628876735358377
0.6909557567136025
0.6763406374507269
0.14363309142468395
0.5264379918856449
0.2054563270327212
0.5555353427641953
0.6683761641967468
0.4990930134487884
0.7747810841802277
0.8614777623656629
0.7299931907245331
0.08005589618960429
0.37935631320153407
0.08828884809654214
0.9542386640858141
0.672790720318225
0.048483542774784394
0.8785232094466157
0.14342308208445487
0.5989487743814772
0.7139462158014915
0.5186064586881818
0.4484065238239232
0.46778177201463167
0.1416850378072939
0.9179778280121295
0.4290292219119377
0.7495584909349222
0.286699151102093
0.8786544046553912
0.745155846669959
0.821667123858383
0.9230835360710301
0.3372375447268222
0.37402165159831446
0.9567407036786174
0.7706977457451555
0.9907821064019644
0.8325003423301233
0.26190583683112245
0.8740475208746982
