816982
0.20853265013943056
0.8221849057889188
0.35193034043434357
0.22490642490797075
0.380594184900955
0.8912491273144951
0.02072773649180848
0.2986109219282824
0.49946964526664706
0.8412255274430429
0.6686230664374503
0.12545428855516894
0.8227147584669643
0.807278337991796
0.5786014332844223
0.7889467022441913
0.2535341968846325
0.9173720334495865
0.42775464688094234
0.3248236192498739
0.7232530251748424
0.5020420058123465
0.04606333501874327
0.834281682593852
0.5611593958646971
0.04180656523194193
0.651486416207158
0.004519466240242687
0.4510952675103165
0.11418511833435796
0.500167944981157
0.6626680554652085
0.8453963604846912
0.5974525353907906
0.5999077229200653
0.8757173338714298
0.5923866816635124
0.08309987393594642
0.5901492246328106
0.3777057679060657
0.7471728828166349
0.2896924342104227
0.25509618885864604
0.7204613907303403
0.5661341645771075
0.38615730099702417
0.04790060185852851
0.11004274040688833
0.9546730481313721
0.7662819369293407
0.40905956038531455
0.21360721595679888
0.3702713941680247
0.09279971270310317
0.7047929973805286
0.30405294742319844
0.2746429010797252
0.8102690384138622
0.5073509648937884
0.22760505166128275
0.8614330388930969
0.7178995600141209
0.18409982785024603
0.12781044665477193
0.004980622906002874
0.3862543572984467
0.9914551229144773
0.7604441941923794
0.8539816759025379
0.7517650845102827
0.8608486539286956
0.783652132329871
0.6369786277935976
0.41137444951160473
0.0010348121784432562
0.7278206209768039
0.7407180758242389
0.15068552816259762
0.44839542475090866
0.9635028109783877
0.7710985028554774
0.4842200388737362
0.8729348446727949
0.5691126898307433
0.5165716287723594
0.9964943711607392
0.40541554889543363
0.9173825136569391
0.5922260272247425
0.2806804572036984
0.7620927587513892
0.6194104403753263
0.3302001855127734
0.06763037221579782
0.29654565444951964
0.27122077873410655
0.6758615604019421
0.9579705192106878
0.12132811346039318
0.5727504350314381
0.5137352410166675
0.8682193800991134
0.7484864229650453
0.9067659969605494
0.9056014416496706
0.9817430142394834
0.6450415862637849
0.6470450285613467
0.251081956006026
0.4404577335270261
0.6994872526859451
0.48428200749070915
0.7784886129309178
0.16605922597633893
0.655198403493758
0.4883388940477529
0.9638317368088091
0.35095369004134336
0.5665495806583827
0.7582122137147421
0.6489573058492012
0.3472366460129651
0.9123386462505363
0.1901922852926634
0.936836478229308
0.4115390917913523
0.9765285161020805
0.18370166032826707
0.8412713557633614
0.8216030089349664
0.24362636642240332
0.030972769359574825
0.056798987159752734
0.30065625113115035
0.19227025673745468
0.39621125564589155
0.9024520122979118
0.7676828514128269
0.9785540554672342
0.2669455105828681
0.9224547904065625
0.07568470316490339
0.4478189764579775
0.31665877190534764
0.7779024672826803
0.35890104822364954
0.05412321788980279
0.23102372306343844
0.05067184424187021
0.603124052453068
0.7653208487881223
0.1098083008877313
0.7513703847017119
0.05845519693619272
0.14071691124466856
0.1570833348081666
0.33459187420376846
0.45287386575926647
0.7543429947178046
0.79330116479341
0.04504186193443804
0.3155939092042581
0.4435302029990591
0.5992190625423255
0.3282808208431899
0.026690618358299667
0.1512417575233862
0.2865885284912695
0.9902539600811283
0.01599933839343104
0.572227678893735
0.659802840648859
0.8833157360659055
0.6254328778174082
0.78683028446514
0.8084427340216958
0.3993690718254954
0.5544722492953569
0.6936876790255111
0.3224553032880483
0.10727435522325679
0.4196702443814546
0.44017793203079303
0.6056352361887878
0.07438819501782945
0.9956607705802144
0.2906178861735217
0.1840740174846116
0.4674293161893732
0.3227807423982494
0.5149363438507751
0.40849991344712855
0.8993005966674754
0.7956580145463948
0.5079604299716743
0.13137335451187493
0.8431456354842322
0.18422561269086268
0.037989396256280616
0.7860005631202803
0.31575486827147725
0.10229027978704863
0.5291568511357211
0.6766136178828591
