799847
0.25932627525279306
0.5995021990962659
0.7727423326062279
0.8514874354906894
0.3968474126408328
0.2635243725573372
0.14089102131613063
0.20184290731542842
0.4975634631210347
0.5413550783748493
0.6208022733589987
0.799288942689531
0.5675382102802985
0.8183637922624629
0.5869531761296376
0.058097784111296735
0.10940453412872098
0.8260193260874578
0.6828347460897597
0.10603290848869917
0.6413773621391555
0.5265804483099766
0.9696433711342302
0.6164408822913866
0.5529411442268953
0.48624451672674285
0.32951647262733275
0.12699740830391482
0.5782987273480107
0.26815013407936394
0.13811236888681133
0.045443184144444704
0.7628281620048452
0.9146091976491572
0.38465520687291044
0.4231899015574351
0.7564761239376249
0.053475905225963904
0.5768762381474652
0.7944556814707437
0.4332361551922428
0.9259134335159126
0.8303983255265107
0.7647634765361426
0.34736861741945235
0.34504742609911954
0.8387959472101959
0.7662650715717106
0.37366988045963456
0.7800785964527007
0.06389367452964523
0.9466249274517785
0.0024999924469502055
0.0057312699733700345
0.583196041684701
0.21263850090871872
0.08850421864270364
0.760063615333625
0.38590066083500907
0.43367717623223523
0.31786597341078715
0.9168911673106399
0.3312813379838182
0.09993691144323857
0.005389894296630282
0.21649043692340209
0.3324521977294309
0.08433392870239809
0.8431751187327882
0.7865821921517286
0.325510142045659
0.6225569903980283
0.014112593267481599
0.14458940376844898
0.03864440752038323
0.5831319939503489
0.9946603457849886
0.9209027278215403
0.9799451300386945
0.9221034686919299
0.29730485588642186
0.5639552369266326
0.6019346099324773
0.21906327864586517
0.17718259315016527
0.151764160255489
0.8227991632777077
0.571147933150162
0.5317060099873794
0.5296818142245203
0.5424321486597851
0.47027271337153986
0.062078331087969896
0.6537286461463798
0.7656824876737093
0.10374873413149643
0.12785626345443735
0.79850258640068
0.4967804016414473
0.9216315718095616
0.20604222799786764
0.007875204225971877
0.6905323149460323
0.43990736641555694
0.7129454972003574
0.6828292838813839
0.7803935150486428
0.5594950027048692
0.060965051021251826
0.013923313232963808
0.26911092985849205
0.3297700816851816
0.6051785500092903
0.5386618097051533
0.635498720240509
0.49225784700816433
0.45416406664752806
0.9339863863984842
0.27464348179009535
0.21341744259302797
0.46545243718112805
0.5780446293543671
0.2336640853728401
0.8062542161773393
0.8859503354917675
0.27978881679578316
0.6819470811175748
0.963338485235435
0.9568888475150666
0.7842403385166692
0.09492901758596572
0.9589481024644052
0.6784001065782911
0.09476778985154855
0.8232484504696816
0.7225903232863797
0.4164906439759589
0.24739783529302783
0.08369686256078568
0.5734415782150948
0.5923369076611756
0.5759024981720604
0.26658785699616216
0.463353699421748
0.5427829689687873
0.10021240199188053
0.12495129753932754
0.9942677244471018
0.3063154460249651
0.3144581724112946
0.21384329483572073
0.4914521025470684
0.5194029798538004
0.574702175923809
0.8167104295206369
0.32390798693424605
0.14137408351068748
0.7357993276159049
0.5561885474188759
0.4011748199716464
0.6771165107056573
0.1577412935018917
0.17037658481685447
0.5575830167573155
0.3689233249026591
0.3326351129696874
0.5864589611555691
0.8831581246099186
0.43378559935074845
0.5195759362663155
0.08694478796175098
0.6893995231964957
0.39013675280444693
0.3454308927976617
0.5357725367881999
0.23924673096680704
0.9817381635525474
0.11965134895805685
0.8864941735875671
0.50400497781214
0.3979854504638427
0.01094951124154997
0.11376282320346942
0.9303544329047239
0.674177834239875
0.5086236268345515
0.120474086303346
0.2537455532420172
0.08927957860927482
0.9695514972483564
0.4515190856090683
0.44663994671236207
0.351404840330648
0.906851727452372
0.1988891347055053
0.5262013462286766
0.5756286289260023
0.014335744217260471
0.22376933658053466
0.17408147198418145
0.23109649757688355
0.6839048565626876
0.7042963969718353
0.17517727298669994
0.3882604949537618
0.2600125545510501
