3176778
0.53368655627201
0.27181959870178296
0.4900257118644008
0.04510143217391327
0.10487979523096369
0.20501643984448115
0.18939247863161146
0.4077911350069334
0.15234431665632198
0.5429294833030975
0.9570127442675993
0.3288647472273646
0.8479263662007982
0.2344915530994346
0.03954324640060014
0.6866387729295068
0.2537597743671448
0.37534396666973335
0.8491464022212881
0.6484056054372745
0.9298441190985682
0.6153326017470158
0.5015449564479848
0.14804188126761764
0.367290535260136
0.9828871714058964
0.9918824852482133
0.5569750200137157
0.45252520444924127
0.6985654752466569
0.6991203465446034
0.5263110025858007
0.43400691367140987
0.2191261685731063
0.7915708159275111
0.09502319829400085
0.9188371880903982
0.5343430452771882
0.44168757516147206
0.9593431850130003
0.07777053324581473
0.564046022606165
0.6095545700329698
0.5925530015625445
0.9742374438482442
0.7989567951173852
0.3380446884018644
0.7800276971695725
0.14933054472450025
0.30217797518933787
0.8224377637944762
0.7868531436209454
0.07336037806787887
0.6180239551452045
0.9106556915752648
0.2944156141377038
0.20991149660834285
0.8697734221357619
0.7427907552512143
0.6238293387063117
0.7297851756523583
0.6691469666332265
0.9949590711018083
0.1803291422901696
0.2973069074639074
0.32358191651432877
0.5003870589458398
0.05315436298489751
0.07586779540753064
0.8225199389667937
0.5036479070927606
0.2916238707050396
0.384202697245991
0.3662899911367341
0.9239965814699247
0.6352103484570556
0.4720435716642981
0.5238346525952748
0.49851179423544134
0.6445931098472021
0.007293209201435724
0.08359199797018912
0.05021229101624247
0.19309961149854915
0.5102825659885365
0.44605292592380363
0.9535494430861843
0.3424687647212715
0.22105549586565232
0.5537245494252976
0.8978352526962187
0.7636496243924219
0.49103619649456054
0.09845394488550518
0.14678032570326405
0.056764164186964616
0.7403126728146541
0.6832323671137978
0.8953477032869993
0.7572714264492018
0.6983162475478883
0.9612240631142107
0.9716185315464974
0.2187556211251448
0.6846596992650775
0.7420512525874808
0.4972797535648783
0.18218023892508584
0.791560798787801
0.09176906449828204
0.3243351965446224
0.3549498875662084
0.26094974776497937
0.1526206223240486
0.27487278245103497
0.3648570997295454
0.29465799537014914
0.8139744591845947
0.9230706742200595
0.9427056657123246
0.6368604944618875
0.4472043736245367
0.8237017676871075
0.11496542324195758
0.17766813545693338
0.3575684658647784
0.9396166857899186
0.45082521039423096
0.3299752969277463
0.40087085008185297
0.7050734453472763
0.5225023003916599
0.3498141834282412
0.24019857529213895
0.18915372606181635
0.8565204316332717
0.09752916066371453
0.12271809264704703
0.9045506596959574
0.23530945316846996
0.5427195539955925
0.7716223336138052
0.6868353407335471
0.617938105549989
0.9225368019512944
0.9134345949084626
0.9841697764642005
0.4948424470280589
0.9470156181064616
0.5128099135029689
0.3731014851208554
0.04291725405384328
0.20410992632136116
0.005170857940232976
0.49360195153168374
0.7792428767028022
0.075029181368932
0.025582956249961875
0.957184380424663
0.4516749052382377
0.5297017482430807
0.7005300784670216
0.875902542418706
0.022101644505259088
0.7121064846750582
0.5841396620981144
0.5314160008839646
0.7425675005664086
0.19009162167402538
0.6395311291847698
0.9104862857690629
0.7570880942913142
0.48180399579483224
0.50905567848752
0.24322725748099594
