3604156
0.3161768243842289
0.07736095798398257
0.9305402073969955
0.37665323712525933
0.5302104522371299
0.5439124315856362
0.024844287475406457
0.3850242530987533
0.9145007782694474
0.6261691770691915
0.3681422047488392
0.655227625038
0.7177753151051228
0.3297312030231012
0.5656736673734036
0.2636699596284695
0.10099552459472683
0.42226753748686174
0.05795533573220302
0.5867460634063002
0.586011982090189
0.8686714216787583
0.5455433165062084
0.6642255656449533
0.21404368016893405
0.9385516648137102
0.8610881368290507
0.9157049482706189
0.5782874982402233
0.16479748420187557
0.17142028739412984
0.586235472161222
0.3733795881186337
0.4424165965589798
0.06410404160780026
0.9675627935938567
0.5380268999782143
0.6818216411901005
0.9470309217057671
0.7201648629230164
0.030826840656898002
0.5947990870604561
0.8217998747832852
0.6896927530904586
0.14654504106162836
0.15818451740321482
0.2006626280321826
0.9836901408779883
0.7165420563231962
0.4234051628312214
0.710100982759753
0.35937336670111886
0.34687630812318493
0.04289677042973061
0.20763464400071374
0.3153778250259588
0.9614323936712156
0.5730558316249469
0.31791610562041717
0.06946302557946904
0.12574976712329788
0.3918477737400029
0.6266293359374293
0.0024720157591975322
0.30832262028557256
0.377280298396787
0.8326441339263709
0.4930500812514669
0.6672850014926915
0.9508225819621938
0.13309052578774627
0.02410821231475324
0.21179055949736603
0.37809453327503806
0.02486404569930456
0.374135749492171
0.8803586307714212
0.06484284888506353
0.1760390446153921
0.3506634797998682
0.4388933597768262
0.8263860287182356
0.17492818570377844
0.5623773922353063
0.9788055370114923
0.5717975240318374
0.4918578392462324
0.8575885140008038
0.41700070814386336
0.9274018847302463
0.10481625361415348
0.28257067162202054
0.9695603098640587
0.6995831260054923
0.6428591861052897
0.08114237421278703
0.9183382056248613
0.07850054948238161
0.11205895385722342
0.40706928687030564
0.5092374899666896
0.09625476180294512
0.8297447917095716
0.12321283766873126
0.8502691439673533
0.5023459874811697
0.6487507280391049
0.7166128075030668
0.9184223052297993
0.8624284414064534
0.1030915206018308
0.6619949227686621
0.9161419252574906
0.15587651491548837
0.6128880333505731
0.1642077293479195
0.7387969283284113
0.3733559249631714
0.7742164572199349
0.4853334865760145
0.5245113495279045
0.1559057955486607
0.350879595288358
0.5771925582687888
0.7384371867821693
0.9385432973088556
0.2811886698047771
0.49543835307928263
0.34446477063723147
0.34221359235167614
0.004917327626062895
0.9654057122197923
0.1673696329852309
0.23103950784505767
0.449915555113343
0.32069075114858736
0.5347721519801424
0.72075947420708
0.012557559173398847
0.7596970936819635
0.27462860979110826
0.8113193593203198
0.6491564454693088
0.9909617127585614
0.3469081680316056
0.46197432210920597
0.9179388174405982
0.8665813744283216
0.2783466157074016
0.7670951394492963
0.6289773657855824
0.20433825856108778
0.21629983766779204
0.9029482784810705
0.6483652936204787
0.16009087002920197
0.94490732455284
0.44484044109900966
0.28732540176647214
0.5510688740308021
0.8127354081298489
0.6134483324607842
0.12686742538062046
0.6816993441134404
0.03286198315087363
0.4002372346658314
0.23593138230983046
0.3339110826486146
0.021763372877862674
0.9726667032206666
0.8091001974143409
0.1396807576669995
0.3706038224478594
0.49690710658867787
0.7277503268431487
0.21877292457452158
0.724538987636887
0.4529834457574088
0.8338469421855298
0.6048165278392461
0.9079124070217885
0.6940096111364108
0.13740942672844714
0.46498385633918204
0.20791271288817637
0.45314594809982034
0.04370164016979339
0.5947781327865725
0.806347218195688
0.9711473442510905
0.10544068893733105
0.7117591542431821
0.11061264053213293
0.05106899362173878
0.0046692632358538155
0.3190411322003718
0.7288135943548845
0.8928581709808449
0.9768999415580332
0.2943168399108168
0.3302620965948322
0.3948682060350044
0.2829934496718782
0.6433848608635765
0.782880676819375
0.07211089954002015
0.11031416738962285
0.5620772506853111
0.7488089179641768
0.1367682163719014
0.09133649455229653
0.6204597320403601
