780728
0.5440317651019595
0.61522462444892
0.004388458873968326
0.7968429098425932
0.23163102721415607
0.054749111289586816
0.649565900658696
0.3993930644082221
0.913599608628919
0.08303813539329052
0.12658470063404292
0.7446836263635427
0.3014461148977665
0.6247587214529037
0.5661537248271119
0.5517647825979928
0.4782125153223794
0.6396289791286714
0.3587599782995715
0.7590090916937059
0.602645712873033
0.33878081803606863
0.6968894746253773
0.7038613401727106
0.7990954625823964
0.5855363472710483
0.08599384717927172
0.3544006283907086
0.10036214456490777
0.7561972787483765
0.9212225223355422
0.533181196336745
0.9101025144598243
0.9658442655842384
0.8058447139043009
0.7182120947751247
0.5269266058824518
0.47613946607402646
0.9640495881565819
0.4002287422334677
0.7593120597370193
0.7838218154586475
0.8459607200369749
0.7128645426181479
0.06274885083351056
0.27238148459572775
0.12402950648266853
0.13331793385918633
0.8801546088366369
0.8640626402784216
0.8186210759870346
0.8065175068006314
0.10047254994816379
0.0656971193076007
0.9453490283469055
0.18879867986704646
0.26424275112773143
0.6673086904063763
0.371297465678348
0.39958546216777724
0.7926376934398013
0.7118117270756651
0.2673635969614324
0.3284295456200641
0.1720253733178303
0.9399460080527335
0.8340914243803628
0.6821852945838418
0.5015591104505227
0.09257881344377061
0.24635372160139202
0.012221501432172932
0.3947673174147964
0.3989274955246882
0.15751958179288783
0.11462576060850727
0.04786231288150644
0.18284763426014272
0.1989764013074543
0.6733948638572186
0.5500614380235678
0.45920867328610426
0.5697293712738832
0.6491336201761467
0.913531737896256
0.7066449127342462
0.36408837927399995
0.9510400606354172
0.5731954699609597
0.5475860211263198
0.544206640262909
0.6129525230839498
0.6094091004861248
0.21199757511369477
0.23298052658969515
0.8275557155703215
0.9213692780912748
0.3606407668321112
0.7594782915901936
0.3535534465734318
0.6425898073417232
0.07106989081316362
0.20417048013159755
0.565895053722962
0.4258129178638569
0.746140054010958
0.7454977127611226
0.35728024967924044
0.4245713662185918
0.4967607442503984
0.1713146632951308
0.7190578721604161
0.5195159440709405
0.004964784101142206
0.9118430118514698
0.11882125440597524
0.15297630289032005
0.6797538693049692
0.5803287678557425
0.2372870112437402
0.6184389376552296
0.7929268201128844
0.3195026500594289
0.047929197682639924
0.11028626700698207
0.21212942160665105
0.9356277707302835
0.6933928943528603
0.4785082680530425
0.32188717036932757
0.8085081614302625
0.3932657705999445
0.9142545310619373
0.7284596706083557
0.1410740045023765
0.8259032076884361
0.23896205392569125
0.014479148225050031
0.962432169231188
0.44674553239692205
0.8103324386116996
0.14677757534710822
0.5455164894850889
0.44103471725805177
0.2207547809293885
0.4225796853069098
0.6436319066863637
0.9545043735685868
0.3555303811143862
0.12909291512082155
0.6199839177723351
0.0013582422962475915
0.4278287564992279
0.13840687548884578
0.7391161405091062
0.9493483056233585
0.9826453135271334
0.27669105534572525
0.8199170299999998
0.6799856019517417
0.6373084026422287
0.48425041677705616
0.6155961504574404
0.9955603707773606
0.7603867434451692
0.6870249162480073
0.9142182609333998
0.6971952554430526
0.04648422016853504
0.25468576350809047
0.819900074786561
0.45917383856117777
0.10358815615710049
0.15430865183719034
0.9957374642974164
0.6657487887009013
0.24400789243173215
0.5530180643878312
0.2812741442338712
0.6676501960416363
0.8268060257091622
0.7680237700238753
0.3116836878039433
0.9044205982260352
0.5111506578256564
0.6571399664089366
0.6072338174723314
0.3131493967138739
0.4811809115447454
0.3324584611380089
0.38571068650543494
0.9244259216037765
