564231
0.6284277459671452
0.4154486528390672
0.7913178262904843
0.32100438101719364
0.43441950611027813
0.9987251133599269
0.13514614807068437
0.011251069911884959
0.047941309817375544
0.2664548143310912
0.9142875231022912
0.162679931780648
0.390989598118043
0.5536675393182534
0.2622348432452948
0.40861041680746624
0.11852406127661164
0.05875933997485294
0.9408448069855441
0.7591729664976503
0.2303692035104814
0.7095530510336611
0.4634732655298922
0.9769152921336061
0.40909193582828773
0.6089448349428151
0.05272815796674457
0.9103744083957402
0.1923860062459508
0.09133531773159298
0.41492173403710075
0.10886452970995653
0.07662008604897785
0.4349032672367358
0.9403751456384956
0.20919924289131608
0.7160893452804087
0.5228084415658387
0.6925017947352564
0.23868095347358143
0.7131392630146448
0.5046123153154691
0.7411485890914831
0.13265329477675025
0.563883618678976
0.8780920521107318
0.8054937314395707
0.13944766940867703
0.8359766385560413
0.028511811200617854
0.6253081048429572
0.2688460243533535
0.3826203641897944
0.5181292775141764
0.4067186198909032
0.6103311878625108
0.9060089207784973
0.07714279148080261
0.8245706697190537
0.8773859835560066
0.029369873036618865
0.7020006383400285
0.5310544331040972
0.3194547938530712
0.10142561583171861
0.2647552856404517
0.0027435008797414007
0.23238879062049
0.22340132380291544
0.38613093431369117
0.6268924855827019
0.5433276382045406
0.45516307516027343
0.9904150323063076
0.8508550064409764
0.5317755948810626
0.06312324299306571
0.46828628375628234
0.20642523964571236
0.19794866284323775
0.7528803834706105
0.6638924078523567
0.9307667678895792
0.4397430783894414
0.1753824304301559
0.17907521583363117
0.44292544007745316
0.4522593288556177
0.924113606279121
0.49414079422833956
0.5224890217485072
0.1827073596786033
0.4180115514975392
0.0774216897661194
0.33689190363050303
0.0983730501329323
0.6792317723610526
0.13573485025525267
0.9255761118518594
0.647911498356132
0.018438801168683128
0.10343903066369586
0.43029430181609996
0.5572740808751498
0.7049811649631452
0.9083169518883782
0.9198358151636915
0.18833282838494037
0.028259107740411293
0.16923115663325794
0.425968727278768
0.6892077332036256
0.4321707361447771
0.9056537929101074
0.41101759664622717
0.35801112011102987
0.44806328991894506
0.34522405049473726
0.4296075273682137
0.041651355178054406
0.3647883766608142
0.4363004303895308
0.5743012362848923
0.6039450050713158
0.8807996793470362
0.050847761769227895
0.7891475476867025
0.8096280256650854
0.7335130583546211
0.7714644591380573
0.910289381703094
0.03383026980730952
0.7074905558885185
0.23362515838500209
0.41480081203444497
0.4843022965211342
0.07817882376536822
0.6589920443442906
0.7778130829544116
0.7791879124767671
0.9059462675388302
0.04107104984432963
0.3814683067619755
0.4142072626900022
0.7267331386910453
0.4837160985669705
0.9829048037000184
0.25121358195269117
0.34614415480008887
0.3007574298563993
0.9765311511199137
0.5620521986088068
0.9836014525451634
0.7448425458718443
0.014634393815558866
0.3901317741686724
0.019295563934308313
0.1911092366529633
0.17142309573466907
0.2711650247240017
0.9105018050895696
0.8214189847962141
0.16388611740727743
0.446901630028845
0.9553189921650154
0.9209564297727756
0.3680796677183201
0.8234455922262031
0.9804815558962199
0.24066852222695823
0.40382859815467653
0.041432905450007884
0.7855454639280417
0.3103136389292648
0.7363160392153528
0.6161368974878937
0.41673697724698033
0.7295174114516142
0.9727817037375878
0.3037678509947056
0.06782757625886793
0.04456890111184775
0.4398291942441963
0.24656921137600074
0.3594333186729628
0.5451329103227881
0.6425568012245836
0.84309838377826
0.6642439752980959
0.7613590719363418
0.37562696497589054
0.9867890271919779
0.05093894154154299
0.5826239601944853
0.6374677966595003
0.32583140184738923
0.5803153227327327
0.35945126423911633
0.5111524741120658
0.4746373738231737
0.8011985576710537
0.9265912930309201
0.6487847460921531
0.06608404958231962
