953509
0.2358051548784369
0.9534838851692885
0.04649878604831892
0.5420856480414301
0.6138817051106159
2.507169461626324E-4
0.182626948347959
0.7049045283221302
0.6885329123094508
0.7546572532634269
0.9706597093554431
0.7986748350844937
0.06136450355738132
0.6463841761221408
0.7068939908887747
0.3102755360955175
0.17477824720865076
0.8090354188053112
0.6856798276524907
0.15604907768609588
0.8668394998516021
0.9576742632296007
0.5816824085007174
0.6096310048714926
0.44213102163625706
0.12391966805140975
0.1354524859274171
0.7738943810792615
0.30539145533971546
0.9899225041422598
0.781356594904693
0.6965540441743931
0.5152005819570487
0.4243448558366565
0.6492039586007429
0.6980081884726148
0.20563649502608117
0.05870207157756868
0.4370047773871134
0.11235003871486349
0.4729886085158619
0.8628908513084423
0.7200802140070034
0.16645757628356828
0.6882464344359471
0.7632509728707391
0.48263746732541213
0.30108757698181776
0.9843326675011183
0.8332889788483627
0.012318423172662407
0.5294139491334804
0.38845561662446093
0.3912426009847062
0.2937377661799281
0.3840598188085037
0.034005574051967136
0.9118783776311947
0.20558016602134122
0.19234945219855715
0.7821097553862949
0.25195314057928464
0.7334171445984374
0.00341424658519629
0.8232110804294916
0.6730279258159305
0.49811244044437497
0.8842489504272283
0.46444329355626535
0.549842891357066
0.2044657676856576
0.741134786127878
0.8981411259993997
0.9940550137738398
0.840106301184456
0.5668498858792745
0.5093033246283887
0.7812157253755961
0.5428382391980621
0.8308475554519661
0.06124273732449026
0.8983050528036348
0.6542768477911909
0.7927719377474023
0.18713746740926207
0.2551033376098908
0.7174819502785729
0.40146167153161794
0.30460385247315835
0.013879061243049051
0.6350564490753465
0.7921509019543609
0.6499247878209289
0.9625689637572811
0.1441681602203443
0.3356383880894983
0.39797367894835534
0.18731252646769947
0.1573518272350226
0.2578883305619474
0.688832380038446
0.5265451398584834
0.561014669260145
0.42454952101471766
0.47074234442039
0.998060192803801
0.09009751519111409
0.7232673900346733
0.7526056292335682
0.7846993844096573
0.04403030422804033
0.9482580423731772
0.49978615157777573
0.18386369120778667
0.20675462971741798
0.9108738604307921
0.824876351443273
0.9549426077159602
0.9568971054390121
0.504855373414154
0.8872302367092092
0.7678813942959005
0.5927751488173856
0.9885370298396868
0.32670994785863783
0.21564726746436635
0.7080323441257497
0.12260539777527002
0.04658708843679271
0.6817668505848727
0.8462935178008865
0.45442874418873225
0.07677083076982916
0.7738935753297418
0.5931777456448255
0.7316319684863491
0.8737189453687276
0.20312593410461766
0.3319695191451776
0.44976156330848915
0.8019929439383955
0.40485042951460937
0.759659889270395
0.25364861744683864
0.793420821346111
0.0664049454551442
0.9915602884863597
0.5700547872343128
0.38325781024264316
0.7425792843136554
0.3451149237495953
0.663371800742129
0.3784460411047542
0.8753258529159208
0.5314790834710492
0.9757787411980925
0.18534674973321574
0.027111229935250725
0.584458523867761
0.5541399096426618
0.5561503347816282
0.7311065319004801
0.4168191771089227
0.11776270773925701
0.6354091385953475
0.9638112989519073
0.30485521858044773
0.8362634134640137
0.009694940269029284
0.28014917732399225
0.6747623369430238
0.5689142551523071
0.24537082088381956
0.025272353585372387
0.030272785844931094
0.061437331955588204
0.7229689397600156
0.8844190955624348
0.364111509450329
0.7540385648172377
0.8091705846124212
0.26372843892064435
0.48814333200228954
0.7169426887368109
0.7081414630395778
0.6534636066338805
0.6242357704990864
0.475932218348568
0.6577105030038377
0.38057444026333265
0.7086335075354456
0.9746550193484871
0.47000557007078414
0.8274195820754171
0.8289273984128299
0.7891461250729429
0.534917724238601
0.8004132053459976
0.8925426558911291
0.8344703099302098
0.5696781868140868
