716678
0.8142903706570759
0.31657561361543296
0.07313553793326732
0.6028839938798537
0.5752110396962271
0.8846895899768643
0.7654325390484066
0.3931894217442765
0.4369117276908602
0.6654578832210799
0.5192700931679772
0.4289866894238049
0.19972864010000702
0.48883833149255473
0.2374353975975826
0.4148179375155423
0.7064983582292254
0.5092151185265175
0.7800451377377671
0.5163812292483623
0.7833294986222555
0.598207111435028
0.5239173051261593
0.8809803580026204
0.11504057971397352
0.5992869667519347
0.9917000868980561
0.19381295009955368
0.6628671003112435
0.08806871356836776
0.03632257815702922
0.7757149444687803
0.4826677817672844
0.023930855729713874
0.048332147932692915
0.6858816501757263
0.06935247092247998
0.3674364991261646
0.5270880962093354
0.8247165624205567
0.14020258357733517
0.7519116019455728
0.8540719676661265
0.9401015172019648
0.11915733159356057
0.4186617413386917
0.4809152827838983
0.3511549899638331
0.0875447482936702
0.7776499551674645
0.18338723207555452
0.8633927746297082
0.7021417936300045
0.1636577245815306
0.2899443175317402
0.705269468033994
6.981194456734396E-4
0.46685587792798733
0.9773549426766294
0.8427081255319064
0.6375944926537195
0.5195533646741652
0.08013242900694817
0.5631725134498199
0.8785097333780185
0.04494456259611157
0.13978085864621992
0.23817879062630332
0.8602352145104668
0.36039902560351955
0.8273116452948199
0.10952785999148151
0.013143248440269595
0.508843796986811
0.8389776216339058
0.5234935751772612
0.6381496113525147
0.5558902464247562
0.8921863561620111
0.43515929672695963
0.38273517698516224
0.22393435049159371
0.9684763135534993
0.598775526742482
0.48978740157099776
0.9908085771611603
0.4125673816339207
0.9253247944491969
0.20787996425290556
0.04529848707943229
0.6372185509958787
0.06833096538776517
0.03573227262360601
0.27841502508206784
0.9492653424914238
0.3800903524052781
0.9996452944410995
0.5589257622512863
0.44977442790653444
0.38601793395209616
0.8151522899773926
0.19787743088834897
0.2466351849481564
0.09309903299440103
0.25411636077021416
0.7638033480946214
0.4741446418594639
0.22909523955580002
0.5330975528656883
0.7878998910189048
0.6159878813409813
0.21416759761157445
0.62708555963166
0.1043968060437761
0.01200038025899286
0.40102802849162034
0.0771112921424657
0.825921258836078
0.019421996176997802
0.33237754445989076
0.8140941831399159
0.92233668177303
0.20623116971033761
0.6594543886320775
0.7788527678203411
0.6003505282713459
0.987839932040575
0.5920239371067344
0.6229897046629224
0.7194759269266324
0.35234169619629907
0.5258767749269966
0.7302289193386103
0.9980136616891633
0.37311451011283925
0.6339926488345292
0.1681489281703724
0.13609558107909048
0.9831424217761494
0.3671780153523282
0.7555336136198354
0.6095391755205765
0.8669741075758952
0.7369645619953199
0.32747140484022597
0.9514503037689211
0.8741673300980516
0.04864892222124806
0.963789702336033
0.0796629540667646
0.8401988281911696
0.851265152399938
0.32806145706028866
0.1585330241531937
0.4856820099820538
0.4251343705470797
0.0018988138046194258
0.9941507014243162
0.6231846653156629
0.34755126768918654
0.698622840244309
0.46250983487812314
0.08876402650081161
0.5826252071277378
0.8335622250845233
0.16603021727870126
0.6059065076365496
0.9664638746828187
0.32047714517613546
0.3018425835495565
0.30300764458862894
0.9838460567105605
0.14448654425533158
0.40431330282784794
0.5378532403928227
0.6558896609720319
0.15555696920030704
0.370892591183017
0.5012441478559551
0.847732397692212
0.7242059698966777
0.4614212916950545
0.7214838365126147
0.552772763575778
0.4441266454294813
0.49837264261170244
0.3297043594901856
0.9406675837643691
0.5346049089672698
0.7274688855388838
0.21768160510610324
0.016609215668705768
0.2982314485881127
0.689855948292986
0.3414912586492994
0.7873915166087133
0.6858403344092991
0.22161961469548874
