929595
0.4359934409323858
0.7375578069208171
0.9775759833646759
0.7721639080944132
0.8580690496331361
0.7216747624728898
0.5502226236032421
0.15535102898313458
0.05715265989950835
0.7405837057155501
0.26937858144737037
0.39064600593514986
0.10676158499749211
0.28493946215310506
0.8104305302178434
0.28999553828523894
0.1922718164240409
0.4294826298001089
0.28752201354115947
0.6314659534056846
0.26055543919400426
0.8573101745075508
0.42204530509559024
0.11374652783615058
0.6704222213895388
0.5080822484237791
0.6690841837591487
0.09377307871464813
0.7571902983609187
0.8173751761326683
0.10589831404972139
0.8740885601987589
0.9115475676725187
0.13127660661989793
0.5861740885361183
0.47267845702981237
0.26386553674042257
0.6298837443749024
0.06690438580806835
0.20550544099242618
0.051270847474081394
0.8457007187132106
0.039046573238590176
0.30377268450142114
0.6313382220289651
0.8537867302920277
0.8160325814238525
0.8411854900114147
0.5370485060085824
0.7695159254563744
0.6673720247619344
0.31334484114250993
0.9917607756415971
0.7354831976509626
0.2067416264778752
0.7151001352216264
0.17356031962628637
0.7778560841404882
0.37551009992479467
0.715149224433566
0.388654024294683
0.8822551174806139
0.8450517936548303
0.3903151126869815
0.7717332113280285
0.5553983123403294
0.9097370924341862
0.056610977141501095
0.541566980570888
0.811928246405848
0.4031326233197198
0.3499155392986133
0.45317190464933876
0.6735532286109965
0.5951849017176148
0.40543449432103373
5.898610076197075E-4
0.051361253307063204
0.23294784266364477
0.9636534420040398
0.31123648128563597
0.08529857653793249
0.6415547132571284
0.3909060566830076
0.26070504668676175
0.3134310951672168
0.8213354606336373
0.0979943529587618
0.3076401287963112
0.35755422427466155
0.13656588808953973
0.3750154969396251
0.47220033618376867
0.571745309753334
0.5089036884514216
0.2470036386530685
0.03783939698117389
0.2312380634863156
0.26999678866066135
0.34056054337739217
0.11454773448585365
0.12318465230671038
0.7767870977968496
0.1578117253513318
0.5221075815888578
0.9992757551175574
0.3446077486310457
0.994302445224807
0.8921035976609686
0.5998215775016911
0.5405777058231945
0.08286550854509711
0.0740971021713901
0.30524764909618973
0.9896293384262416
0.4238513847153398
0.21364218845563243
0.5214159998417757
0.20210505770499498
0.26824780494441136
0.7914104099319949
0.6720128365951669
0.8777730130299898
0.8108092238801412
0.4063119501269634
0.5031429882764362
0.3994709727677753
0.6950629360437152
0.5599182655261673
0.5939597185081195
0.7473110913002498
0.09988329188900813
0.17323416218766552
0.5202603545328603
0.9801282262887425
0.45029073470128356
0.6270454534802223
0.3130601202414789
0.9389230299856182
0.0791289538890606
0.4276597780021836
0.47881439680954685
0.4449794433697325
0.8283814768413595
0.35420607367312695
0.6819833798374874
0.5323909119793248
0.7057994873100313
0.629325604243032
0.27161982092106796
0.25923747055497603
0.40368576313720295
0.1390118043982388
0.42194754186361505
0.3512820786438232
0.9432275730398749
0.8296462528727964
0.058483763289972845
0.8313785220656061
0.9782577633388757
0.6494039749498529
0.08863090525515682
0.8661879782741405
0.930487968378994
0.09999887062801738
0.5846067780812821
0.5591829466741747
0.0431261526017106
0.47735595177940393
0.5150486430721789
0.9132439712325422
0.4309606521245196
0.16294015024609365
0.3864734279306863
0.5270645312773545
0.7938167295235941
0.04498668175722742
0.31428175482330767
0.2298553572206009
0.9685433091429794
0.5195770633738701
0.6532491772249844
0.8872284755412108
0.8271983728369737
0.7237446961525248
0.02246631861021009
0.7912657172798562
0.6106758775955456
0.3299449036534333
0.642148542834375
0.43741865261627233
0.7679574225969819
0.883780274180331
0.4598742150043912
0.7852418334977211
0.6970797130106692
0.8325579886262069
0.2510078562504985
0.21636923491354965
0.06496762839505854
0.8027645329573792
0.8978070608212108
0.6427465490022873
