21877644
0.7961261178314647
0.8366753127487547
0.6866077713896612
0.26001904768193373
0.9111700573662286
0.06183170475496447
0.2501983619884991
0.43419855345802494
0.32373338479063696
0.4781426326448315
0.7880878798818542
0.766157201372877
0.13410229547191022
0.4212740707730206
0.6350188901000546
0.6093227924910207
0.572750585405888
0.26110788758555437
0.3156218326720057
0.4894617632273425
0.673673751379098
0.2939175906465342
0.4577977345933273
0.21099288054725418
0.11915501895579161
0.9417558288185229
0.5958713372283392
0.9219868755045699
0.17152882069882858
0.2726573641702793
0.8538611094067845
0.6629982911084916
0.7109720143765369
0.757830323773435
0.21371581628497582
0.07261571690602242
0.6672846111032809
0.6297689190852848
0.4629281013770614
0.3306557699712276
0.5231430926602317
0.9152108899972188
0.44346368836998895
0.5676665071931383
0.6604209894016168
0.6531503645647285
0.8912804940365225
0.9037528618263967
0.2938737400697
0.8103041476159274
0.3301190320879811
0.17302963740113164
0.6463471888960394
0.41091317658542204
0.6989907869675618
0.3275035123228459
0.29337450517067676
0.12903789353464867
0.6843084162848345
0.13263149697820042
0.617611392026159
0.5013206065452094
0.02892375621476395
0.4951336270211274
0.751619767091939
0.21415163718285968
0.2827263774005565
0.9730514279559562
0.44012791508428617
0.050766862159860815
0.8456284049636748
0.4818001953004847
0.6575580840101491
0.33307181075997816
0.8036011937404534
0.5328514306862838
0.7663393940497022
0.40709679662935594
0.16479727888875806
0.07760109329473586
0.9595264183294134
0.8476373875892528
0.3793632386652387
0.4068532748655206
0.4073332938259121
0.3874703364361375
0.6894859266706777
0.268122155751077
0.3915935012764078
0.6858277741090385
0.8491952643525799
0.7710861833886087
0.9666681484097198
0.927642930117882
0.7780829495963766
0.3949827281801098
0.11615839171357178
0.903808206303742
0.12861816923550407
0.754061001511185
0.8427853667707471
0.12303321322259064
0.6690777924288047
0.4204567558684362
0.40879314378985443
0.46694741529411143
0.47725950238670234
0.2351743139058905
0.6733686229654082
0.71036293004163
0.5281690887160964
0.34205055048168576
0.28175826635572176
0.3260480040325663
0.9210780828007428
0.1682441320466983
0.03700572157532456
0.975964798687257
0.4469587357920196
0.3750433016722685
0.14255191787704335
0.2306694472708527
0.48966627423499387
0.34613288577304846
0.8947005228179926
0.9621414939572375
0.18640335609545045
0.21676136719892347
0.501831374679103
0.4080746925507096
0.4373694410017691
0.7039940348365709
0.42223148717856096
0.5830259809189484
0.7917916412416791
0.17125562493732127
0.023231058587438902
0.040200717975808375
0.8866991247470141
0.8545124135599973
0.0022007667446797274
0.472405937976629
0.7995321311364566
0.568023444645134
0.8914115725885008
0.5183877186624714
0.046955631409042464
0.654989575792198
0.12242720339498292
0.055203634733593354
0.242697309626847
0.16460279403017186
0.2195658297504538
0.6400816581990932
0.006061770132041899
0.6986293784927147
0.26501787722055936
0.7015089526337447
0.19683448571808515
0.2506623343729766
0.09399888497480458
0.4914290576091631
0.8580158858679036
0.865219397317
0.0768710651897142
0.9123539118649504
0.3456047324050162
0.42632497310584994
0.7578238130991146
0.5109678061319621
0.20751777648226188
0.7295944754205432
0.5501581983222847
0.8198469287308895
0.20705362010272055
0.15951101264610024
0.23772620671200873
0.14342791659862086
0.5904912497333242
0.579879958368886
0.5402384841627828
0.23494835131044922
0.9296617928995982
0.5090650512214412
0.6085273708687323
0.45533115439509453
0.6638429385083375
0.035065097937132306
0.20876914785664324
0.9655965755263823
0.03915139593863981
