1525532
0.10081582693786084
0.8754099555046502
0.6361815528724843
0.23846859751386928
0.288238737425226
0.05450243563728152
0.8598989000853675
0.5906577467345232
0.8232178216903844
0.22446077926908525
0.3744818058226309
0.4622642671573186
0.8701497920511985
0.06648236927624784
0.46634138172219863
0.38575681714764654
0.21793082417765663
0.9985369803663907
8.918865136986476E-6
0.2126762016278534
0.7455975424597098
0.8376973935939644
0.082791980518378
0.4200924721663607
0.1095365639762036
0.24791845397604406
0.6322282080386197
0.7774085865394343
0.047963296062932925
0.9591758455437186
0.06284096888063206
0.710147448216244
0.01404762973434004
0.7577363603981061
0.9641079899234551
0.36238794759190496
0.31401636018965207
0.9617512706981171
0.6333252484142514
0.028402945112160127
0.9317310993884284
0.36656412852520615
0.18225759048024448
0.6506500319789856
0.4437106158486115
0.3097639970116878
0.19149336978383436
0.98582438027726
0.5320896262575535
0.14110438253810997
0.1535488230754426
0.870294821433507
0.8287302097555924
0.6691542582521575
0.286183362002307
0.11926263178016427
0.25293319391965485
0.9653999856813694
0.7567749940142777
0.00714782179154827
0.9970724875891103
0.44524804851162614
0.5046249816731528
0.1168920638460984
0.6501973625154548
0.9624556630638034
0.7847558252311521
0.8188500433911143
0.8197453951243235
0.7433513013991615
0.008882946544220394
0.8146335515281281
0.08630065858021352
0.34950050992235104
0.12061570928254284
0.33499494968297383
0.7821432325248248
0.9971301300659566
0.3212779180784928
0.43934887597435734
0.5487138017709122
0.6370422545436284
0.10782723000704264
0.9702908524843675
0.5086750163771903
0.18218091177098206
0.3751657859225156
0.298980784152884
0.5953953592028093
0.7099821661379897
0.7175302353239089
0.7871330605515438
0.8761024465665914
0.43306624991904275
0.8011582463147936
0.5173649639300303
0.08263226785018796
0.29553705243201456
0.6993275864921474
0.8921212962457665
0.6805741132995938
0.24283386273706742
0.5559296281631856
0.07551137995664337
0.14584623800264318
0.8599280849185534
0.8405976235866175
0.187009898983738
0.646362158984477
0.06675911240201537
0.8473081632782402
0.3182271717038879
0.6794797697185585
0.5190546216207741
0.0232213133751068
0.5746870556247334
0.11969635371406584
0.43106861285409304
0.7212416596625876
0.645533204521889
0.5793077201272226
0.47668842050498317
0.36381050350812105
0.6194133291402281
0.9498410304952497
0.24913963836863418
0.49373746438457133
0.8009959703590346
0.9748441892483036
0.6695743728584251
0.270906700371944
0.646529358532913
0.6051929567435294
0.577607972889491
0.3306149248502188
0.5854443141726137
0.6438368838029251
0.9876023648922246
0.8589108217658061
0.7617795371730834
0.652113697509278
0.28561551444530964
0.9712157153214578
0.7469587630244321
0.3391236769290933
0.9359194591490697
0.7692780900944529
0.9172457417099149
0.47301746007549406
0.741451818015887
0.5049678581154486
0.9224638480866391
0.6393038515554247
0.920132728985149
0.962707536748065
0.26118370041955696
0.35992711536770006
0.42973016651962415
0.23302633319694654
0.2434484432453895
0.3596289470738897
0.14135691447891152
0.13991219061293936
0.30966621087730095
0.31684500403379123
0.8437734168275697
0.265216111921008
0.2731039395956103
0.3561510156701604
0.24834915718841244
0.04660422178831136
0.010938141315605665
0.4520764772932673
0.3284359832995407
0.9395287389689576
0.9008906273423771
0.4293508038076018
0.4970050783434171
0.27680506166392815
0.5848465912310302
0.677356640709172
0.0457430232707865
0.18874528107959
0.880071907358899
0.5321319062627021
0.32795695352315524
0.11973539446090986
0.6475876170915699
0.006963387304893653
0.04193566293983231
0.06521468212427128
0.4025494111352794
0.8950494453986421
0.7974427166526468
0.40870195904658135
0.32330449924126337
0.3709448699540798
0.12853985352809272
0.2780161453165636
0.6673375522700653
0.24420523898629298
0.06760329881958349
0.4235558060634247
0.7064154070587355
0.5695260611455043
