805330
0.5376739570717377
0.8480859744792586
0.5804124382392867
0.7066398700912517
0.2757548559609533
0.3661716808191384
0.6936544573526722
0.0456372505020296
0.26518051588814584
0.6004585382297006
0.30496872764359484
0.4494646683262975
0.6998870540438824
0.9045694536260087
0.3339296525993606
0.4373124933511645
0.18183177600190636
0.715262206109937
0.9573199953727627
0.15908836652538094
0.49419759430990473
0.17739401315167036
0.9974102074875211
0.43316159099161744
0.7858378645646624
0.2425353644474787
0.7991598195039132
0.526072787381747
0.2723191981173161
0.34824045187148
0.39669496467045706
0.5339353038986496
0.09846394902230127
0.5218036210650793
0.5835334078233142
0.7208006631401039
0.9506716791139324
0.3626676626853784
0.4301046071542296
0.814821269328478
0.9941221519278863
0.6342656131488885
0.942531069038991
0.7620512478019289
0.40479177521367227
0.3668118578794707
0.1333608830109051
0.4273421259417438
0.615647744851647
0.04263288692188549
0.799097560561759
0.49429537434384296
0.08930870988762107
0.14911643535533092
0.4960337644134586
0.16669607524285834
0.919599868224168
0.21015649160464267
0.40599722479855394
0.7109391010745741
0.9734393945975124
0.7523729989272165
0.5548953833226747
0.669897550618646
0.5196848848261435
0.5729281974612738
0.4770675252070402
0.6585741433270551
0.6677466332923427
0.3328416938287101
0.02670756252003237
0.8625115475511617
0.6706186601675065
0.5299227124843846
0.061776915500737606
0.9051062754773542
0.8216521639478133
0.5998547129103243
0.2211310610913214
0.7559931543022036
0.30549367793029114
0.14473244748603575
0.9284113419599372
0.9493618622596492
0.5789085196462751
0.9274395058780824
0.04978871666952145
0.06483915562557996
0.669161085838378
0.9929651970177724
0.7199381540763115
0.06806069770508738
0.4796356073074891
0.22076547482456088
0.6637803441142693
0.23626596653324194
0.7800143877182373
0.9719789834689511
0.06360444877700833
0.7941543884666481
0.4588442697094973
0.6702070327066827
0.47344546119662545
0.24085432434447673
0.796585407813443
0.6827665575705943
0.6201957515667863
0.586758314723815
0.7441100014350381
0.49648014664079443
0.6001019110802527
0.06266517426245988
0.195586411843382
0.8747789752872378
0.15010092569568056
0.9603324827001043
0.08817405138608936
0.5704847698661621
0.9968476413933545
0.3738577477511369
0.7564760436960207
0.1555916726662786
0.4889137284081899
0.6240747981377386
0.3791701500779924
0.5085053112798587
0.2579176744341719
0.8265653009658285
0.5581655816387799
0.4493686109360009
0.6386899236094639
0.4452923963028851
0.8742046515409845
0.26892995510230555
0.04114836676550715
0.23464224894527386
0.9218788875811004
0.18869675868998825
0.5071999090318718
0.8019649368592962
0.11930639218604144
0.0212434450986283
0.2269102377001493
0.9609123369387668
0.28917263369805024
0.6320401937494815
0.8795495151283389
0.5475557005355481
0.8787492079798491
0.4262726773531673
0.04618836617845046
0.24696036879685668
0.6775079930933166
0.8810436659125732
0.5147940844494233
0.3591666084684827
0.44680777428073737
0.16333855052386725
0.15311427446370718
0.5218024277177622
0.7761490845926344
0.11545606820556464
0.7448523977966981
0.39401698632153703
0.4411963042179773
0.5772016842617279
0.4127615690424109
0.1587165390705374
0.38831058991700096
0.6601722285175117
0.252129457171164
0.22882445877633728
0.5939560395073897
0.5520187089760106
0.3010605299887851
0.8561348352331859
0.6850514321843763
0.3566499902192892
0.20401286678611974
0.6410744340339775
0.7289746716861734
0.7085887826018691
0.8509021304060599
0.7269751715192594
0.2231644109011336
0.47329869682804393
0.25704673310617465
0.6596347809070436
0.968627790071688
0.7914584458408843
0.11222980347834322
0.04462336413245627
0.6320164253944776
0.7353593489708645
0.789773262331198
0.8952974859289667
0.39645055966832055
0.004782600356371125
0.9652197364778177
0.8566559341354422
