588942
0.30018520153803263
0.837815094241056
0.9050433773529466
0.05222070702362169
0.35187617006164695
0.6673094516942294
0.4360806986846598
0.7011356918062143
0.31978513855491497
0.6406203738626028
0.22829524424267222
0.07508914428740943
0.20641727370430063
0.7856446055824797
0.8688292085076217
0.9894935089685425
0.5086074242256974
0.9917845711378722
0.5081353881577885
0.611557968520899
0.582594084405273
0.5503021888527215
0.0017265147896299293
0.6426647083450271
0.03968717625232443
0.7942874267090662
0.40527990676153847
0.7910023397691142
0.3005467913220713
0.9865930687200718
0.6919895780107521
0.3706383052831599
0.7214359448414078
0.39155610580425615
0.043201879555087364
0.32545243997803475
0.14816544930820497
0.8579159519857628
0.7014647287858048
0.7120442503451317
0.312910679562015
0.001104071838722298
0.6925866468879329
0.3812251658925456
0.8310236655404692
0.08642234313193586
0.19239715934482438
0.20523544191761822
0.9505051596079057
0.7635626750582414
0.43027044420673377
0.7927286964580137
0.12541109177454368
0.19448815288943466
0.6119420556843476
0.23032491888161633
0.8603011874584608
0.04144342302853199
0.9438132175759333
0.10358641770170107
0.8335485911431013
0.3838669046694162
0.13102979800142767
0.7326120079944223
0.24927477179735702
0.5302850241854085
0.17878376350890468
0.639520907968738
0.39342593474305143
0.9790635164314841
0.2421718848889418
0.34497718898259233
0.8026758995455678
0.3196757649557824
0.4084063307472676
0.5726124793164324
0.08947134072802432
0.4373736019200527
0.4049032713783153
0.5456852408409665
0.5594515295188156
0.10927063696045014
0.9077832254754936
0.35327873652538966
0.795726113327542
0.07552549907603778
0.4267968016421635
0.41654855760394316
0.2953514618575901
0.49649231332425126
0.7148221636653893
0.6194665547144411
0.765053596462129
0.8811199196088267
0.48959948780839413
0.6724843281069506
0.2806969412811686
0.48770282111157814
0.8947342871331235
0.07019042205596215
0.9443637711980999
0.9962278169073578
0.44161826472109633
0.2818496738438375
0.8032209912666652
0.7116596646403122
0.5248332405324289
0.1001409571912445
0.3223347682799008
0.9250809626870935
0.4210138037145862
0.06213130376461362
0.6727417445568703
0.6677301326297312
0.9085020455128829
0.30369069801556414
0.1563861299751459
0.1828566404760812
0.9301200011411496
0.5731723383003187
0.26559930022806166
0.8756948266265943
0.9290695257077768
0.6813815507106105
0.5636811913635043
0.15552839979541866
0.2121566493982734
0.04299398297258217
0.6339766804179042
0.3110673213946832
0.5772333696092385
0.967828681815031
0.26651214001929713
0.9549059300600693
0.9940143165598165
0.7813096264114319
0.8471778119513584
0.138484173690559
0.5847277192962796
0.2625253399177334
0.37056723584416607
0.7434094910858505
0.5068252369702265
0.4419733517212764
0.711856603685518
0.4580622935697122
0.003352318954268352
0.4453895567134466
0.12197504003912507
0.6824238425776453
0.9134643242992344
0.11505881535145956
0.8844277407487814
0.808678931671684
0.32382985335439374
0.059770236298839374
0.42894829316177885
0.7149222470424563
0.19512646426032954
0.7524050489270254
0.3736352185938623
0.5754502580217414
0.7973404354047268
0.9059450476492703
0.031898642585474035
0.2960254115580908
0.8893852269435417
0.6256376809994062
0.12963917987233708
0.43565754235468857
0.4760145184268717
0.5601172824208229
0.44486858029056353
0.5039688515000061
0.16059623844905613
0.6329347964997543
0.20067240624938187
0.005175278009161621
0.48088661993245607
0.8429839229850103
0.9473810269496907
0.7282017747010314
0.37916993589073655
0.8992452922118229
0.8281100486523738
0.5197321535493593
0.16038046248856475
0.037048458922458116
0.2795872894958361
0.5410622999902687
0.8064484805878039
0.5942167705564056
0.5669465323239542
0.579007344107274
0.7579358616230925
