803275
0.7111040411199641
0.651521896783697
0.7477949205293568
0.7070975365597275
0.10092244224458669
0.1774577398300553
0.5186110822283884
0.9834995365880286
0.8999430863652066
0.4916944671855553
0.6095098960578744
0.6364715233937227
0.27697117752255995
0.7325310633828659
0.1004833927656743
0.14621055966091923
0.965196137043739
0.6739818740702346
0.8272928600813545
0.07295007495964823
0.8420142361941709
0.4180555097909531
0.7600429367422952
0.5478717900217454
0.8602948087342759
0.42126486526080054
0.9291119674672589
0.20882651957522602
0.37821620115500043
0.8966809106186608
0.7956581241399526
0.9066542288382571
0.28343315910892664
0.4763033060171904
0.5769240841749095
0.24403007040314573
0.8373711284552093
0.26051229489459327
0.0014466659668610493
0.8493793166874257
0.2484100163237858
0.6615138997103139
0.354995717104273
0.2411833530613967
0.8406503092919972
0.7421078634968258
0.0202857885653005
0.6795613422174549
0.7304766589006043
0.8901604348196172
0.6838074743850997
0.9183099393371057
0.7458401398264741
0.2715309295383149
0.2090604784764465
0.34223562708348376
0.11238759909541174
0.21247246444144108
0.3892410815298222
0.20376415542909032
0.9036732211885589
0.7960336093591449
0.25035907456990736
0.632217575695138
0.9576201267855382
0.9274900872912294
0.7301790373403179
0.47693588782093643
0.4966508117637509
0.3463102949251047
0.6698513029016766
0.3531006527619107
0.7774438728746704
0.5285830238292407
0.29387047423456036
0.3119582538106065
0.38182425069620085
0.379275505744886
0.5138698689632544
0.16085177712961551
0.05098699872875567
0.6088512582265845
0.4115658605723237
0.2821821449911035
0.341512528874367
0.5115839042400702
0.9052230128348187
0.20580458467895824
0.7327393959598824
0.6313333221696829
0.9761193650333649
0.24783343606175756
0.07165124719660798
0.12824916264306763
0.8057523434171313
0.8613650795556084
0.7521326334130238
0.14187940354234407
0.1378546763603805
0.6898301560168947
0.4986707156636794
0.602298933562934
0.9871690799417178
0.7112204809442418
0.7409663335018689
0.31336112467384813
0.6608774059386887
0.8699678104940098
0.8476079917565208
0.8669957448802862
0.6917758949238274
0.6573596144937298
0.9324206393037053
0.9474860809306362
0.21368819933851324
0.05695370914641762
0.9543686877896631
0.5881627317164312
0.9238687476510403
0.1162602796021861
0.06152177778758827
0.5876545550428108
0.2641011754918513
0.4837475887573387
0.18586827567125752
0.9524152688287714
0.0679168071484113
0.31383406464018015
0.28544996537727985
0.6184332384607846
0.7709045798481365
0.20581714727993172
0.21262034624784032
0.193246275488271
0.29294246762555876
0.5362645002710695
0.6889410557818392
0.7353046359876292
0.5542685000610746
0.8793821395596181
5.046071081671322E-5
0.3178538620122978
0.21831524432774563
0.7183721475192109
0.07068424972702225
0.08307612917016594
0.9016414548254981
0.35169047623505467
0.29387976098311086
0.3391431317318222
0.22719741791414239
0.28618011748615013
0.5278010777581156
0.8119599473215069
0.9488139669262763
0.2718456760321537
0.5719678970479858
0.09787591580061361
0.2424515417604861
0.47261846958937737
0.7155909125807887
0.6523266099039893
0.16021701787152853
0.3155924916271632
0.6750527070772587
0.49734135706696847
0.4635886484510061
0.3143028459618108
0.5735912076216518
0.24251052095493042
0.05321440483286766
0.8827796499417078
0.39899563085914225
0.8279515316362585
0.38378773215977346
0.6853927690154755
0.19703700153778758
0.9475076881153707
0.9080412769940488
0.25270609897653906
0.0907247317377996
0.4643459113620051
0.6908646266533998
0.6870386974300998
0.5564303990770059
0.45743510088784034
0.5633811485654832
0.6235735616257458
0.12470102287635276
0.047283618422504836
0.6387618961963759
0.7204209557577805
0.7300510187917494
0.5236614104579461
0.4211202436143944
0.22971792756355247
0.9101925467860331
0.33142277656877417
0.5404823462604251
0.9456085268117647
0.6657345719437897
0.5884980807075697
0.9005980885349211
0.30364483972539535
0.6606778310348252
0.2735645383869575
0.2978423195713583
0.19796608954558348
0.22618474032106184
0.5305356010012205
0.5522190245911666
0.7019525837443181
0.03856353035219329
0.29066899307237526
0.4243898575788897
0.25898277849070883
0.436639488379149
0.6063910196945849
0.22204733811356292
