1340390
0.05772404755578697
0.253732630757042
0.22723877273594095
0.021503337611622153
0.6230937208080392
0.6083599996129346
0.027838673348255516
0.8959099724470838
0.1842044314786645
0.33871566002641407
0.06550201209615125
0.6581361213398279
0.7547870288772295
0.773811376059633
0.24956526021252323
0.7886557508914548
0.5036227144727589
0.5954605210763303
0.8104702054953574
0.24523793399803162
0.32934368171395867
0.18636213583728267
0.9943984693707075
0.922901272591768
0.4689076252414083
0.17057015680612875
0.9692347006120877
0.5218015714494533
0.11823254340823453
0.8921850435959912
0.662174523511921
0.8175653453212456
0.7761464346270593
0.3853539052757614
0.7943952865921329
0.03370623973537612
0.40977670390357324
0.807806340118276
0.38946070021229606
0.244127771221072
0.9066514458500309
0.06747958607327942
0.3292036785599579
0.34061203821556096
0.3359836876593335
0.27591276149646093
0.7551324498768711
0.02192667635811596
0.5464861279571405
0.22550579500153456
0.538622041939375
0.4412828598061984
0.28225796228373257
0.9126447848497637
0.6750253483565664
0.6245803536397811
0.10577822693508643
0.21828859512416054
0.9080028376112658
0.33326844908299547
0.8406836778406456
0.2200902028211631
0.39187815719215846
0.9048923958504708
0.2384731498754149
0.8361971569678669
0.8688103232264284
0.97681558173619
0.07996093511910296
0.7793300496584996
0.0868556280697177
0.03733441577644159
0.13406477621775026
0.32715122443280786
0.6789843286380943
0.7435667212107743
0.8528993230558732
0.1715483904094176
0.9757698144764082
0.03610282755861971
0.7136310992526518
0.9096964843122143
0.7025196335259812
0.09748211430387632
0.28083811218691046
0.5621416372444219
0.4275526785638245
0.49883300508814943
0.650473826532157
0.48430722202517285
0.5779816973512766
0.5219883163686961
0.4376303784915031
0.25572436362689743
0.6246030259820763
0.5138762648736582
0.2778992157177629
0.01425308014752491
0.6256857565501559
0.5983116108287567
0.48794937072633326
0.04688919911392697
0.2493194746231565
0.1670272745686543
0.4972712547705026
0.3002802609134858
0.3613157791888547
0.6470888889166634
0.8356659350245564
0.7484922294388126
0.6309683363927779
0.4390463980997321
0.4336670745854764
0.023610151664788526
0.27631190082816215
0.2742482534228824
0.9529751052610786
0.20554417604473807
0.44846286415646897
0.8335869801165653
0.03629758808334416
0.9915994486022484
0.7956430107064706
0.7070341744632416
0.02574412706448237
0.961712779473808
0.42256375852246186
0.30203714467606
0.6806688096556861
0.8914754557015185
0.03041759355583895
0.29818782292123613
0.9909739361109897
0.04992179835972976
0.13482953160037536
0.09153067868452947
0.2808519176444295
0.986096558068189
0.9793139479784901
0.777828410512401
0.3510476007307497
0.227613561471543
0.30444121356284504
0.7464120271649289
0.460323379821561
0.8689984785031832
0.20093314545753815
0.9601618150512147
0.33398494550193225
0.595199288206726
0.08186408035432025
0.6201381305796364
0.3598808184826495
0.9479053996525557
0.3995042705085574
0.3818341121912595
0.0422403969118309
0.15030084815878542
0.875171324102931
0.5762336255262401
0.08888450328189035
0.13937550851509783
0.17700230352152868
0.760044869700035
0.3950924419352917
0.5749668409595727
0.5367206314816215
0.39741694318218057
0.8399334717127456
0.3050075776964106
0.2246325246153087
0.7173699221673246
0.15228809213149774
0.520465907464822
0.014532585425105271
0.031419243143782416
0.65097994632631
0.35965789858720687
0.12437360129826824
0.24362735629525079
0.22231843744285995
0.27760028578988805
0.4277316347570046
0.10206540768290795
0.872156488386536
0.5425022791013159
0.4000714014884774
0.6668805069208603
0.12357083187855311
0.9107030744009222
0.7796823889250063
0.8632249121517045
0.016608171364562718
0.7262362384764465
0.6207167199797673
0.6186945743794908
0.5185853310388863
0.8835615437315113
0.11630855743693302
0.723373075299552
0.8693913493159395
0.5698551038622938
0.2942626532550241
0.5546668103693702
0.024687305110361102
