1067889
0.8644800223342234
0.7282790853283044
0.4039770971956822
0.44210805378153273
0.9866445903420316
0.6495636095521596
0.6652016512426593
0.0164247437774373
0.9647548776543237
0.5005832646884145
0.19097413222576842
0.7520422710782922
0.018609180664212133
0.5639408794320745
0.7115577666324521
0.13504387383925853
0.5674688473943686
0.894909862579488
0.3680213586330706
0.8288006458996552
0.49789259562538746
0.6565162542874129
0.8978205181144311
0.8173959298620879
0.7422550334659492
0.9796767806548331
0.6914829088271854
0.5058305212197318
0.29036677506841124
0.6333197578946338
0.8574930521249363
0.6591957836743899
0.9902795885616321
0.6007083914376677
0.2938591819064469
0.48074152968115225
0.5445665069486219
0.3061227149208623
0.4099163971204548
0.9418673826378561
0.767912375279266
0.9895093506611119
0.7877376230016921
0.8475514255581839
0.22068054038301432
0.42272197981816106
0.0012077887062071913
0.04270452444607942
0.8873222287924912
0.9701398696346489
0.799920375286358
0.22037109016522993
0.5868398512238485
0.22318197346356206
0.31643445778706036
0.7898920686566056
0.3468080360464224
0.6037707523028594
0.524517574285014
0.9177722247619353
0.6997733813567454
0.23493552152045416
0.49926427235779014
0.13712715338006454
0.3207997457994731
0.5212780368370956
0.14128305986627931
0.6752874130149195
0.07253344248856808
0.5879125161381725
0.34986135520902206
0.16077049341296112
0.5748940160757465
0.5044099902653565
0.8387817112705417
0.12211264775967479
0.25477327812807804
0.7655680600063111
0.7366198216579953
0.23644931755562104
0.06772878543351213
0.9317372723809683
0.654795692769519
0.7672056452907499
0.11242832316840912
0.20394759452231392
0.8211286791898668
0.27049539784503007
0.3872996234779511
0.48597602762203584
0.32921935013546744
0.8883565248544721
0.6621152972676286
0.9452285558620109
0.5406870467868675
0.3613053426158227
0.6130006365393554
0.716067064214334
0.6353763282683499
0.7013112852261308
0.7685042645651989
0.07781041348380136
0.21403167973148518
0.3469153287338268
0.5655150896921912
0.18731301643805043
0.36599196660261757
0.8670023002402272
0.48980960604793866
0.5493464665663589
0.4087800178086872
0.06545654062893647
0.8641306325456879
0.6175026906315029
0.7410474418898686
0.21445037953504342
0.1789083768957963
0.2749590702748538
0.5511035432192793
0.47612050178349785
0.12629161796744315
0.4986285760901634
0.13969690673846624
0.6171616480581289
0.8788294441377242
0.27458555666002216
0.7673830945215818
0.3771676678585574
0.9787643914639003
0.3000969320976027
0.597870662927209
0.3801268058174285
0.7083046519375653
0.6787017541693495
0.2103575518429237
0.3944769640825819
0.1982297884825328
0.733755064816547
0.665972019518983
0.8912170044464063
0.4466250113565948
0.14664201595807935
0.5832331098437651
0.6339795280767512
0.6561509621978149
0.5571200194797994
0.8136375088145621
0.27102756526952343
0.09007763521468337
0.35043569452481194
0.4772416865798683
0.9690572838097127
0.4084026151983252
0.0825315102133446
0.018334633304641135
0.961882259503895
0.6585385467553178
0.9213575411558725
0.22328124849878273
0.937900538814235
0.5586045811035514
0.6556452634765403
0.9236508581405762
0.03984885191794729
0.030596284311097288
0.4077333241996406
0.6929328645652428
0.0976020058035767
0.15585558857284376
0.5675996617901323
0.07054292506614668
0.31921302220891923
0.27203740469194115
0.6470060810440066
0.2182898422140549
0.356406945151133
0.802535838752966
0.0722514751132679
0.08884802291300098
0.2929308250737549
0.8382436487293924
0.40507767321813315
0.2688118682755597
0.6116860078442234
0.030604168336540227
0.5509428120630222
0.7727217228327063
0.06441787531739296
0.965780931939352
0.46459952483451794
