1179905
0.702450907420521
0.8122599508858134
0.7094232199046752
0.18259218635191987
0.3698210505519277
0.048546988218587495
0.6712449331353381
0.549958144120363
0.36623646049617653
0.6434894910902301
0.523705369707881
0.4161665782291253
0.8044883258783738
0.3595584088281081
0.5672787775144522
0.377465117406554
0.7737222111335034
0.5365172104949554
0.5778328086222188
0.8883013157061831
0.7016219681313725
0.748654278923364
0.9333514070929337
0.504461765153621
0.04191799929490292
0.7403749235044661
0.4554287721576632
0.6708315004137915
0.3704902006381815
0.8532405647264978
0.3396995373971968
0.25959808422043673
0.5926931133911396
0.5653365409242553
0.42052183191753656
0.016824122178867862
0.40344792990609213
0.07432136938904932
0.07260500931673308
0.5941825871560151
0.7132722475940718
0.2867886976681605
0.00645055040955933
0.3136853514882484
0.08823929933922614
0.8735428252982098
0.14825039482555213
0.47177717748598536
0.16693461568377466
0.9973309478854006
0.7470717604888364
0.9983431537033276
0.31251943433025
0.25020723164363523
0.9817569837968807
0.7045815881469805
0.4003611393988067
0.14545548283556287
0.376190124680694
0.26725644880398414
0.49527295413078565
0.8161448234737897
0.6692703085942437
0.9006850264046118
0.020311602884341418
0.803775111775544
0.2982186949217124
0.6627410501641006
0.5130810827974597
0.7493013122914226
0.5720799499651703
0.20456334111847108
0.7451017101962136
0.6385287512206781
0.084970067887152
0.26629044970302107
0.6429399058523156
0.25522068763059635
0.5756466449633104
0.04902264574904869
0.8847651865450548
0.35895529849959307
0.45434582805062673
0.9759536404675111
0.39130632837330614
0.8345223956394783
0.6196747340991042
0.6446460028011336
0.4548418149014697
0.14641564358919945
0.1298549253310326
0.6645553308426002
0.9947741158578151
0.013406809180831258
0.9664409727819169
0.032014994184534906
0.20385379974546658
0.034398795403419724
0.4570795454119253
0.9915241508149069
0.19616571618835243
0.7187487049548312
0.943437010706413
0.8293638509202271
0.37372394373605544
0.6604285532531005
0.8420934322640251
0.09106461720535908
0.1449640329000006
0.2458331549246856
0.8200918916787898
0.3831383119409626
0.7430447493929286
0.5506969885621178
0.6024106741158424
0.15466917511726197
0.6832075306189503
0.8929588521639213
0.6267735151526352
0.5142464812157251
0.7261420311343352
0.7025043024041302
0.14516141778122094
0.3942533113487635
0.9115342507652159
0.7284946893265293
0.24879117073925872
0.6218707734466462
0.3802823614355689
0.5239504522775222
0.8189005982219778
0.2660358739313251
0.5453974139178038
0.15859717014617392
0.45964068988336537
0.46077133039160234
0.1884463651358762
0.6097379003762374
0.47430970291404506
0.7539995833691012
0.6128679334683051
0.1418206395928533
0.6829533160635225
0.6169714235837719
0.7517459292883938
0.5296405321981587
0.3555579513298953
0.9254832331195979
0.3223399127520602
0.30998149668720987
0.883528468320266
0.7559232111150261
0.658886111882822
0.8633896182648284
0.9283519495599446
0.4532754597039128
0.6536807916006747
0.5570990669829619
0.756067829663194
0.9712088797793537
0.1397611760975992
0.6836554321895612
0.7952737406342404
0.002648326617188168
0.833775956344602
0.2953430489274095
0.04323087603145559
0.35508923669993
0.15439310859016409
0.815099256537516
0.3714370152010136
0.9453322014231904
0.20642841731395634
0.28046197681085827
0.2881900383875243
0.43762838675506066
0.8119223393290124
0.38227469147596416
0.2583559887724054
0.6305138597460037
0.06009770090709288
0.8664409701771306
0.9819572697289163
0.9206467885260321
0.27219067716720047
0.009569765811188624
0.8705484247891458
0.034076108827729934
0.19049184372480354
0.8012380117723751
0.9149707221448627
0.2566507533761577
0.4403570639473179
0.5528986966000424
0.6194810650886285
0.2515161772704798
0.23217236217328407
0.0674123553001188
0.956603272894953
0.32291745347196177
