1124928
0.11337322791762328
0.5898816450237505
0.7786935253999794
0.22107918614380162
0.5230249959440193
0.9257219089462094
0.5986049568181638
0.6265774378847436
0.6671014472168102
0.9619442958821051
0.35926748552179777
0.935040474322759
0.6540448565570633
0.47336878469458854
0.43364286942685915
0.3736516360631239
0.4265407751389749
0.0231181895807705
0.3154620034647502
0.8656831904640577
0.8950717908923218
0.4840833068310624
0.9483903743706262
0.85159432205312
0.26657339325402396
0.8292168659442046
0.09988731236425652
0.3334181421066522
0.7672824355282523
0.21798444518392535
0.37765300779274835
0.29547332830706896
0.9297626231610528
0.34038685399027346
0.08007510744888524
0.8531454547075699
0.7029873924685327
0.5692942581525766
0.28974630745643937
0.9137031712888137
0.41160092552868044
0.10965979077763088
0.7913492881378925
0.7818632243757301
0.4228082570142423
0.32800635190381144
0.9959628764279471
0.24293033445862677
0.5892979077249724
0.16254895385477286
0.8637349985721852
0.2846439769425556
0.37952324578992647
0.04327397377128461
0.3693504771766788
0.9203679630652143
0.5594501511610025
0.16828812628445944
0.6280409432433168
0.16372070733663402
0.4380012435257251
0.5493481386691227
0.5924619939423063
0.42905853514280423
0.2477333163617511
0.8328177750664911
0.05365208779452135
0.32413962311405164
0.7676380972594496
0.4349507414633842
0.2651392052821274
0.5222498612457599
0.39962990044289537
0.019681734718335564
0.8241840611682032
0.644520888873495
0.42643190708738943
0.5327092759213853
0.9440680285788405
0.17769277327238775
0.44454724475081175
0.5650309095317887
0.30773281368103866
0.1724937884146075
0.5342708354692629
0.2649847771800844
0.2683224462305088
0.49873460784349877
0.5811560129686575
0.49885986497367363
0.13312484124756774
0.08729738986707092
0.10792353668646393
0.47423465193834635
0.7899673506469521
0.9130375913553235
0.9046560708616918
0.9787866157468572
0.7765739607328377
0.6708366690841426
0.6702267106318174
0.4070213583343385
0.6339997011376018
0.5097617727235851
0.15532846456972327
0.6741873368894625
0.5442197424757481
0.02935969693414442
0.5718104729666461
0.5628024195212131
0.9073424941163309
0.3498054902056168
0.24337251600618626
0.9132610945399577
0.1352117642052899
0.6939231162055345
0.10023229427790337
0.0189916712423549
0.05256774544547127
0.7574358099879991
0.8473581845802217
0.48412715302177634
0.38665970730156685
0.45724355927764415
0.48271887784101164
0.11825588203940463
0.8578005187311126
0.4954493924966974
0.6215811573192092
0.04828218032442655
0.49068276855082127
0.7306544639405269
0.6727617850206908
0.9160380807357852
0.20821319571193442
0.5127161332615149
0.38719187700189994
0.385544838121067
0.18610483202066652
0.19890415683402263
0.6703844228211346
0.9282297809088265
0.6543937970853383
0.7700559749866526
0.4084238834736418
0.6931795243451848
0.7306831220642682
0.8838217629726289
0.11057522560636779
0.48560646721550793
0.05506464195324334
0.3127142659491663
0.7838201929178757
0.803763256236137
0.6737420565309293
0.7791185540856695
0.4791376063107565
0.05325319940595252
0.264323776821103
0.45937527274635814
0.8068799288186551
0.09927028668027738
0.6316723732362075
0.003697198573883509
0.3401313312300053
0.11391388483659115
0.5950785692690481
0.43209888263616014
0.592628092237059
0.03910751399377577
0.7505432883277997
0.7470356184283026
0.45259870805085023
0.8012079874746183
0.6774515841371759
0.5012124893393539
0.4624626216448192
0.4324018899303491
0.6062807107438382
0.7739520045968605
0.5217303908862508
0.10177443097813532
0.3891999267858016
0.22366622293123328
0.7634710499402448
0.8092144896493764
0.6319260885656993
0.786142282868963
0.6767969378240258
0.24357172535531046
0.9197114042041313
0.3483019306602886
0.3757115700293062
0.20187072049669175
0.2585778247029785
0.5433612684279411
0.06968352347852058
0.9246390471191825
0.8625922148541035
0.044660910752032046
0.6995855105034302
0.7603269586885568
