927702
0.15714296095470193
0.245367700022588
0.1457727734648563
0.8903918956445493
0.13513883868073384
0.7454983306857703
0.649262234988578
0.10253418606028164
0.9963150220584935
0.5070576175237886
0.2623566392604165
0.9251478385238078
0.5468122116872719
0.6859619055805407
0.933727297417291
0.9461621565367136
0.3813402537559961
0.03184971085380062
0.5776238584766682
0.8489923982397427
0.490285439888804
0.3635010985021223
0.9306818813529639
0.939002566281336
0.14780014837625544
0.6682256094102216
0.9940642100368255
0.7882458711886097
0.9883557991143376
0.3465836442570116
0.056192104628690065
0.8890795910873203
0.19215914411615442
0.5131751774389534
0.21254884326634493
0.2922838700915952
0.2142893883479633
0.3525579816064597
0.7655044290279152
0.40819802886522627
0.724122537027147
0.06471765743249369
0.6707979918979796
0.13677598038971273
0.04666727862240838
0.44527138759966867
0.6077367152299813
0.5896100135862501
0.0784917898107631
0.66739588158221
0.8672741068519071
0.5679927573134641
0.8604930974526808
0.9581663286584406
0.27760182739492867
0.5949592185812584
0.6631408247594919
0.8204685796872822
0.9260939277238723
0.6424731451932141
0.4128120344327415
0.8974155478512911
0.8454735815451122
0.7365095113522981
0.28984168349365524
0.7992471270115644
0.9191328720680736
0.5479436682777006
0.6541965443830209
0.5636232092900998
0.8754539804347037
0.8299150404490787
0.6871009146165099
0.0889621439610272
0.0496381734684227
0.8776656206725795
0.20006102783894164
0.9508629992662538
0.07135687156533299
0.7476203735379229
0.10718592623649248
0.6037070232254715
0.7116351905086398
0.36591550919873217
0.8163184709884502
0.8718273120505636
0.6956684838148194
0.7223537639607662
0.2859847561104494
0.15938659522892118
0.0057546326342931
0.3612933292175039
0.09890156855471566
0.19459892045393246
0.7093936896408396
0.2458801496562243
0.6711000624477921
0.310318942331791
0.39891109980942796
0.8302357339151528
0.9037935956406116
0.3695064666244937
0.10102579217899632
0.38753194586968354
0.7339905806612819
0.09146903254482419
0.62243854756394
0.39234048344727823
0.16449800524829816
0.7447502351925476
0.4683076611184237
0.6454016398437509
0.23784277143643628
0.7385752268355471
0.9299080784111672
0.7661635682727331
0.24084742231032408
0.8129143276111991
0.31886021883443194
0.34145278168383564
0.2574786619460826
0.9932140523869208
0.7227752153831344
0.4367523360711246
0.5818812785203631
0.504028784765453
0.3251155092280533
0.40551043773433026
0.8549370675504818
0.050566591645744174
0.2578807386924452
0.2964538100048696
0.808803877608737
0.8375770521320259
0.5476557159422539
0.22041258334033664
0.5192118925507114
0.9034190918930505
0.08926233933159122
0.17891946241593149
0.15991843065175237
0.343497175854542
0.09004009057628759
0.3011085685665116
0.8734112183844284
0.4208397909525621
0.2865514573469705
0.41202190003988826
0.8880330308936276
0.8685045027558103
0.5509445192989609
0.49477199274867545
0.3690511557987728
0.34335878733938785
0.24164001097829613
0.01684610827401556
0.10541120838077989
0.4259018599129729
0.8567068213455493
0.3879392235227277
0.5938499169260412
0.23328392989942215
0.14496834401632042
0.11743129533051055
0.9659262038221125
0.06158007867443405
0.31723854575990407
0.4554941440031306
0.15730184125490454
0.4985532646591071
0.7552372498557086
0.9197436488652909
0.2317180689293027
0.7733513383316283
0.7751756451055581
0.4815367413677524
0.28268034975921963
0.2902056129941163
0.5816010415547533
0.853493499205072
0.8491783843757184
0.1318339530086421
0.03961972624758703
0.38660856568547286
0.8769721987277771
0.19986760852443597
0.607067157136775
0.510601574214549
0.21020495308389175
0.7422708203852846
0.2049438709851752
0.943871484727316
0.35033879933112977
0.20220059612790342
0.6353276382828409
0.051181383283930404
0.4810687825294503
0.6531784891001348
0.019665178314950515
0.16859953528538185
0.8130688206067719
0.1542665005170072
0.970125140356402
0.9605625240547528
