856614
0.27061242049016565
0.20759509109752894
0.015767218442421127
0.3137861900364368
0.7596787244767004
0.9335569103371643
0.9521938421193524
0.8948472604667684
0.7510967192890932
0.12525650117152876
0.7923813799856214
0.053864803956031326
0.8312738567102708
0.9337895857449413
0.4415761153927388
0.8277696400435971
0.4583693181451951
0.007772084867652684
0.01706129143229551
0.05513290519068759
0.8952369981787485
0.6263387038095444
0.44380566213424877
0.017492421982860717
0.7621503801759738
0.4210301628155635
0.3084187264644126
0.9930197353947539
0.2968056188380521
0.06819631111221491
0.3560965949177699
0.9810810035958243
0.8083611410217107
0.01567801520394152
0.08846220758271273
0.8436673399098602
0.8117941387594636
0.652640249560305
0.15272682342992705
0.2983643860880445
0.7001692338240771
0.0439618069588974
0.9760904024422438
0.28637767303124795
0.6848070856295653
0.9791838852269772
0.7349924921814277
0.6201372167416681
0.19978793830413888
0.7618848115881817
0.04988049571053943
0.9004053211673365
0.06815297904504725
0.7480867557238076
0.089449657294
0.9820958801386583
0.5677252507092551
0.8370844738899439
0.4884615167144799
0.5717217316278667
0.4035421101399088
0.5949904190456892
0.6731479137488638
0.37724964926056537
0.5942069142811556
0.8341083302458105
0.16384226757539533
0.8131945124803358
0.14383094267201646
0.3297784114210862
0.8188251797869599
0.18810810471510475
0.024936464465727726
0.5769204517214553
0.9323310456828232
0.40065511523971264
0.6088458144019073
0.6804650577311712
0.2687836012950694
0.34223504415249306
0.4980423271730523
0.43666439757206954
0.48572961679366844
0.9901420165378317
0.8762633236148344
0.0012772786634738242
0.27488799826439225
0.0950442942155898
0.20260272984419925
0.5241488443666845
0.5400454720935626
0.37708292574670554
0.8570699352734745
0.17193786242296782
0.5301731215501718
0.559475267295445
0.22649447072841
0.6630293249859159
0.9365225943324234
0.23966487908843548
0.9968591213297455
0.9090312125458119
0.5005683958980581
0.6715071444182042
0.8547235752829284
0.5587721967302683
0.6407630864308654
0.8483481060078157
0.7415828264050831
0.1899793548187313
0.09514707009296308
0.41035049699383386
0.384665825187433
0.5776884804270702
0.859102249688263
0.4099498181297424
0.6371185621102672
0.9614303072419929
0.22736376828499938
0.7424075732984287
0.2028609000208358
0.4117581405140578
0.3493664713546146
0.038198624483388954
0.7829834293532765
0.14528894787808033
0.25269004449519017
0.5535358714794586
0.9658855948687423
0.7044205053100918
0.06665237131779955
0.08532084194024914
0.2911404065537635
0.5269169626682727
0.5869057087872843
0.8641852215052813
0.2376236097873642
0.2487872461047339
0.29393696496834965
0.454422742592114
0.14541972124264213
0.7895084001523313
0.33976502085442306
0.03678359934325326
0.9247377216645143
0.270591938063126
0.45732609187080864
0.06422079422879012
0.866660568118914
0.673216995957058
0.6579402220424102
0.8759515407484778
0.7006204679771433
0.9453577028404356
0.20850860492387424
0.7449863235455154
0.5517967193594069
0.0783419632087422
0.07328863125248186
0.9248739468913517
0.8546633325177354
0.8240527076497659
0.518608761961978
0.8379554233114459
0.10262263152328976
0.6124596246969491
0.9907107190467139
0.36216654655270153
0.7377067457692896
0.11344633698399309
0.8534803729513919
0.4150107194262118
0.48425351183834164
0.2685832163419588
0.7667634907153691
0.6313987028900848
0.7726816801701919
0.8040531411650298
0.48607483390872874
0.7659226440695017
0.2770469049365738
0.4985117050461446
0.11059376968625967
0.13630992797846941
0.9515143840382405
0.048997440159811556
0.38027462068740403
0.26532071255124257
0.9498934525645599
0.20889334528075043
0.4513684570230484
0.7289827059495557
0.8816449761733035
0.7019215137958595
