748031
0.10295057838200594
0.3385234055334616
0.7185686304327267
0.12345451054134804
0.3552712505003628
0.4939038748079231
0.05994833724678428
0.29347879849358083
0.6984214024592003
0.32878336887878457
0.2998537001462772
0.32369283083480993
0.6495034671823338
0.7714342208374669
0.7148484048608756
0.26013876456078555
0.8129953046243468
0.8397738482499247
0.5601939053163555
0.004547373774251184
0.24463384678389477
0.4859397082673973
0.5827340683856489
0.3731881048112542
0.7003714984837451
0.33555865637162297
0.7564759138636413
0.57862389663471
0.03924232223102864
0.770629343378692
0.32868024830978526
0.11839949721005372
0.3720945404926964
0.5565553348705753
0.7601284161312251
0.6722376976343598
0.6963346765474203
0.9766923404681463
0.7365261253531251
0.2859044868190126
0.031161573548072585
0.9712960110661056
0.45159242959499435
0.327093221916102
0.6744651495283147
0.7086901159944083
0.856108914083554
0.9394280624387834
0.9679984315710656
0.16119470450025875
0.9812865500104925
0.7766428761205777
0.823721044958048
0.3188294890770207
0.8387369335534242
0.11525480448310832
0.5316244875806319
0.30729148108413096
0.9094244463484756
0.23372863703266944
0.18585534228057854
0.865799580190378
0.3685981392458668
0.6719374851392703
0.5979141745412304
0.21353556301437737
0.7797701295688299
0.6556900714353938
0.7450480342556005
0.3313741426029617
0.10851857180498481
0.572056239430288
0.6938790420323863
0.8036201221045396
0.09145201152915494
0.8811376207623575
0.8915088002046548
0.02607040609890987
0.33461997706410296
0.5434012590936634
0.8410085999178675
0.19848031539255617
0.1658705587417849
0.10965423626793025
0.2451256773947159
0.2019990900969163
0.5766607028990133
0.6094467832264713
0.816169191228074
0.08923062035040052
0.7334143359144165
0.028809701189969616
0.1621012181184912
0.986554601155305
0.2172751870559292
0.5529162195355537
0.41698570281581493
0.22690885531007732
0.8245314052836882
0.09239911772204645
0.6560970884399049
0.18845226125082903
0.1695175836454904
0.6623955086872627
0.09630342316352136
0.3792222360018417
0.07575927639780622
0.5198629102338669
0.16156108420289206
0.5067601988416943
0.37540899903136327
0.6869569353353878
0.4827114259015406
0.4498630149525644
0.9025481540080806
0.7381681688132274
0.40775904065766866
0.8768834695924775
0.45799239135737724
0.8045772002211979
0.9479037455843902
0.7291536262774723
0.6049010517648926
0.5378570116635536
0.47182831738861664
0.5893946463571542
0.7670534917117924
0.6336085384754016
0.5257419613544484
0.8608435743445939
0.20266303602662128
0.03976983344354568
0.5618447667531563
0.6069479067734085
0.8661808126085803
0.12195484863567985
0.5880384968395798
0.9748978890548303
0.9051769900738982
0.5718460086430649
0.2775622400089053
0.5950307734524029
0.2826046262676686
0.3065663380676261
0.4929174126501652
0.8588821888140492
0.8828528465208664
0.2017271222648045
0.4843421445658844
0.809717759724936
0.39058336074213895
0.6891036510415923
0.6076129935907961
0.889715725710055
0.7338809798105086
0.006127450701313153
0.18315186553390206
0.42682738736212344
0.45707801297400097
0.9667606879626216
0.8214234876709949
0.21514591476344336
0.026330385824400726
0.23799815513036027
0.4117394254327823
0.19526000020899836
0.16267750264183978
0.38536213356701643
0.32109920796930114
0.694913904115643
0.19330184276639395
0.01260125831505332
0.9371806161807554
0.2924653161944403
0.9055738707525964
0.6429684135891637
0.0373260988856442
0.2734927388780277
0.2888401257676031
0.26068379133979125
0.6406345152427717
0.6423549339861204
0.43292281436584723
0.39465117650295767
0.9982306945761646
0.9837771401494145
0.11489767624972513
0.7774708547347027
0.8413035024555963
0.9194289391791333
0.4106459163887006
0.6665210841020222
0.6933551982767033
0.36395986663263513
0.6475331800964292
0.6656653845706103
0.5076050737906637
0.9410641621555462
0.3091109893914379
0.5655217792780303
0.6452586009752045
0.002222651573706047
0.5085902090603477
0.18683224347935012
0.7315143724705365
