703956
0.29222982290411004
0.7410007565470049
0.3389667784644971
0.6454987391485633
0.2332512553239946
0.15252642716991438
0.24345830264888724
0.5631653063070641
0.3466241590948319
0.08694889716666121
0.07382190781587772
0.3211763718299905
0.8343384687471098
0.34141392904613777
0.026182925493804188
0.6444955078997443
0.36406419581047345
0.21324258740495095
0.42237136617378834
0.04917200463542781
0.7370517456866684
0.6861680591982723
0.5758476399721937
0.3813037723277788
0.5027236677242295
0.7886548250830683
0.9795191925426847
0.43002920098801245
0.7139751692460543
0.41899505852882457
0.5078567707033163
0.027867391101725536
0.3891901674728393
0.14901519720670675
0.8129439203506785
0.14277274939327866
0.5737387852787111
0.4499180407333485
0.8804077451886028
0.5556930721829721
0.67231270535565
0.9567200725917124
0.386156637116875
0.6720084507407594
0.037405694288143554
0.48976852788937075
0.9692447332762392
0.3926610286647666
0.1630141244411072
0.573759357288148
0.3153616581609713
0.22471054971556015
0.9436597328710419
0.5636525320094453
0.8005590691692053
0.7001004751720905
0.1917253970352537
0.5101072616735929
0.1025044461926421
0.406690761748295
0.23970456005829588
0.7109070597966685
0.6837767281862712
0.42529097166454244
0.18793399519446197
0.9958924037821006
0.4106652643484343
0.4678230445870706
0.12208941718008448
0.5189126147444644
0.5170919723340935
0.1976407390326529
0.7152600358419646
0.5633277646358271
0.7975697191984442
0.6367496778421853
0.8913464450405956
0.13184604210374085
0.585006179782088
0.9976857447525906
0.3144631337772701
0.9960413187583582
0.9883444112591616
0.20496912433305425
0.7715833334151917
0.7713365799430488
0.35736465259112715
0.20639564258530518
0.22354224953672952
0.5945805148414842
0.793967402915747
0.2556896194578274
0.4120212932716679
0.7191130581816609
0.06289424499293206
0.1980609434476489
0.9647573506640331
0.3136048134998576
0.06513130472416773
0.4248068403300056
0.1182327324458593
0.45622484454592527
0.5201725906357759
0.1073341504984352
0.3669925316601108
0.541316406550231
0.019719873903058405
0.1865637407531051
0.27301624891563503
0.864206739562108
0.4689580954564444
0.19414946789171372
0.016374621357199803
0.3332666150731831
0.08742384927735902
0.24536471138161808
0.36153177691448946
0.7046045885142167
0.11497279777027991
0.05111253596435661
0.40675800716815047
0.10469805158214485
0.9320301286140579
0.5257410522174801
0.6954065492141158
0.7231456844368495
0.8084943960534506
0.830263852304038
0.7668082370908454
0.8415734787391577
0.6726744367386965
0.5935363092152
0.3043913252960525
0.9750784442942387
0.14102580776535045
0.9476031242934044
0.5999780464776767
0.9295320697479408
0.03319207265973667
0.5094366307851533
0.6046494398993975
0.34384061796749754
0.4687112809293136
0.2261711060787175
0.37533407573403443
0.5700657936704524
0.19229484353898352
0.2985669784115257
0.05318168184273786
0.36325808254468006
0.2653523122508874
0.9259235041133574
0.06233912607878378
0.47660973267689266
0.774249761911414
0.6407663587989165
0.37631450974121783
0.753775692347489
0.9526214134004187
0.25836521536776114
0.5423498819718926
0.07236611238308577
0.7834445265274899
0.24323797983942608
0.08357913964544716
0.4474348651064298
0.0772986371787705
0.929607560973416
0.3605972959721243
0.3213881978853239
0.45357110125651956
0.2703522553442448
0.10744064170155287
0.4696524588078983
0.28783647245569477
0.07884314493801203
0.7561544480607659
0.5576872776820248
0.6233486442425588
0.6759686898838533
0.40989300355943936
0.5853257450211387
0.28329834503680396
0.7191645356831077
0.1775150405292919
