587888
0.5795611246666779
0.9370282677813451
0.29479512927377016
0.09879442471220068
0.5388130062102611
0.621676913765809
0.6724321513729348
0.4351079180213373
0.9977842599259055
0.5017438080706988
0.6897656503922177
0.2069162528003463
0.17362974659396624
0.873282702245089
0.5427148471746603
0.1567727827451938
0.22187012933619676
0.014230171516872892
0.445480366998112
0.1369024414370833
0.5993251329231332
0.08018266954639008
0.03978707653046787
0.5729704802154607
0.5930790101569108
0.16725421610727687
0.6465470649010947
0.5737098946926596
0.933141104206979
0.1863307018762237
0.10397980330125889
0.417260686473938
0.6112486090560455
0.874806514681575
0.7888630186997483
0.42228979359424657
0.8106643633082208
0.520778651649185
0.15633019001257298
0.37221590572573693
0.01048307245055613
0.500331464876911
0.7192052127530594
0.725863255096603
0.9720882345291507
0.8266538795606037
0.6118972720692573
0.22607869688889493
0.2153894991848997
0.8597656575967249
0.1048000168958243
0.6297484857578173
0.2643374041993465
0.7602081709382723
0.548062917130286
0.6074101088908544
0.543357788291479
0.14774593427430305
0.6166207998905137
0.2489651862306549
0.2907121256100549
0.06535845318813072
0.16792940060448525
0.8003392668455238
0.8149819189843169
0.4476890584314678
0.3145899695668286
0.29430477718772197
0.2599909749921432
0.8272213378780036
0.5356926535615976
0.9187414006807426
0.7660094633315535
0.6981649391986746
0.7049705961402091
0.04612770540612188
0.027488181032234826
0.5463208414675974
0.7474326303034323
0.2859367892997784
0.9844170402033938
0.4123508894795056
0.9523783491129578
0.4086711626600307
0.8481442208846793
0.7765895583499707
0.848871638882939
0.8728421788828943
0.15872480985345883
0.5319398629877745
0.541561994451908
0.09685318162822809
0.5221530823092344
0.3633863777980959
0.18415065045552004
0.9101746096983686
0.5755147990243364
0.10894077739381969
0.6517061465730347
0.9807749650735497
0.778725853165652
0.6381515754194006
0.49227025244312184
0.8704165522884043
0.8709449516324727
0.4536578897578374
0.2625890328347076
0.5319991374477085
0.7057186286925222
0.7615704631669739
0.4456721437152166
0.3823446368111264
0.823952952636864
0.37145837763016787
0.15321518083199148
0.3458486683174331
0.8084190980475456
0.057666577314431366
0.2932152619725783
0.13779959136015296
0.7276390553794967
0.14788413101613662
5.230784816177003E-4
0.9415491762244382
0.8156092393652473
0.022118943960607984
0.3717393461275339
0.716940503422172
0.8322377843010986
0.1799334968516909
0.3784745015939689
0.6404628558386785
0.4531536771695387
0.9664400331076066
0.31177245577200274
0.30068159506913006
0.6619841697012954
0.5536650404688906
0.3158833916097602
0.2585760976463375
0.4031092754618607
0.6228579930176917
0.7648095505892312
0.2578724888589442
0.42589877397633336
0.4970765699686973
0.77438879187918
0.053620581622321084
0.5475529641121165
0.30559312149588513
0.06424163364140745
0.7885882767948362
0.22358435200686422
0.7216166711374415
0.05703675814584075
0.3510701087828948
0.8698553963563248
0.20699552686843392
0.15519587406388757
0.38058444119020385
0.756694444143265
0.17832982619356463
0.8291130502381276
0.07644197958027665
0.5095101748169419
0.9770778089473521
0.5863713153202181
0.6263763502879466
0.6972145345368325
0.687420707327369
0.36188614020555143
0.41077422354639304
0.1266194836187421
0.3274404411596622
0.7343415101243801
0.625743285705889
0.2191724475350193
0.8088292771746174
0.3515440643984844
0.5206920403862498
0.929565339548364
0.6175604398116837
0.13626813959039252
0.01932512231303163
0.45479182165834353
0.05065650728394544
0.565727310059313
0.19154695901018204
0.4118774889579263
0.3982434905668759
0.5055302782987469
0.7010592587049881
0.24727774774071598
0.9188450407607642
0.23748584967037278
0.8043887591278425
0.29909634962155096
0.49481576841320973
0.4347298735653795
0.7511686888553016
0.7561510584574388
