864904
0.49041743919457903
0.1333778291079909
0.8027491128778802
0.8326601898233832
0.11913192220186042
0.8652634388532887
0.7272801790403466
0.06309502571930703
0.5950330957778646
0.17826095773348782
0.6208939743968305
0.03247062420348257
0.6584734267448336
0.661718499417837
0.18434981295806252
0.2118004376083964
0.4740584874275221
0.7691214176266089
0.20663816715897176
0.8962422490700082
0.1500029693530026
0.8483959281905346
0.956890535775336
0.007859786936197932
0.8638790818741913
0.42873245227096235
0.9951668881258836
0.6690624796269488
0.7023830299789822
0.4383872374497866
0.8949516592501368
0.0507630067285193
0.6518831065249533
0.8480927035989722
0.2413203694778855
0.13407040569797246
0.7098545594841914
0.6345874628852629
0.637914753051524
0.23317474130284732
0.9283402501924899
0.9968707526859418
0.7580596621450415
0.1265162525986676
0.3424196807742541
0.5402935306269931
0.5621737627666473
0.6040419793936235
0.9807666492946554
0.570578251765159
0.5299203428834409
0.10366733925411187
0.9559753369423076
0.007196322517061038
0.15896174808385877
0.5960982830542925
0.6658933733064152
0.309796398515243
0.26339986839456964
0.15021017507079337
0.6432054772702448
0.5732391111010786
0.2998906265832647
0.6096745625852802
0.9821375984817494
0.6311707697953102
0.778514976922845
0.7201967580129539
0.8525618131453269
0.5568648480841949
0.8804551349970662
0.8785664960200429
0.23904093413660332
0.9899639958500216
0.03163020606965883
0.880329629874699
0.8038191860064223
0.1760195330746822
0.6201900796456771
0.7655589825514754
0.8445583462003908
0.30619285250725636
0.6994617591720135
0.04156476863502556
0.1259453175841927
0.8493264675128421
0.38553553496210236
0.2884646685680977
0.7770610749004948
0.03584997128423428
0.7616568345681186
0.02019546961148433
0.31643572733592074
0.05224638855017216
0.1423796718810285
0.0529410137259565
0.9079337899038816
0.47012748716603137
0.7168601331195616
0.14721330783901632
0.14552242572456842
0.5629701050658829
0.42182165982411335
0.6289111956922547
0.9147985720028315
0.47212776532324807
0.3782836978191261
0.593239716869433
0.15990542311690237
0.7306143630162091
0.6959195350638319
0.725346489276058
0.685625565609046
0.7779945116251809
0.9758921123920462
0.43247893453267816
0.8066241774316485
0.24873390169513354
0.14757010965606854
0.07569046365166665
0.14958216398114055
0.018409673092978585
0.29176012557402675
0.4938684212405714
0.23522732795260548
0.47512908492929706
0.4405565858136544
0.47619659350987753
0.8514594212723811
0.41694634505659556
0.706343928125678
0.679265666364991
0.8097557560811267
0.9906967671279615
0.5610127005546984
0.2336293653317143
0.10796598054433815
0.23649865656266245
0.26560091705708977
0.5465621596560885
0.4242897173754878
0.12469991987900308
0.15373993642573158
0.7554030230087401
0.36485699082527345
0.6079470567356342
0.43282923315625943
0.5748258058384015
0.13131426057585838
0.6326244721150347
0.12663664753713288
0.9513753530123966
0.0931032037202052
0.2216256013954423
0.9977853793674595
0.7424175418811414
0.3402958973841027
0.9249043105679825
0.9550031721479423
0.637766827919289
0.7013990329499494
0.6936609237676615
0.46010624162754277
0.1957040525552528
0.17367235854985752
0.45458490412300234
0.223000173737964
0.5261394029068086
0.5466099157993727
0.5030898164745815
0.8164036340272556
0.055718427907331614
0.4276181519818698
0.19191905864361725
0.7852889865459962
0.746755083393932
0.24885860086247857
0.5966352585277275
0.0037842936096444957
0.385595349263366
0.854109394780092
0.12376998770907399
0.6019912309281548
0.5534029916768055
0.28633038253269916
0.5353336440234602
0.32562618158322565
0.19840285049820205
0.37745048789908675
0.9161510706043381
0.7969281401708319
0.44082854752666056
0.2998605662358145
0.5632411476539867
0.7736147603375605
0.22177256043656923
0.13741947225541118
0.53823051200117
0.7164495462523931
0.40333307633424786
0.9775793575661939
