1402705
0.4992124698815601
0.27575298258786285
0.6222135478837693
0.8421169247615988
0.5416994011244487
0.5056132915087546
0.38583181313773673
0.3578119365165391
0.9077986896663487
0.2798266076810927
0.21473469798914702
0.29296310618037247
0.5560650883415009
0.16263688728231973
0.9058932069630279
0.49713610823348675
0.3811170530055725
0.5748689164306909
0.9658790391448203
0.09846787568771509
0.07322894913489009
0.1887446994840576
0.6786267400073531
0.5392327248346235
0.4734364960698504
0.20924189291774298
0.3327499126411879
0.2321673407680107
0.27391862533696676
0.6096506161234423
0.6064156972468152
0.00581965882259905
0.22448567543662312
0.17833681842766236
0.648280350850219
0.4235676099189417
0.8754910974318356
0.24448275546642018
0.48392516927765883
0.6360875335060022
0.2788296982432392
0.7566667709002757
0.515494171173686
0.15249199982095085
0.24171547019727857
0.7204452500518652
0.8125825735800501
0.6190690933727528
0.17980776813795585
0.8516492679071924
0.9682780672270159
0.8897006631334362
0.6330840469359933
0.7234672440462228
0.5940409048199837
0.5083679607561394
0.17045463393590865
0.49469844187890155
0.6817784512695833
0.27147677457053
0.7052437534551582
0.07106241540347258
0.8550718606190499
0.5656975898598137
0.5368394980685297
0.4345267189019446
0.626364950252391
0.3863681926620306
0.13483520657800885
0.5336106017812751
0.5939903806689559
0.14176335932448036
0.25858365966547203
0.4470166790966088
0.8352515471916336
0.875089419905744
0.6669597571073184
0.2608857350422801
0.4009895749703135
0.21729969071115618
0.5774355105628426
0.4746395750867072
0.699222085520205
0.2996903241386244
0.46092785473163456
0.6595875067339273
0.5635701736480454
0.09661973878181596
0.16629830014732205
0.5937195552497656
0.5111443779624497
0.7145445175539896
0.8388949719659329
0.8115775440112164
0.9958837918856971
0.17023318222641226
0.03797119175523711
0.8531691661273779
0.17359679437319486
0.6692551128948934
0.8599159811784547
0.46378127479068254
0.39403461215308644
0.07919861764172786
0.140250117551329
0.0612638147142075
0.12722018502058297
0.42873758484155455
0.49149045354146914
0.9820584293873713
0.756023837675562
0.5615336352653891
0.39997880112260686
0.22097682258995854
0.6557594942816689
0.11171335613725453
0.46557952344678877
0.3610682640868459
0.9882666541790301
0.8209603294020159
0.5691812327879395
0.7556740849976978
0.6700626600435975
0.656978573145381
0.1322000949599481
0.07391584859663292
0.21575738726858829
0.155309637734538
0.366003799949131
0.1924025193643123
0.02459072809209284
0.9562067068147175
0.3287508390025532
0.1065669915023949
0.5035319313876877
0.6113882847439185
0.7909755092445454
0.5361138810100184
0.060669197700394806
0.36859511891586694
0.16472539970226885
0.11879078456594971
0.1551059095486833
0.12774524145599608
0.021039788569982787
0.8983629897263463
0.6572796677736435
0.612245464474226
0.8538126949121165
0.8259324412374626
0.7033072982690087
0.8131898832680236
0.7655130514728806
0.4146324695966813
0.7549732874996841
0.37921536980250947
0.972008849808359
0.6114219045355873
0.008277225710484282
0.4978844290014923
0.34801497158362205
0.24757316635426407
0.31308017075536676
0.2760891381531847
0.9616503695195934
0.23741922283307249
0.7637939671818649
0.5084079834300114
0.39960638647966584
0.06637215653118045
0.6130295973741351
0.1050877584439791
0.9141017890647313
0.23875374573571173
0.06599006810477726
0.006475400042388668
0.2610608748716615
0.6806256925183081
0.5979692359595684
0.02989730828939663
0.8740812366210844
0.08331866318171022
0.1814977090936173
0.4960568861738692
0.6887301674683411
0.6341037051285265
0.09756791719218039
0.487182035255896
0.7517980963467257
0.12293174175957
0.47144158351235455
0.24579808963738814
0.8015607984762757
0.45599640121724183
0.3402444357375751
0.061372367077272894
0.8772532620192768
0.9476772931156437
0.9964125077211121
0.6783120691439869
0.5082229875680303
0.9641028650628355
0.7169299428301698
0.7094414857264407
0.5305429012961137
0.18546412540350687
0.6704068515623832
0.4083744370308301
0.5777978527496644
0.895642695600893
0.6096811656037414
0.5542386228884496
0.7729101272491519
0.591800732339928
