656115
0.20088237170455658
0.4765065402897978
0.8318480520889976
0.3911027697469809
0.5415329553295833
0.3203392931849395
0.050805712795604974
0.5819960996806758
0.09532252740488245
0.7535899395797186
0.5481323436907131
0.30842514995490977
0.6715280315795279
0.4033436792160663
0.25046596614509076
0.7901257512202995
0.5127104958566442
0.2668444692779143
0.9932517645877419
0.48800874762751023
0.42812087717323466
0.940473481567231
0.14401861601923827
0.5446997827119658
0.8434324577137549
0.6588646827528188
0.41580449293048016
0.5187019086345965
0.5630888495493023
0.9001318616068463
0.8077863668968992
0.7062892560230705
0.3475876177271833
0.11139306414184824
0.23980840090045275
0.0488983904038911
0.4030446026047172
0.18830749002301528
0.04884797251833439
0.14444556718660462
0.4108619321309145
0.33877566194593367
0.2719666690360407
0.9385653464687503
0.9355007609345068
0.8072880145086314
0.2632704304908111
0.10272232978467177
0.07353592250920782
0.4514272115534541
0.4146626399197523
0.3188052420229507
0.8190793418359954
0.4833906809449431
0.8860928846013654
0.355894231651386
0.07488687158410368
0.45999039858277857
0.7781519233753093
0.07665294903776854
0.7041884577140342
0.5808345988531355
0.16725681212058308
0.4758648378320691
0.4638606325910084
0.5615220269806781
0.4548949908667904
0.9744259882793957
0.2325931468759037
0.6685148355059717
0.40553779545340285
0.7216257456464343
0.04377627801504702
0.24646895678932568
0.2611136693088004
0.050915758518495946
0.24222786601121182
0.7487210262646392
0.6221385741034421
0.27444317062679113
0.570031838361045
0.9280815855180089
0.47573135635491026
0.5390765190098348
0.7992737342324261
0.1270109716753396
0.6124389375812999
0.408751186564714
0.4796684856605411
0.6561378127522708
0.2688828041714987
0.5571513933770854
0.5569825377636641
0.4969023650818907
0.7916086763174738
0.3886557567837665
0.42635742921389175
0.2783359540360534
0.2744216182237912
0.5619115933619201
0.36562361585491887
0.3707525806651305
0.8312964512219628
0.46599458687806183
0.3196916093110098
0.04823940539665683
0.1742780109311799
0.7668668797432624
0.6078263557075074
0.10755279016508512
0.41138532234595626
0.916620924915465
0.6927021919806622
0.668496288207399
0.3579401142322879
0.16061366022588963
0.33045610430847216
0.4915549957954791
0.17416831338793393
0.46063912933452056
0.7580837848188181
0.41422885809109233
0.038446138686724196
0.5625843883851251
0.0011432351021610776
0.9569806526987307
0.42113012627668345
0.9190888598305356
0.5590511748811681
0.750104433350661
0.9006598813109428
0.13102923187592108
0.19311780345309093
0.45010006174113604
0.7566766567767846
0.9898086148486381
0.7760633943502886
0.94902647628065
0.8871174936019104
0.284341494806728
0.6238536872022985
0.8635699782157473
0.6537654956235743
0.9591733783661143
0.9595727423378375
0.31349522865834
0.19305373143374938
0.6995823048581676
0.30968492391483426
0.8849808508331062
0.5279236283531393
0.9279484691821102
0.2089964116762194
0.7656261647731978
0.9064514620253368
0.18962072078377212
0.6509656653905401
0.2781888710153617
0.1504875744387535
0.6217918057556864
0.0292268540824967
0.03746898249466135
0.3380319975713434
0.16812285276235472
0.6191598984030544
0.3295186250869413
0.30542905009508037
0.4329265938334542
0.9970313391860055
0.6452463893568613
0.9212677471212181
0.0962893148059657
0.28372098164265624
0.05682804016221299
0.6179071477171572
0.8303065346959372
0.3671712102933403
0.871897522158315
0.11247503659086744
0.6733006368857436
0.8874020078924821
0.6659589979693415
0.5757393559969566
0.3625501419730812
0.3205988947517978
0.17724071210255898
0.7935099151487673
0.8461131909875339
0.3943644983015777
0.7265157459165292
0.10187179429655913
0.494997466397766
0.44296857120449074
