1448156
0.8035511646680267
0.3447602270150054
0.3805785712149673
0.31046681812272625
0.16565665408976293
0.7914846896694276
0.45694004611689687
0.9787508462898077
0.6314457962050578
0.7712632997043058
0.3294533232238085
0.014663664596775594
0.23529564141964743
0.9568847472108452
0.45085956937114635
0.9316349160052563
0.4852430372167268
0.1735170293248659
0.39288960690625085
0.7721610118518524
0.2776892103111608
0.5049589872506237
0.28506781711435614
0.43682836679789794
0.760797536141987
0.06911153052747487
0.5834218028303556
0.7727450448240535
0.8081879970599263
0.5757099746000441
0.48894962569534184
0.1836969782994219
0.9577062256773349
0.5160799487253225
0.16810280480494566
0.6312762063438918
0.6903293712507982
0.30808607926329257
0.6636596962767435
0.8439571683384538
0.24372711426397875
0.6163900150860879
0.9181570082251799
0.9701284044484274
0.28745960445096763
0.05673915525777906
0.9438720133982823
0.047403470754053045
0.7513928932283964
0.4830615466653295
0.33688680377312574
0.284412196225185
0.2703977530852014
0.8122534401492744
0.05058578095049138
0.1290889208404027
0.9479425032574476
0.08365555126171054
0.5562493463880899
0.02923282659438231
0.9322381543975236
0.09462151276568387
0.7922753844286438
0.947319961974283
0.18953939863377067
0.5201721261440301
0.992804177916441
0.5553574139595864
0.15169036388294344
0.8563328365688898
0.5375820286839549
0.23859241729734193
0.9684427949536697
0.952571275262409
0.08584009205293208
0.5900248569819785
0.5599510997666753
0.11955029242093274
0.7755926807508288
0.27476926057001894
0.6456055620727024
0.42562978546087915
0.810749143281101
0.17496027295029726
0.8937919236357726
0.6802773946403741
0.058828900505558335
0.4501773242108732
0.9341932363730285
0.5628551546518717
0.3870734608915969
0.07616958687693776
0.4082293670087609
0.3756433162963365
0.11885661542191162
0.647028703046764
0.43957542625803325
0.00148785253333239
0.704045991269174
0.24969938164415661
0.11873234738494198
0.7671508422512497
0.3773460423221704
0.19699314888957264
0.9392905041699745
0.0014847919621512329
0.8473569187501507
0.7889226842449052
0.1250411382217964
0.6570172543091393
0.6180457032288895
0.25340016324218395
0.14401612004727293
0.41399495397949926
0.07056067162650703
0.450697877576416
0.026045217299952683
0.5627884744119727
0.6613990019863314
0.4051692850282491
0.27832460722498453
0.74185337982925
0.4843064078677002
0.9093606005848803
0.5148881992079197
0.4965912840512181
0.2293875623919892
0.42276098097955594
0.6968489524671487
0.6868865215038488
0.3208381666951833
0.7945697595868514
0.2745165216636467
0.7773598725178111
0.4050373875803518
0.771241180125679
0.7167003071237632
0.5520418075785054
0.5985626424759991
0.40032224314606124
0.691711683790873
0.9902639678166265
0.6074852691492933
0.9765577644066203
0.25465665058205955
0.16094836746994845
0.797848254617763
0.543968639748395
0.40355106921785033
0.23323546313798071
0.6085756541459908
0.27499811729560963
0.6189728895919172
0.25906505365932364
0.3790519033984133
0.08498537775821868
0.6716036930630641
0.5428637987945258
0.02080885297528079
0.11749373981139932
0.40306493568664314
0.21919087057429099
0.23972647611459064
0.7542224992612164
0.28978976885371965
0.25311050083775577
0.9639084152282658
0.14302242076190907
0.8666806545448557
0.9979471141298948
0.003023525632130264
0.8385927217306727
0.9125800367466307
0.23489394717636003
0.033524119309776834
0.4093296290044671
0.7255988526229002
0.4135747644484158
0.10670722553074197
0.0754399986404779
0.5380510604774166
0.7725318475559846
0.06968093846836765
0.8601067733412285
0.4804541507404325
0.6010687028333749
0.6408881556538921
0.009104576227281447
0.14989972079505665
0.3236521042523245
0.6725130317519542
0.5512437986420944
0.9960336131731126
0.10732182203313378
0.0540998365761558
0.152217308752723
0.8084879795281252
0.42214558933200086
0.025605436968586304
0.13462888040422938
0.736754144844963
0.17770985976640075
0.8766692448822861
0.32308443426235056
0.41620692688841954
