890506
0.34627025877407014
0.1246512161872001
0.2857736596088182
0.45479490806953027
0.5969996771812258
0.07885552939020368
0.5268934287636787
0.08142446313847207
0.6290746302951461
0.14071010640611215
0.35919657412260997
0.533812490006537
0.5188390452527311
0.4236687384420118
0.18543395448603395
0.4689459901585177
0.2774768363259503
0.019408014730678325
0.2918678448947025
0.7961884891784805
0.5197544839422901
0.04639714820987939
0.5555428608733846
0.5261368949648358
0.6486039263985304
0.16160825508331345
0.6207372182355599
0.5583631202109318
0.5933093105578856
0.6728359649639638
0.3331258206864397
0.8458975515629853
0.5581277257043759
0.6242370497809607
0.2068012199943755
0.7813069302164097
0.04166622614263216
0.11334677827093009
0.676127839913703
0.5503357225934977
0.5002726196970874
0.709573647124147
0.7056249091754496
0.5937896706846342
0.1354953983845305
0.5915866296362913
0.9722727939400265
0.33992542786923763
0.7598631431125409
0.09105798561435752
0.6852152226283656
0.48013805209513805
0.5044234589649991
0.3122194183427701
0.7129667521104713
0.38850492039822526
0.603868085414563
0.21525750858007264
0.7645232892865502
0.9453123443485648
0.39872449258095866
0.829364999948722
0.5980492797834507
0.48451957901960707
0.7937453074518344
0.6622822771523662
0.1739682510073377
0.11091781254362976
0.8800356691887884
0.3834944948950124
0.9622646313931672
0.21467431389913094
0.8078095877908847
0.12480909204451984
0.022372364721736093
0.6467779086827993
0.7612987899055295
0.14460057382032399
0.6130173671145651
0.927120227361815
0.547668520746478
0.8962286194956832
0.7619230914820105
0.5996401530429443
0.11854113595490423
0.888661907076286
0.7996562638569614
0.20787263087757857
0.09724358380010312
0.6651380326425265
0.12978429576449158
0.8203955862931558
0.46021214758535156
0.6804497946126071
0.572708198907389
0.19674665036907701
0.5078042268192269
0.6050538410954881
0.6435806742607528
0.07378574435824925
0.7293969043500786
0.5501665427973478
0.6281168026243422
0.921991296379118
0.38388332368645584
0.5136672030158981
0.9307432286401086
0.3530587915072214
0.6513754987566571
0.5371233650310931
0.8240681853534182
0.6173185786210345
0.41212715920700327
0.5664590371391878
0.03157821374100822
0.6112468669149723
0.8987957757919723
0.7294943492237984
0.2912579810469007
0.7508551275002284
0.3951553634182857
0.831913957710255
0.5158865601829891
0.7646786184634501
0.48536684490317183
0.38331690308856636
0.8074800065294967
0.11711420987914789
0.9645653135351194
0.9931028398496653
0.5543116160156486
0.9960722882146289
0.19842683075863088
0.2105254662186019
0.03808715063734747
0.9113802811430538
0.52287364013704
0.03945153686076186
0.3271656301410276
0.6689241139114687
0.9784936598380163
0.02865796251695818
0.8126276398020198
0.26896165332899635
0.8888207622612182
0.3371035625412603
0.9251774827928652
0.337795544292393
0.7313569264720159
0.19764050878314232
0.818514027351428
0.09478785798091305
0.42469747793041324
0.17298573844510368
0.2547869066972619
0.5532363603622492
0.6585711815492644
0.9731316789728353
0.15362869740872076
0.22415809935401276
0.9473581323122023
0.9895373000776752
0.2844948140355974
0.2249669197656834
0.6167216590287052
0.14261854668590113
0.6788565180828939
0.33015070366091226
0.18236295705876526
0.0433454020357773
0.34755110445823156
0.8054086301059435
0.957879531700618
0.819567433238042
0.33403998651835176
0.11457189552919333
0.22430844202136835
0.04536212607237611
0.3288105744025803
0.9451030414472568
0.680347995704737
0.5228002285729824
0.6698363576616813
0.5590777793968791
0.7777040576667077
0.500515994247178
0.5342487140570621
0.6675124256930506
0.4672382822084281
0.27469890601828517
0.983002845047933
0.16529716562879027
0.9851750140822352
0.2883300493164809
0.0032353652642469477
0.0544637281918261
0.1413490044140696
0.9801077515577903
0.8533974714279364
0.9866093211246306
0.4258577764245792
0.3940268329147417
0.3967350505418372
0.7643856684587922
