1145932
0.14370256776233692
0.008913705351353829
0.1223148980777633
0.16926523196478216
0.783672614512532
0.6419189388578855
0.19267344184637336
0.41600974870075347
0.15909239281094656
0.2874295569231139
0.7431708013321994
0.11440482592563461
0.14560494669427781
0.5332666441414351
0.9548395108587391
0.4169419660139201
0.23040387908259363
0.15835789277330414
0.5246318647603524
0.6736627307941374
0.07111800177713712
0.3005421912524233
0.9295465381263303
0.8433152201722384
0.14289041258150803
0.9344068558861851
0.6922516509920257
0.7168731189449394
0.06888516278354118
0.01953285339239519
0.5855587908486415
0.26009059725844774
0.006434927154525871
0.9906716218557311
0.35051799150434504
0.44216582281700345
0.14935151495470078
0.7713232366168181
0.2888356199545544
0.6383897465611512
0.7578286684722058
0.020198946272096285
0.38991053573091694
0.02134443560663668
0.8896469382140085
0.36995606356073785
0.9669430304852944
0.6685317542625134
0.7980253863505564
0.12322429948561475
0.4933981337889588
0.39281735134003914
0.09082702165812306
0.6203732572846202
0.16128768825241258
0.8637953809601675
0.8584236773895828
0.8017454624013882
0.1129624372935284
0.6780912320041027
0.5269659503029398
0.1511405358215513
0.22805899964457887
0.9775447223153224
0.3316788791409353
0.7337848952564241
0.8561406233011394
0.2803654654317119
0.48512693148274433
0.4035444130628567
0.47382483226290883
0.6703833215745425
0.4521797718327002
0.5510935410098058
0.5134057634896845
0.30666094734853877
0.7372982772129857
0.6167742446156327
0.9465280130936614
0.8631900608711184
0.2532408186383872
0.008443657861741949
0.9281953202951595
0.09051205617305147
0.7029489617917122
0.3723031656928565
0.589624903189361
0.044688643371189496
0.7035369599566065
0.2018521614355927
0.4867830104764077
0.05571697851686819
0.6096991980390015
0.8217347860516857
0.46999385484673517
0.21206146326533648
0.894289630523935
0.37728450523216883
0.179810137738868
0.3473345720938509
0.00233793131258897
0.45357269252176047
0.4020514190576814
0.09204465037776455
0.8833415894403761
0.929994469650244
0.21798110004115367
0.8738101797307836
0.8059791718816309
0.6641686444984118
0.8245831989342474
0.5435561611591767
0.22394311297264258
0.5665541382554506
0.14020162065882968
0.14631381081477046
0.18205580591315063
0.40776883271711994
0.9334377203189401
0.9132496693504294
0.7689630234841288
0.24222737960551355
0.7050349052631103
0.26588266556592766
0.453011253286692
0.749648423825009
0.2454948174220163
0.005923408482053083
0.4299360854373022
0.4195200490401374
0.35629497689455303
0.3664560541822979
0.07171111689082543
0.6047230758029121
0.6525434296079041
0.9785269811946039
0.6902292567433246
0.35515243151038056
0.4146041544272565
0.11824671724186919
0.921832100157174
0.2709926569633525
0.19880852337424126
0.6469984417478337
0.6455805866150941
0.33919700943618913
0.03335084211651884
0.9050315448904672
0.32008131232243797
0.5727111241667965
0.2401559401457859
0.6087956814019744
0.07315260448788152
0.9590345885859591
0.46423194983218585
0.7295916051578158
0.6752610863796223
0.5417718842759159
0.47724230740870643
0.5122849821787578
0.07404618980161037
0.5471744243485064
0.813664636120353
0.5402211784415497
0.8658948146256514
0.9510922197254904
0.6544139836298046
0.753955274395943
0.16457514285017127
0.8620881048774441
0.5301887871695088
0.09223092287405565
0.20159872555391345
0.4378597566495782
0.8190027280674607
0.5842673859654389
0.7295679967289312
0.23554503468226418
0.24131602706989663
0.3849975221465607
0.8073800827551032
0.11017314117061361
0.9555326511444278
0.48962480146885146
0.10702141065793203
0.19083248256499408
0.19406466201600348
0.43055406985867384
0.33190085764599575
0.3166625950091836
0.2734266979149974
0.3208966064485579
0.27031946104031246
0.2886517608301027
0.25108605337392864
0.25516942092833705
0.8385499143529384
0.1527904920675195
0.4200504366626089
0.1321578338380256
0.759848854864698
0.28805809194976506
0.9877326968965334
0.09787552583098424
0.0018484281807701342
0.219424421829998
0.8323058685307935
0.5236098917358676
0.9481347901708704
0.8137897059893319
0.43750390794175764
0.3104620799543212
0.2135770472540015
0.4126572078941916
0.5837899136942315
0.04557719926123793
0.9097306861120245
0.2271702461810765
0.09079065716557533
0.7369516361906407
0.24869397873385302
0.9362404016823875
