836233
0.6860619048071334
0.5769278938592041
0.04161054949297305
0.3757804750510433
0.5347857568924356
0.43220628081419443
0.6972870214666613
0.5493155413651594
0.3875126863118854
0.8585841679954507
0.23790326448203658
0.031449936562875536
0.05267186958078229
0.18711423000897143
0.6453481593952524
0.7920961221151346
0.9193211231076714
0.34046888578731627
0.08349986798157427
0.5339623988458526
0.2455924231226997
0.39565971103535924
0.5240267721689797
0.43741115175631806
0.4759454179158028
0.49932607836719034
0.9122678132456752
0.021293275362208153
0.08311309756696073
0.43473929221833896
0.6192359168835777
0.6755319607394308
0.2835176757480652
0.2468366416755975
0.5828807568144435
0.5869753389875543
0.7260315906479188
0.09430857230591927
0.6300232267784146
0.6260662370490782
0.2753972255683458
0.21526508920225274
0.18246065423905078
0.5131107426661109
0.044522267478268596
0.4785124042265869
0.1787503203875116
0.9409887734198011
0.9663647672033935
0.4689049746346482
0.6236508108195721
0.9166723706763309
0.3420056031934601
0.9692932914063882
0.7492498326862154
0.09279843303445579
0.9453826714264653
0.4248136208467994
0.06690385383496678
0.3245556231812494
0.8617932852402073
0.1891220793078926
0.5961782309860656
0.9292009361396087
0.965487121853646
0.455944477647348
0.15787177829173327
0.18964675577260048
0.09711840160387464
0.5676289519171633
0.40331614056668663
0.3446675066767104
0.14599377039027384
0.38271865625799806
0.9322749911043777
0.43363966014701183
0.6752888750161229
0.8223646765425273
0.015066144271095538
0.8406303039112462
0.6853759885720385
0.32372479347753946
0.6245840288286241
0.3437547240847042
0.47686769900408754
0.11287275490826376
0.2760788470203305
0.64051354100019
0.5306866125725449
0.009151288545183323
0.8897066589040573
0.3125700762785124
0.14499019336521357
0.4293969172413745
0.3956184697114673
0.04672442884022199
0.09421093786348989
0.9808176782630262
0.8831425873635792
0.5214043350279743
0.5299951663562652
0.009287927439517119
0.14450642934374747
0.9528052629290138
0.8446756765667685
0.07291107662538798
0.9251545480869054
0.8191033957591112
0.38462176639622836
0.09460199540438685
0.2991468334366917
0.4593029189038057
0.1941403112813992
0.1502916795301077
0.09155405734369482
0.8384149339039176
0.5143303069936609
0.04728417860672296
0.47726506751000686
0.9698459041405921
0.4692411697463734
0.8035484500398791
0.7251605458953594
0.7781001563184606
0.7281066959375546
0.6694192199707516
0.7640636076404778
0.30513342785707365
0.9601639620795211
0.4611324614305262
0.10076637872265282
0.7997011794884958
0.39213307881101656
0.4153034135857281
0.04494864018908484
0.3539950301914446
0.3671827287672247
0.27340822059406755
0.2734314729935129
0.25602146586579944
0.6835854035512932
0.870778427133742
0.4482953503692718
0.03728224989946105
0.7381282143171921
0.6165648013557424
0.40236214086176836
0.4163007450183861
0.805976248977617
0.5249935131870199
0.32960518533486727
0.6926744434421985
0.39023830805550064
0.765025047689283
0.8521958549567972
0.9600504098657943
0.610346464168989
0.7366050737274821
0.5492785199651876
0.9175166781523637
0.4529963421905604
0.5563820976971339
0.03986452812670038
0.6140971864498129
0.9260576962296627
0.4062788283879629
0.4266679069447098
0.9557221934264393
0.300467223694698
0.4147678451756891
0.332336698767535
0.7016000678655147
0.7294593504380663
0.13048400410069283
0.0860761540164634
0.6122516694818749
0.6147101705172309
0.23533436324578105
0.7081032071135676
0.4250051199936207
0.7068272846219139
0.8662815253808809
0.32150998825162247
0.09987227105349183
0.42759079678364875
0.5522199978251533
0.5061308641160217
0.8337034310302923
0.7240878545024354
0.5853831469317533
0.6959523550563204
0.31584526299809645
0.6339313834499076
0.7149130503881583
0.20920894248715038
0.8406690926980692
0.21247244621881856
0.24925624775215494
0.38074326040924167
