773921
0.06279777758576122
0.9315651056705405
0.5413921817058129
0.8722849431220876
0.34211258016072554
0.6837548825510413
0.21800681503605124
0.06872835964617485
0.5138754218498609
0.07779872641543173
0.412462887308669
0.9641738796570601
0.4466285157404868
0.4033547747662801
0.5119156578081214
0.5325923506258281
0.5923708373350434
0.08053707490172357
0.719265547178352
0.8125865552942976
0.9720633044727471
0.17080343040531532
0.07529227644175052
0.5862025540091449
0.8866981601035829
0.5977750111781899
0.1343318589289927
0.44047105790428664
0.0016545466661122
0.19101448686742184
0.3163758650731048
0.5044596775473438
0.2657455016320356
0.9574205819334348
0.49516496253397857
0.19480234495624293
0.2293629286784693
0.28424433250994696
0.3134519247434445
0.15041048530495338
0.27014235989051094
0.8756847927460879
0.49499269715437244
0.4106094087141293
0.4075854155751849
0.18911269735256453
0.23525987768977097
0.9366454181475898
0.9470306109396508
0.39520600692290997
0.7598630564590297
0.3054639890552845
0.6233652651606448
0.0077992766061866226
0.5952348292438648
0.951733777800274
0.6354226576230962
0.9843060197074417
0.3181417102108862
0.8662227101989343
0.5220349235512711
0.17040523672827357
0.9770640881657564
0.9446636136140896
0.6219791728131362
0.5227758766818988
0.3116532967763511
0.0070747284838937885
0.244081271808417
0.656226647894317
0.5252094885744676
0.5668083793176304
0.39869613449481056
0.612968398131787
0.20109878600769104
0.1282317170313384
0.12204537237709212
0.3329349454189048
0.5664873346668733
0.8192334916377859
0.016247455160782742
0.8839263161532465
0.7003250751407838
0.24680032152965836
0.33626238916967666
0.42835560670543626
0.5319360231842166
0.6112491889004731
0.33342417802867397
0.49960091802200857
0.46480149043344243
0.38340103988812146
0.8738205197319955
0.5456322255183796
0.10810288811167446
0.2678733510414002
0.797284789064785
0.28294394596777905
0.24078826586947855
0.6200552803604196
0.5870862756308245
0.2945205231902075
0.9492956361689392
0.359633447539519
0.7140201662181287
0.9059858880888111
0.13456671163584966
0.40388189003869157
0.3187314143692759
0.7613012852738099
0.04582794471775653
0.8021384660430928
0.14205894133171304
0.06355265277228306
0.5967347724467575
0.062299971831748735
0.736329421009892
0.05689382207719296
0.10964377521066127
0.6103286014102205
0.818228516624993
0.08034130900903103
0.9768316817667153
0.23400005876098928
0.371440089552572
0.14255359594440642
0.3551980616384266
0.6513244645854909
0.36730808160179607
0.32264851380173143
0.20106509869807399
0.7183378131390169
0.26776269337572844
0.13864527629177292
0.0715493501066281
0.1872368845835184
0.2869632943181125
0.1656672851095069
0.8185701104901622
0.6106857699852645
0.367622695961062
0.27920760013095647
0.28166221646373457
0.8348533858218027
0.3484152448464979
0.24858668647669735
0.6927522276008784
0.5499728130020118
0.7832443403233781
0.5128027829611319
0.39879691664082406
0.7881461828428867
0.07260834576031228
0.48884386993640205
0.6606316944242328
0.6529397029602294
0.9628844132539074
0.5249353017113967
0.04108783376127301
0.43548126706523793
0.03725549207977452
0.5806416177438756
0.4303167885019221
0.28327397013868594
0.2556701482726591
0.10366563612462143
0.5702969852880739
0.5324713703707412
0.09472992870883867
0.029021112393624482
0.25092231783790564
0.9494190492119238
0.45444469719669633
0.5329063198738705
0.7674681085922748
0.5478361918634522
0.8225555096597763
0.9581857540424755
0.4496060888964518
0.47824439617626724
0.08057181066955521
0.41864426339461147
0.8636750407968959
0.6746460849905791
0.06923050134277242
0.9002512398354905
0.942724175497596
0.7269720313296038
0.43571715052956206
0.6089251968056469
0.06608091684822259
0.4378086507292004
0.8942263258137594
0.5315949511660605
0.2741524978246168
0.435328369892637
0.5251558420439454
0.2639837055428791
0.3247558730851223
0.026978359134321117
0.5046155797071028
0.5520267263830236
0.02764590683234114
0.31559719829857225
0.19337018194583677
0.5943115226366491
0.963030082046562
0.2520992021119979
0.4416558490338265
0.8012744234929102
0.11483130666716324
0.9845683612473339
0.9898799937431915
0.07546141000650786
0.7354139669633972
0.11842342427720132
