839976
0.6253826381299081
0.27353810103848586
0.5094596373679462
0.6758158746565901
0.13792603236322498
0.26936116996642967
0.5439588476305219
0.3995504712190152
0.7105291830588885
0.6553819858974359
0.20304215899189149
0.6017076930996357
0.36325897940580476
0.27471232548657587
0.1483927466952789
0.019805933609313486
0.9984213222959055
0.16216818457640836
0.834890368992853
0.5081765889316644
0.7209590291754566
0.6166948127925427
0.7353270127209119
0.0553029246066834
0.6806252930863581
0.5731125116945799
0.7761569482164327
0.01050902938980569
0.5332321613536967
0.31925190225662514
0.8888920711104358
0.939344012505524
0.09218042966512974
0.47880562004925364
0.9457353046979335
0.8003969291481859
0.6842306153869793
0.8219602620593035
0.6438588585003825
0.9459555474558751
0.5737338615761387
0.3250859516999447
0.6626778887101047
0.0316431553309946
0.2164589912540723
0.44633370612505785
0.5341874499212539
0.2107751956030095
0.2949616833223181
0.202183688991857
0.07878095713576405
0.29037281449810237
0.18747857495563058
0.2051041012916539
0.7069303095340265
0.21412128424740107
0.24927760225268925
0.4705253570243675
0.05401431482594765
0.3975690561507218
0.883664647171136
0.2955364431093602
0.541542721417245
0.8606663192844576
0.1558804097510108
0.800844172352528
0.13762118638084653
0.7040504052921478
0.8684076976134621
0.2213949102815128
0.18198125590136316
0.7160975368923936
0.14936585207687736
0.09920301185425573
0.11576497607105829
0.4768787355731978
0.18473314225981863
0.00918087929451572
0.13853768357980134
0.6500806288968044
0.19552662178185254
0.5549904674282028
0.5070459145150558
0.8383214355528636
0.11745177676543517
0.604078351135816
0.8873186035241821
0.4580999624982913
0.77826334216037
0.8701009627628814
0.011325228363280204
0.8775309660610774
0.8534498504858489
0.46946125651648685
0.5776899195511979
0.7140720492407979
0.9537074516264733
0.8980066603857259
0.4777431991363077
0.6281731701492811
0.5994542272388996
0.9972393184475344
0.12023241079117963
0.23314064433992454
0.28511748919826796
0.2432411197600748
0.8313895791284522
0.44936354893205077
0.4743873186045431
0.7700633661650618
0.9399657146594917
0.14917724330549376
0.7404614904418138
0.4260953621300929
0.1904316460295158
0.5547158093519795
0.4351706076103653
0.006321138128984938
0.4272264498342667
0.3926802393038499
0.22097873612513785
0.06661885874630491
0.26912907731415125
0.10403947609588815
0.35665628375335967
0.39216646168287084
0.8972142732199735
0.49544377245615945
0.27704635437737557
0.8379217686256202
0.9363281016614496
0.944654207141181
0.5108574480324322
0.4698681967050409
0.1681571997823026
0.5602543489396171
0.34346262972945174
0.6864820267452331
0.6340948389520911
0.7821292338615536
0.605888998619597
0.3772056355962562
0.3083267640763081
0.9558684854836647
0.40955210027693034
0.06743252094552032
0.9537772057086047
0.294308292158282
0.30963910711904596
0.2238798785452284
0.7579335638296827
0.054612987574866434
0.6629799338316835
0.9149594793592362
0.17092800733851155
0.604716974156467
0.4476955304265917
0.3527299165292179
0.07923567233095596
0.941978898670867
0.9015702408456651
0.7382684137541831
0.61776602725703
0.8499165015615625
0.3684351825731159
0.02832614588488247
0.8059562950321417
0.5578730630838119
0.7954132250257206
0.8670728431336913
0.025108292326319726
0.03346136135072619
0.07630824819506621
0.09889353818734026
0.225593536200136
0.6951271185928766
0.6521235947522085
0.4248765242117135
0.5470104374706308
0.768863996532467
0.3877576252458863
0.07942949258728182
0.8436970398119381
0.3045683266881214
0.166626983752992
0.1733782471283276
0.3391069236977875
0.9784754250644336
0.5266303332609075
0.045524703885514994
0.4435942893560906
0.133000967148998
0.02033013011336504
0.15874240646864712
0.8299325277044224
0.381707431908901
0.8475821716110065
0.20316049899574673
0.7108253129944991
0.6197622344869256
0.3771728890134797
0.10633663334310606
0.567798507169779
0.357031469295243
0.07007903734510723
0.020326538911585423
0.9981532406295456
0.9779966045319451
