1213234
0.6732125035205914
0.10637151468236805
0.43608258436882197
0.24937763106603295
0.020356748359870336
0.06411474052137367
0.9482263875779602
0.66184767498508
0.1756659585394853
0.7489372243241728
0.015813582244625257
0.39243946724111023
0.9958885492972206
0.36266446071371916
0.7560784499066747
0.36359250495079376
0.9120721618466647
0.7590648156075331
0.939976569852302
0.05798162476882884
0.6879925851584584
0.45601256921165545
0.056202634816017505
0.8247422559365609
0.9971177837668911
0.4149541043067786
0.7859075410289987
0.17350685955137735
0.07648405573521633
0.2646544585566274
0.03787096057494099
0.6525527179546159
0.6735140677830621
0.6970923184547836
0.7415674377149006
0.847105069127847
0.0030671064043708007
0.35772106100300594
0.16529379637808073
0.22906792891723993
0.5677471905988033
0.30281700996695915
0.965139750156649
0.9923846875270701
0.18988885310356174
0.8445817339751532
0.09142908512870063
0.5319951998128415
0.20604976161980126
0.5805670312718876
0.6057447119371352
0.9130270162873168
0.7093547076851963
0.732917328254873
0.732047929186037
0.9816646332541634
0.21820803589833604
0.16664865337201396
0.02770637727289349
0.19502408924893966
0.738517134648624
0.39315336118220057
0.730607601885996
0.8517752543141336
0.6091099978825011
0.4309883298857653
0.21192006722826862
0.8603828911995676
0.25702775671874845
0.13884382082544466
0.19571194942140735
0.34429786589068834
0.033700720452359834
0.6574558834089328
0.8426561077640619
0.5953248243736378
0.38170875616407274
0.32833512682943267
0.8102549590327831
0.4924191853582416
0.3045718723498938
0.14143374543080833
0.0905667832610143
0.4698437602617288
0.670518650274887
0.37070548185931607
0.6779272394267075
0.3291856515266982
0.8199704008904504
0.0661048730004884
0.10687028379789731
0.1919501966285031
0.785732989951562
0.030153023247955324
0.7336898943328217
0.5150732267151453
0.5822692457931107
0.4635069246671847
0.661760801949718
0.23510131288140212
0.3190561457244607
0.52728977615307
0.9526052625119282
0.9855823781338557
0.2325271727640693
0.09737744398665205
0.9052768509261937
0.5417079504514198
0.8221453481496965
0.567893615963389
0.05116911886278719
0.7434024790551731
0.9692418906870567
0.988315090607247
0.5528440543370295
0.05480267780047621
0.4880804871874306
0.9808614481654504
0.7752253231113803
0.43777747099220443
0.8845863287141544
0.27938124504003614
0.5021747062399675
0.4078329568886898
0.5596363600712219
0.5962146338000919
0.5881401210618775
0.33927708550731417
0.4713041294579753
0.8865028833856815
0.8420827410577683
0.8077115134566039
0.8721211622649916
0.5314555269105408
0.869660268388944
0.7000632307438243
0.36926134067449545
0.6068760290532286
0.6701293967011694
0.9447965050635116
0.5886539359109658
0.8175559188977158
0.6672383067892058
0.4188578348733657
0.5742178113447666
0.3150561515761917
0.09696114402079548
0.18425776891783685
0.3053978484027732
0.2368624278275342
0.6612952220475959
0.6908202694736503
0.7171097014931529
0.2658189261194439
0.035152934801525704
0.18197337816880865
0.7070835964217068
0.6299883801899028
0.3063180482208794
0.7463049299230483
0.9882614873698986
0.9323643048395855
0.9653320703271907
0.5016813749189426
0.2617365456454105
0.6904007696986828
0.7591233345190737
0.6748862089781565
0.30104464989013835
0.392650265022939
0.42833520771634304
0.9700984167503407
0.5716076153457872
0.21026146791366962
0.7172798984581421
0.04003518287018404
0.12475351325168216
0.9083979815202559
0.22332165626757228
0.5979299566596911
0.6016163075240788
0.7998775960826341
0.2786335293382758
0.9225286908647942
0.04410978619970929
0.5542221898799149
0.8655604881379731
0.9245919230774552
0.590499861047489
0.2030325101227618
0.2848134268917255
0.28751609444959525
0.43350203013434974
0.7206135471827609
