1041861
0.5358414692853143
0.9862703626228418
0.45095036643922726
0.24914780287908445
0.5394316780353513
0.6437314032832825
0.047066858713965765
0.9046380749099575
0.3640897906602588
0.14464736807440914
0.3130312193954916
0.9235457016759321
0.35434864544667244
0.7079064845161938
0.9860943902820846
0.19537916936294564
0.7472586980129378
0.22124811771162056
0.9121057383859447
0.34493184757529105
0.9683084567817551
0.3666684021842851
0.7230598646570727
0.3557437389820316
0.8710011900282674
0.9515837883969632
0.8808860126174448
0.3341897397274016
0.33134872282802963
0.8152454944874691
0.7214389528426371
0.3924425543974748
0.20793978302524496
0.22414770777365234
0.7790378361392732
0.5088109446207514
0.7956103568923576
0.05315432754483085
0.7580029614138617
0.8716623732270077
0.13325192937360997
0.9178120036617405
0.298022978306443
0.03525936734371937
0.7551444931657296
0.564055413887848
0.9846791582113341
0.7765311426375943
0.7159348543139848
0.5072831624162131
0.9256577046149715
0.8199611489873685
0.41402981399075167
0.09573131967696014
0.2600708284454827
0.3644163308372257
0.29390674161060804
0.014414080039582333
0.2589934123209001
0.4893738486446294
0.904354399692727
0.6081474158862655
0.5306290310354621
0.06549278948916626
0.6006401667072788
0.8646832696918414
0.1941008341800381
0.9080161151842089
0.591129494058634
0.8226706225448848
0.4031617906777355
0.08215632266386785
0.612578790300914
0.08570613905900826
0.48577846977298067
0.37301893373833683
0.3304004846736366
0.767526222519355
0.5798067345540553
0.3916440033326214
0.11989839290072135
0.9531737313826332
0.52448281735704
0.4170650903359908
0.37911751111730096
0.33081541497470823
0.5179185386651474
0.3456474055767542
0.7480187524240566
0.4173412576596295
0.823890282377795
0.8266606379956553
0.5210856036094177
0.6902178517972511
0.7642239407959199
0.41305265333147245
0.3224951154331548
0.9527052853823152
0.7873915421280113
0.1959156127903785
0.025578289809785937
0.715505174535231
0.18626084066548654
0.6041374899760478
0.42123700393664043
0.8694524584495626
0.3914987323090411
0.5894744668980041
0.40586438286754667
0.8081389148990871
0.3826585700961528
0.9587926754535424
0.7795660165060458
0.613033461102303
0.7982097572365675
0.4198642411953821
0.7001397951157141
0.46431996915791396
0.8747521939915477
0.8221616388148338
0.5001891291295344
0.12832947303115327
0.16911284852064656
0.43956225571368535
0.8162729881469306
0.3483048439297872
0.6808272651162954
0.1803410202391711
0.8894265469152202
0.5920501395925281
0.1630701583833667
0.9151878183973179
0.7496473761949064
0.8343969433887296
0.40151577832379315
0.3525173173686871
0.11997287707035753
0.6498728819653701
0.7514828629010522
0.21998441710186
0.4015417654870548
0.2267198829646001
0.855570743598654
0.7112024925703854
0.5193826789395329
0.6034016471825586
0.11299153000987727
0.5324094881078356
0.327116972163204
0.22867915338705436
0.5890054134620317
0.5769658336113078
0.7582499404747673
0.9654787333436593
0.6857845943980365
0.6234726426354751
0.26865291508293065
0.7048959572259021
0.5992787763047485
0.9795174149631508
0.37224010043823696
0.6211209566286674
0.1804985783867613
0.9173537384424806
0.11860183352037545
0.9869217618294625
0.8159952758612009
0.4428949294037712
0.5068765166675357
0.9921050637403086
0.28358002639233626
0.13796994363521287
0.8619345909172337
0.728017626297316
0.667851596653582
0.7230168115175498
0.4907442366514766
0.8588881565437037
0.764778171788771
0.38679475668217855
0.1341615542782214
0.5139913525226153
0.9036415882732679
0.9030896104290937
0.5778872444665601
0.16795437231428567
0.11685765213028976
0.47028608219644064
0.7730122741361641
0.792002744747428
0.20342251622320406
0.7089432657036803
0.08709690868504005
0.9365667763246533
