945386
0.2671749826237375
0.21728417949158907
0.6779193442900475
0.8844702888978156
0.952967416172911
0.45664689555605065
0.357097951721998
0.8441877512851065
0.46906722892837416
0.10677908517203738
0.48500385803308566
0.9869813907547271
0.24580982614975255
0.6461836034526603
0.5761317412984174
0.9648641696198663
0.7305319421807065
0.3662776011253619
0.11691624028658787
0.37281656463898816
0.3016427550757673
0.4160619566349847
0.35531474514871597
0.47852334325437096
0.529062961720964
0.44979885719743296
0.2896072793896177
0.9895937645051733
0.9233663740624015
0.5385345952185373
0.46534279907545073
0.9722125719315354
0.9543178262160916
0.34322587068566635
0.736554387115377
0.18221596942627205
0.9867779690383043
0.6743746387028969
0.10310318616305603
0.016075264226170782
0.2400415642903857
0.012676821262372573
0.7038383675761009
0.3862431291273126
0.8890299277764182
0.09930934872390018
0.4805576420060126
0.9219628337187727
0.1305369870273948
0.35950708994962177
0.34975160996137666
0.6614505017681689
0.3254774216934041
0.7802153816408149
0.9293530750598618
0.5663456422880612
0.26874343147102475
0.9250741297278934
0.30180437488771916
0.43103050026661593
0.04703934093883366
0.10837091892735629
0.05324576878711684
0.09756645602529324
0.6081851346167791
0.007982696521654953
0.1012945600332893
0.07417218090464195
0.7179484827582383
0.16939767474588674
0.49750838410002085
0.8839378048153416
0.6632568709740627
0.37010762217501825
0.4190596597298841
0.40676127431446885
0.48395134703340315
0.07490965992057563
0.3337215645810706
0.8291025420997981
0.8380070318252132
0.8879872788127147
0.9826215740662545
0.8610298028159156
0.8642976318009542
0.653341300215067
0.30675872136765125
0.240871628059386
0.5949673094465985
0.10072094363955386
0.3615613369121088
0.04928284978605613
0.23137621214677506
0.9997985311631397
0.03195825966365262
0.17862273619911928
0.2245433155333285
0.8695917617403196
0.6375992080159656
0.13902202132677088
0.6326857836066502
0.3182495727705954
0.2623566115292576
0.524884787523745
0.38119403875607794
0.2619048160559373
0.23306502191359535
0.9330872857235621
0.058390986982873594
0.7161247375640873
0.2519940121138867
0.6632525823380482
0.5458941995459433
0.3050411453567611
0.21485514090542945
0.7636631840355905
0.7532034107775001
0.7132818062732144
0.4039020028746413
0.7074079620606617
0.9030644175092546
0.07999090202547099
0.9453989838621234
0.8487756113184003
0.5027201882431704
0.29383157804877125
0.24417057180606572
0.09223635132327979
0.8829357712660507
0.013809864008515804
0.509466995917693
0.6885846294466752
0.6019422465000103
0.9791532918883341
0.6599890154531908
0.22344915466306436
0.5056172110038907
0.9439376871702283
0.3567338216764687
0.048711742416348236
0.8253014000430808
0.24577943831164228
0.5643522229737803
0.17481206282630335
0.40540201177490776
0.48125327325037903
0.21348715998924372
0.5340127230395711
0.9252464360030092
0.20989404004747947
0.7240828722334982
0.23871209702586416
0.950402711411285
0.9822508215443114
0.7275621911153398
0.6006453941342562
0.8605794184929678
0.04858596193918563
0.9035122742934829
0.5036070492709714
0.22060875842856587
0.17149347945322357
0.3045036869974761
0.6376409809439089
0.9770919295509187
0.45561804734236244
0.37415872083880997
0.8730658242481768
0.9129696736228229
0.7530648661109894
0.25465904773559667
0.6680173370099003
0.34709354906947265
0.4067822577371344
0.21391571091542338
0.16241734374610883
0.35042874083264575
0.6273490371502894
0.4088910565835747
0.5668410394738466
0.05862524066941277
0.9182426928204169
0.5565090795612788
0.8447573266654107
0.8681138199416611
0.6588179694535431
0.20070904650488208
0.981324791023223
0.2046317029176804
0.9483700615402808
0.2861370339198329
0.2555502069103872
0.06935518134642704
0.11206416986415257
0.4168812764109401
0.6988628438638702
0.8688149607405852
0.21177868101931552
0.24337177464846016
0.5639844520401235
0.058907238880032686
0.6937151238871558
0.07448127612061195
0.919566760872824
0.30475851114150554
0.969711629820494
0.13766106305206383
0.120343044472081
0.8572954702110468
0.18375670603289296
0.2965303418765701
0.4022757457799969
0.5095667207560127
0.8425947066826617
