653573
0.6759648870529457
0.6246754653648758
0.3956663278815624
0.985869705668205
0.8239178861872358
0.7494544823048107
0.11143439390969778
0.4221205298918922
0.2897889366750478
0.07867262356565607
0.645251899280182
0.20039968563519994
0.5655646476453732
0.7022736357633085
0.7084415706811895
0.8656539998399261
0.41494154527797633
0.8108746068327491
0.878450343643444
0.250098394103456
0.626607147060215
0.9805011884257837
0.5789810304798105
0.20886397137715107
0.8070033944384603
0.3330617871833931
0.9947691139043976
0.6543361626105434
0.9303331166392
0.2045948516637769
0.5590235055607568
0.8555232249630995
0.712340246185044
0.3455127589311974
0.7164895559200727
0.5273916585051364
0.192045296894931
0.6698013317295861
0.6362477904377302
0.557245788689761
0.12489858812035703
0.5389537464420014
0.1830474768580891
0.8598526453763958
0.47280886049025417
0.44708492899086916
0.3263555665735761
0.17976174061578998
0.21653319683026373
0.4289715900072315
0.017152839502888373
0.332157954493004
0.9701443206245389
0.49898765883313234
0.16853402997781608
0.9697373148411613
0.9773985327016097
0.6387457254047494
0.35040070573054605
0.9242837401047077
0.5116944831406474
0.9273879890047761
0.5072608251432194
0.0698228490303564
0.6014349930809694
0.34072943208961337
0.7802490772861591
0.37508022702484056
0.09026940208030132
0.4456798800974435
0.543447532473577
0.9391861520714302
0.2878924241848898
0.5471326281428154
0.6177606036587127
0.8687192594062657
0.5743045513183851
0.6818592773867725
0.28104113118003315
0.20463466690428034
0.21528719889307657
0.20021399448264077
0.3774743650343746
0.8516566472460433
0.884999790267755
0.3707958718685962
0.16230812554683594
0.9565798886726825
0.8844205764072859
0.6673860543592535
0.3771282965618117
0.6373019208515718
0.48548781400701957
0.2707376095657992
0.3621851732860303
0.7331986551193099
0.8088884181494878
0.08020676506007574
0.564393195106137
0.8809003663721541
0.41242854599123513
0.2984087629701385
0.40651299478293623
0.9020513334357397
0.88414635271336
0.4746104858051122
0.48969831818370946
0.7969786624159351
0.06001446255887544
0.835104418776926
0.2802266823410833
0.9239167283492214
0.23521211029715394
0.45017301842198654
0.36166473375851627
0.9805448140331393
0.4218750919522407
0.20403775918915068
0.18274114242471506
0.25249277704365214
0.6218036784702735
0.031151033031069808
0.4986284380592467
0.9134749288874796
0.22531208591212826
0.6132446935103979
0.2434583987560185
0.28865779332971886
0.12280515806051773
0.045202538228254485
0.5417735453732356
0.47004575441385565
0.6751125115272187
0.5851263592646714
0.5528928833528969
0.6298407641459283
0.4511747910856535
0.919876447952327
0.8487426679213237
0.9698027676311125
0.21885306597639687
0.14342407734867957
0.11231882824783057
0.7587936740820901
0.25160423603767124
0.8396064168790677
0.5655868383597092
0.8428225664638107
0.7270387610771349
0.1175445014339086
0.06606323103701273
0.7922757162450187
0.5063690223932586
0.3920120926465216
0.15680853588125143
0.5515126856188687
0.16921168468052017
0.6991452781622631
0.5355017663936731
0.32399716068604745
0.35079644291754997
0.17294625746642
0.7842211918613842
0.42831386864425636
0.03039596804523559
0.2550168009329077
0.027821310322466042
0.25221262123665056
0.4983002295941331
0.2722779798745172
0.6034719799378376
0.45618032025776556
0.35791248662532893
0.6919701031603458
0.47561579367199214
0.49505745882134233
0.18139654346557244
0.4041274522260472
0.5235130030296754
0.3078331330557924
0.36361408843355236
0.7931861346711981
0.40504273044215344
0.4852848489425945
0.062355206767776505
0.4771366329740505
0.12286414249261746
0.2674923537996401
0.6161075033654777
0.6288534157069009
0.252153534249156
0.9880548626558289
0.45394635408187456
0.7466111292663496
