941393
0.41313269433710065
0.2002857446272407
0.12253715624861095
0.8283510317563576
0.47968781818631756
0.2998148525666571
0.7091717292558458
0.019206471456733154
0.2978416746521866
0.06941937947884247
0.5578319673751543
0.2328200006217197
0.16513187813963237
0.9834982288911528
0.3692692124989728
0.773190036715039
0.6699783066473232
0.7911056481966334
0.41976588838597606
0.04192977644416607
0.9411867668896671
0.7829194293009268
0.5429675505886026
0.2541204633266334
0.8941067143704575
0.4518556044135783
0.10486559363329451
0.9008098623309218
0.3640405921987455
0.21302805992714136
0.1393014865083767
0.593853097146262
0.9950248961896979
0.6260977541161462
0.7950345935399542
0.8068761435346107
0.6087575210796846
0.8907323433321055
0.6781988955108251
0.5977081335030113
0.8466843111167693
0.2891021283042682
0.7458318155466768
0.6092269069066124
0.4470466021753594
0.8251516578180949
0.43227899673864556
0.48204872563134316
0.6104138901569046
0.7048992459913415
0.9113484933543876
0.10405049316581383
0.8155104681651066
0.10752653156717029
0.39261595224385404
0.4066538693709403
0.39683856746970114
0.04253556418607218
0.06399041090363466
0.03184859940902929
0.9357700597163489
0.9970842500398861
0.2788286496408814
0.8187094692310033
0.7592578739839486
0.9546069746503492
0.34177339150836095
0.5707073278465276
0.2767885034676748
0.8712048694252815
0.12308017801647542
0.4563603849621818
0.652111610463215
0.6597891521069288
0.57490548249299
0.26720080147877845
0.8860408613919716
0.0841421918507177
0.3792005524205979
0.18381460485108503
0.8651469571215108
0.5491076468874598
0.5937970174399725
0.5618716995605919
0.41712366616755203
0.10457496883591322
0.15543297007526458
0.98270765131955
0.053371871783361224
0.44743853691097757
0.7115016083706318
0.0980493458805004
0.3946528278674155
0.8574073398878176
0.8037048544926674
0.04716940808840242
0.9249788247560965
0.772132553819788
0.4622153894293972
0.18443558658390136
0.031813636786838795
0.06379520169917496
0.5843967016598383
0.9035724070049329
0.6367798741638132
0.28405558507129125
0.36857316722415057
0.5781465262072534
0.7856157796349555
0.15587844152184227
0.1107731112306295
0.9666885691538093
0.6012521729994059
0.5485369469881762
0.8088172904884554
0.9729601131284413
0.09362324289289059
0.6069607211178697
0.2869936464166457
0.3616299929187322
0.60100587807591
0.22118552175255912
0.5880674484691482
0.008402251906021063
0.4384342050934691
0.4962289093249187
0.18835458622826873
0.629094552559417
0.6154573023171281
0.47519833600307515
0.2025953105123126
0.40040136896843126
0.2949067507414471
0.3062524807127872
0.4954838960639715
0.3042382956945876
0.5350644272866422
0.1905441012064606
0.25362424337752687
0.3639188584359876
0.6093334364143219
0.1402691807945774
0.7804491855947969
0.33526280691666055
0.14545871165421442
0.3768739412827452
0.15937593835570407
0.2591297105686263
0.3421110691456648
0.7183890210038386
0.08073701943824607
0.766105256155926
0.21689803973325772
0.3006075007396134
0.881407041494531
0.9510455821081527
0.23090444091562734
0.06082206367494836
0.6537499480574148
0.8231358972263533
0.9747423657182996
0.6413991157781798
0.5612011538190957
0.8271751526821061
0.7643584625618213
0.42260779279464833
0.9158300347549717
0.7251738734751464
0.5091477071931817
0.972890742760923
0.4798350497262496
0.12471660213300095
0.08767987972845415
0.5940118648524905
0.07254547971886993
0.6287104796761863
0.015953217300828992
0.2262334528107952
0.07457652358550304
0.17390538224708185
0.5366966179617239
0.258038143042583
0.9571349057975218
0.7661822807171169
0.07651001679118064
0.590764173387172
0.6120197664393037
0.273957013562543
0.17560132113294846
0.5633593738431053
0.7775658646544846
0.08204743048174679
0.13817933919717373
0.2065363895104928
0.914812975063606
0.5599129457703979
0.11160761580353806
0.9102757821176032
0.7594988282703482
0.06719324977219465
0.08746546587688042
0.30981994055198825
0.8116910683724519
0.6455312865446162
0.09033727274280479
0.5044159881398561
0.41615599271295767
0.08559110109290302
0.9011713071864202
0.3925051988224021
0.967592884132093
0.24016370950307298
0.6708884787895764
