1767492
0.9565978802175021
0.7954200241797778
0.4048962697193562
0.05303922250252313
0.03398117450006033
0.14099792607959316
0.946079007740556
0.24802768956956378
0.9706485262005335
0.9272169578275995
0.5693443429356737
0.16773753205262032
0.7591468123047095
0.7514336826477658
0.900175643363524
0.8520475827265577
0.09228269321294458
0.05648769862745395
0.8331088530792641
0.5844081811093021
0.8681830073523882
0.8548996103742578
0.9658749949592423
0.5668620019086676
0.48434677255560177
0.8372786129049861
0.9309023612666903
0.518051509628549
0.047885079000078545
0.3459720390985389
0.35882653879528537
0.129502802256503
0.09028000651518275
0.012587028520301136
0.24013198045221296
0.6952365630144369
0.43710382628837097
0.08576858635756013
0.017275207819645533
0.9987848518698939
0.019441954784305215
0.38813408374344693
0.03310933867105248
0.048968757502990345
0.3190275198070972
0.7175653200482702
0.4158556860072933
0.14688378238871724
0.34333271948658917
0.20021644743869293
0.04813487980228581
0.9497909734400778
0.8643121398301612
0.14624395316011474
0.3719117670353158
0.6330675369351292
0.5644467938610983
0.8294170430564539
0.009457345826239805
0.046774860451742506
0.9171417499428516
0.8939606260926892
0.07464609400678823
0.5987525693575874
0.7967619946228359
0.9229992456248702
0.4124194532676917
0.48687972560385306
0.8283115399899684
0.46806045767788684
0.8434497534726204
0.21738041264751518
0.874033641651452
0.6305950491422223
0.9278425411935156
0.2448093279285084
0.14004457004764392
0.177965101678784
0.5461963472410633
0.5530664109554476
0.5973156318541651
0.04461460785194915
0.28790724685200475
0.08088466053573329
0.6909732647251592
0.11208701361252837
0.10335247054896424
0.9378019817589688
0.0343932929245353
0.8054124192959217
0.23163606234930634
0.4162936247753646
0.8885420815955459
0.5381997845898719
0.18187559002558185
0.14726614762675416
0.8219373558284663
0.480800399776117
0.005750984782582624
0.8068471568770615
0.3700339154194179
0.4625886242431001
0.3726853130120755
0.020303246139038778
0.9506742822806021
0.9230597564181571
0.25177071620128955
0.7632091564085202
0.13147827499563325
0.8371936240359193
0.048350453371860835
0.9829169158399674
0.6326557834561729
0.14892130383420776
0.8619251957404918
0.4566720228364721
0.009888900311268323
0.8613615280438652
0.5750772201651325
0.5522101696069528
0.18333445246344282
0.32191084640604395
0.5961553139457434
0.30016289892298376
0.8409033272307915
0.2713509518264985
0.2192343572440657
0.869193451295349
0.8121011097420247
0.3445442428042911
0.6462279897856964
0.48048653593509516
0.18624060134594667
0.044862347352833565
0.7351264063034445
0.8023213172099775
0.7186629182670995
0.23742817698925534
0.42146220461648665
0.33741633517789704
0.22675466517049836
0.9394173323778011
0.058689112284735834
0.7448451006470006
0.6981303110502023
0.15201210931012865
0.39947633560386686
0.5709623676295262
0.42422418791594874
0.8786876972959742
0.3887335484494323
0.9665127285194735
0.6511196758146849
0.8125915898534358
0.8560840505328744
0.3654795103670855
0.13333871251126728
0.6525984807212916
0.4025810251210449
0.12559409226066964
0.5666736929554761
0.6108525063852324
0.3828693381533933
0.7985347996227115
0.9802858213811214
0.34498917950466157
0.6836442048817016
0.46631395355138716
0.9965464183130971
0.6191059611511273
0.2489092006465985
0.3310246255986572
0.617835992804552
0.37043071881372525
0.484930026022789
0.3233720494088249
0.9116138532026786
0.5322598329044484
0.4353809724137385
0.24681542869619955
0.5991813120120255
0.4975464225547833
0.25717324587810464
0.48566001393383784
0.12247441411612714
0.16311155837025615
0.12403269812786466
0.1927948311517067
0.3414594294950274
0.3967284067665906
0.45993231994029904
0.07538390898416059
0.5785163201227919
0.1865118164308308
0.7112362269029306
0.41337006388942144
0.9153004082444897
0.9061963699224024
0.24795475916859977
0.22956352769361243
0.04681512575429736
0.034241053564623924
0.0702626887244554
0.9999440069533582
0.41747227337838333
