874128
0.9384715885165357
0.8425148315471311
0.11872792258972509
0.9385197945599256
0.6268743188575588
0.16902410295878356
0.0875343562178712
0.793651155461563
0.8675790448580869
0.38289504662243545
0.5895632050720263
0.5080766344950808
0.4710845029949301
0.19325243767529665
0.24083973339888287
0.5637534270185877
0.5324255320777421
0.41201761847379315
0.016734622081707284
0.9101925898745264
0.277131935169718
0.36498842975344936
0.23022572189143553
0.29384348601108956
0.5217688677604548
0.6201507290840608
0.2622670004262496
0.06747484834883166
0.10227649044883469
0.36187975336148936
0.8073550985642707
0.0018455636954511911
0.9351422221512318
0.6104930888233938
0.33688522634182694
0.7445805821199956
0.07338089316904695
0.27977061199422193
0.5053065082871688
0.7861025879850135
0.9991368458345297
0.7777278732988128
0.09684544428571584
0.8726279138146986
0.46573145159106344
0.5507766248150524
0.23057204912234952
0.12017528706434843
0.9622619603139692
0.27497705437287556
0.20330212392357827
0.6310028100017581
0.6776360916837368
0.0423223630160845
0.1300664962169078
0.28848026261529924
0.5645527460522894
0.23881451424141908
0.944460446787068
0.8159021152202595
0.19102864535068154
0.8761086395154287
0.7558551429462717
0.7094314997583767
0.04661574994069839
0.3224210761355828
0.3688753772922716
0.9559006906039116
0.8684098942677869
0.9188898728432998
0.8002155556878393
0.48194128411928927
0.6928411871259762
0.9522023251665862
0.7120987170240373
0.40201962438925865
0.6343473778429358
0.5590521358121988
0.9657597581496978
0.586433016328861
0.3691392496337824
0.47700143485897184
0.672891457794322
0.36302874958725295
0.9510482488395965
0.4983712920575838
0.141146438218538
0.0922225513675139
0.6540480834084805
0.38515814865585296
0.7504389044018566
0.22221975172165997
0.43988674658374904
0.16494808260499794
0.3654161876632961
0.07162462863631491
0.9366649595863733
0.5872440219144418
0.025327634845804026
0.1413501387845566
0.013620677101329526
0.9658644174829712
0.5142955081107826
0.3674175434556435
0.1136384076766177
0.5077835363813241
0.7509780893192247
0.4198451187920156
0.6993007018958267
0.6061537135714778
0.9891532947788338
0.07459327970488439
0.9386577783541961
0.31565247727068513
0.3865540782400919
0.3989139417888151
0.9346421471385365
0.6217049856904906
0.02131342384020596
0.29569230658843837
0.2157828789297499
0.7917849169021303
0.15397207268019975
0.004568970690439711
0.2379983068058853
0.7334706620141039
0.339772364081798
0.7213573410505014
0.3417813468920542
0.9766511030693278
0.4529845392696632
0.6360336498527404
0.39139875351667575
0.11275492621791838
0.40461421906980666
0.11186207304836349
0.8370256813512004
0.004999317690755678
0.5558964043413674
0.9376246708689526
0.6249765690733114
0.24155188214764334
0.8287032878191165
0.35558593277869
0.8158592717432215
0.2109443991737182
0.4285022199102815
0.7599895972112717
0.9935810676166602
0.025336349547813386
0.7112793512526406
0.30922636072036047
0.5349420934903691
0.4941466655822573
0.014847557103085718
0.740047362360056
0.6139886969116273
0.9549676353717723
0.15847223220962037
0.6255331925716199
0.8180153145643734
0.22544261424048617
0.5799322530320071
0.9786683206803353
0.898770758223317
0.412571966978477
0.2202809747010177
0.6143150398520153
0.4185555064781905
0.2713433887667793
0.09456173421891689
0.4838467860448463
0.056659956583057225
0.27945327740015846
0.3693188758946555
0.7827342184159074
0.7080103935885654
0.24780193468646294
0.32065097377159146
0.17076236717346793
0.540848844704788
0.1166801286572623
0.9040290323989122
0.09431740845382608
0.5079956122697892
0.5884134833431847
0.48358610194486684
0.06298319502402316
0.8586687754819521
