800909
0.9536349671814149
0.5130286544147589
0.6782025048963413
0.39359849787644385
0.7381604529814366
0.7672096610931618
0.294763648737008
0.4891988043939629
0.06466664430934765
0.7843045946826013
0.6289200325647865
0.028100219558927386
0.6593154628039349
0.23140369585346066
0.41966024076712183
0.01394749235650794
0.785515387975175
0.7872998132709826
0.07288587296768989
0.7304537760603959
0.7447141729820235
0.1789069787988139
0.48499039135603494
0.48877490263751067
0.7849756328373322
0.9239239851638005
0.9142952714494906
0.20649021645446397
0.08891445395630582
0.5994236512526498
0.37385275827091846
0.5486945764107802
0.4605352618042656
0.1877716599443311
0.3685301879073952
0.719708410745999
0.06527217149593167
0.3239307408510307
0.2519852294206
0.354882677976021
0.8015646721619575
0.6528939482294054
0.19326151265748126
0.7586626098645418
0.5620094015898336
0.1194599937647618
0.07879862516665082
0.43600448136356074
0.41484079050989753
0.9122172911841605
0.2737944545477419
0.7143713171910611
0.40436932105487877
0.5205842400414673
0.3475748351080994
0.523027362995551
0.4331540138803106
0.8038735324615803
0.036214311952035505
0.2586765558503493
0.037960271459324235
0.7591858794788783
0.9204778493761538
0.7900745574022188
0.9922287677769982
0.4739541519151317
0.44384614268978395
0.9443796916924032
0.08089032861483492
0.9127626072012928
0.37849733788654083
0.026767812559329696
0.3916568327683243
0.5019702611019291
0.9731436688282479
0.8367644024488978
0.385118720544794
0.08952956714522764
0.9542700095156957
0.19268354751658823
0.5535078214699528
0.12698003588592677
0.32070676784936814
0.48790211990621757
0.6170374645840104
0.45488278297448337
0.5718728914038841
0.04822460371834525
0.28604937285177334
0.538888044082445
0.9267256219935719
0.9857597077293119
0.8959710237897126
0.482080263675001
0.3377583216131771
0.45038934606097836
0.43937794395667396
0.3172105431706018
0.17682356700628843
0.2087996004943956
0.2148678542808522
0.5331000132269649
0.8896614972054802
0.29741064708305764
0.0696030707088231
0.07254285922609893
0.08253758850587978
0.6894645639048318
0.47551637908489697
0.44987467146421545
0.3163579673198794
0.14339881473320948
0.25308023144876735
0.6364115883989594
0.4724824252204457
0.2517147863037431
0.1764732256333409
0.8792361231609044
0.3239059704576711
0.9009718329612972
0.1896493254242676
0.7792020893069724
0.033972477753522745
0.3555889953711552
0.045559747581874865
0.8631127009992552
0.5977257877205818
0.8919234031799607
0.9103531944741178
0.09013004881658027
0.27494205401866645
0.6207049607701578
0.8836370040052058
0.2727196777436779
0.9714437816453152
0.7949741751112489
0.2583507380793464
0.9715933217561268
0.4540522504061245
0.9611901363930001
0.4857235126102525
0.24235665549398122
0.39323931375974874
0.48158762157509283
0.12491849076889872
0.926685893238749
0.9482760948348473
0.6920451404358473
0.3825176743248926
0.9546467022039472
0.9482469923078672
0.902754344969435
0.892545592787684
0.6878174720947464
0.7049816620109767
0.4516694759688058
0.8062690586960899
0.1707320345604153
0.06960585373322925
0.052380012427253986
0.7898805002512382
0.912639413085101
0.8683167364074115
0.5961748031757793
0.05983108720925023
0.29458402856735366
0.37957973380981636
0.32021266100431534
0.22167870067602546
0.6652830927267341
0.8324548224269125
0.542863301606533
0.710514997004074
0.6715019336173335
0.46766857600038025
0.3499675209652545
0.46494614101155385
0.24915633430336181
0.8821621107690705
0.4554822868624341
0.634584370570531
0.5379922095526714
0.8846403013960515
0.27393466280523404
0.7329076829847381
0.48269013414283635
0.6110765051434719
0.36451795742826865
0.6443485461604095
0.6325268181983882
0.32691156524264453
0.4804185176857553
0.6000906570889982
0.37330103544216187
0.24747644307892103
0.3397189397931899
0.07601858407847817
0.45499947147579933
0.3828428885581804
0.7759684037965582
0.3445097692048764
0.6719671094114311
0.6853575960299425
