708495
0.42544322450743677
0.30033717563475015
0.5396074728708036
0.5472782021132756
0.8772680326258852
0.18217005019609067
0.6023944294809831
0.09753663160775139
0.1388345580112027
0.8535688472881416
0.18046191214880514
0.801401924950738
0.17477520904664745
0.8317678455044855
0.8940499168296128
0.6943215875277193
0.5478021092859815
0.726135353437756
0.3749606307682578
0.2411441056172271
0.34472839905176733
0.3351638271940294
0.7558176771450491
0.9759900827658179
0.9968322222806999
0.7697846581893751
0.16160184049621384
0.37499392725923064
0.24559891270018486
0.4613788718141141
0.5577965804648756
0.995081614241941
0.8390519055370868
0.5660771546317805
0.9404288001049658
0.00884788043375262
0.42829689515469027
0.2227095167630878
0.45746767902440566
0.2027279957311645
0.8118928067537639
0.4731603804117923
0.28769717627840363
0.8754527691398644
0.35368468913399587
0.21210474989018802
0.6786739889420278
0.5883917164346278
0.2920525443165858
0.5543829860827252
0.7463017850330776
0.7847237554384091
0.7992355269648536
0.25172718002752026
0.008021910862319737
0.5788640779305412
0.6025057711819024
0.9274980508128283
0.19842616727091444
0.10182373379510856
0.3504867992414672
0.4607083628885742
0.9927418051281444
0.04838044154379295
0.004013612171186565
0.4607026198598225
0.48989507221064676
0.433203969503981
0.25625128792420815
0.5144740105091588
0.24790010833359222
0.3313130716205792
0.025995505118191042
0.6392818328199874
0.8323398960247119
0.14960020805831498
0.49615787526502597
0.8599181986680587
0.643742861397222
0.15392246016556888
0.5503999264362277
0.3663641539298439
0.027843040876409653
0.9244130494477736
0.3994491312704347
0.132490023141713
0.4008471508592363
0.26976838517559576
0.48063943495912154
0.3857332269085004
0.05958641948403831
0.06430520809369433
0.3007976378501378
0.14940815068998003
0.3639883112415063
0.269179341377346
0.2569055330829032
0.8576971336286381
0.45085612395621866
0.9247279927714819
0.38566030341467683
0.2506144534778245
0.4128433608568056
0.2163112413782432
0.7800842317519979
0.3807155599505846
0.5441915418035959
0.17005446162245963
0.6234638519436697
0.3407515124300581
0.42894458316459716
0.8589861961531418
0.7050111186538096
0.4196626180729597
0.7928072026097994
0.3069209352292347
0.07318418240128644
0.5228383742477997
0.028641566825000853
0.019713435861220097
0.5983388146474848
0.40968881530921153
0.048738054020712074
0.17698466202701368
0.17259694896163602
0.7763873257600655
0.5809413748913018
0.2293580275774475
0.2783359155168781
0.19767102118685687
0.7070909383928298
0.5272159013028721
0.22216743368497416
0.9919891686218177
0.5259239916471191
0.10735378643923843
0.8906434529661414
0.20410092221714582
0.7467649446479413
0.40086991175048703
0.39058688933096386
0.5569499045223768
0.8824876956332633
0.14817013223194786
0.448800694412798
0.5936984803464325
0.6783153767636221
0.34467066837397997
0.5646985847247522
0.11928187481741293
0.4705915833431217
0.3634426601243925
0.24809090089592434
0.047871368104436374
0.49844247692863164
0.6743044856143462
0.9296557795480962
0.5040173482413334
0.11279883794967427
0.9794103910032842
0.24581893962701096
0.8908312329130744
0.4876948345871672
0.39988392957030516
0.561172476693717
0.22128309801743862
0.016034933614380353
0.6374547253987493
0.5641375843886498
0.9071820525438343
0.4154685308357555
0.2576775504858343
0.7458333397856276
0.7058519329055153
0.8477175184940963
0.6894292677707262
0.9936113820197116
0.2869338630759689
0.0024244607827752507
0.29906902750293674
0.9078840420142953
0.7672812173264881
0.3370049040994074
0.3496555362805984
0.6165433417530641
0.8314974184574911
0.5021008119184128
0.9075504701250491
0.5116686429221657
0.36273481453961287
0.5782018628845026
0.9674512458784756
0.21889617468635558
0.13111274420474794
0.7086357285225998
0.36153150547440505
0.8962968046073441
0.9464215625906696
0.7099519856862114
0.590764004211104
0.36013710870388593
0.8050733055746118
0.5820983254554275
0.042313682920191886
0.07196115512586898
0.33410172139331196
0.937711884538876
