1167853
0.608744427912049
0.7464178759887589
0.9272000896644907
0.8320996476765495
0.7149485592101554
0.08679230841389907
0.2016741787603159
0.5958760886761919
0.7138427339172915
0.13851765346991685
0.26720534399722284
0.2721013007837203
0.6650249591731393
0.047531912713682845
0.7977728779381941
0.3020074372285717
0.12381601800361486
0.3925887379661104
0.25250589707727333
0.7657585599395137
0.9100574325332945
0.7239735906345999
0.35377311195299144
0.9442544190597398
0.6110563443555317
0.927499570017361
0.5484324027278251
0.05975365419168488
0.11115982092451071
0.7607616844063249
0.5244676272893659
0.7427082647572636
0.409523167955289
0.48238435892684894
0.7834500532423107
0.18873740649905224
0.9360034453876224
0.6350503618720769
0.9968678441908676
0.32072048698839495
0.27161348133823005
0.5464513136748118
0.2041778320165465
0.10917676472699889
0.5139452858913046
0.8776066929546322
0.009387197632731215
0.9158276602443229
0.8869382992679778
0.05304374262274025
0.7381366338859143
0.13039130193213555
0.6658301197858908
0.6488201965252098
0.9086411458280595
0.9579027797166322
0.8132048294210112
0.3621199046421395
0.5785268618255848
0.1521070328382964
0.6782552844891828
0.8328184466604842
0.1614826919818233
0.16376510426337054
0.4302711028639373
0.6233065631360251
0.9067741355474215
0.6377236306336077
0.11171742469280799
0.11672111073507474
0.428901753171846
0.804274566477639
0.009382637864287835
0.2553652838289644
0.4927276457818991
0.4129730074873347
0.205555054162463
0.6185772703655983
0.3397846224965714
0.90471544875812
0.45423205849850745
0.9384151483387897
0.1240694270930911
0.9980460835229251
0.10238711152833446
0.6946684177841753
0.2667416110683938
0.5030128009552247
0.6779925913811583
0.23140545022966508
0.46761597915728415
0.911080759812037
0.795273462616651
0.9093942897477254
0.15496350538228243
0.95663624271094
0.9165695438506921
0.6070282915583627
0.7534173516487417
0.2934983064490534
0.725854858797961
0.523271292485828
0.8422736800926179
0.9185041320283327
0.3825943231500919
0.8232378637567038
0.7111140684945999
0.3408071857962637
0.07901088177297189
0.9871094227909549
0.7335553217006385
0.3874954819873695
0.7000565495213349
0.3856380146044971
0.9024163761842724
0.6682550910736824
0.5744274805346097
0.044457851093492096
0.7816364045056179
0.9355471005266845
0.1974398866126592
0.48056954921757766
0.6413555710319924
0.7956061790734021
0.4820877465135335
0.3301384788077668
0.5527733785503471
0.4256826964327812
0.32880582935741554
0.5556183491375009
0.7769534029456181
0.8096930069233793
0.32103648009674624
0.6625378560915843
0.059999843023771704
0.039073733386381426
0.6275588945008189
0.820739571517522
0.29600031430284146
0.32886970587641895
0.44105633181009585
0.34030459057436746
0.25703904498127017
0.7017232353506444
0.8300132760815192
0.02007717404849685
0.6009977642325505
0.05454954721135796
0.2027116446151601
0.5526281935858904
0.8736052389306834
0.5417958556424648
0.1695162513943118
0.27483499910736675
0.4283491616364853
0.777536997051315
0.08537404160025919
0.641334221541089
0.0315159124157357
0.409071781964615
0.47213312565966037
0.2439782392674994
0.6713587100553611
0.6701660514246639
0.38857843811449133
0.6135987609855897
0.21346413565819944
0.9524969413804794
0.8526523962878766
0.19227893768721116
0.03908528600297689
0.4848050597418472
0.7455533193885356
0.1064699679182759
0.43298734027216734
0.6609086525163742
0.2665149881084986
0.5652615571564937
0.9793076991433683
0.25285903261239817
0.5837689645489396
0.42240973446749785
0.03349628397327298
0.5564905476314739
0.18600039511745892
0.6446815060501235
0.02756108767697596
0.11773452542407681
0.09000930709261823
0.557178960588361
0.4669739401936792
0.9356101930832045
0.7226737412889936
0.4113547321782304
0.2841814270453502
0.4690431056118941
0.9849935391398426
0.039183278174477976
0.4727347489375777
0.46102481595190925
0.33760435827802704
0.01729266856856293
0.7846058900483105
0.5539048767505522
0.9108672109985939
0.8805172611902419
0.39697883517678045
0.9098638703370848
0.00206659003566656
0.4644582034724065
0.846932268997219
0.6733410069501342
0.24704256521287882
0.857821457204834
0.2391771853159088
0.810065529536673
0.24787842911407587
0.7178484253407511
0.452918842150174
0.09191144582435051
0.3680825869098462
0.21351177072242367
0.24344204073631204
0.6529542902599601
0.7432876957999123
