870517
0.24790619452775808
0.6677457743131072
0.27409709885207045
0.2094199624797225
0.6768944059958711
0.31986819613101036
0.12061466254452424
0.8200415691327185
0.44141806634878555
0.7204574069499265
0.7030895346249558
0.9445186918998639
0.8657754659587901
0.24641963323779614
0.21736137617357543
0.24911484626280467
0.6640683918894292
0.5798956275810117
0.6438150568594745
0.6645369567587329
0.6495550669439681
0.9943641065782484
0.32285872111881986
0.7751126443623368
0.894326513535436
0.9849088705994348
0.9331955299828372
0.3429712153542772
0.295357299581686
0.5439495124221498
0.08165788440013366
0.8251827183987458
0.892583292776698
0.6424851540048934
0.6625460494117746
0.8533606923689655
0.9453178158989685
0.744711629218204
0.23723389216015556
0.7977270502178059
0.28461652552248884
0.3983119408770336
0.014553094047164095
0.9484103516021866
0.5629822469932083
0.45461092099544265
0.7652160844728141
0.997565272738869
0.45575207530839046
0.4349022981961811
0.5336499486764777
0.3021725531220537
0.7518466951837608
0.6822217130363695
0.2656506726108835
0.42441380464988276
0.5782174173609481
0.009321481921612862
0.5373111177009395
0.5204273134162717
0.8024338309211846
0.9583929954768825
0.26332600894307523
0.5864628730400363
0.15308412239561942
0.7504541570423051
0.8453536025562717
0.344522565728708
0.2274820143548668
0.9876323836008748
0.014875066724391428
0.7989989288951608
0.6848852781436895
0.6952396816924619
0.44707744435912544
0.9465902972882086
0.03614483348876063
0.8206778421363863
0.7446840332014105
0.6810234084924047
0.978182297633586
0.14383952061406002
0.09366366670663229
0.8083784788886585
0.04875112446486096
0.17685614338567557
0.7658393172890494
0.7216144695636174
0.3049404086407118
0.45996319650920114
0.4375682029252398
0.9267771046994391
0.868636443960204
0.2747600408523819
0.21880781221082657
0.12102286123983674
0.8193075144351529
0.0035177296459479868
0.5714994590291154
0.48876942945692303
0.7504509463167984
0.2477074242009214
0.6215171510570494
0.665299432728572
0.8984629317460401
0.846642020401269
0.15612578093701857
0.17667463815514295
0.7368437508773894
0.605056491636192
0.4349458283064662
0.24551718117601706
0.25978700810912747
0.41544029945787553
0.24061919579169955
0.2158452883082871
0.22334584588636586
0.29035129650889446
0.9897560167854372
0.612786881451589
0.8156632425522783
8.693773062123933E-4
0.34436738907020215
0.7314031153469943
0.4784545961577459
0.6309627420047215
0.5122414959532284
0.518503201598309
0.08663510096972304
0.20241402936168196
0.9527078997756224
0.9542015594962927
0.2674922005823376
0.487677950532139
0.3021082778141332
0.7570704849068242
0.7470706048671485
0.33698319228051254
0.6404188643460911
0.5669288654040624
0.781812452574218
0.6810271244936185
0.7628139692291924
0.7093574156333381
0.1669373333776646
0.8787077187999811
0.5240962134580877
0.5442198638961437
0.39396199235282825
0.4292492352623164
0.26482300067767905
0.1323147837759604
0.40108277974014095
0.037072694273039275
0.3915799969576077
0.5865494265881
0.8872775209743183
0.6026480394727347
0.3585674384829288
0.9404626680052239
0.7956676911190729
0.7724346938527578
0.911823095362878
0.8257142683834716
0.3054542764701317
0.15387168192247247
0.5604503320075156
0.43367063573564746
0.08996490447515904
0.3172302636356391
0.8344881076126112
0.6288016262277162
0.5087174757380829
0.1463942534749746
0.28493366377249696
0.8028731197842085
0.5777068692046954
0.27975518988419323
0.43664738669739434
0.9738229181093105
0.5307522751115198
0.8333881875050199
0.34199165792775155
0.8652304723367725
0.96918111170973
0.594999031679044
0.24558765984956354
0.5483800539676669
0.8779744878392762
0.7205791858197595
0.06747551757193304
0.9614221839534672
0.9651003270263842
0.2834067958689035
0.35873711900883487
0.12704855129764037
