6889191
0.4278776521904556
0.05515358809394488
0.08261148704951438
0.8451175494605757
0.20761320528180316
0.36948092610514105
0.3044096132786239
0.6324733321803465
0.7876582474055994
0.21613859303447358
0.7412916272098578
0.16047843632208225
0.866580955543787
0.9030271423440457
0.15748968455635537
0.5392041314014491
0.29321932557348185
0.994232765972137
0.6983035873321063
0.3047476786712392
0.7660813970688605
0.8991037853683594
0.9666032833548464
0.9861384655967645
0.8253489579866135
0.24963529000518625
0.940534302192462
0.4775350788154994
0.9458648343624927
0.3992004411695932
0.2795753359076707
0.3695528264887712
0.712335631440192
0.02508035505001638
0.25457475684012254
0.18359966675768646
0.5120828335695016
0.9979096024829976
0.00711815609892863
0.27438780023964604
0.9160273980970058
0.393067234600738
0.09455700711328807
0.018327327866796694
0.9351941432541918
0.7622085429899185
0.30925363116193916
0.7892972118619732
0.6378736579280747
0.5575456916596737
0.5740755479241526
0.13832806723031932
0.19168161411429807
0.9071500735464852
0.3108978928652898
0.5400201150426913
0.2551062142442275
0.7764633920725392
0.054849510571917226
0.04605912419187508
0.7847365290385763
0.9193679888171137
0.24426506906663747
0.19498162667988617
0.7472159038323942
0.9215813515762683
0.05478175683563902
0.5673803182160303
0.92906629670718
0.0698040147943857
0.8657458648737516
0.4470292201049326
0.02288057049388137
0.7419635359996979
0.44807120954492063
0.15094762351724844
0.43498203190337426
0.5070619091215915
0.24491762044725562
0.7252103347285574
0.8075012124896326
0.14754727422442426
0.18003468854593085
0.8683515249581901
0.07692222160488538
0.37279544274311693
0.273342034268815
0.14049783412694106
0.0015021397449663798
0.07920025316875767
0.9692944651008917
0.7439061154014212
0.4815684710322139
0.6305362202727598
0.4908065507087147
0.41936949068139706
0.6695516062403448
0.78167080655615
0.7199877365832948
0.29299544976683556
0.820710087515755
0.5493677919336785
0.07666605520199155
0.8291476339069748
0.07085913342027561
0.5458373039839266
0.6166543909691777
0.3978831383305953
0.8440131461817675
0.03385203681179971
0.10394070450370951
0.34900532684803864
0.3907056398696137
0.2366632551961495
0.1244591661291744
0.8998917168696372
0.03685078786845153
0.24161444163973878
0.40382658748660905
0.5905454386441678
0.08336280915620098
0.17326418194560145
0.3674046255757323
0.5368577836381255
0.9383507434494669
0.17999420269899902
0.6382749768964923
0.22185847845553075
0.9865578781443356
0.17749253707259238
0.6071910780219562
0.10476931412003498
0.904816410293057
0.22316551428718023
0.4282969196826387
0.8989659090283665
0.6176400020065298
0.8574469690547372
0.7953796016361481
0.9724913447099154
0.8536776165951425
0.7411363513175738
0.6356490082750018
0.9585547529356612
0.31160462410720435
0.44231217440250215
0.4215147548339181
0.3284863096061539
0.7731276153813852
0.28203089343103793
0.14555681965515754
0.375910232125395
0.11113198463403762
0.7349354349889959
0.12986285882045723
0.7884352146182062
0.03260213844278337
0.9990618907369491
0.7481321700665626
0.7419520377446112
0.568795965182621
0.998546462668409
0.8274222027568456
0.2426659247215308
0.7792571488573481
0.26359937933344446
0.966140560452382
0.26328124654316254
0.8715996937427789
0.8440262831931301
0.2558617496669837
0.07229492042505115
0.9556013831327379
0.6557415028313676
0.9267748040042517
0.03914342867132503
0.9479939955334973
0.4341319531472987
0.2500439116480575
0.11298859861920507
0.7234397479277005
0.7737944068256765
0.6250913822735928
0.11921471730597222
0.46753504707959515
0.5710828344562389
0.15578839718421822
0.9952505102223094
0.32928419137841936
0.5540667464718911
0.1767656478887073
0.09611673509678897
0.8933373264276608
0.48391515313430955
0.129532840687421
0.7401406475461992
0.6963880618335482
0.04238563255030525
