2939872
0.9078220105473433
0.23656685729457683
0.9974784776647102
0.3820107828974536
0.29254674767852284
0.7393332407540992
0.27856017914326203
0.8087398914516679
0.3789956043075713
0.4050700269280908
0.4995118026574774
0.091206496015242
0.9623547861075511
0.4984189453636848
0.9609150857915228
0.4464570546851271
0.6923814759891064
0.28405814740604785
0.7382430354286995
0.3388902702292078
0.43402602428146975
0.772358289950225
0.04271535283960026
0.8473202141124611
0.6780276660480524
0.6443836925938389
0.5369275665737197
0.5044904694291712
0.03398487022686991
0.9719918413196705
0.5874626687403672
0.19403122556461572
0.8081283036935891
0.6700734032793916
0.672044303747195
0.9017643453533198
0.41900045451694434
0.970514038262964
0.6753936083431522
0.8614262256812185
0.9364731844671229
0.5912485387143633
0.6058022983703301
0.9092921920938067
0.34301033805004355
0.6888164864375661
0.34353637056441266
0.6678498328703807
0.21080979559023305
0.1291180066305272
0.3925368386784812
0.5155833250021477
0.36443507074233483
0.08860727060669926
0.24848488123291124
0.16809442191254986
0.7557742945548356
0.5069502369205025
0.9191506549718187
0.09520002951166573
0.21663957947940904
0.4522122630468186
0.3370464825294345
0.9293103886203099
0.9740475925264117
0.0309305619669471
0.8897568999359836
0.4823058377357795
0.8141979187399383
0.07796491729858923
0.05991919574780247
0.9812940995516944
0.5633926978564355
0.4948099613587835
0.2146800937878125
0.6580445391297036
0.11761739948913263
0.7700905931271008
0.9135553524919154
0.8825592867267176
0.5972296575393607
0.91225161360361
0.7139711383195234
0.6181557540831362
0.3291784732929042
0.7519918348113747
0.3453671265501681
0.09359857489410794
0.26640449777946407
0.33078138824634995
0.29559283546559334
0.2372337673041438
0.14254660331732616
0.8818408050910889
0.30743096272765547
0.5987410875624658
0.12980816622677616
0.7312487135527109
0.01843191760817342
0.19603560632401318
0.018812297998619276
0.29938494671328575
0.9938465019327257
0.968012543671345
0.9715016609805593
0.2667038116064765
0.7002941519051437
0.2882446223990235
0.7116156955104437
0.8828724836889212
0.5469067380279826
0.3004040220844798
0.6120040418235623
0.34459772852861814
0.9810385333072333
0.6730961179324525
0.5140118673631491
0.14500358833286087
0.7672353559195815
0.7399556940219487
0.27139918841054067
0.30621151674570357
0.0010068379756645873
0.8902706294922614
0.9497330131949255
0.44681389325240717
0.11304762131647139
0.506061722965237
0.33191747188305476
0.7072203786173972
0.10490493174635662
0.7034620438471195
0.8815039013540201
0.6583961669073826
0.5236910920083946
0.6294026247014102
0.597649091253124
0.45329961263826657
0.23129193398879488
0.08902582082008748
0.25906691359647815
0.6453667499504658
0.8526223646321018
0.8349113093921002
0.3990447269376851
0.2946780746661467
0.8978335346480539
0.9361142992169451
0.9795726238154799
0.20998292114809503
0.9449759852135636
0.2631790163771335
0.1398602404346957
0.43354579422659656
0.9424757808849157
0.274704992927832
0.5829924106877626
0.36581720149476593
0.6448820876329251
0.9717075796653352
0.13420128858966618
0.24822185322647128
0.43069544483805744
0.09792820525867629
0.7552094290339709
0.0748951751029745
0.26768873183779074
0.4074139740520215
0.8313245590917187
0.38798860833260185
0.38898331127499297
0.09510018896604377
0.8614438362813965
0.8262029919438227
0.322245155774299
0.29179360216745565
0.7758512199764751
0.7424988337351829
0.27471674252490086
0.8618681427989812
0.9826689042997551
0.6844705722269917
0.5184025610620857
0.6101486821777106
0.9010496101498389
0.0396618133977934
