2848595
0.9002738554213926
0.6134272448031283
0.7613203816541685
0.3771816756044981
0.06019669090493196
0.6960614428294951
0.40977982800397816
0.07144354862543911
0.6192803284503258
0.610828233506808
0.3725182414485585
0.07674731221043896
0.12120194441824295
0.5118580395876597
0.8565780952169577
0.8171778577961503
0.8452496704922715
0.4313846583446379
0.048384918140149
0.3411728041240403
0.6483173831477417
0.8827310962065236
0.25864083498021095
0.1500336945409393
0.13493346447904264
0.674974004500421
0.19043363488219367
0.3962120782368854
0.27718091233559605
0.6873639052880084
0.9568127664711968
0.410873651226087
0.5604667790480996
0.03224291613624408
0.44381002988523355
0.8415324498132544
0.9664505871194288
0.2471152325425453
0.36585930384590326
0.03308686595189603
0.6210436004692179
0.8996900245833425
0.892796216008653
0.6693771441716441
0.733241177367188
0.2641306368940409
0.041095103192014926
0.1074246131859139
0.5296534260207492
0.5324072585562536
0.11672761501525475
0.282800435139837
0.2499497210839069
0.3615655618992546
0.3730031614416385
0.5421117543603595
0.9100349235858394
0.4258863239372471
0.7039786398286016
0.26738190622260316
0.46262650201458266
0.04232662712090052
0.6325010416348769
0.6971401613547122
0.18900325141767316
0.8682961950371205
0.07167331675932698
0.9203258971115749
0.6410478311880516
0.13273698557494895
0.33951016190090744
0.6216508404573212
0.2193072483179087
0.8546381484171554
0.6887774202290619
0.7908524701130255
0.5206465092325461
0.027532496266404083
0.17748472999843867
0.27331031093344815
0.9181724697791872
0.8041845015532881
0.050228204507600016
0.7357861304864466
0.44645660997812986
0.3025945704834545
0.926556238430456
0.3485882116627621
0.9566866007108448
0.7726071776453585
0.9997578505065321
0.2442485980167498
0.6792286186388918
0.5118261353904695
0.13795006472222915
0.6028417421277635
0.7851834512667075
0.10020257922745512
0.24906707722341992
0.035361647746150915
0.27387128941861016
0.23457693866818385
0.5223302334385248
0.7891137100504794
0.5297816864144921
0.6876188695304789
0.19100520724309555
0.1828668014763032
0.19037633778915541
0.6900243024654195
0.2747285641540286
0.5945500229269044
0.5452345777220744
0.3404918983837848
0.35441263670125633
0.2705673738766734
0.5473822801312807
0.4849158707856527
0.8087147462406603
0.2033432392943404
0.6592470546600201
0.874396132377343
0.0982823045907445
0.33249987087656663
0.17853376695506373
0.31108027230825863
0.6224631996073378
0.36510808403633155
0.39341627684041613
0.9215167739172164
0.39289616396974725
0.5817403410343415
0.9017925510262973
0.6591121310090347
0.26937329950877387
0.09759544670279996
0.6959521162501041
0.6304492128289574
0.7855931083912753
0.1817524763955437
0.16185629505506083
0.8646377414606036
0.6558989363175748
0.40265096831575753
0.9713333611164211
0.7005323751213314
0.898824378464895
0.5641833392049843
0.9558416806477344
0.05356743139536824
0.139243831914028
0.6243245195713589
0.4420566637629021
0.442121792190006
0.058152819913689036
0.047013101202555196
0.20238770280372465
0.8027410997749712
0.14757902317210447
0.3280368025685434
0.12763354490414802
0.8042090519311594
0.8978524129181892
0.7569650667485814
0.9643359022308045
0.5823729603995096
0.29543822639090855
0.8297093566232869
0.9759925884960213
0.5607934922975483
0.041763959822519126
0.11008221004631036
0.18514327819930532
0.2967019122452367
0.21694796253667403
0.7537640885400054
0.932442325854891
0.09741280621757398
0.2070633882473939
0.3543764157509497
0.8491845075491962
0.4892537975319967
0.589548283804414
0.2488988537682878
0.9813517270952493
0.4892383960581417
0.3285989813683071
0.9284567500904028
0.726099458439444
0.029121529124870427
0.07086043747193682
0.7405450374531481
0.4457039550616154
0.8121420347931434
0.5514537465343932
0.6400430039411783
0.10934246799149971
0.3446698027566929
0.12135788125004165
0.34891359475174955
0.07968014334185547
0.8781399626310035
0.1893889136113298
0.9182706934235886
0.20908946927385175
0.5210701000044399
