1579266
0.7886069995221263
0.01976094244253601
0.8140235707804462
0.010343367183288321
0.842878340652568
0.6345335823719285
0.4537624378529965
0.4133631617575032
0.803031635817162
0.061861326386904114
0.39957688780540457
0.8838505160622829
0.4756637682055985
0.2834060727002513
0.6106246353041647
0.22312849173489713
0.4543165733323479
0.1513673234477294
0.5503373391294648
0.8786998296990056
0.7666253108903521
0.7264696840411718
0.11048230274560822
0.2558219375849503
0.4091022404360468
0.1638409403196045
0.6638412790906946
0.7941508463655812
0.7908263172112008
0.8333347897416605
0.9117969428934983
0.47305893779971653
0.5926610266728838
0.8227663184035459
0.19409365872274487
0.011770130595300965
0.31522450593465645
0.9656918976771178
0.7102661640715379
0.6642457314266522
0.836687241354965
0.05978031949789331
0.6657060798509871
0.173792191099997
0.6305743634657671
0.9974846595783131
0.7000626050782901
0.1486525944734598
0.9041012127633954
0.1176397237802923
0.08165082513280664
0.8473812374640313
0.8091720202532008
0.2047729728616573
0.05876694577736108
0.12159082766068652
0.0510238443750366
0.21233158792936047
0.44728682748574145
0.0537002312625654
0.6735984998175106
0.966692076473542
0.0036507973534142257
0.6486001690992298
0.5360777545396418
0.8207328232216079
0.3833136503805663
0.7906931247329437
0.011617878472293341
0.46891430594399264
0.516966149070793
0.5615526684452543
0.7371714426821778
0.9102255191004731
0.05031022475397373
0.9284868693067239
0.8223863610914431
0.8510193719074636
0.08789721763179414
0.760579211821932
0.785922466894439
0.6766738559862072
0.8575142277534381
0.10631925849454082
0.6291288482451187
0.4891796261203486
0.06883135361962556
0.6757252630517337
0.8798760983425071
0.607169244582175
0.6784981859672401
0.5098987925505684
0.14343876908962405
0.3555665890149661
0.49360476916670515
0.8922416007067505
0.6826758173337708
0.933949796216629
0.5463992239829409
0.6581031285976627
0.8163578372902078
0.6458847930376588
0.4553799574001708
0.1934168474887713
0.47234128945561205
0.7959002026819775
0.051357982133739766
0.5779220428696326
0.061391943946239924
0.11643946167993069
0.3918103517384224
0.5248574298855643
0.9478109987427596
0.674038599497183
0.9128232889998759
0.996551178179075
0.18461912209144782
0.8221439815927082
0.8751491179423067
0.6341218465714754
0.8539049155150958
0.9173963792966028
0.4493789246377934
0.4295431663688971
0.30704620652060766
0.1968736951432326
0.7549579175674079
0.38961499525749954
0.8348639809621439
0.4256973728087119
0.9187485758164944
0.293921825161256
0.8143701905705965
0.66757209746454
0.7510719918286749
0.032649026677004866
0.17662255352582412
0.8052426845029912
0.9506351478704406
0.42516632463583914
0.11930068754036272
0.24351558537742446
0.8444779335150664
0.8665770938104562
0.34796983174790674
0.564407056476034
0.5450508697245582
0.6269708960913518
0.7715995803341105
0.7721434159295469
0.06376019049164228
0.13690590624177412
0.5007569425261292
0.16515374055914978
0.35879448336057773
0.13268691146690503
0.20099439367212069
0.8028586121496539
0.5147728248889766
0.10629364401418717
0.3393054188727658
0.9969731934249747
0.2527314997948431
0.10735319664981469
0.6281211669797044
0.25020643650866414
0.7511924895609297
0.5783394314508602
0.0191737933725199
0.5896527907422031
0.32253393949669595
0.5692211460761855
0.9286536081678692
0.2978365347640368
0.833608974547305
0.37407039631693373
0.9854382475003618
0.6312830018158224
0.8855359341983393
0.3596804497967242
0.4857744479772239
0.2346550354030531
0.6748098141136497
0.5150329245701879
0.9106437226212205
