1758853
0.8237171684380352
0.2369721049047071
0.8550821224882932
0.005605570130674087
0.2284831730367689
0.4685904527351663
0.23790827485182642
0.9642523774864317
0.4190922563767362
0.15886783961953288
0.8606073598658986
0.6714445597932703
0.9213504607213444
0.33930367513888093
0.02858341577950141
0.251342752929979
0.18899964649867074
0.5901384387813781
0.40132434328028543
0.15489261980736646
0.36055855864194153
0.7090497264394164
0.2546258287651306
0.6742548879067283
0.4029750652842977
0.23184649612285535
0.31836267525066186
0.2905722833611152
0.09793062742792591
0.6215984263262595
0.9937926643539752
0.4766858106091336
0.46823990285472084
0.31080131276935563
0.9116056431540427
0.5852020300862997
0.6646392286926542
0.6805930973875806
0.7304062100052962
0.4923519574892897
0.03736035121610426
0.4916998034892206
0.7950453523652586
0.7393714683944059
0.10223597651209326
0.24370430145816147
0.7751929239819281
0.015671792067020962
0.3776867020929393
0.43239471686538367
0.6867693704975978
0.9618581443670325
0.6167892333565855
0.699364207119593
0.762331666367411
0.4356932469168373
0.7877283477673683
0.42369661479159604
0.48123496725970105
0.5803919727749546
0.2662857906363838
0.3924878195516651
0.6963679809987474
0.26217184470968324
0.09562137317156694
0.8051158369042304
0.20148712757658882
0.7027737812637643
0.8414531184967953
0.015587113944071529
0.271650019229441
0.4227061327710807
0.5248443944090969
0.09795056007664893
0.6789767726677258
0.9322541495449178
0.3501581920787842
0.5316846240423202
0.4369429071568167
0.9598364136914649
0.4623394797981697
0.047127379752806564
0.058635165564326686
0.39107850563888924
0.7655392181105514
0.9454326387956778
0.4278774825044085
0.5070130711741849
0.9141938011621498
0.013200575401140613
0.4768610922210029
0.5561052943086124
0.9480265894209066
0.48884397008517344
0.7398897930114805
0.17234079403193425
0.6840387993061755
0.4059162707985777
0.51007678725337
0.6604029189595905
0.9014091453707919
0.03804113740348458
0.7643076028954325
0.7090049751653421
0.5593228168790302
0.10074779298674474
0.24150888998291464
0.6647320560780157
0.773102222255963
0.8274295673862827
0.06024002356767544
0.10128649157694225
0.04061343866675693
0.029808507665435524
0.04385100331776681
0.0528194532652132
0.258773519523126
0.7777014827035076
0.4849266865320797
0.9450710155943799
0.39908602150837447
0.3885483976125198
0.42546356745597025
0.9543293703554961
0.32148310939034064
0.00407666680601193
0.6552026566029705
0.2517593092252334
0.09735434840638024
0.14964035642154205
0.5377676879951241
0.349439229161161
0.3854939807924376
0.3211861755390214
0.4627352277002881
0.5544845996632476
0.8587999113741418
0.8254630229397392
0.19148914452504762
0.35892535566022965
0.41490909506497486
0.81100544288817
0.6156890452280498
0.44554333140616154
0.9205559736596997
0.6705856891134714
0.47940858598799174
0.8736652535107972
0.5372914858485097
0.7702429040236201
0.42947568984315
0.9239455643682829
0.2553026402166001
0.7656622034813424
0.35327450396149795
0.027462702489522872
0.12242334337380822
0.60359048605048
0.33924383134450664
0.18199127619508793
0.7970292137211511
0.6741396190888403
0.7525349081920415
0.2671018152643211
0.47636072736848
0.4792421566862537
0.856766616480815
0.7097787115031288
0.9559201171607856
0.6131881578874881
0.132544109270045
0.023536279043562813
0.5609397965915947
0.8130866950090203
0.9443820045261446
0.8465512374182044
0.9575205932376974
0.33025848626149346
0.48990101706213884
0.23812022098564922
0.3988909533676067
0.8979812246743661
0.028642826180349745
0.15778858736475398
0.7913383647548882
0.1266727917885011
0.23257477119538494
0.24778676744907657
0.07471720090808043
0.24451133846864048
0.12633236159991368
0.26694934736020304
0.8040377120979502
0.7196558272407922
0.49247444748547
0.7830806242081424
0.4914929255280255
0.4496444365529433
0.805502026851685
0.02077027619457683
0.2223819657152073
0.8842120170527596
