888283
0.38978760386947253
0.6483163776118592
0.1223252389493441
0.7601859844138885
0.875401202239409
0.5905448660774287
0.30166676343304044
0.9966553147473703
0.4992961001077275
0.7211519507741159
0.5325150295788798
0.5755305927916697
0.7629448670848417
0.5402924212873049
0.9120693699281135
0.9009593797128097
0.06346539109152616
0.9490000426752164
0.9953887185084724
0.6724307280703306
0.3420974566143171
0.12627239651099054
0.4137819046541318
0.5825620208809552
0.8736253541215078
0.028280353065490482
0.4554487600283069
0.4130267877665946
0.10131872097041561
0.19283801952752466
0.1657753451965578
0.00912252989873219
0.04793916564076495
0.759808672201173
0.9162888826049272
0.23164221240547422
0.24058768202522807
0.8769102999957258
0.06412838065450932
0.13412654617422826
0.2756439766281715
0.9504242851913443
0.2779899041801134
0.29423874553860374
0.11977542680911535
0.5215991471674692
0.3418559087394182
0.439916908810842
0.9939700156235105
0.902080991840704
0.7644200479150577
0.25412422212106367
0.21977433776712685
0.08549067666652221
0.31997055148263487
0.5164298698429829
0.7203938965635718
0.8673075196330136
0.7255965236922635
0.545318987923107
0.964039903963341
0.551507506569959
0.019933248921888858
0.2420431532919899
0.012882970316124731
0.09994410960312616
0.8502642503432057
0.9049872202912586
0.9982012610786843
0.08924790798130633
0.7976491726757418
0.3829423780885465
0.7807862661229389
0.3800609260825678
0.07384819334153536
0.06633958821132857
0.7753970141044259
0.9747103197597975
0.40916550306367916
0.6774112639472333
0.9190290779055932
0.14196515202297777
0.7169354537001843
0.8134131718105218
0.5449922894112257
0.5213093235628847
0.16822697640485307
0.7214529503527806
0.48826667459002326
0.5842023687283043
0.6394433816464787
0.8391351910098911
0.09233341363374392
0.5260892535902605
0.10584561949325166
0.22214767638030897
0.9136538988309035
0.3904591338541309
0.44562997747348854
0.09807666462999642
0.8271963970186863
0.9850421108812438
0.29204088335610956
0.4351539652446059
0.9248867367888407
0.9402725129672197
0.02510292019694338
0.5953022143848885
0.06858562612687236
0.08143538285907603
0.7299064517323077
0.8527586879605946
0.21017207944909355
0.13845302403823212
0.9649831958433026
0.8027223511341146
0.6235387721738509
0.7010565795350147
0.4821600034327995
0.45888296374553084
0.006781899695826432
0.24212723444845197
0.6183799565709511
0.14435445037728867
0.007594386954872467
0.9782805117488611
0.9403321071622632
0.1174499048444324
0.10084829659860939
0.3143061793108263
0.8643324855925612
0.24189859789872792
0.9045783192986132
0.6268654448559794
0.3967504162053116
0.9105201873832202
0.9590553703548514
0.18288598224718322
0.8443759065511728
0.8620347882181801
0.7133652377309475
0.05938469712982353
0.3294756768325836
0.49260220843971536
0.9648844165977839
0.03398685487252007
0.21088640055932384
0.7568473363801803
0.27927144444722485
0.5491995853220327
0.060345635873661374
0.7775426097712949
0.9820685450747104
0.018536610259062614
0.6723627856206197
0.8387832167060573
0.15773539293422
0.9388801599892423
0.6962830260360141
0.5244037570259973
0.7179129506348205
0.5010051870059553
0.870800065180881
0.38155018159054854
0.007941952779181194
0.6489799683047955
0.5140238857802621
0.6387341411403953
0.609137396016699
0.8291962521320555
0.8763118228800018
0.18836114299904705
0.964046826556563
0.9910711454034733
0.19842292132218664
0.2556382982016079
0.20289660538360677
0.7540021782520173
0.8341570180975908
0.918930945418919
0.08165730389090209
0.038945796305944635
0.5944911617433987
0.9210520431134136
0.2556353739658238
0.8780286644188143
0.5493282158257224
0.016631871359883865
0.20722558622306675
