1158743
0.29752115577564997
0.2529118729568717
0.49757452238144373
0.30718562669319616
0.30742439570122493
0.4509424837660151
0.03991281674196612
0.19057482069007403
0.25086935686984224
0.3875833746186004
0.09753510052044456
0.05813042321599782
0.10676954107289116
0.33777516773147365
0.9976978286026549
0.12329164987081609
0.2727951921078632
0.693908769852012
0.8129553982624704
0.5429967463908265
0.6555743741368015
0.039441474574522184
0.7354537090013723
0.5976151486294967
0.3773655011925531
0.11850238239833366
0.26302274142848037
0.315346254128117
0.9861944705429696
0.5389202133454957
0.9556438122894994
0.14463082243746295
0.6199264566421048
0.7111452022610795
0.8499680602450028
0.33378552443988563
0.9194690158202712
0.22182634195209494
0.2299152335947946
0.2639843662115745
0.6122793601857591
0.56834365811706
0.3429825446774758
0.09987598811949239
0.5945756447206411
0.9393850255770386
0.8247453255843105
0.7715386996171344
0.02912848844340754
0.5166953768152233
0.04813294619560393
0.4821399355292112
0.44523527012516395
0.5944157828818477
0.34941462545168633
0.6475806451665231
0.07845702956388279
0.6649684489409284
0.09943149779632143
0.4175691136792421
0.7199232803256151
0.5042332929910747
0.886462963029177
0.7019829401453697
0.15848767776265293
0.2038002016079017
0.6562168897712364
0.9320418523618029
0.893743397813326
0.04437082902896683
0.514784496469942
0.6227281115884074
0.1738837411691836
0.08192196020257281
0.04200269772723986
0.17105530257915968
0.5696203176186077
0.3270327496418449
0.3855182452352748
0.22420053863620004
0.23384735227642495
0.43781580769362205
0.10994906704780327
0.3821787781832947
0.716467485387836
0.9181823197519927
0.7608903809223632
0.9616526428990178
0.7047709269753337
0.9157098902866614
0.37011446008558047
0.04063444868994759
0.3419862450001374
0.8471708672932409
0.6761642719725518
0.028251806830529524
0.8400979771791451
0.2448181960804936
0.6636432777244207
0.5594119329782722
0.9477524253381364
0.41281480794436554
0.1348547588625323
0.6011139979904968
0.46004972849411163
0.7107313182519688
0.4190457965229567
0.27532264695807107
0.36424702069779913
0.5398266861715151
0.9973628271817918
0.05273051293461861
0.40387370009548695
0.3978642858880762
0.7757266428598083
0.6524004921687573
0.8134868034838338
0.689506429319656
0.9731870136377099
0.19419406447987342
0.7272705567044406
0.3318678175300982
0.10991807392921316
0.8940547607437439
0.2969113225100085
0.5785991046252875
0.37686757083060296
0.8666303653131859
0.8676552333624894
0.9009091625048483
0.7481743093588644
0.4053820597712483
0.6561824906292931
0.2102254131433151
0.5578199568081079
0.44724157325279656
0.24990908248338517
0.18472883295375953
0.9035829970342534
0.7970428846160538
0.9045530287486738
0.9707912477132362
0.16421359328481477
0.08636775858074208
0.05527875330640408
0.07037951829471312
0.11985052628787551
0.37210951757334465
0.6764600519099334
0.796782452099982
0.6510523616789926
0.7419727811075668
0.12607838186762066
0.28355326896053645
0.7584167281452121
0.2872913806080569
0.8929998782267281
0.665351130786309
0.6926130714249633
0.32796064053012464
0.2288512560985304
0.7144034125124145
0.31375601106197404
0.8299440193619602
0.9909406518330618
0.9125996242003434
0.4093978705240664
0.5427286653918503
0.1486472435959587
0.6667673113238857
0.5920204196904563
0.5022679887429462
0.31292852535736004
0.13346864041620077
0.5697573915863134
0.19436379047087515
0.3370720796173967
0.9096962386691514
0.03818149374613433
0.8541041823571871
0.5065441942429214
0.667135397340968
0.1763401488402605
0.08888816124549515
0.08676498911021546
0.6601986537747224
0.7468267944919633
0.25573116829348264
0.029865669989978527
0.9218286017020932
0.09752531463932346
0.7979602631083017
0.45496071797715665
0.876103040909425
0.9417674916237715
0.052071691918649465
0.11119361525357052
0.04296588788047084
0.6539942046775487
0.872437836330226
0.40879226112203904
0.48794671973165815
0.9596131984491729
0.7897137666322392
0.7605956121601976
0.6785203417375959
0.3205975184866794
0.31820903521612787
0.9149907424576855
0.4487968292218282
