886740
0.10195639324340655
0.9617678261812047
0.9478448456814286
0.8045085645138443
0.7585057322546764
0.9958964618371978
0.7885304392567722
0.5645605370369307
0.593537870348004
0.5953366399039054
0.8216350740744945
0.21195302849265418
0.7950226574661826
0.639400708825732
0.545206896541244
0.972014904464292
0.16215327486768172
0.9390692840793387
0.6088880293130736
0.9331382168378938
0.40668974372690014
0.5048408084074579
0.3209011386184577
0.35369441976082794
0.7729449331707269
0.9971537825009471
0.7103883529722457
0.9825933660278033
0.014529782878172637
0.9397338596981485
0.785269573287425
0.43916919652544417
0.477888042502417
0.5271956613174241
0.47832643226236504
0.714679756153772
0.28581516096828186
0.8904548229570721
0.658007578560704
0.15555753791853355
0.3885700049727513
0.49698309217237613
0.4954892823082
0.8676514753381457
0.5558521755972773
0.9576650904249403
0.42581514580542346
0.3410507381772241
0.21983146720035163
0.8879928606467176
0.9184774686031922
0.2366833523518127
0.44758050187732523
0.628559805978767
0.28159157248811606
0.6987333059984414
0.22067549425184652
0.5682932128544483
0.7638541974609597
0.2610225917759925
0.6303936638158254
0.5335902937907449
0.2897653863621942
0.4008548405230471
0.5588510122181144
0.2074998751863385
0.2661326762091285
0.060419964324525455
0.9095869229968034
0.8253178853977212
0.03166577606915122
0.003709824181932997
0.47551695551727835
0.45644175453758684
0.6865081317179338
0.7059972580344409
0.08783913427182155
0.02705530420270441
0.23484183665218938
0.5832816599948811
0.7763929477920264
0.8641920850227542
0.20124071566855062
0.760706805688201
0.29013419802495233
0.9489519340678855
0.14023567398536174
0.25180691210926254
0.475803392075404
0.2551218488890058
0.7485956031972044
0.37453975692249175
0.6935289343945431
0.5191791235700229
0.6111159373872485
0.46541642734667543
0.6600206128281363
0.5386310662676076
0.9632463568578303
0.4696389774421855
0.8531732548854724
0.6278719047317444
0.23767772756470773
0.7830092592916914
0.886313679652469
0.17421490813458296
0.5770479891992035
0.8004730277275105
0.06598921088546761
0.3314832256455451
0.9412152926935281
0.9865157523158444
0.6841090544744859
0.7645203239780212
0.9150859374603368
0.9242274687314975
0.46341475726628223
0.015207142859262723
0.831773795057651
0.7227060572483206
0.9746692375144729
0.49904966915636695
0.36590698879930017
0.36656962658077674
0.7746188478362046
0.36112706548923
0.32318621087650146
0.07670030942661155
0.47569582950877076
0.4211676120410499
0.9548388985504785
0.5179432798436303
0.9515939913973404
0.21974526596188382
0.7594018320066092
0.7373366886845268
0.4072630290404936
0.7410674557504942
0.3993043003411676
0.04554914060805382
0.09753235618291767
0.7325500846261606
0.05601249920228646
0.6645536590660531
0.06548809420126367
0.667353251426416
0.2750357176177505
0.8561679133086973
0.38989203571579634
0.30327700588455275
0.1108827897523833
0.41894270468000205
0.08034473528727559
0.4798937708042237
0.1720976255896407
0.8949816758855693
0.9395592285873019
0.2655196829078682
0.987790535047045
0.5636274646031648
0.4240259155977767
0.8166048118859748
0.9696219335569821
0.3155500766407302
0.7775131612644061
0.34434751326466284
0.12698376423162527
0.7986261271392977
0.48626221330379127
0.39681597252293144
0.6081629930924812
0.8060977097740493
0.4103993946656628
0.25958559666122616
0.08656053145806497
0.7378527106701755
0.7830018861790485
0.6538780304400413
0.9885785989009119
0.10726855946722358
0.6364183957679859
0.06841377398063897
0.5685775217252126
0.4889139349438434
0.11485923174519685
0.9996674295878344
0.876343095277248
0.006504151168613026
0.5629350224352602
0.09494052666272024
0.7337941386875583
0.44585752610314144
0.24173694503900955
0.6936439293976758
0.940198824018964
0.3442014564102842
0.017215556861709724
0.5444083685581542
0.05895802157792096
0.9550288008606657
0.3900293720274701
0.5391177305613514
0.3040521831756552
