774601
0.49505697608501165
0.836964740366557
0.21356488678553776
0.8602471929877942
0.1551094399117504
0.1277371927964308
0.10394619997610577
0.4228673462863968
0.5493950679951517
0.8990502677186611
0.12318495385680006
0.9840072532206385
0.6258652167825072
0.7407591429951422
0.4013934873578784
0.21272432503878325
0.20103274678338012
0.37128469288846366
0.9679769122081977
0.8990826052341732
0.6892776051030001
0.9243658731810387
0.13388934424728682
0.354690249493376
0.7228393146231024
0.9166371452890294
0.27313743746752106
0.8069437910060135
1.7346459772893397E-4
0.8052414335434532
0.04872753193684953
0.23574004278505645
0.31070087525466783
0.6316027323337002
0.25422956092222615
0.8289557121051047
0.5755792048569499
0.3656467714867996
0.34935759472378447
0.9917839720738602
0.916979199524783
0.21417215541484325
0.4564428434864374
0.635055919574961
0.22244842470265858
0.33773830791809034
0.05440225924737019
0.28896441826541774
0.4062973811299124
0.13235084201843306
0.8577819162981207
0.44114638753059765
0.5865445497917893
0.47538894736370385
0.40068107554188537
0.38186907554384153
0.6938081742955139
0.10963338931442823
0.6588395078523063
0.7541047120267563
0.6076342204900919
0.6449178034057456
0.6378968760590668
0.9525669190180789
0.7761017433132738
0.4938401017648332
0.23181014090617202
0.4933214851430282
0.4161481692520752
0.42613483524667084
0.8126408130754492
0.4843732527057215
0.814908663514124
0.3257213510341779
0.9514008351287038
0.36766949527083226
0.9564655258049936
0.1651066992442567
0.3893726624972358
0.17424993028613323
0.6837545832242403
0.1737364438867608
0.880294946576682
0.6368115557019147
0.8719779391949781
0.6700501080831366
0.8060324897541903
0.6377470682974661
0.6377229003718636
0.05141292752106319
0.5318255470249329
0.6357527242620401
0.4370897753682541
0.9917586512476979
0.3119397175946864
0.910392619880908
0.016481483312536627
0.983692801958842
0.18251466049711107
0.6915436490343115
0.5713105483775485
0.9799698686514556
0.6856363843774019
0.49943583817409065
0.14072987149698224
0.03867168069801907
0.45713417142908386
0.3110408401686936
0.22059583643604752
0.5570783150208659
0.6803300887794103
0.48985101980874146
0.8122231271102457
0.8911374064997776
0.15894519119776063
0.7686304016565011
0.6410931612839744
0.9006010567114042
0.29459362558299185
0.9585078183848281
0.0775285721406539
0.23431417096956286
0.5677718390084712
0.4728215073541653
0.3704487021105366
0.9758020016555439
0.21597708413240302
0.20041421290247785
0.16567170866708236
0.6062183989332387
0.6785657246848344
0.7406154771322052
0.9218314044526993
0.10988100493156194
0.03518866161428258
0.5209385774861095
0.7598275344713415
0.4470327815442249
0.10311736502570457
0.8585572515237789
0.4858306458861782
0.5491343369173213
0.07850090897666917
0.597916974634966
0.013213544313592673
0.45390462226531714
0.6075709479330055
0.5593750685946762
0.17538353464236844
0.19049243416621453
0.956037938933995
0.6675518128606788
0.9693405619223789
0.5495746337918567
0.5083984599082034
0.29311497004577525
0.5988884723531815
0.9288413933095486
0.17360052993986153
0.03800853483843647
0.2967778942028594
0.031242715138400268
0.39948953896716544
0.9216758732145987
0.7966608260895078
0.31153452300332785
0.405684916345287
0.6846160820516187
0.4985887217468318
0.7160767053945255
0.9330133442426346
0.7156521116584738
0.8258871844330843
0.44149984052900737
0.277351699435331
0.9305776604954326
0.006592224598712448
0.14977045710740777
0.6267086627630376
0.7823891139307076
0.5292343780236115
