1327486
0.3203503123539144
0.7526012283553294
0.46709809731180074
0.8206086181313813
0.19455747166596304
0.9202584329181488
0.3041588326596366
0.2722696424633524
0.07290250919407082
0.47691137152958474
0.21683388823794125
0.6028434117215439
0.5630863427866465
0.9534050317601953
0.21536095862041293
0.684847917756542
0.7445104078298903
0.6715942883540655
0.794572173586825
0.3875669086163269
0.11456437713556966
0.7884624832991849
0.19765644995299902
0.6916227739245483
0.6126201964819984
0.42762823352467005
0.5690451226215618
0.3162455353522402
0.9795753774167048
0.04988195729278355
0.12193912064359036
0.36683708363398515
0.2039527638435833
0.49662080261692976
0.579785777777386
0.05828098186532071
0.8299780240160677
0.20352673804126697
0.3160522431060312
0.39854978991768497
0.45871963171897967
0.9265595991246451
0.8129314735148423
0.8275135841913962
0.8602912056100931
0.9483128464233571
0.28715567801244435
0.1974548376716686
0.7332789741119886
0.14000694764016675
0.5898815592606772
0.15464604265399495
0.2969722058368732
0.44287163624449855
0.7776504042532553
0.9354488032725353
0.5826377583851192
0.3023945365262649
0.07271519104275137
0.8257437658778077
0.5019944019122793
0.3398907642002259
0.28356623784731094
0.04910314943737737
0.514206479969902
0.07807447320127126
0.14027554129586395
0.6469683284059988
0.9871304344436977
0.8507894149419192
0.4143192923073099
0.9931976322200627
0.15421228038029766
0.12178307497169016
0.13882706316273596
0.9456997585645684
0.9053471243437935
0.3133844413179192
0.7227452747550484
0.27947092882702285
0.5181773744947686
0.9031731856299662
0.2611914360607268
0.9682046137386383
0.8357186548905754
0.9852032938267214
0.8843149244225372
0.08574485668419429
0.3268683607922017
0.712071944248637
0.5582689554983985
0.5840053436370275
0.9282638552519205
0.03510034720115529
0.35443773998756234
0.9705782449876708
0.5591231989462149
0.9421196846298467
0.8368513738921153
0.9571079359628928
0.7251141556748976
0.9558326099189743
0.8827606227547051
0.47860710484119884
0.6829617041345203
4.464224548714757E-4
0.9476325306836965
0.09424336741854189
0.22441846043997848
0.8702511488872854
0.5133669488310473
0.6717267494311384
0.256386156203361
0.4410423312989513
0.21732287536685946
0.43027969800000165
0.0033908158764838214
0.4537645056688837
0.9497831666941537
0.8712727264088593
0.8392778506919529
0.1694782547741468
0.028774422889147
0.8609607412913826
0.46690766343173207
0.4457303545415344
0.41369861956607223
0.1463563405910666
0.40779642082494627
0.8166324846021603
0.8030219544644306
0.8831277389326883
0.5380605178373385
0.9724315968018835
0.3763049215811428
0.33351141308118604
0.7126875563121619
0.6290802467606122
0.8871473683411362
0.7525799794216926
0.35707049528668344
0.15429322356142372
0.7911613396699949
0.6228081368786911
0.27290586610723333
0.47380196904252037
0.10187258377934849
0.819731050193854
0.8049709116466048
0.7199960594898115
0.7074922642783668
0.9955905186173098
0.9459587419324041
0.8048666604137624
0.9527879847383285
0.453216655690308
0.918464189352821
0.6001439060174759
0.3928230792820925
0.048993676280925436
0.26637788776472693
0.6897467213774303
0.7591223206176605
0.21161034018062075
0.5123593302650425
0.7231399207813343
0.3438605216674734
0.992397087657337
0.9937243348380118
0.24292016555256857
0.2039603278472465
0.17340338332647076
0.5759962005818575
0.4859288933865855
0.8145241170098588
0.8509702754455326
0.5615335850040261
0.06441687715000888
0.059814295143167606
0.5854051550988771
0.26006295214657604
0.6222615150387174
0.7400347142644307
0.16146668850051327
0.36860670945787566
0.5309648920033747
0.0934560820937902
0.23971996706714438
0.5202126101772807
0.4411366688193481
0.18596616200963045
0.6954228388260264
0.10405414252861811
0.03739294685835726
0.4039153594077214
