1518116
0.848532487095793
0.46351544534486966
0.7849060035944516
0.9422744767276566
0.23259758306951073
0.2963531826383229
0.286724061100882
0.7150302967687802
0.4509400693932236
0.5209192168022677
0.9294339906835929
0.07972940595915867
0.865708096631099
0.23291177234719507
0.16072036752802843
0.5739163749579816
0.11194905770859354
0.8260508519154909
0.9119706713515096
0.6686156935916908
0.3983885614950041
0.7553349392987582
0.36519535842036976
0.7979503778086461
0.12831666626988847
0.3866788290431896
0.9252026449406874
0.3921488120331187
0.5505732407041883
0.0601601429203249
0.45906990748620824
0.2565000326895639
0.36253766125031417
0.2450788997705553
0.21749317417513536
0.15541827955734455
0.9301924824866594
0.1972611647734578
0.23638529247315054
0.2586305372606892
0.06474483029185185
0.8425141084462048
0.43213168795777246
0.18560063988411646
0.10095318594181035
0.7048664996769523
0.050202587117063824
0.7446568441384611
0.3592211311422906
0.5742055471491674
0.604359290349662
0.10488984046095196
0.9416843142937785
0.2651465696868789
0.9524807408760231
0.06174106148947123
0.21192994804504905
0.2574501075528852
0.6950764482566975
0.26130114146025063
0.23865346153068667
0.22802594230684936
0.653840243543815
0.7336918708379968
0.9454696349266467
0.48554134586681275
0.7901388999641836
0.8525046465264703
0.7022609290087536
0.10087697644554783
0.5571181132722834
0.8851215110925396
0.61785869206475
0.0901499681916853
0.34414833702452363
0.627845175882309
0.8495175488081361
0.3517512190557218
0.36862068041398843
0.2301172226263063
0.8315576435229454
0.18481983640220634
0.09764387928671703
0.20370410344219014
0.4437122708352351
0.1238042532653566
0.040980390002199996
0.7855828419778035
0.7891341632008412
0.5122362626635437
0.54660076891301
0.2773598710914097
0.4326761602402607
0.708571073443869
0.05152283450938033
0.7194072398408061
0.6619773305211339
0.0679221723204192
0.09314229572081811
0.2745033754739531
0.5770486805837567
0.875747516650688
0.27005023225059366
0.9936155685813545
0.5884674965470165
0.22301897032040696
0.2563714914539763
0.21556426244450344
0.20995272305636448
0.40713443102828895
0.919947898349124
0.7126597511807187
0.868008140740464
0.8188080559886735
0.5722286425743365
0.8360044660886797
0.8194845775604948
0.4324006693805936
0.3865193946395198
0.3370043045018549
0.1673254764484572
0.9556293221268759
0.0612809580120921
0.24573549685360707
0.3954251345948293
0.41432108930989997
0.8764571363933407
0.17216384682190677
0.8054426547142556
0.4488528887272557
0.3933505532245606
0.662815301602793
0.7315784019916154
0.8811460728363513
0.18235444771663356
0.7933485091881441
0.4337344213583274
0.1745602508124512
0.12788713915586425
0.006581162884511271
0.1251438415145124
0.253758471201625
0.05616540392015523
0.3158736079904759
0.6774685926383135
0.7775912322530977
0.6589915699966619
0.3853751531316626
0.16452866152101442
0.3652745399349141
0.9455186389758846
0.6714894928341236
0.5552405546099163
0.464612828216191
0.7439964818741797
0.7640177095620596
0.5470060864094736
0.5207448071357869
0.09679140420677901
0.3007883517886857
0.7427072036521556
0.8548663653491866
0.7445103626362067
0.3461863893894912
0.11762638725525665
0.19461152200838172
0.27885015318086204
0.9218436571291813
0.9970263172120483
0.11124904000106695
0.9588311731005957
0.45685539346625437
0.570786344178773
0.7135784403370103
0.6313638868025369
0.28523895168891744
0.30840782438621406
0.8243862561347703
0.6746359865938054
0.9599524336797703
0.5058637832888759
0.5225496311905267
0.39159646651698476
0.07564199421589513
0.5951831218566587
0.3723508753862774
0.8208525808855078
0.49638925493028985
0.778323223822822
0.8812933968216634
0.5035842115769306
0.37008049446601887
0.008798718533721828
0.7286857487706828
0.3476195760026697
0.07762184311992215
0.33769906225945623
0.08948734184818108
0.36360501063937545
0.3130758811079217
0.1651403618740208
0.9413856052376484
0.7132410296783877
