620848
0.819896562924767
0.993862366279709
0.5878012871790602
0.20584516678403209
0.9187911022046705
0.8685941601943775
0.7554948677422392
0.10704213607295099
0.8543388453762506
0.8029776382958469
0.5326738934092267
0.8821701987704815
0.16034898330355052
0.14525053357459217
0.10197724106554029
0.28703178306022026
0.698040199636868
0.01455579278691832
0.6924393687710759
0.03990598898914033
0.7564771205474513
0.651657723736889
0.4255136047981537
0.1612787105743415
0.6213000274354008
0.7710095059961588
0.7624606106540257
0.9515364040655103
0.3156356773768616
0.7755307029454799
0.07388440589826029
0.4919072413767227
0.7961786180438417
0.001117383393474003
0.4469249099112015
0.5002236668140895
0.7477844571167662
0.9948219217414248
0.22159273406005964
0.35061873814242495
0.2615172136652272
0.1988029022930885
0.9049583657988097
0.07505765765548089
0.10394532944480961
0.3115602496462987
0.05038434135949654
0.2046454809322128
0.9895818434895759
0.02863467188702562
0.4087157293631697
0.3799405657541107
0.2537162414739881
0.8268640196586207
0.1593209905787627
0.7620426048593552
0.5894867045284249
0.9494541245467009
0.3111012047227688
0.4100130456383487
0.06089324162352183
0.773534836150358
0.4270631478073249
0.9552249335784522
0.4325537949357413
0.2975368304760042
0.6707771421271509
0.09952808349360542
0.9673566650547847
0.5726380942403666
0.7990185005785143
0.6916545495710564
0.234764689684411
0.5206937656349914
0.1321164279114837
0.395078825747748
0.1453775884709747
0.7304765498771126
0.7220123841946542
0.2505854674687852
0.38146087373343984
0.5047189410843979
0.9077549911385531
0.7580868200085674
0.6285011277404989
0.6423633282917931
0.1991364261364058
0.4547718250833982
0.5294489323369999
0.18358909037074433
0.9614007461370923
0.35045652609186906
0.08116255948288564
0.6196003598769111
0.6874317966831158
0.9960455188002845
0.2716667230578128
0.8748225160062423
0.7385549660451007
0.4073028377725604
0.1171926240103579
0.7060687131078115
0.31106290625326727
0.5436699289728278
0.8995667918831022
0.031402575596431226
0.04280274184318544
0.5506573612386005
0.3273681025225935
0.10083692532094113
0.11263839207723192
0.514375609820032
0.5483733889736038
0.35167236477737496
0.9053282463150981
0.04806015362728233
0.4261643314216079
0.2531937637134355
0.31533512295271937
0.6329843584968787
0.2603692793886395
0.4386069492332739
0.5453116734873394
0.2699428985917094
0.1778654113681577
0.9465114056190876
0.8184816847155093
0.6625280966333402
0.7513685180532308
0.44986936768019803
0.7688633718193265
0.8497096932857163
0.012188557879767248
0.9373456268874949
0.3992577829810192
0.9327683755144934
0.9155315705747711
0.4300562737990572
0.40415233226863834
0.30042207191560766
0.4895791036004118
0.9661788011569223
0.343165288181814
0.5460231989679798
0.35367898642813644
0.2665400425005402
0.6203842589301913
0.09199413477315865
0.02633180182983852
0.20621245530987198
0.4759278139420271
0.3892071464946083
0.4602597304452717
0.4603132606592065
0.22828636102212052
0.4428042216337381
0.5396954257302988
0.4666152807594448
0.8194746059678644
0.330991155432221
0.8541307442065802
0.15324183910359246
0.3097545931061151
0.3296293486112847
0.9231161563364768
0.7166329211723895
0.3446651631085813
0.2329881309531332
0.18830356759867384
0.1031330608802884
0.7743196702017007
0.46980864618832097
0.5117767016323266
0.7469659801693104
0.54341092656065
0.6538707352346865
0.6238147784003244
0.5480249739422027
0.690088426597825
0.2795419504575113
0.9485869005909231
0.03482211512250988
0.7928500341864125
0.37532762146077536
0.5028759087978195
0.15110303349703547
0.48681618191956433
0.06223015037139723
0.11078219564749403
