1126314
0.8319446395684175
0.28276989263540353
0.6954159636931644
0.516298299377545
0.7494773146283233
0.04105100162682007
0.9378149174146224
0.570058301180006
0.5612841536130057
0.33937439298668803
0.2896369024092632
0.19562523460703518
0.04503238344280602
0.8300426474897588
0.8646447394041257
0.6491807124988953
0.615950451384171
0.8812186287322427
0.1435744018466737
0.12942876982044138
0.20468335231373014
0.2488816487200035
0.425255966271623
0.20224953052020922
0.6471651931623064
0.27475524396801554
0.9915491634845437
0.5416230200684886
0.9337074792503579
0.8941724607765122
0.7556555466784342
0.8689331206776078
0.1420408269597928
0.3794461471271794
0.03153293980235561
0.6299895420616607
0.387836377323047
0.6671634913100097
0.46155208625473165
0.3875807871592377
0.6662728192823067
0.32192584454106565
0.07019958392348191
0.12709901745682306
0.02950393084740932
0.6744055690739922
0.8735448356071012
0.6737531765001707
0.14741988135795758
0.43819448329448774
0.4673534583493534
0.20211421301685062
0.9328857566320846
0.15776858813969974
0.5411430715254527
0.3822119719003193
0.5776789221534057
0.1689968769495529
0.3211415885827139
0.051130644885589716
0.04163622076560214
0.3639720738605846
0.5320225943265271
0.42502549363731723
0.7650610906923668
0.9435439106466481
0.5854557425474674
0.7737110054167406
0.13322977020115823
0.5137863893325656
0.35292496531060513
0.16844609451224435
0.011874648068434746
0.33673236818870145
0.06093065024023603
0.3832697425460865
0.49381220963517125
0.2810603660484996
0.5586063488296947
0.28121591354361897
0.8494214563507214
0.03501964467262908
0.4509448052914582
0.04896400660784739
0.5574687052901847
0.441732040240259
0.3652416798013516
0.4569570631120522
0.20781284712598802
0.3961094394281348
0.9240298021008232
0.9167470342096214
0.013814466472946152
0.6029784648713594
0.8346907901984111
0.4833024476925384
0.6498117239309923
0.637604736365578
0.8740946725766124
0.10724066835442769
0.13781435752700855
0.17266089879391644
0.44603259532839556
0.3804237289610306
0.5476064154495658
0.9397843378564322
0.8198714518152277
0.7380826597412203
0.3457378455361001
0.9792217081113253
0.1207735040462985
0.5816123597407944
0.3314231709810489
0.9976592219951468
0.6349881014743481
0.06840551548761531
0.23115557365051043
0.20218921420521663
0.01813653369412005
0.3785701792234465
0.1888831354295626
0.8074648478049008
0.5500752958474802
0.11310294998812931
0.5848832873899061
0.523446577598923
0.6668371225475004
0.10406566329352385
0.8440103153411357
0.7227457303901291
0.6183128939195345
0.32454007085232306
0.15278030531507514
0.6594212277874909
0.24975202370527994
0.7746122255339452
0.29479657440384177
0.06518871607211207
0.5858227588733902
0.1893637197145973
0.13530779203543497
0.6843508462500856
0.1078876233796191
0.16582468509294923
0.6382301028827393
0.8253609144320583
0.3583140836032064
0.8380691679152611
0.682753764174485
0.8047823457196
0.7800536726417343
0.5431102448358089
0.3616934217565102
0.23850862044042775
0.5053872951085708
0.014979400580101498
0.8900308099663539
0.4954599050793782
0.14464891714191797
0.5203501034124871
0.7296372840712051
0.2705736529835
0.493902837886283
0.006293300856787143
0.04495277510278839
0.15675861472057329
0.47996487462921544
0.7692281862255617
0.14443683975179522
0.299583107689807
0.5918213487781112
0.373858781570819
0.13389673077986275
0.7038194862562458
0.5094137157982069
0.5518629624673969
0.6103359719015203
0.5275690472249852
0.6339211136093913
0.5923274666320019
0.8587564840143341
0.7475426421960442
0.7480868782678781
0.29939882576030485
0.6793863570942503
0.9081740151989568
0.09079925102158037
0.9373467831896385
0.6690937301120864
0.2775944916316372
0.7170505107810567
0.7092131620308688
0.5082874929659752
0.6250989937115418
0.1325629087144039
0.22244604451567485
0.5633933383265864
0.007585402062934787
0.8417838484381789
0.08339535118417218
0.9050337166194191
0.40654990674724834
0.628616552422262
