3364057
0.8977115488747978
0.1890190511635378
0.18249693558518387
0.907749849103767
0.18116951373478496
0.4995536533987348
0.23683630200022765
0.992954812875339
0.0258228479254633
0.9196741465153857
0.6556705088808958
0.24923902378275764
0.40643471875053905
0.5636217140492689
0.742044353224145
0.2892287614079698
0.2548945585401411
0.8396383483359385
0.3482979766775893
0.49416718135689885
0.9979519786907023
0.698740731836822
0.5458586598126951
0.19637012182906666
0.48944494246491865
0.21015515630099368
0.846890375434283
0.56311416115935
0.2594158029731204
0.6428874458921623
0.2756836692562368
0.037700251802353146
0.6362978392414063
0.2807533788734752
0.11208130163090446
0.7569130708418138
0.9633948051756803
0.5272964469696094
0.18490071959626608
0.7088223734954421
0.8271636441127852
0.46737162266852206
0.18022685893488954
0.5208496788715558
0.9423513544340685
0.9437753029203206
0.5476139616864829
0.6752497980807914
0.09782422447344985
0.38015301625772346
0.2366489229009796
0.6376335238301712
0.35696833593061794
0.035518191830529844
0.6769922689486662
0.8538841649442668
0.527828075910364
0.11106681637827565
0.12692758932469483
0.821797393136492
0.7706892563297824
0.14657432757471467
0.7586138147197655
0.4760001638218284
0.09460200770837657
0.44151274357542536
0.6226491380312448
0.9381813209018302
0.40937803804919515
0.8151274066543087
0.9402191218433943
0.2793927796764808
0.7458855769112303
0.8800645834852686
0.008015892310415662
0.3171571242406016
0.23500465626546463
0.14574236852251599
0.36927918264574566
0.6273433869749728
0.44439443415064117
0.6905091764577498
0.8037241493170043
0.8892501567357506
0.7122629103895975
0.8457356312106176
0.11978480412640502
0.40206093434206236
0.18861915051246736
0.3203370113519638
0.6945163753828212
0.1118139780070494
0.39702656586759133
0.46082520621503686
0.19966324751285547
0.7702545239000926
0.26366526396925305
0.88984080697393
0.9768140278243496
0.9104148639508551
0.7255501803928271
0.5952168023064915
0.08022868208760303
0.16849351451298267
0.22604133071500254
0.6519782150325506
0.09283713013685702
0.10758168523604583
0.6333207386270957
0.15128210615365734
0.4390725745907793
0.10601157990225218
0.3763007720855346
0.5831549908310207
0.0676169696096256
0.061577996668329193
0.8824664169674695
0.8739858486115752
0.05780018392986064
0.6326107092931501
0.7234441906415631
0.5150846389095342
0.9153080815060025
0.48785227478957893
0.22662878872036585
0.7352173900818091
0.06601957307200623
0.5693217678230222
0.6949879237461118
0.4678812300338375
0.3312057621830653
0.6858225577285267
0.7922046198566635
0.9431834859486491
0.9729893004000727
0.8494773883031509
0.0966056497744433
0.09454119557980167
0.23587549136144137
0.6436519834630076
0.30486352845631237
0.6120184050826254
0.17833104594561444
0.5678539680283929
0.075248733331718
0.39697063924637144
0.9878003643590445
0.7436710707281545
0.040247814478492905
0.37676730990698415
0.9032133869339924
0.5855386092810767
0.08965204266018212
0.12371415841157696
0.3309528176417208
0.04110342499525654
0.6277606063058934
0.48889977882354907
0.7334131047147711
0.7881774419473545
0.14213103736980792
0.5095417374157082
0.3936969943737266
0.3387508255143823
0.08634872755670941
0.1775090591186549
0.21566012575381532
0.3452615617732451
0.7755768671247625
0.2670498019438857
0.30542784705651393
0.5302940256681966
0.7211863635577107
0.31135380448570427
0.19867239680388316
0.5681068066117253
0.5895553017713749
0.9904324379985834
0.24735328668584555
0.9348654983015556
0.7601658490155891
0.6468982354623248
0.8602868937876714
0.21418361163868416
0.2794159131650096
0.38157966184645953
0.003825900198808352
0.595550570033014
0.8591019170502574
0.1975071267413877
0.612093340181594
0.3354532329443256
0.4523179028762222
0.9586582452411536
0.3306297782309444
0.7644728111343833
0.854555529961635
0.5089518651276691
0.32297618623373736
0.018366632631897417
0.7240784819435448
0.15733190035001732
0.7066295635509378
0.04712025164434297
0.3931835499372027
0.8763836915267753
0.5529719239931717
0.6131819944553657
0.8507504725247589
0.9847768278753373
0.285187478259912
0.9285686404795328
0.3165206308421866
0.7879306017061074
0.7388473863416126
