1558122
0.7747536573072659
0.5102186341073568
0.853751763600391
0.34357325323305876
0.8854452269011566
0.3258863789158959
0.03617904907673597
0.9437940850132056
0.6129075523878785
0.4258965827260406
0.07869966691258368
0.757305020127484
0.6226689623707575
0.8306060641324705
0.626988058896986
0.4201054289923989
0.016289547334776056
0.3097398140184757
0.4768345393507456
0.44560804940796805
0.12969662844576335
0.6335816925655028
0.18484012139731998
0.4134521829055662
0.9079674123845538
0.056717562124181
0.43159926007093496
0.5392002669502479
0.33388488187697407
0.10662732153972432
0.8065908050812285
0.09613935805534612
0.7166934667411937
0.8050855291130866
0.02872348323243623
0.8566989339233677
0.25783315453893974
0.03724541401820258
0.7424593477868996
0.4485347223139514
0.20203234712378126
0.9014442351855161
0.9366643062701167
0.2791179259856569
0.054990934626948484
0.5221824902628611
0.7218125115059002
0.47270788238015793
0.802987023208854
0.9893935575326536
0.6708970646330971
0.08487540853461328
0.8050918483025511
0.7990340451050616
0.18037639684406315
0.7122831058636931
0.0452797321475481
0.4131897058202285
0.33971249769283807
0.49921812337713445
0.7295704633217908
0.33230518181729973
0.6115329777803886
0.4574115416325657
0.7924440163246779
0.3778108412799568
0.21917656405135955
0.9619681929874426
0.7371184551613361
0.7203328063547505
0.5143571674307436
0.2637692307410666
0.37588384363591687
0.556837669327855
0.7549089497870181
0.8674990973034005
0.4595360348249443
0.23947613843152082
0.661051004108815
0.6644875871035268
0.8890564787379552
0.08955522014454953
0.8383368533423634
0.7808468558884355
0.18803507767977568
0.09198139065092203
0.6564309248532922
0.2039219132171155
0.18093501749257734
0.158682139686117
0.4550799341293086
0.38386270533132105
0.37015021758343636
0.6739270666808196
0.012124633757346515
0.1721646971539873
0.33390699228921283
0.5901334894937368
0.053123060710196235
0.6553135952836721
0.5774139954739832
0.42965607987065857
0.20813365892925495
0.6692098447219328
0.661265191434903
0.1662236981456613
0.22843276798173895
0.03883650243476355
0.10395257255292467
0.10910089743206242
0.4644177850452712
0.8776739001098433
0.5094471971537843
0.5937155658622375
0.5756737835489343
0.6026532807043009
0.6061579109689398
0.49440809784412
0.1951578502043605
0.6729807441932704
0.4001794799112256
0.31812179374412775
0.8016820915094767
0.4449517712812655
0.4435929693852504
0.9122682709337735
0.3683529226825486
0.9499158759704576
0.2976826951657543
0.6256651403201431
0.44935036484454427
0.8488397641295978
0.631286151614495
0.09835811767900393
0.2434082643401151
0.2944566247430913
0.036094191627258576
0.7243034906203208
0.8295823910986759
0.9407780188765789
0.5635709671081748
0.23030019489748432
0.20937019313692928
0.8797843910615691
0.19226407165079828
0.7452262906279472
0.008972538611452974
0.8563984226146103
0.9196274916618059
0.19554722892362408
0.6964641993550941
0.7153854652147078
0.9390810140101888
0.8562282225442258
0.9508665825098976
0.6676137085990922
0.41088166907923485
0.4105969724278975
0.38359259934754975
0.6281461264029179
0.6644841773289463
0.9283666854779989
0.15746019849462278
0.5749249400329697
0.28041888569506046
0.7579438355773835
0.17444780574032193
0.6043490258601839
0.391317386962179
0.44730909855525625
0.41059113815484005
0.11883301155729165
0.7145677020364264
0.4571735115605704
0.6648976543692573
0.37147647510748993
0.283181767144821
0.6107766581160619
0.45888163971442264
0.414260365187774
0.5768106280085423
0.9366071331491554
0.07429885942835057
0.34872705400716253
0.7714432819701147
0.8034901711128634
0.7488871699005131
0.6618891807672906
0.12417741610326638
0.021900710933316914
0.8633950892645716
0.34515203151870133
0.08855123525502662
0.891024901851618
0.5479077304619102
0.44032245374112156
0.6162777813668485
0.008006620871186865
0.5114555778341027
0.6343175295378292
0.24282406619663532
0.023980121244924657
