1619583
0.05611802619439987
0.5329738701475937
0.9771294324081009
0.4309031078558393
0.17531087601360362
0.28439885566410783
0.7198587218441738
0.8938700647505995
0.3556726460438763
0.2935931524012645
0.919937748488387
0.6054979694434923
0.20294175463896336
0.8726133152584613
0.4457197570262492
0.6321421297259134
0.2944428596182247
0.8043327485083813
0.19498341165779165
0.2461129601409473
0.7242775281890282
0.9628973847435689
0.7970644651096667
0.7937289215133829
0.6520406218852672
0.330262396730735
0.8707741725166703
0.7359550133407375
0.7918602803733437
0.9757350705985318
0.6933603764938916
0.11654009074704141
0.18578676836735208
0.8242375798986714
0.808617036215198
0.8619803668165904
0.7940307166490147
0.32904325404438817
0.056351241953063735
0.9983005637445004
0.4042790904674358
0.48602825982834896
0.7407670696218578
0.0815582178589026
0.11329271352159109
0.9790203019794972
0.17192775577321318
0.8821409222092148
0.16621689325763034
0.6296142562212942
0.6123092131310373
0.6373397629948302
0.25251189477430946
0.7398646456816195
0.7395593667645859
0.9923468842855494
0.4521380308388657
0.36255314641128034
0.09692915647964218
0.0867391664163073
0.9016052374253727
0.011268751018945422
0.6444433501403446
0.11167326321144744
0.9067249396462562
0.8313273111069045
0.4467296694934749
0.06243254302859491
0.6673774622406944
0.7925957702827663
0.7375275404956181
0.3416294524688509
0.9993355828524341
0.036576322869851685
0.08624857379315798
0.3302813735828025
0.43916077201753223
0.1126440088113958
0.15856256360203502
0.03714228306324763
0.9004158932986617
0.4721205648697432
0.6108346346216418
0.46108617703466337
0.6129139681379201
0.2539065486721013
0.9873403770336499
0.35700243011456556
0.4214497994693427
0.09168286525142566
0.0995376556806229
0.6825774312877108
0.6464373968486148
0.40023133393400767
0.25827503929578366
0.12150095199826938
0.6161029823554872
0.3572139974026939
0.9026688698733988
0.7280492470881735
0.6683597185135634
0.5867886500167969
0.6234818394698525
0.9186618635473964
0.8902168724058437
0.3727285259844991
0.3141881249083225
0.7480423466454806
0.11355303325199384
0.08125181573823093
0.19951145955434624
0.6504773340049695
0.7183089077513846
0.35755700547382996
0.789073889605156
0.6014829618822007
0.607632467966844
0.5750976852691919
0.382895010942388
0.9605512696764901
0.31423539153850466
0.9629211526423485
0.6158324680997795
0.09268303414615653
0.5731963483946985
0.8139327562675265
0.6696564458526834
0.23455825195156133
0.8536732899315828
0.1857377985552905
0.20430254464710074
0.970608933785566
0.28046354546968766
0.5457517123673864
0.7639483565176416
0.11492328517053951
0.09607695844297992
0.8835582191619739
0.39891151327284835
0.7568242080798196
0.31496387376335877
0.9160341739436102
0.5109677747041896
0.7211292281477159
0.5037664287237669
0.14454901514087148
0.47753964791886794
0.7185130320343637
0.6849380791389088
0.6885860010401005
0.43930779810654397
0.017057788510020377
0.20580304230757784
0.016420596178209013
0.7461483810680889
0.5529904591281654
0.04110346474514226
0.9210317642973468
0.9479017381428484
0.016770543880818334
0.4043092199030762
0.3482097756191713
0.8893290966710703
0.6001056473333302
0.731441536026352
0.9738639752594107
0.42271547413391275
0.77013611493695
0.07088807077104331
0.7488225977259031
0.48692853399693836
0.6489445672772796
0.6636639001380017
0.981955997369327
0.818344939363956
0.3197097084994234
0.030799459418220376
0.916243672513389
0.35690706666959393
0.6552380921955766
0.19801253967408539
0.16744444510007295
0.48967443145217315
0.07027156546784619
0.7825487482339769
0.8413182819584302
0.634586214282323
