659267
0.9475514343427254
0.4675297066662809
0.4587794111801998
0.7698475099648255
0.16045522986976934
0.6912770469122523
0.45483531797279886
0.8696908380622324
0.33158936531600003
0.10267344228313835
0.21702947616518242
0.7055351866482187
0.10221865147454068
0.17609204913474275
0.04666496648129115
0.3893775714736962
0.29432665276182013
0.6946565374163605
0.8679906639426744
0.4710439318619354
0.6902193967814474
0.08173363566893888
0.8430908053632993
0.30597494827146776
0.36960991064777227
0.4187896515221179
0.1472976863329536
0.21791201049467324
0.45504426047217783
0.6930989007747822
0.2994455676748703
0.31295887827354163
0.7737560667460672
0.32758033966345124
0.36413476466426664
0.20090899678039265
0.3825132289497287
0.5850783290948243
0.5472768086534223
0.810392476151611
0.1217474897502463
0.0106919822572904
0.19154269222402087
0.9463106703964563
0.36623308701404045
0.6782971933054018
0.9449385621366895
0.2311904690597668
0.9218084631140853
0.6411940242604779
0.9235837842352683
0.5965044575666999
0.5811107129378504
0.6518513982266968
0.018868781478447838
0.5456671880334766
0.19601922423876883
0.9120101303167166
0.10952101314697393
0.997331707973002
0.2504820216611572
0.3419443276221841
0.8307091551848027
0.6357747412988646
0.8246238509643401
0.6164702551640481
0.7251674817402332
0.34457299769608785
0.5295128622746887
0.0053308215095879685
0.055423324975976684
0.48043701768328606
0.4616882214420772
0.8768730197579462
0.29156267339996256
0.4559828309455224
0.47752819458922124
0.5764744602342404
0.30557016355260513
0.3433864982468261
0.11976450070715683
0.2749645637729843
0.6011315053943598
0.9852797296339482
0.3419256497954608
0.297324558798442
0.48688777469303113
0.40490953177629707
0.7712179106416771
0.3882401531794544
0.9614826021599127
0.14449844863397654
0.626329896868885
0.3486189806424962
0.22034502942279655
0.5289065828747886
0.5638726017258503
0.4859748253166021
0.11700197089644648
0.7511098661885304
0.6656439271748374
0.36161906261230714
0.6158164275426917
0.10667377139001666
0.4986325695319529
0.38888917879550466
0.2583982506008312
0.666315548083367
0.6806536416753673
0.9391830359806927
0.9325369268932084
0.16881174252794662
0.6667338457629753
0.7463568812258987
0.7803560968234478
0.9409226468112907
0.5348417712367226
0.5650839446846629
0.9114927159062727
0.20666828325248698
0.3942843165724923
0.23505965192269518
0.6974534485929387
0.2352057394560102
0.6660676858023409
0.5304784828987158
0.8149042663482958
0.3947208360764364
0.8917474352205987
0.43299652355448903
0.8784993515520538
0.32916163060360015
0.9157689813692166
0.7564330138767209
0.45795791747690606
0.15530528859157688
0.2560260402414021
0.3727531026368971
0.5094485084332108
0.7895635973496521
0.22834158679700312
0.6414129165109648
0.7679423508671371
0.2570971227878728
0.922802345011238
0.027937595580128427
0.44504856781490476
0.11022109525949275
0.44335392921043937
0.31264154389266585
0.6559458867544723
0.8887512950590851
0.9167908537854845
0.2366893574465232
0.3593767022672004
0.8918512756896859
0.6532522054982656
0.9102350967847266
0.23627132622897073
0.39910699799998794
0.49755975600308144
0.8161665140606287
0.8554215538826655
0.8779686984066445
0.8492124551314096
0.7830196590381306
0.6787241136656799
0.6453638015523667
0.04857768058649925
0.8719189883222532
0.9438667928271727
0.9131992248321191
0.8277957888996119
0.7249364966970718
0.22893038726336812
0.14063488502072807
0.30714172711471377
0.5560528033622322
0.5512327319853816
0.14042454290661643
0.58106331070488
0.6309421434957083
0.18184108695755585
0.4422843716049647
0.28284305209990146
0.7780922541616683
0.9675319378615196
0.003163435560383232
0.642806453711589
0.2013092180294348
0.8435782032921376
0.47245429070638845
0.46222630722502467
0.6224461555505071
0.3935953031620174
0.8695962661347502
0.11354958836658313
0.5732344431495023
0.7667797760998292
0.7121878592794094
0.14729923012476087
0.47638409510453683
0.9982248266944227
0.3446386213801196
0.3369806906443229
0.008660073634199184
0.7945995254100581
0.4605552556857869
0.025548602610559912
0.1224295470571849
0.14532932013998578
0.5864705928239705
0.4504665331496598
