1264591
0.04541538661979938
0.742051685151851
0.5368198257853144
0.3534942990354476
0.6738953568074615
0.49878565751165416
0.9086250510108879
0.31847995397653717
0.9411753156910273
0.06239673116380928
0.6603002241346938
0.13200855736025252
0.9560388425866924
0.12840426278517925
0.48532834634929445
0.2633455043705921
0.6746184843235996
0.7238477627737256
0.9593072594974438
0.008028499224424612
0.043480840530508935
0.7163990453219025
0.011327981410805155
0.8986869250153199
0.5206192551433265
0.4476361274613543
0.28633760681586473
0.5896475219240347
0.23708027105354457
0.6548159471360898
0.3570133482737987
0.6887456157689149
0.46136344200729684
0.28395976075884777
0.2837134340547237
0.21386259329240087
0.9593986045410052
0.01679130718709798
0.5923594601131265
0.8370620679036959
0.3048186239724353
0.3350448436266935
0.3426441564883892
0.8457984747644266
0.18740959790648015
0.7278861218886293
0.5927474804325292
0.7985236158869328
0.29203484128754065
0.21166673937925629
0.23178260857584998
0.1811181098486515
0.3759926456536793
0.6759578644469979
0.8474832883985923
0.9809263530550375
0.7596822175321138
0.6957868553317373
0.024182204555283304
0.9867751572831874
0.5636161051635356
0.35722623439138146
0.22491975175029677
0.7962075126948978
0.6742315044076123
0.3319612585017848
0.20156120067913186
0.9652651585164775
0.601616840444116
0.9061889143610966
0.6980895298729259
0.47150438135284656
0.10418417526082924
0.920177697988145
0.06478033964871144
0.6775315050535636
0.6984821428991057
0.6070438470739025
0.28475408596096785
0.2801963066553663
0.9467578179758741
0.13277701982178247
0.8294401019280153
0.3096823004280297
0.7205404447156583
0.23427383386889067
0.7057757681116748
0.10308568019750508
0.47543357997432045
0.728115306536894
0.03550380724283675
0.3186746772210767
0.9404668120640267
0.8200502285182861
0.515718645724502
0.47987446523368604
0.5247714979163867
0.08362303273104732
0.14985305171519536
0.24212253722802757
0.17500984977660528
0.6961116692627473
0.7095846853766045
0.5610923806948845
0.3789002636770399
0.02091732299270954
0.4906811502444831
0.20738414853384857
0.5033458333354389
0.9077740341686243
0.05959152624431774
0.6206328120779546
0.6800875199602073
0.1456238195322358
0.852631538971893
0.9250856644555305
0.007466677484094464
0.34772813645647016
0.6858978208426164
0.03905310462346279
0.9237969018488598
0.17456429804864548
0.4615869340994172
0.20223716947627257
0.22600774355746134
0.2072812331405528
0.6151827215274377
0.9177952571737464
0.35663829763376187
0.9729660101770343
0.13801558350178655
0.2600968775450554
0.2629219085808613
0.592698587957181
0.33098562009389676
0.7344830686305274
0.34361731425065545
0.2743495392494616
0.7977810258008289
0.3919404976484798
0.7424061441011971
0.40430137798843246
0.5697122664298665
0.6994523738019858
0.5210902493053166
0.3057509912519687
0.6693212090528805
0.7458914292813611
0.05148652861261627
0.8259773414212853
0.8662137982410385
0.7236704280092072
0.3018310840074747
0.790934897928636
0.8561038531053025
0.26796828863289246
0.5616685301352902
0.022760060967972118
0.6028446513447492
0.15820063765765247
0.5486163594087807
0.05425412330190982
0.12326367680474037
0.09050594220493113
0.7710582220394615
0.8941334219485895
0.5659058005922996
0.7153689867162041
0.4827343832105847
0.19781299409791608
0.03732806863937421
0.9011063475135417
0.5583610824088459
0.9807176089483575
0.2633794871815671
0.23178836376002365
0.1438251883302567
0.5745899080930882
0.8379374254948251
0.07727547444790095
0.9901644200151519
0.8719922934314739
0.5078616812539632
0.18339699795873943
0.9674570422912991
0.03017558871676196
0.6704663581263541
0.6219024802778268
0.37290980152632314
0.7127141138314341
0.018598517493920608
0.11266752904116495
0.29684618939630425
0.635783500696387
0.058451950774119354
0.1847373001253264
0.4909615751743296
0.655683944037571
0.04653309418599538
0.3781423310222015
0.8951258557160048
