1033187
0.8851882449027162
0.744735564096767
0.705023250574522
0.222177947461499
0.35852061221342924
0.2762686573809313
0.8864521884178297
0.7745709231819881
0.5782486185449806
0.28022407827748086
0.46044050276154236
0.9723906410759912
0.8720972885730462
0.5088546127798358
0.7169738180739753
0.909184205958775
0.8636712706321172
0.9891771176318307
0.5575169108600319
0.6201996129471471
0.5182965707514049
0.8793015136476824
0.7992829255532192
0.6470510110543153
0.1636714227832211
0.1899264292430246
0.14866228327186248
0.9134888680618952
0.6047407759677716
0.6127312811007778
0.05355892250448868
0.8888678790916983
0.9531868013701266
0.7999335471719738
0.9109825749881199
0.5090697362142395
0.07415356547573404
0.5730690211462448
0.6540975394742828
0.34905192643080996
0.6163009307003211
0.7040921755380957
0.5720300362758854
0.0968578335735254
0.4360091497283298
0.108182434047836
0.3260875872444412
0.4658370943446659
0.852532298301551
0.515181399666521
0.5176456396936922
0.2999900836940901
0.5781253115107915
0.9453753964629691
0.8358081235067477
0.7767633017560609
0.35564546005992936
0.605376046838924
0.7670500813614979
0.2922876845758653
0.305856607228006
0.1411416746723959
0.0844023450146052
0.8259649637014538
0.7376401864909781
0.5377203579977047
0.8503395220258606
0.3244717763781486
0.7065438420381835
0.33908523758868536
0.46538429065872067
0.9196652520073405
0.920575425700568
0.2764714782052544
0.37354241600022375
0.6005376442420508
0.6868761715692542
0.8399132545248037
0.39603477246458174
0.29628191214552235
0.4688836702251281
0.8052185621295892
0.30639358607041567
0.1956939053500264
0.2808220227670323
0.23740808994677998
0.18284267211273064
0.527551273522841
0.5848324511540262
0.03168421842491642
0.27798181048888515
0.9572728499541246
0.5757851940622513
0.6242845962585759
0.6311479976278725
0.2170766024479177
0.7397890310112262
0.10811423083945038
0.4154272962146125
0.5800183333473035
0.35464221564679754
0.6218389348867638
0.05914268137563328
0.3127069954462094
0.16394456431371296
0.5461619744452402
0.5107450437518997
0.29715724694841117
0.8013173076945042
0.7372950702509373
0.6263857002775189
0.599153029221147
0.6671539388448178
0.7551735914821934
0.5510506640094935
0.8786609580245986
0.867551307889477
0.8027552786461675
0.13698847703114891
0.18724555119718267
0.5135477081209673
0.8827804420686073
0.897264555675695
0.8781029771897663
0.14852046651305995
0.4996610326902683
0.7276271208945728
0.06624377478844712
0.32257214182547633
0.08670485701748865
0.6464710109814927
0.3195190420371299
0.3649618604320205
0.22267022338257214
0.10053731035955293
0.0355989068666509
0.21911366312687264
0.6166855217464586
0.9630882552049204
0.26567585369277025
0.799461227381514
0.7868572070868483
0.21164856253713515
0.5825796429352853
0.7053643329547274
0.33542871968620036
0.414005801524159
0.9591548558139259
0.28455966641160657
0.7321419151565502
0.5740138778449049
0.5221656606262084
0.9770839274441608
0.5574917865269863
0.5928454767498754
0.4776570916532169
0.5903354752774893
0.22885413353541195
0.5866909162233862
0.465615484278575
0.65691545488651
0.33500487704837345
0.5685019258496098
0.0949355808666249
0.30911739927881154
0.8383392571068047
0.5492312224622006
0.43411493317258276
0.16741009798158735
0.5691373288163792
0.9431194797859258
0.7887613634451244
0.5849852270521394
0.6325120061044858
0.2719335600058961
0.18391228030883333
0.2164178838366292
0.5762149554612233
0.5546610530201058
0.5873294661832781
0.2857146262201553
0.42626382076228253
0.4420176398520661
0.059346609977263265
0.11750032827768553
0.9873945463693671
0.10922581364207329
0.6955110806257196
