1921675
0.39012599185146324
0.912270188735003
0.07732417776359313
0.08247611980389857
0.27667065625041143
0.4270103538092289
0.08220765292256837
0.8579652994901542
0.09666182301867399
0.4816669202961318
0.7606714929298745
0.9482334168714592
0.6199546223427619
0.25693368241802006
0.8927816104741612
0.21754883750543952
0.379228298860936
0.6000359753307482
0.28979102563088255
0.7275757141760781
0.7853350689169629
0.6169045218059553
0.6249355361491987
0.9956669631519068
0.16549388615602645
0.6459725369819189
0.29023908189661396
0.5686335743662623
0.5461368370766194
0.7315465869397804
0.6172499256290505
0.4718354600961091
0.16725537517526
0.5438031084439918
0.35529243342678707
0.9381649621359223
0.9113821268220202
0.8028141122618971
0.38773432842391353
0.44747169433913836
0.05788335212345974
0.6556075898613501
0.28493229418661925
0.5142028853426173
0.03202630648666216
0.12811861562854343
0.44193354886218406
0.8495105156885083
0.1083246041843885
0.7279900775619746
0.2296747115088118
0.493803377261967
0.34895372567521377
0.5095324762006844
0.8003335620530325
0.26669800571655156
0.41056814006201514
0.42875422334095004
0.9306532918389316
0.41354957294301453
0.23664026861000342
0.6142254117345614
0.5614727464470468
0.6412201904890056
0.06748073777289898
0.2586396806877602
0.4973606171203384
0.830468590028929
0.6463884944487324
0.19628998914761275
0.06716503672290086
0.5883220072299324
0.9779182778969724
0.8732760493672135
0.4144546668366149
0.46101704896422047
0.5030419301171447
0.3401127380944491
0.4862410680114889
0.06657360595374417
0.09601945204483708
0.10050997352991387
0.7190362664315243
0.6257919206011129
0.8590844292745801
0.1354467108559554
0.8832136991186451
0.37143965521008726
0.2935875608564724
0.18826240825914842
0.5398042720052234
0.0976224988733434
0.06003124491252587
0.44434214023258845
0.08827412731892215
0.674808159277655
0.2044671328505029
0.06807162777371778
0.4394940575213385
0.7007001790994556
0.4250176621488724
0.6700911952071359
0.9350247216112259
0.5831350892520288
0.6798214137150481
0.6694786996209392
0.2520063347985989
0.2584019215402411
0.19649178656392108
0.6883430315825864
0.6823549583721332
0.436860925581687
0.733216794257631
0.5704114525647642
0.3556318948733773
0.7374638498043968
0.762917476201881
0.3505457110550849
0.6868667874633682
0.32375536234321645
0.10442096421264602
0.5187231335120179
0.5737789061260592
0.6861613182124697
0.4083939157263573
0.21987083575033595
0.6422553731450069
0.02884659118483146
0.8208203311326406
0.6100422952717636
0.14460885694649117
0.3141513389196129
0.0930976941936954
0.44977755363981164
0.9520517837200453
0.39359125876704437
0.3853635139136534
0.15708970070886707
0.4509874877587873
0.8116341573926393
0.018454220208812044
0.9653716403040992
0.052133700921772164
0.8069414038708799
0.46993697917208543
0.5356190458570848
0.45215683743364543
0.7554896211727384
0.9809441049593776
0.35771669243935367
0.7494104920015823
0.8009645350577066
0.2430789818228355
0.5421372502998467
0.008534875568323996
0.7000451528710833
0.7684512202331115
0.1512527734957424
0.8930887378804138
0.9736734456237195
0.7109381388464961
0.04856093111954429
0.5410486146944312
0.30013109898856327
0.10305839719018339
0.3544796138990708
0.9449247465859588
0.7117213083349557
0.7003829093540518
0.9889650545926538
0.7164073452570326
0.564080168649324
0.8841972122251571
0.45405993721247573
0.26486997397547896
0.43561923528174795
0.36316824288164906
0.963580150963506
0.0997220587885822
0.0843266965864441
0.7360580417573104
0.26249956020396015
0.17851581391114968
0.34013165907398
0.3300654976605276
0.9951944217501606
0.965877113525313
0.34326248172233476
0.11316651190880278
0.2795604267725196
0.14274403006505043
0.8525064450445681
0.893862106861518
0.2231166555286177
0.7110607964854653
0.44200513684786846
0.4680328005810024
0.4775627543120604
0.5759888519364731
0.2811956196737545
0.850136997701648
0.569856661628436
0.5558607990040797
0.849735216455082
0.23477986573438425
0.670732579125728
0.16951731273246773
0.37772300650344703
0.8747183233686511
0.6656791451365696
0.4813307754559977
0.021258617021007176
0.6326570797340504
0.8787510806355213
0.7461337846390724
