7549313
0.2702267486653118
0.9738972478155222
0.3845221974305779
0.9529995773737434
0.3719287117465452
0.4235858303097645
0.6061265372359957
0.15559085796723737
0.8774266908155917
0.6334956485147571
0.7394303460905257
0.4796526313845254
0.16897349236839232
0.5017016087906538
0.8966597994133129
0.07631612714219427
0.02625943923626728
0.07958542994632678
0.9070045201404989
0.005325886184940454
0.8066621835987023
0.8751592679150908
0.11166155623566931
0.9650512483861494
0.36305772724819196
0.7570564817435655
0.9364341222491993
0.20527213701112468
0.05579067397530191
0.7925937123675073
0.7649863937886107
0.6890543714315912
0.5874717095448648
0.9206919934421642
0.7110519501141982
0.9655365029926042
0.41759108791592303
0.834076995738234
0.11933797875266372
0.01720875467810956
0.1985066056712016
0.8250610793134893
0.012563126863164076
0.5532722665820005
0.015185628758143221
0.6353434401907814
0.24601204444990932
0.8349244449407328
0.20815036538222187
0.542646474295964
0.831184840241994
0.13892422965625306
0.21239618512366587
0.01564011721298908
0.746565517805611
0.3925487440726001
0.1546231749779492
0.27348825445647706
0.5662278165477979
0.34606106964387395
0.9169412831473076
0.9974841513861378
0.4059433259931069
0.8880658002897166
0.9972796588606418
0.25962500107507536
0.011651055036427715
0.7546378847348121
0.7750514492957065
0.45660792540121486
0.296593784505529
0.9348672899773947
0.7251951409252343
0.6676133990378107
0.2711209499281789
0.5334701358559579
0.7145342757434774
0.3903736408058478
0.10310418737894067
0.7153749673903858
0.7614673639214901
0.05240797920363871
0.9971059159594194
0.6277001819194482
0.5433204392963423
0.04293826055703298
0.6868875087610418
0.8712966978490185
0.495264651419138
0.26588167505527516
0.5985381884961601
0.17703798110525115
0.5605219732795406
0.3754502208079482
0.16045179929712516
0.43129681889856986
0.523652007372036
0.9232690299597778
0.31157340006726064
0.09055667039745185
0.38703387201769535
0.6195591987742974
0.9907830896698877
0.32686252699057605
0.4352262347701866
0.7908126880958561
0.27797989490592545
0.9538248122025553
0.4727106178970846
0.9025200782393155
0.9013736455351018
0.29714708199924245
0.21759142681461485
0.7078951171323863
0.025688495115896104
0.6941561767314219
0.9871484200638485
0.18217224308069024
0.5924262446287165
0.23357160908804597
0.6207059642579965
0.9069361584622289
0.9960341808620924
0.6797584838947
0.05110488140895186
0.9800759289743971
0.5487660148135922
0.26496610397517695
0.058132499005918215
0.844338032700864
0.012221001699137424
0.17856235337298232
0.5155869052451755
0.6510862942721239
0.4549910924373033
0.13403154777278137
0.8782217968513372
0.9057590295532907
0.8335412418532643
0.3525116258412332
0.7456385061728913
0.17764684334973446
0.9873934088012157
0.6659038492073596
0.087262195108603
0.5989969509651585
0.18988037263787627
0.21309644556973784
0.11585950790324862
0.7270832881065434
0.0021803947256954226
0.37960122982364053
0.8566253021504495
0.097763737827258
0.9410388669723229
0.21391014072125625
0.17468630824778708
0.46017927974717454
0.3895296039156504
0.5431361350577372
0.39593986597767417
0.2496324311057223
0.25540198450106866
0.4060114182265019
0.684466416749422
0.3293148953600973
0.11300693335255296
0.22307283229648278
0.02432449097897571
0.4114377412048734
0.9524892802856534
0.3318728872058837
0.9943573416667898
0.8544495721949357
0.2038797187108271
0.12931220349185124
0.5217107649322194
0.7254115477984212
0.40391443147655703
0.08369728625860307
0.45308171805141273
0.11523045610903293
0.7298564037542907
0.30588482639213344
0.09228801929698316
0.699334372967949
0.6372871870914333
0.20188262975271865
0.8185694249930257
0.44750746220459015
0.0077834880158298425
0.968533457078002
0.5221008154630776
0.20398435105006885
0.5375883258794696
0.339417596283207
0.871518382606848
0.5825363046995089
0.5798313548584465
0.03986649215287619
0.36283056626940646
0.2511647752840862
0.29054907722104706
0.8679882328706003
0.6899048140910453
0.21715089091080364
0.7227000492993098
0.18286341151700758
0.22379258662353818
0.16559146899007227
