3487627
0.5045694988524886
0.07394826938872812
0.7741806309480891
0.5916387833420848
0.9482050701469682
0.018296201444045757
0.041867026428918375
0.520481778348608
0.24021708964249444
0.07858993156127014
0.057517076189677385
0.901694569991531
0.603757146126763
0.31864740189883056
0.7815943383195753
0.7110289028406368
0.23940104942445894
0.44807242013837756
0.3013949712214117
0.2121982448365649
0.09199565531861964
0.9071276130116457
0.9547504940748331
0.06264242590878133
0.650652921961705
0.28798430466006397
0.8988192030818338
0.5798421920396035
0.6148068897667393
0.8141821192035583
0.8069796872609101
0.4002701921644236
0.9360078382996234
0.15970030915661781
0.6317235685291382
0.025759767855889293
0.8281356496538569
0.10486410767012999
0.5325765995946079
0.1710182456002366
0.8279718303121293
0.39837929122386073
0.13546083822827548
0.401207044922127
0.883577815271483
0.7231081551663455
0.2635428720679538
0.2799558738770703
0.7496850114452196
0.847771215971869
0.15949615489620173
0.13587382330418796
0.6773093681426805
0.8875784641479454
0.005238047520338518
0.5995654731528322
0.4990618491044684
0.09386456768913864
0.23758556447814116
0.26335521796673433
0.732133117409181
0.7461232184679846
0.7569058021170237
0.17236876849627747
0.24768953334116806
0.5294051987546304
0.6307205443798605
0.36831540427380816
0.38842425720948515
0.24586595571556602
0.3053570468774016
0.3762607051364989
0.155266165472855
0.8313181405960592
0.6561197839364378
0.34987419788388674
0.2297562421277498
0.42596540835195884
0.4300909178775534
0.5720817632800657
0.15035952542376807
0.683063443282092
0.7655498038488443
0.14574825181412443
0.9189879797802347
0.5900752099199499
0.5081350947094601
0.0029606599471141415
0.6782680296622671
0.8239573077764969
0.9862552301845657
0.8116778525110868
0.8705937307615659
0.06553440439157654
0.7568865626789597
0.9649580638984716
0.46676491419224586
0.7574899127180336
0.5877803916299674
0.6006704793045087
0.435016960886747
0.5063201772818324
0.6032341018626107
0.5185429518289868
0.6105070533098882
0.7006709389838085
0.08796303323888943
0.9365927125784103
0.5208293347854996
0.9467941414742638
0.9172438196712334
0.26043271618688724
0.5248893815275747
0.6064342758562702
0.9613818526180774
0.42664131975997477
0.8304760883342841
0.06327323130760043
0.09868880887461118
0.9253282281112443
0.5701266944547421
0.34113303871143885
0.6635387635526457
0.30722524602155465
0.13538922975290069
0.35045659002340346
0.2547044190984794
0.8370753309258155
0.3963433713544059
0.349156076574741
0.8340574216488249
0.9677892121363382
0.26624953117954386
0.1697397201907096
0.9568502311988631
0.47878358770173235
0.31045302613314685
0.3866974943428152
0.7921789542500909
0.4471106687347868
0.744178723298304
0.8764469171292052
0.31585999155689104
0.7014340787022709
0.21560860713153063
0.15671004764269336
0.6878363025440598
0.04660109997501749
0.22864313050447105
0.48301364982768324
0.3623607521613438
0.3405070796727534
0.9240047662082477
0.9270740915889171
0.9215886471074691
0.45514283727837324
0.20784998781828268
0.5651497380159602
0.9718425852807693
0.2601609623034019
0.893813591179646
0.4640128743547669
0.6966967064084364
0.02999299454154536
0.6074176844830513
0.3680146844132036
0.8221599621302315
0.09449373642405867
0.6910345311807256
0.862785834466424
0.8166204614697046
0.12828535020036425
0.2431011382054088
0.3194367335171644
0.12184624629091312
0.2054182548836292
0.7270406297388112
0.10769098330888338
0.0912205804998053
0.6336617652048817
0.2933537163369574
0.40720630815210646
0.09752221992428389
0.6266825379260661
0.07260130653010055
0.4434074282554109
0.9649446273092689
0.07256411874305102
0.21750661738242305
0.12747556650328495
0.47868025000124703
0.013566290169812811
0.39916386966553363
0.8897097661098754
0.23027933476939455
0.9647182390139207
0.7953474495085644
0.9612952747481461
0.4681251392478465
0.8677849105403331
0.34817424534533903
0.4815850371952983
0.9397504220114818
0.302340952448681
0.21387871827325777
0.5863198513930097
0.9363530529611107
0.5571324333410955
