1024800
0.4707597512786684
0.9884993829932133
0.5673263034220442
0.9121958673448257
0.865073179593917
0.3893884882277181
0.2462868616929904
0.6528869614308633
0.6084011674173329
0.16339236702672377
0.6910717441000837
0.3080281317038783
0.8777081117306682
0.24674540282901314
0.051746491295323827
0.3618734378416627
0.3023519235985819
0.6555689472720566
0.7501790410514891
0.8218962371817681
0.7327418862664642
0.8964971862500292
0.23541714218457466
0.23717103666263184
0.6658233866249171
0.8211858730827554
0.6871067118949786
0.24591987694534667
0.893460343949719
0.5027375640396672
0.12608826378239635
0.25222903573163635
0.3899808698913655
0.4825843641603218
0.7946283465329609
0.6805750670406645
0.061597655916745264
0.9131275963815695
0.7283138715240742
0.011681913055257453
0.7431092805009247
0.7044408155317978
0.15745720008120567
0.4643636013410971
0.7462345468233238
0.7726013598309946
0.7479299211306522
0.7553899472862305
0.33912671835395325
0.8827226047641263
0.7196643311971793
0.8430453469738275
0.7680602304867514
0.38151734211490573
0.5656308998749568
0.939933631324495
0.8199775864688008
0.32223050712154755
0.4349213989608346
0.3667149092140035
0.46852944034438326
0.09903699795952947
0.24063673495679228
0.01084280404504856
0.846436328481442
0.7285086022488033
0.20659944380318918
0.2530036770205385
0.6434456576379085
0.34251141099544713
0.8764811228278683
0.22884199002637773
0.041853002404123374
0.2899031706358246
0.5747547581859049
0.2046887409499697
0.4705019121787918
0.48365777047479674
0.9309530128810866
0.6633930683494952
0.7833720226576202
0.2755518285251253
0.3570334481986821
0.4199895679624722
0.9503102660547035
0.1923063917838107
0.30222185015584835
0.7168165740768392
0.9851553912158256
0.32508401953796595
0.7005255161061986
0.7838342154290878
0.6304515264957238
0.028500041639329954
0.27317830302342605
0.7922727907339702
0.26814142950230146
0.8558141489334137
0.2515998787468954
0.4783757825897501
0.6320759033793715
0.333726259699619
0.6460215498906411
0.9688840789643501
0.16087047343854377
0.26320875444784464
0.4007517851146861
0.5010407849136174
0.24858650777053026
0.7220645641379914
0.6491244709062792
0.797279443217948
0.22590871464694728
0.840408798463339
0.809493504133511
0.8283902911723279
0.6359364293270665
0.7220291509531832
0.4482076920486162
0.5788428188968593
0.25640150864719047
0.5925883040891607
0.6763197832087139
0.2140755608317516
0.3640708344817941
0.3698889373120824
0.34385432676738537
0.7419461637750703
0.9372870424763821
0.3719307998843816
0.44877928384129206
0.8591689843199493
0.8490454863332537
0.8052455810504912
0.9873959229743019
0.1784486051475549
0.6157023903768469
0.009004639343651588
0.9386831745140287
0.44315187751240015
0.9353525693624166
0.1696513936827574
0.19720145310489923
0.6537431214066085
0.07511215707789642
0.3663185034119818
0.04748231810355863
0.25384013415788387
0.1479854806781018
0.35904775669420885
0.20740039893817308
0.6536316444221568
0.4576919980857834
0.48983818940344215
0.5588439285535726
0.404529250333176
0.38377347835879827
0.4308058169061938
0.43107109089395323
0.2813101731826503
0.7294974325750231
0.28424638947041625
0.7054593799323682
0.37663971719935985
0.06151778153845311
0.71615025695218
0.06992558446250152
0.06774492663431908
0.33294973910638015
0.38772604790825127
0.4671141692698261
0.37614433340081976
4.599606498558728E-4
0.938747939006454
0.15252252405889366
0.8087208505039114
0.9211699383605709
0.17204917180529966
0.807051306515084
0.2420582322140411
0.5466143093307264
0.8902419272312307
0.8330389565817223
0.7918437668130144
0.3186922582322087
0.04375184078538419
0.3036594533849546
0.8952733908541188
0.7164951034613612
0.46351296275519893
0.03263256732041919
0.026777428715015428
0.10308803331897742
0.47217708918700485
0.8845169428833269
0.5660185735082941
0.377770178068626
0.0944489637045356
0.7554253526447958
0.3419965383948038
0.4520316800197216
0.4201665926908368
0.6198231726249533
0.2882258869085518
