1875251
0.2900568826632145
0.8976256441806295
0.39831283110925675
0.24353498039334887
0.7392739848037956
0.9512395304284164
0.7411141864103342
0.0715126507832522
0.15999585662345162
0.35210276902927906
0.644805845073659
0.5065807322330115
0.25992998060466455
0.12555595743703107
0.14012869488339075
0.605527929050576
0.8622390071527356
0.8891459612729548
0.4385771957449488
0.006317413743374911
0.29018227882197944
0.35987770726837076
0.6961821756656769
0.8469852018862041
0.1684643916557701
0.38572478710522573
0.9264989718893805
0.31641724053208764
0.18172665568805468
0.7627815372692235
0.6486466776879002
0.11645476908528185
0.5229999573394889
0.799635300023921
0.876752302287892
0.768097909169743
0.8635704767916386
0.4469823742773943
0.48391146415836983
0.004147309114968745
0.6805924071936176
0.8232065950906858
0.8067848462066404
0.45644445465679384
0.6899149452005011
0.1355850749332974
0.596207820187419
0.46794115727294927
0.9489731519666492
0.32198047465347124
0.06469816002576234
0.13814956318367377
0.9182254147439494
0.21932488662766803
0.8335045932656467
0.6450935691733515
0.39950315838597217
0.7028955314695172
0.03984683316280491
0.4777037215588137
0.8057708504097526
0.03432788708327317
0.7292558102521042
0.4596673676985692
0.6591775241195357
0.6065069290893608
0.928429889443411
0.3490662158755061
0.5629138046573159
0.3799229227123807
0.4707816288468779
0.357704211368002
0.1472710309342472
0.5677730289772375
0.7298565482213786
0.14984835334172775
0.651432133162612
0.5460357351520012
0.9050638554454842
0.7521756661953735
0.8699064378710614
0.5399400771731819
0.3996667445431332
0.3350401657130291
0.16615381134613116
0.36969711649362347
0.13273713088733363
0.009743222128093088
0.13582596867983032
0.4260564948529676
0.3347884803069896
0.6273117968892498
0.2881857250220734
0.09019598377513793
0.49105732146948755
0.06135889062573885
0.8066479117960687
0.012647590710420209
0.6169124727674664
0.6109209150715559
0.04801823610429179
0.02240869916160637
0.9766281943862204
0.9687372338984833
0.9448893458962473
0.9500823363757924
0.6897660456751626
0.6662571806772013
0.8867862849485082
0.3178359659668274
0.40866743067787303
0.02873018669105687
0.9730359928923558
0.674163179256926
0.39606690076580964
0.4520553264753495
0.7539686141994708
0.33287848538132425
0.8835938669627954
0.24763612463010076
0.7069410235156317
0.4134702881477319
0.5499386627349463
0.3923079183942598
0.7298061066905718
0.3738825922999961
0.32171625162606154
0.2674740706339247
0.8768334075682663
0.6769914667610312
0.4705687236531211
0.8749089436812405
0.4107206956047267
0.838487211577252
0.15680580161952784
0.07625462006239181
0.999217596740079
0.8665689293646149
0.15289030230981016
0.1190597791534137
0.546016100214353
0.02280325624532109
0.4693329871079489
0.08427863256814028
0.7129454673450989
0.9086942109304683
0.0010695648159209092
0.9184685297585005
0.6641412568133837
0.11395692078226527
0.11415016701404768
0.3984950850623471
0.9427419010931122
0.05018253263588468
0.3005791482583646
0.7173740294133509
0.6767983165573417
0.13752786430552078
0.643401478723314
0.37694912630566313
0.5034652814284019
0.21225770886190287
0.8546393882219842
0.726425948824843
0.6991759829668635
0.8794137740303959
0.07544071838233557
0.7953518243950741
0.008383933373450558
0.5475790878911455
0.4608085100159326
0.03545192228126559
0.5745894573136703
0.05165232622109306
0.8105389950310472
0.20780271471254086
0.19475017929060467
0.09474147088946172
0.1535029279575979
0.9301432945810021
0.8418087257692712
0.22173202752310295
0.24416315577302294
0.3336964086381745
0.02995276282798809
0.6747796131321586
0.38822906901336096
0.8696904224383708
0.13335568912559503
0.2749230507620858
0.8786061915294899
0.5528445270559945
0.21152930601208342
0.42420818500400215
0.5933076639836053
0.8323991240828588
0.24305204033118977
0.4291592724266058
0.9837509260549955
0.8408443158125707
0.9243198274247519
0.6091287594808675
0.7648722727085566
0.9863191294352177
0.3510988153352802
0.07200293139363778
0.10774841382723999
0.7267249016827934
0.9680425915463364
0.614934904787895
0.030922755514368072
0.8919161320272413
0.14496885938164938
0.9392229447508598
0.9883918950035941
0.10490285147687883
0.6185735928741017
0.25614655406126174
0.3602151519022285
0.6938185111155273
0.8243936185323726
0.4045183673298737
0.6659681428387448
0.9834779108864653
0.8362109374470772
0.8009053640077741
0.8417694461097095
