1203958
0.42207743547389887
0.1747141540763183
0.49472740246862
0.6434803809947064
0.49531435850315253
0.8662981289199239
0.2551493296959132
0.3059926410628432
0.6073469300231098
0.5051659257168669
0.3757867336690285
0.07271280220500487
0.8913748971761404
0.8941035711724721
0.565468681206918
0.14937521702297307
0.2250890997164816
0.4654371941360912
0.11500561259470521
0.7512709397184579
0.030939162338561088
0.43170577361231477
0.37712769524897216
0.5766308130174285
0.779591979689715
0.9398249860149474
0.5510087525689705
2.5102760672401914E-4
0.9396532967705431
0.5169811822391192
0.9270457079003691
0.8483537806687612
0.9184831688631289
0.7810639900214928
0.12744671188822965
0.003370328255892785
0.7469430508368603
0.7292670744912917
0.1643136462317789
0.6312800190939534
0.8751706660935067
0.9155558768268524
0.32928757595766234
0.5243332982706943
0.4669863159464218
0.4810229641568752
0.027458687579818064
0.9084325905150767
0.007292251987730869
0.31072025613775356
0.6731247952734223
0.07713983650688339
0.8698344764298918
0.5563790736837031
0.6761155751318402
0.3832251692214391
0.7319542310431113
0.3864985273231012
0.36478233012370376
0.44386636510110655
0.36846402221175545
0.10360323663704973
0.4153859213708805
0.8970538679989151
0.4085411869696267
0.7030417349257306
0.9874984205190884
0.6844516454822606
0.0975395554540609
0.538517462667855
0.3011667452480108
0.6299095544893708
0.9698775882107271
0.006613737790873597
0.8339693035878823
0.033017968474942316
0.6096694472836349
0.06589565439963452
0.6647296267851013
0.1035409557267214
0.35252281456153056
0.9657410042681536
0.7455338616707312
0.3252593448075173
0.864935523649163
0.7758733137163791
0.04483134499563468
0.2567006856642725
0.026980672869058142
0.17964024536109513
0.5717808735275107
0.8514279684347567
0.4394777160449672
0.5224008088159434
0.2656377628061819
0.1120048143148501
0.1786047864488287
0.29095516102806285
0.6138596507251048
0.7794497221708008
0.12891543612748102
0.04077138968851568
0.6487418025144406
0.8039374502166973
0.3399809038507138
0.2848334146510656
0.6647756794650034
0.5427008250568466
0.37238633428977386
0.011255053998088682
0.5975569401903195
0.9875318116634096
0.5255677127740503
0.30637520773388927
0.5099523553931377
0.8369758470669337
0.17298411926373658
0.025869652192202275
0.04236748723906503
0.8972584760999268
0.16937695889575233
0.5784848753197986
0.0013400218689519905
0.12117928743377171
0.44037667250998824
0.6653205349835526
0.48431669265214006
0.575652722707106
0.41647456717012765
0.25215627069324364
0.06835368980877232
0.7662713370787579
0.931385322351829
0.1431398414560957
0.626614448254913
0.04121170973095922
0.5690837367274961
0.27122368023077525
0.27892055272292415
0.24699929872180915
0.214306980999878
0.2240566787851751
0.831244937572872
0.4150929470936643
0.7380713120495409
0.5836093126370896
0.813918712314562
0.02094597805915155
0.33276021058939564
0.3736296271004298
0.8894566141224503
0.2761453348336541
5.987219234575569E-4
0.2810984850332142
0.9682881463032768
0.9894261545062445
0.0948363178799031
0.3461726044141735
0.8443146932859851
0.7638039671415713
0.6147187515999287
0.49967407912397965
0.5420954157978295
0.6847624821468838
0.16333704292799744
0.6680055921992278
0.8535981188938018
0.19837987568184634
0.0916993726017632
0.1624411142403065
0.7348331066281761
0.5784719964408869
0.37287985942658697
0.7230610851755457
0.3313220454897149
0.23827615783584744
0.17685573914603536
0.8971731371433219
0.4062355243128717
0.15489456988082317
0.9496521465476433
0.39787793725296206
0.8561668809815244
0.8436615517976487
0.039671955606173204
0.7105112977375776
0.8168915998191166
0.6447944399961303
0.5595955703566593
0.49301356404695607
0.5850954745451812
0.566132762597334
0.22399347810767267
0.2508474455019336
0.2119365332421148
0.5634662497526257
0.36080204639461777
0.35790597274908487
0.16043945723129827
0.9338969213578511
0.15907155351821
0.7419227788870536
0.8611032443197124
0.4478765374812387
0.4859020030974718
0.4562165723183933
0.34873617858165074
