2252872
0.2681737524316501
0.7870904480829103
0.8840702833258867
0.4049476235546501
0.08825830398822687
0.3375395603938318
0.34031080154804993
0.2823259375913797
0.25700577112653045
0.20042929691757438
0.6039240054884378
0.9540852416700896
0.176246396151438
0.6296961274259412
0.5318259555721061
0.6411569810335238
0.3684244403996002
0.5013236690874595
0.2188593868500961
0.29309773598735145
0.8432091918914415
0.7689296422341498
0.07480647191402245
0.26503797536644413
0.1032707403935964
0.2938771297003121
0.008172353107776864
0.5380543399814278
0.3740901707941995
0.7268202162860867
0.6829561300620899
0.4513800128994936
0.8819311997878989
0.7396649830985838
0.6320092122711679
0.24006255337478022
0.6496082701004735
0.18524653064559804
0.7342138837423952
0.15312434534494213
0.3314442887208283
0.6965939464149893
0.19259729455811458
0.5649757068089705
0.0668177776127471
0.828474191976422
0.6866293230042447
0.2867763771258349
0.19595908473095114
0.09097732114664547
0.8143354857382835
0.23463609991141288
0.9521607908665936
0.12822527585480437
0.2884885954111577
0.7179907653728045
0.9213271269651369
0.8548565728732581
0.6060259649849443
0.8741851006511979
0.1427938451302918
0.5787600587861375
0.0709720247541048
0.19423931438965092
0.21460870545194433
0.010600873720047477
0.11852802988631739
0.6599712995800016
0.6619694671555938
0.5890020483541193
0.8616248184405687
0.7440923130115178
0.12927526809788137
0.734815674153071
0.6611158337663884
0.4125882037095763
0.6642542944963498
0.4887378418887379
0.30692191571158867
0.312645159097672
0.47688855890576565
0.4835916128384764
0.08982083601025359
0.5295723773573244
0.07636486749518256
0.35592299013680195
0.6422084199944298
0.6526211207483888
0.6160382222267935
0.5111249578132117
0.9310403509596378
0.4022936860748052
0.6094022792695003
0.6221248822312623
0.19729663029013456
0.7406816836071812
0.9193189112286412
0.3637410292597567
0.9536935697683575
0.21156852863893139
0.06826700686387777
0.6631343276319461
0.37600118195882537
0.23847553500354857
0.4691282256092696
0.18135152146092282
0.5532060459025987
0.24652751205503198
0.13403532496693127
0.8317766054647878
0.09789340865956131
0.767957760957356
0.7830667179044353
0.8883772412825083
0.5606042049402968
0.14126884943230922
0.04507814107197905
0.6399536792839201
0.9405561750372969
0.020510150337825994
0.6197210326482567
0.606167501134822
0.34000080229926277
0.673828510997772
0.8527039142499337
0.04694845944241843
0.4706203887712961
0.9693941449453504
0.16561193182489953
0.868947184571965
0.28775289699892304
0.021998594373687674
0.17710678698636084
0.06102263973270894
0.5018645831385776
0.7050674117654905
0.15408769717602533
0.4753230279536851
0.09657336194286636
0.6205251455503124
0.6394010334576059
0.11133917674694727
0.2686587861573281
0.6628956730209231
0.7169450278805155
0.05738017358159653
0.397877238056743
0.01421650179816869
0.39552318466592307
0.89724069274922
0.7530336576819239
0.2627904200934106
0.019557797511244868
0.6994003067665843
0.6456442284401919
0.35149361891962916
0.4477831945788273
0.67191519088484
0.6536566544068839
0.23030461632812904
0.9802957366313529
0.1882326781083411
0.35507857281211574
0.412913536040464
0.659845687317639
0.1674801623529122
0.7349959433810724
0.11871676892327732
0.6250136955074302
0.7273490924758613
0.05934754625391647
0.31919716466962456
0.6509226271887
0.6185163626087327
0.5449536526261188
0.8016352886527814
0.8773930392120061
0.19661438203667514
0.5976797554747841
0.31329283089940674
0.9949587421748732
0.5910826714983237
0.7392496935504385
0.9556539423081136
0.8359163138804964
0.28980327346029366
0.5981045734611996
0.26100657120975035
0.4005907372070028
0.5742429791155401
0.500837140255789
0.8025899217262684
0.8382564756246725
0.11189535290816521
0.2681140123946162
0.7647307672110092
0.7976618588009408
0.5411366687462444
0.7926307357038751
0.630835684467203
0.8638619326265233
0.06817880796761211
0.8565280553245121
0.03480200803024158
0.5060727505222741
