1332488
0.9366238696579821
0.4318295917963242
0.8653557547316573
0.07551858015586
0.12719471719727515
0.399845081756908
0.9130196092131617
0.9127500342044857
0.7985363283933374
0.22411533296057684
0.7058598407483372
0.5506703100035341
0.7895528421130175
0.6163581170728971
0.6928561313322187
0.3325137426471976
0.9695659728456548
0.6460071302746269
0.6026834646719573
0.5032787344893648
0.3446502974010427
0.061318727201796874
0.6308909620944941
0.9786251653801017
0.6068215334875651
0.8136544659412228
0.08990730475893371
0.5470041355278669
0.2473241808470491
0.906429295914052
0.29399829768930497
0.21879574893148668
0.4460850501618431
0.7263494253217528
0.7452467215337046
0.8004881032393935
0.6964697101315287
0.95694531989398
0.13682081813720037
0.5424390527712216
0.5277993068078709
0.023039259482875996
0.29624225793053827
0.8855196585229488
0.7476548362213239
0.7696687644312964
0.9540601912145635
0.9149462906083957
0.3418175084431704
0.7401207844981251
0.14228306941154356
0.11886592757531167
0.5417626644407142
0.985113764714221
0.10211575186957167
0.44476734645476645
0.5979463396308279
0.808797785140638
0.8119936940661314
0.4485484996710526
0.4816930180305934
0.2371259614322624
0.634602603462433
0.5390780112010523
0.07931378580750181
0.2802825496249858
0.12551614104438713
0.9353470055746648
0.43915437842146277
0.2532366886162575
0.7462803014811407
0.973814934236451
0.28559290885689637
0.5171230085080608
0.0812181320126919
0.83031083183255
0.3235772464561568
0.009033309874342255
0.1699235225278536
0.5538596244542867
0.8231127422365578
0.8389365969564119
0.7363588555858672
0.5490605008655036
0.5951805089653166
0.049826868797368196
0.42066570786379076
0.2891524512817829
0.7488878472201651
0.36083197821386237
0.6012435984154021
0.0936597736704694
0.5542217580739786
0.3428983273406975
0.03234735997923177
0.26251819614370187
0.3255973453858795
0.0128002466656989
0.31639820310610245
0.7228399081946592
0.4884630358835834
0.27360484852853495
0.1803997356073489
0.6149841720530741
0.8945449912646706
0.9783563683536562
0.632294947608723
0.9213570482344235
0.010883108369968086
0.6486268682965083
0.33579559129672365
0.3243724691893377
0.8236316292704045
0.04071246988740396
0.9611609676242735
0.9692643323841605
0.16966761448177425
0.8196378971063922
0.8445980006327543
0.702947053584468
0.737370727107681
0.5747641731910182
0.020400272775177086
0.6618797649428734
0.16250818682925483
0.29067763968649596
0.5776385490455174
0.7898976567570278
0.48597900778204084
0.17317105803891986
0.33716097726787164
0.9812310285217317
0.7372420762124279
0.4225101723659338
0.04485629037274341
0.06444104185368926
0.5605727755509806
0.14481265098543827
0.6335786840433228
0.7697587049433412
0.6108632497186892
0.09724807183010287
0.6188284209381775
0.15532136807131713
0.9115016226642723
0.3739012834128048
0.3622273972708818
0.7070590618243351
0.48893624876967334
0.45652409320455545
0.7620243011831456
0.4724906487010989
0.3768504028046652
0.2780326734093499
0.9113093119638871
0.14044755105702578
0.5174443654433406
0.0764912987451718
0.4023136390505684
0.9367507339951697
0.17814110592340515
0.8534558945776737
0.24911438618586657
0.5701244224508896
0.24910287955869648
0.1929330934807889
0.8512605471156273
0.23313780674663354
0.1902656023380349
0.04584401116765957
0.027281514012317043
0.8397236360025273
0.45616908621247676
0.8397644490658008
0.9097343398163888
0.2638309633444633
0.9426805555107821
0.9348460368057181
0.41239189924311304
0.3330262748891962
0.37178002761855566
0.014205436912760772
0.05536856671175738
0.726365890545921
0.5588958513546123
0.47070226362493295
0.16542642567877963
0.7276197991167486
0.19184933856444553
0.23190825500495227
0.8563993045822514
0.9929349797599829
0.09128770192421909
0.7512036414192392
0.7386178847260025
0.10628437916997635
0.919554499315257
0.08531942825250294
0.006414301158522928
0.7165550902500868
