1315926
0.345763385713017
0.04068793466727494
0.6290344572330807
0.08539669410196415
0.5062520124222778
0.7955358194223093
0.34367697769979577
0.2632583498178046
0.08924292333457284
0.39751528514321954
0.8461378894624215
0.34555798646056657
0.9242736346110044
0.2036061724010061
0.9880234136103747
0.5014744566190116
0.7708921893130407
0.28141696420744877
0.8507828518131471
0.8832785497253041
0.701555252652323
0.76986255177026
0.389091878202663
0.1799946058800721
0.047648819446517554
0.9619687717174723
0.5425859775546845
0.3249061859055631
0.33944838449395554
0.23617722387122742
0.6007651344718458
0.9036890542883513
0.41790541022107475
0.904906500710221
0.05608511149901185
0.5804626408123221
0.2994675731652777
0.897758652965317
0.7866969292544966
0.03580929843145697
0.43471004681215253
0.9516426293558977
0.17299073854681402
0.4938179666043474
0.7173760393703185
0.6412193238767789
0.6710460885948066
0.9044671435535186
0.9724947011640956
0.15045547306608564
0.441285575617805
0.2431696838913313
0.6805647034594569
0.15970656436981012
0.8620744476245508
0.19105951052039383
0.37936279025290986
0.6026319811560843
0.14570364780393852
0.66760863653042
0.5257558985498633
0.33337764292975414
0.818139803547709
0.3014203842545663
0.5969668903393833
0.9368453959890474
0.5241199050886203
0.9455523481930975
0.8640630555865374
0.013500168023526715
0.47561508404594965
0.7704810573060633
0.5800081878902947
0.2750489664524729
0.8743817377235475
0.3008273640569409
0.29043771936689156
0.6984594593896125
0.8082650463557637
0.0012199302591272554
0.5973887151289166
0.8031670156510095
0.44611378188241513
0.6621818113823058
0.9845347814399603
0.8399538205752188
0.8376118855979732
0.8886830002892238
0.24704769012221528
0.3098647558318014
0.26202688939537544
0.45200932705233254
0.6600275645746684
0.7676589585878383
0.863820523718016
0.12985657524160765
0.2665130466188599
0.30667777044672784
0.2632628692503286
0.9300656528915562
0.5694040097866856
0.47064305357350933
0.9366355909170839
0.2701731731826711
0.4711997492169213
0.5927828171380806
0.42330628444686325
0.7679592033037022
0.5212746990980481
0.7238134040140644
0.835900580359872
0.7874319287284607
0.40248585241550483
0.37769081939796945
0.7249939805663504
0.7801967793840843
0.1172246579230729
0.2976762025097165
0.08119101667566142
0.7639150695986158
0.5175976383588781
0.3251435591269699
0.1451544268561329
0.987565756398924
0.6652397522111287
0.23969043469450046
0.7400924394134607
0.9474809874879891
0.0033350227953332645
0.13149519861262227
0.04140744933376528
0.43863389643526907
0.4767390356439237
0.4654973594933708
0.05465484080225069
0.2524160553000727
0.5456686907192178
0.5018599876911044
0.5856559822238332
0.4651480162562822
0.5042442867009688
0.14830666012602134
0.15555451543925192
8.257669885504137E-4
0.6372399351515341
0.6373072175574633
0.13880088661988155
0.29711299744170394
0.5267180834402937
0.6447206272086804
0.3834946706846143
0.45534668894942887
0.25479466797812433
0.5963848738452727
0.7112102168148208
0.21333215278142248
0.3396014546424003
0.945277560216494
0.9873761055627375
0.4439605070152257
0.9885826135537416
0.1442531323974907
0.9034740949510517
0.653190205033959
0.6565826414290458
0.8879956368990428
0.2187691504864293
0.12769138232218358
0.9557533700578625
0.9527089193813854
0.9719765222796131
0.965460227293925
0.6801279409496125
0.6231985635714743
0.09221815325236804
0.21196778834327923
0.07977992462744976
0.26438301444542955
0.9138152653278495
0.719915838333164
0.54780605448795
0.06790421862089413
0.33090962166768956
0.1524302435236733
0.5679415978251587
0.38439043428329345
0.7156012123201306
0.7575297115869927
0.11143720215508901
0.33805741588598204
0.26723547961951966
0.1559660596573076
0.6688971152269095
0.6127160446894138
0.16066833070053788
0.4050397731066373
0.7560980614422639
0.396888380229088
0.7177826736071411
0.027752304374453418
0.04237929739957946
0.48061601181139846
0.8392255540468243
0.52966448242541
0.21601399296531731
0.4076777415838069
