1043967
0.9448537692834811
0.38292611807070764
0.7676924456928748
0.8740295416682454
0.40266003078884094
0.9594543678388477
0.30430181780498733
0.24273681457594964
0.5889842639895353
0.6949385917183525
0.5001118441375556
0.06527158622544271
0.5024547708657703
0.09003518534646526
0.8480390997408163
0.13521272337462742
0.3124250693388132
0.14167424155348896
0.3458412902134458
0.8801357969823081
0.19375087916595413
0.9613373957368845
0.644319831185779
0.25895757565525335
0.18738211122502169
0.19033767519511702
0.20542247240206368
0.043028553691508487
0.7495202827578403
0.4415017355665255
0.8229376902217943
0.40422193129768613
0.4460364832910365
0.8609130034348058
0.10554287637640303
0.1756498705502052
0.19904126828804747
0.1738820266420984
0.42528832002335215
0.499271281583192
0.5989422477421432
0.2560681801256668
0.39416998544180804
0.8295375694413317
0.05802107726265171
0.35368420401945677
0.14726350650819597
0.423356092121309
5.066655495998829E-4
0.5659739932034924
0.582963182951267
0.5140336669943085
0.8593165785653011
0.09866035170999099
0.23918881058272012
0.34049506111240324
0.3810841899217583
0.0988187338465134
0.6689949299222632
0.08295468140580442
0.628784368853204
0.5896394455159096
0.019835932048642424
0.542352376877178
0.11521548613947008
0.1377999619357061
0.017812094453038774
0.0932464212970302
0.7007915806915199
0.40667544815860424
0.7115409369511945
0.03849074578632139
0.2455427445777899
0.6753745810866161
0.1398689987148347
0.9989051786150104
0.5179184435933952
0.7365946423859638
0.5534598116999042
0.38228090746632926
0.5319324084496689
0.32554845515011577
0.9423632016789885
0.2934461188223165
0.30938415349765547
0.3777229142780587
0.3999924533904733
0.47074925195249673
0.045336873666295685
0.9649868763106094
0.28850541199210045
0.9642004402054216
0.7927270287961703
0.7175745222597703
0.26140623928385764
0.30664466544704505
0.07592603648061658
0.903726945315749
0.9462547503238306
0.8717222073048662
0.29327027747490453
0.10928371224030053
0.4936907244553066
0.9610058840772543
0.37502010474766256
0.6362734049341742
0.2585505693360154
0.9175864228468159
0.9259048377684101
0.3225598575713685
0.5946744392061188
0.2245105642679529
3.5509236059871885E-4
0.47385894992243527
0.11707202824592855
0.1138594592460399
0.7337201028017111
0.9949482814561511
0.8134352085909986
0.6858872522656863
0.28421188370489825
0.6086503385307769
0.07155693560618026
0.9175230340802755
0.9280143417966251
0.2591770307188421
0.030035062511317934
0.22567181160620498
0.6939404590529129
0.41068161940158365
0.6567107518002717
0.4431331560798172
0.6242154569531192
0.9723717809186305
0.6126112853870385
0.1635890663795001
0.604410324203436
0.008295508317520461
0.26873722762339824
0.4169950248666171
0.7182438960333238
0.2229191491685506
0.20885453229656803
0.5478414649531862
0.25191853412284915
0.45287453412697687
0.1735219653282889
0.986135512152411
0.7978485013198348
0.040760721302875225
0.6789054190362749
0.3245854847555558
0.38908631663954985
0.018642727533524694
0.47849983461329315
0.745353991563321
0.23344695851373465
0.4868980921052486
0.6267008780673811
0.3758774114157529
0.4102759318174103
0.43831962853919104
0.1502379993190791
0.5956333161638011
0.8430016783980265
0.547890770755811
0.23680142703163998
0.6643695779408382
0.9670586464000915
0.1254073787776765
0.409765360651283
0.29719168849563593
0.7754627226778482
0.5111280325204758
0.37373063435293785
0.9730383023464222
0.34326531739093535
0.6838925180651265
0.08767977781470537
0.8304569316322157
0.5073088526923194
0.7466558312331317
0.150858099969578
0.9782249894002493
0.10915059082012701
0.25614339296561894
0.7710646094838709
0.928244524461987
0.09671787282513467
0.0713401739688968
0.4258570792521945
0.6442710612007024
0.82420245563301
0.5097849233588438
0.8242453334985181
0.3924203062042739
0.08989778689301031
0.12114830342719474
0.9297680607014741
0.1780289794617368
0.8081275850565407
0.3143313293333361
0.6154177956594195
0.058329414537044544
0.7241096785687757
0.4073286051350423
0.9866996415474711
0.03152939092685936
0.2495446747643424
