990315
0.5548226033976869
0.6879154575852604
0.7173369129916926
0.254311334986816
0.7645448647682608
0.725026885524731
0.49933920002922805
0.22356569504527712
0.3283058238018508
0.5818190792645461
0.6381149889168031
0.5612446459355623
0.7970660326514519
0.8268640926434111
0.8883787945872401
0.24541228890686084
0.27558850100336985
0.4572848929926808
0.3098002333400178
0.7234034530973127
0.6606672636016166
0.7151281041055212
0.3379682050182937
0.9684065488398811
0.8718912622128081
0.011087191612044633
0.9440360125736615
0.8715003759814769
0.06728431760250131
0.5419101444825302
0.46376683087972703
0.5852643057527677
0.8019807414128145
0.09895881412464991
0.8456437114477651
0.6743390609542376
0.7101680791124911
0.3827696852864799
0.3929036213973631
0.5738230849396482
0.5688474888593761
0.8620988349923377
0.5558006848281359
0.9081472448834405
0.5365333092582429
0.8458165313720535
0.9680986603347232
0.6810786571370093
0.9508334862829688
0.9721496166182243
0.7157382697248147
0.2117618878428501
0.3159227889448011
0.7621530587632768
0.7758204108703621
0.9622140561932884
0.014240831703521417
0.23292426598568283
0.6704910801094526
0.07844758814673647
0.8363181206355352
0.8209572593135965
0.6430098742668212
0.5504027553221635
0.6384522823298882
0.02716585308082997
0.08222870597729781
0.38512960101917726
0.3100282367631082
0.2624884583274263
0.4969028155318619
0.0831667886647709
0.7605955547338711
0.346619677943963
0.0727014783565807
0.009822577311493275
0.8213869793823572
0.9922963680024833
0.7324814365153461
0.9610713983729076
0.7967821825281975
0.3936996086997874
0.6643307885016356
0.33803641062742906
0.8982911939070716
0.7299152012599778
0.48208676140113316
0.8645374186215423
0.9469524209565615
0.9930301573914945
0.5394761966672542
0.7089403316212358
0.5396101874514873
0.0553236950864916
0.4317226903542658
0.20455253717843835
0.3403572444942924
0.301145055198206
0.38740960263377133
0.10206667508117184
0.2804981212783505
0.4664528648121561
0.07858354507636178
0.43306260868630664
0.228708964120664
0.5526239715091043
0.3585285271158636
0.6153352872002263
0.127640582755146
0.8110218690623874
0.574335652247549
0.3888245998695494
0.6840312942945698
0.8309483545006018
0.3953392009076564
0.5351800806029647
0.44646622831750404
0.7059842016885622
0.5486848109596024
0.10450216945765922
0.5082407166695437
0.10235795573348194
0.4597410117082166
0.0495588907948189
0.1323552718326051
0.807864657470117
0.5577605849993934
0.7507849340461097
0.3114897694141746
9.887854483676684E-4
0.9261434897677688
0.9046277765242706
0.647875642806374
0.0472689228150035
0.051848677491441286
0.6433133093058949
0.966303908008218
0.10357433674793048
0.659946942714457
0.5558613722096671
0.75807837276044
0.19084651392246654
0.007002798145257283
0.48818940406784805
0.8945430655693553
0.6819909818063887
0.5509182857804349
0.6143999506333798
0.04588310127788364
0.3439888614810137
0.6150671539563981
0.2918558790446374
0.8942191637001304
0.17192868539071393
0.5209930213249191
0.6394050350230417
0.5395853420001335
0.257543286717283
0.6766407128365998
0.611123463783408
0.46320087327336756
0.8459686764415719
0.27603475741079386
0.577204524196381
0.0345165565362231
0.5518244518018398
0.5915148702108098
0.06912891695209611
0.8268367345845694
0.42934902183274104
0.32108348010272003
0.39800850678771205
0.9408882369825192
0.22120439450606366
0.09111516886758608
0.31300425021225675
0.12652801824598714
0.646699437583231
0.008623946891600509
0.7309772423226617
0.7398513355867732
0.03256236503770005
0.1074790075744868
0.8390385760983354
0.47628269702118065
0.9380265126088422
0.6394052445499959
