1467345
0.5484224032028083
0.37980239871680055
0.6808759698300135
0.4232999812943392
0.3611140930602206
0.8442813362800544
0.8322308516507426
0.8853427968669593
0.19992288400345493
0.19496733388570564
0.8152344006278632
0.9975704830402055
0.6481970539989476
0.9664866830551224
0.7164370367963212
0.05403443926158824
0.34713630939911755
0.17829442776427895
0.29855552931711427
0.11135370939383549
0.006665194199486191
0.749327888038855
0.9894178769769906
0.9644211081162845
0.6000877780879498
0.6906875960865485
0.3142876840936135
0.7282162899434903
0.8332530088828668
0.8684906115116398
0.837394209936648
0.45312415670979167
0.9057167728640073
0.938611237509951
0.18337765645014403
0.7138527646223135
0.9143956037729379
0.520844446729111
0.1204913609770184
0.7809899722508696
0.9894636028452206
0.802097992711073
0.004786045150227958
0.8094333154676495
0.3977531272981979
0.5365387850985063
0.10813363473229576
0.45937342160493944
0.4006767624913947
0.8451904753046195
0.48283115139106625
0.5032057309133257
0.6116963364606401
0.3082982661001641
0.05165801133453407
0.265691388810423
0.9626222977486237
0.5908483876252734
0.5546427771936463
0.19488319539981147
0.1585349399136079
0.2449493162634313
0.8324283561669783
0.46777746259053454
0.6778763329864395
0.3923522444222921
0.681007208277529
0.2973488302602092
0.9572699035799445
0.7062089127025121
0.17373138162201018
0.5265692083206012
0.3898824227587877
0.4832348418350242
0.9138844279845428
0.17020849671060223
0.16165086316353816
0.6257666061349508
0.15473557320335418
0.7966591944153794
0.751454427569736
0.037771910766031036
0.10387904467457232
0.029722839056778305
0.1293199704465794
0.2796915721876321
0.01479432583979734
0.9942410958377349
0.301006644730231
0.3240630696682508
0.8609460313117334
0.22965016090224177
0.8678235188913016
0.9071952416252496
0.48637465921226064
0.4519819329344448
0.6972920648501633
0.28173431469721855
0.1316126330042524
0.5575310454143066
0.6332723252612393
0.14078150927412603
0.14489255679580093
0.4303520290708094
0.41343043289799386
0.1062933485092904
0.5059975486669203
0.4409462155756366
0.6074323990452895
0.45281507972691837
0.513736379374767
0.0049434546971892646
0.44100675340420104
0.6721691123167577
0.6179087947235061
0.2082786572367321
0.8290270328617987
0.07553974843541167
0.9127594796890748
0.29930884679296055
0.8050221944122841
0.8764664425011887
0.25130145387554714
0.7985116275566018
0.8050315401521624
0.10157754135538632
0.2885233274087933
0.08285118505648836
0.9404780521053252
0.2354675069685268
0.01637645608457794
0.5645932661733131
0.47774192980334773
0.7219400572653468
0.514572323249074
0.0032961828186125475
0.2313744103368791
0.3159109350967021
0.7086017661575718
0.06489958815385244
0.47339875145940813
0.8085833010015435
0.9000217082801589
0.9732786712603696
0.26290449227031965
0.8330800952936085
0.7139372070390416
0.9873267027248608
0.808147319205016
0.298537150565401
0.8947395311776641
0.4805735396770985
0.5876261669920585
0.49773170968768665
0.07354409203389856
0.6005438356679955
0.477115793250238
0.08664097731378306
0.22940431043587406
0.8415034522852596
0.05639170516031289
0.9438960140998051
0.07126103662554595
0.3769380962390364
0.6023918728141661
0.3839161673074364
0.9787192723328542
0.6670536435437953
0.014817015586839788
0.3195797943797093
0.4571271156627269
0.6817824398346145
0.06568003432204372
0.7486073685018456
0.2860646899114113
0.06122588582649002
0.916071851694085
0.3724033954970243
0.6702334907104441
0.6731581472452906
0.8014198669478249
0.24692333851571446
0.7378693751280595
0.3211620878793523
0.15077188446903622
0.11220326543807824
0.6741852321320123
0.8071626831229985
0.1761472831546117
0.4505087035712436
0.625982692971831
0.15856950614076648
0.14475419791145572
0.3826308993305336
0.2684538572005367
0.5929347238881548
0.1298796107503254
0.22767801743147964
0.5863283657719274
0.7119782136229511
0.02551730476345737
0.923779678791869
0.9889025248737138
0.49202718045154703
0.005305815119835189
0.5354432297632321
0.35212114592340427
0.8693625178598305
0.408106992648943
0.7578707773975017
0.9607647289052132
0.10665964089785485
0.2405631934270246
0.6693658409921223
0.6099279009213703
0.670657218489014
0.10122907605812259
0.9800294559012412
