1780000
0.31735782642950927
0.05138146828784773
0.351381707491634
0.6782650840462603
0.19685391326141044
0.8097004183247327
0.784370669779436
0.28618286594979847
0.047812817388125706
0.15267674775811468
0.8783773343872631
0.9008132237905979
0.12713628927400067
0.5051335177191055
0.9567108580484263
0.8201107678804289
0.38710125744874835
0.8710425192410463
0.22527543010201645
0.8310493965048417
0.18642500377914462
0.2597901880249732
0.7086021887513662
0.17168012488124118
0.11164099545664896
0.09007118451012042
0.5638457013750148
0.7698430429540698
0.08203342247493373
0.27810533393728165
0.11640427673512144
0.6082954484898268
0.35376174472974475
0.6670687707423718
0.2313296543903831
0.9693385287682921
0.3874391493212269
0.5610753413373517
0.31145064008724765
0.8715951797069071
0.7983115906408726
0.3897399616548366
0.2961422122994881
0.2274116406016461
0.7693167949629927
0.9483006874722445
0.5239301353941904
0.12142639048258963
0.37468610690027304
0.2334713325376948
0.21762828829664904
0.13916979765662796
0.23538352090508863
0.6266425602708462
0.6524641977979732
0.8591282612152794
0.8075608626068974
0.06374384180193271
0.775655909361545
0.4625269725178581
0.39133896293360415
0.875024332660883
0.1601610208912434
0.9121560155238112
0.639609044635599
0.17820626123340588
0.6958268934603818
0.3048842593605259
0.9451806343646986
0.064909352423975
0.3479282175471884
0.8120763714298769
0.5894849103735955
0.3329402175915165
0.6460866976707828
0.0879481191087158
0.9471760028341291
0.18598627343255125
0.30582489555851466
0.1479659741444752
0.35835475812035955
0.14744847559032181
0.5305141643509848
0.4977166957163788
0.5037726466822054
0.41659309823309043
0.09323460722561694
0.7272436684297839
0.24825658464974232
0.032897619188023364
0.25607277536772266
0.8766660319804713
0.9537275430863337
0.5084113142817017
0.948640263230322
0.6259683365005
0.20556940944333058
0.03814644084769081
0.3981047599015729
0.7651671527537347
0.7447368567429825
0.004961256543608128
0.579782492287076
0.4606331221831471
0.15287387467809588
0.25809112863994477
0.4403488835331777
0.5491654192835425
0.4988476761320074
0.5634299670038379
0.834982350643445
0.4634876853410086
0.7224851675325622
0.6988585981033528
0.51526350999828
0.4211533237099623
0.004932358360008826
0.8993628998675226
0.3064100789886349
0.19341938923957203
0.7549394343102974
0.7443792748001025
0.8204360985911162
0.11146800078959451
0.1265074735080427
0.12375052693027155
0.6660806394785482
0.9644248338921437
0.1757153215408186
0.6188705478228361
0.13686048273493878
0.09694455882310438
0.8631780318321028
0.49204140796385765
0.7853578123924665
0.323703032941293
0.11347131436781921
0.4897620139256942
0.12486278722541089
0.2439569315361052
0.053988530256273926
0.8346124900250401
0.9387476223827823
0.16140141614778514
0.3730807234516451
0.10559394860228943
0.32345781395338324
0.09287680899892692
0.46096188148658934
0.18822852090772724
0.6427627322718397
0.2840458432839532
0.6267450726523122
0.11342011633308025
0.028916731261054207
0.24098261010524802
0.22110776963607048
0.3980211394806268
0.9306387755229771
0.5336860126688449
0.9364674630485135
0.45024630417079925
0.47832736774680096
0.530849106849188
0.9051813392267885
0.709519520680007
0.1136841088776448
0.7847875022961578
0.47116701573619413
0.45303562383118046
0.013928623675516283
0.0012495362609696858
0.6714736347995578
0.6202633837688746
0.33004391903278574
0.4009014319115284
0.5317157081918215
0.5818121825244793
0.15399989102780742
0.8076009816041018
0.2529151226801941
0.5105297871467782
0.4316603809171883
0.9831435278825719
0.24717878860031683
0.9003938026165784
0.7460868537838586
0.5689845532203863
0.7657733470544975
0.8227049728069596
0.010209615176487663
0.49251319923862624
0.5555400009763879
0.7092857107301391
0.6283452523793099
0.8487714710006682
0.5782261785607644
0.808832482559383
0.6127971945795846
0.07808441417417944
0.33219311095303383
0.975266017935625
0.47478326122263725
0.7258863777019525
0.7270916106944393
0.11586877186346312
0.44819296930790353
0.19309932066906121
0.7794805403828675
0.4521941889363368
0.7501841600689317
0.6637391117486808
0.6209958677075169
0.7281775955430891
0.13438689378503166
0.8309960056386035
0.4405608613963474
0.6375741787140545
0.9504904771307868
0.13385620168356394
