1062322
0.018260399317693743
0.03679442848066339
0.2882466920633867
0.9634014033220791
0.4508859357108236
0.9594029949551728
0.5544307855322922
0.7012432885540212
0.517789563162782
0.0549921434086903
0.008059081678358782
0.5121211124010708
0.8905693380757788
0.8378362529652126
0.36217033843742186
0.5285097458502056
0.05124005460312597
0.04967923124737694
0.5497352812278631
0.43715675257647024
0.35092706571500865
0.5162018613712096
0.1467670001302982
0.5057868299405327
0.11475320680469736
0.1081617190515537
0.7474625290383314
0.7727825232382111
0.07847183737499419
0.8058930849448945
0.7942135615210725
0.4634704145538575
0.7285316751910272
0.40980022747757017
0.9795825393407551
0.6937121090464965
0.30964230421517547
0.13967224950603563
0.3578476365845805
0.1748198583210533
0.3625414429321351
0.22209316637128085
0.7304783029428401
0.9433870809685658
0.6595483941929949
0.5779163873929244
0.7029107124932558
0.10544382795713858
0.3166207137126785
0.8907175923441637
0.04925040469004871
0.2064182579647228
0.6780139110137411
0.6623359916018261
0.6670370656637172
0.11670485706470457
0.29327675510735296
0.3430586598834606
0.45596418274520056
0.25721103630664344
0.9361978700683841
0.26169815473063385
0.9124544070511585
0.5800734258868858
0.15145183412267027
0.8747592271162852
0.09624889452882679
0.9668061144687793
0.2570756551765291
0.8040853278837736
0.8956769763615371
0.6094630216156622
0.07953994153249855
0.2388208085439073
0.19503023670169362
0.4999668068403902
0.9530612326885195
0.5402211023334698
0.6304727324488505
0.3685775382784392
0.6759349622787518
0.3067867280610047
0.11017736167994496
0.284544068725219
0.18405178243529996
0.732393988324097
0.1698855458320162
0.6603018574105058
0.6753919662128689
0.8215393574800862
0.5368457306137007
0.5851508058559507
0.7991760342341326
0.913510616166469
0.9830939735434144
0.25516752732986203
0.309482716033728
0.011242316227617066
0.6632970570782701
0.7631763599224718
0.2755272000521999
0.6108096692849192
0.6528876340023196
0.6659239724400822
0.539426731421508
0.08395876492341214
0.3289773610338512
0.5551726017800395
0.6171623344285729
0.17876765398905547
0.5695425311572838
0.3252472919387379
0.6495789689702398
0.8724774210184685
0.48563484178828886
0.951642963420633
0.327648826992061
0.6357277485778204
0.546876516954048
0.3736172209180767
0.9398555239737845
0.14887721313596303
0.5122584032542524
0.5082653560858575
0.8194396138062623
0.6487831718238659
0.5362661743178211
0.5143939928605159
0.5053786893394636
0.37836209053188075
0.1846182049592764
0.17158062597963764
0.873358250963588
0.06144612718135756
0.8644065257733403
0.6431260266929367
0.3416223082975014
0.9318969266717396
0.3501896159924065
0.9511774130026859
0.011475101883451688
0.6086336212041877
0.6705943954061353
0.20811993153317532
0.2633390765554685
0.027176070592780266
0.6092415802674492
0.02040504161524015
0.8966558040881378
0.7135014732880325
0.4693172688726652
0.5093039385572137
0.37555060390601835
0.9174556415102798
0.5528709565510799
0.07764525709599213
0.12206340847257346
0.5106577332668458
0.01392821839242997
0.3924158880420171
0.08488191328884642
0.09778077016006959
0.3587637447782601
0.05017448845776484
0.0038954835013867983
0.4902866675150327
0.8871888640895961
0.04554748450954749
0.889521343777357
0.5481392772166885
0.7954647397514771
0.4726476077500522
0.24063715266638264
0.4077146865480872
0.49446102057362373
0.8550754339368418
0.43608714061019527
0.2830726719042851
0.9359366802084494
0.12223453173285537
0.5521115737046548
0.3529494269270026
0.3853285903445025
0.5280112877163903
0.581682168124707
0.727276043096086
0.1311901139798458
0.7424408815210847
0.6616091035819498
0.12472326360169039
0.079430852100984
0.9378008084973817
0.4494177232386801
0.6867179867898671
0.0447655315094001
0.9376440685357057
0.23437620325608333
0.3035723239376835
0.8222885937787081
0.4006043920194068
0.7156879225903324
0.9348116132640212
0.7988485488737123
0.5703758062940616
0.6357454975883782
