1006264
0.9573393808953031
0.00917484642780697
0.11134961557980982
0.8702124604058014
0.9105438035712401
0.9432640272297766
0.13317980504464977
0.2352272513409941
0.11056698611879234
0.5198708831833317
0.46041336285706236
0.3936617795375934
0.8483320952216616
0.8446526630723993
0.27503253072927036
0.7397645198669837
0.6036593882405016
0.7756172977413761
0.6623071707635381
0.2398091484803937
0.9108083619109398
0.030912624945295564
0.806482389710387
0.3772654910681368
0.17676857846503047
0.37083148337451644
0.9718105018602494
0.040060605427251206
0.16949200578081625
0.17498595138981998
0.6096554830941284
0.3920746705846473
0.4918939623665799
0.09204972608839446
0.8591572895259523
0.580586752802677
0.862331520434713
0.9521622859878338
0.041949822947910276
0.5972058502842967
0.4334013802180008
0.8010343208404841
0.4906848542245017
0.7318930174061224
0.6982824002205303
0.7399891120314073
0.19662222736577883
0.8380004037060336
0.7574800336892703
0.2376195537047323
0.31330371421049386
0.06082387492810615
0.8487134740427134
0.7164363165830316
0.5113364758606391
0.7729853972166914
0.07881869889310533
0.5118276193637016
0.5435694704165461
0.20703257108793827
0.23892329886367591
0.7508463637868724
0.15045405570097647
0.6789624698471509
0.43278250517257777
0.3047859642676469
0.6121378744850555
0.355947189913864
0.0030475365242305097
0.7322013759180461
0.8368489527442621
0.23735918355760433
0.9013713243323166
0.04797696837996224
0.8643845800627517
0.39026471317328393
0.21563868827279342
0.22923845418451239
0.05902767582362123
0.5088735659302275
0.04124119126919201
0.6003514931013307
0.06797067887030273
0.5520042269476789
0.26319960982191204
0.6269442471959222
0.8293355286556998
0.5534435246871765
0.1020699869685806
0.19283748396349842
0.5281351714880054
0.6971502115547382
0.46895160762717725
0.13396021087272414
0.4190307281082406
0.40257217640718035
0.2735485738541099
0.6597747161007486
0.8614958096459419
0.4749176594081874
0.8341189787913246
0.3054298731836711
0.7460072859377561
0.34104037395787457
0.449278830523817
0.2268072063661234
0.7291396462241507
0.013669919764912164
0.009010638826393969
0.9758190780984544
0.3409482453852306
0.7050377059851458
0.2458592617705595
0.3747642385394404
0.07978399214371523
0.9455205902667789
0.8571804538075912
0.746240708408121
0.06769019719081748
0.6537431412179231
0.2654403983294149
0.5490616372528567
0.7037899433687622
0.8516508683168096
0.2259475246487509
0.4208151225703226
0.02358052485443285
0.6213867473918794
0.8400302524679729
0.7341539912118709
0.14880867801137598
0.46037330221750306
0.7865574812394972
0.03659726133966856
0.2956086240781788
0.4068235159894461
0.7458316787838088
0.1625697221078357
0.2978427389134829
0.17997354137547428
0.057266175735035896
0.38160220323261396
0.4980921811390471
0.1076507151490248
0.6258927631418104
0.6780596774481303
0.1605028667761621
0.7983610776542659
0.9726268848927362
0.14545987871799704
0.26770001589815706
0.355899868996024
0.10935141111281121
0.5223908680285816
0.6782419659110858
0.43156031640918613
0.6122626864179183
0.09723047631349557
0.1415924475351087
0.5623347186933798
0.8655552960991083
0.565316512562023
0.5943473562804125
0.053073349265635894
0.9524045008148174
0.9349118241738239
0.49446080047241425
0.1263864944321864
0.08133877809256973
0.24725337688823068
0.6894725735248713
0.1861453275905237
0.7534769032893931
0.7011698854701677
0.4602468074129129
0.8187575332851301
0.09973766267826822
0.7541982333807967
0.9334900122073916
0.5909641886978423
0.9470122791563418
0.909823584091453
0.014323698318485123
0.7937245497916106
0.2084232100636697
0.19441401819424753
0.3544455324109834
0.02882546237465211
0.13517501751504934
0.7776153299349456
0.6419197844070359
0.9381730486826595
0.8161366437259233
0.7964174151094189
0.6753964813804183
0.4352938576144808
0.0661766072194846
0.20579842306387341
0.2685660503245807
0.5143937917337704
0.5054054715997343
0.39779891300697434
0.019914108785383133
0.08439260301354368
0.1988634267643179
0.4060726538455042
0.37834895845017613
0.3036728156043267
0.6998226384303678
0.7444067751544331
0.23703201355917003
0.5758517862313783
0.7197577568361387
0.3153991814898237
0.4957495687085961
0.7077060095092926
0.9341700680834247
0.3694257214674367
0.6464213848237409
0.7274472098636809
0.6258340232188948
