684360
0.19422617946560106
0.4568504088164922
0.5148698911428855
0.9656676218865172
0.07188217171255251
0.25457469720696835
0.7044606440504891
0.7363108062530062
0.052656307862241736
0.14569126539216726
0.2883793140284089
0.21462880082648816
0.26410687316408377
0.7427789434378591
0.9682930453215635
0.7467405276797286
0.7990873894155095
0.6215551594913443
0.583363901176161
0.2728044486453003
0.7076863509002544
0.7776596696447896
0.8762617933654645
0.6886775522358985
0.25585728221029147
0.8129656993508044
0.44989394567417773
0.46769565699836735
0.40743430972504047
0.4450769931001074
0.014613239552697
0.40820619014753623
0.4364247653627398
0.20417712605633753
0.9289874166315297
0.7211172563783256
0.6829143737469514
0.8581549646936751
0.5967819243732221
0.9266098817798251
0.7286169762095525
0.18993834177442848
0.4986291910785462
0.19029287790117955
0.6870453000516176
0.24022553783509937
0.508927541551871
0.7964626557111728
0.8784751184491757
0.024312049999607566
0.6768335467466561
0.4297632155269797
0.891320000345419
0.033468215494576126
0.834781013452544
0.8164242830499013
0.9192296279632033
0.5393303347097907
0.2387816249280844
0.06238833225093521
0.30716955916107724
0.8340268978524155
0.9418308821945949
0.7180202118106926
0.4399358824634051
0.05926796434373116
0.7550646822712597
0.1977255727818944
0.4630035154472215
0.20438490540963172
0.4608813438393846
0.687687652015272
0.8383018577594961
0.18631445692026294
0.40806456504068667
0.08606414231093207
0.406457633385751
0.6637795435674676
0.7410130630151782
0.837369111401295
0.45223889874946643
0.3834266317977172
0.2935027238860405
0.7463977574247848
0.2513806155235231
0.4074376678159771
0.6119780133819805
0.9869343277208223
0.7146669259711959
0.5301422299077702
0.6641888077684648
0.5566164809209377
0.03909051467560798
0.5554130269436699
0.5360598612840983
0.3717123221954459
0.7261052532677548
0.8771364695231393
0.8230003264521842
0.04419897521574989
0.9334327968755416
0.9818070445740169
0.481430579198476
0.13841436364725768
0.8895803150533725
0.07530243976834994
0.6221245021658001
0.36568671078551507
0.019170536158336193
0.025154241123913623
0.09903530551549544
0.742729381608207
0.5023815308865393
0.20513659543596097
0.7755935092687355
0.21322086514294558
0.22323871580341959
0.6307532337835848
0.03503590629228792
0.6118730724124569
0.4491965536831589
0.9822108290121782
0.44214449819868284
0.13642375426278153
0.12839336269242396
0.7257249710984419
0.4608451288553761
0.6853716330772561
0.39115721123260627
0.5645120929016004
0.7854354907768085
0.5179055245084304
0.6987869902200946
0.8775792515110851
0.15278231698275946
0.6973618810669986
0.09532727559089382
0.6374310254032858
0.46864866980643927
0.6906776862030206
0.1870015756021397
0.5370706534527406
0.7033816611208448
0.3136885382837936
0.7991634072667084
0.7021806651865901
0.290511799864698
0.9357546713821883
0.7420702564456487
0.4161254255312261
0.6963850635028435
0.4870802660158656
0.7544805056320691
0.7434267152695484
0.41976974180706617
0.3482245274854051
0.4880191139869311
0.801620352646022
0.9274497348072716
0.6436854303527838
0.3454527007146563
0.7019104039953465
0.9351365818175053
0.8100701902934867
0.09246025021414361
0.8557949156095463
0.0026029076969771303
0.5642491326447742
0.4251811954518242
0.42784517304165626
0.6277602108642436
0.5580224553196691
0.09476723570691825
0.20407802087553095
0.8964740148453273
0.07321241745988982
0.7653603798278594
0.04086885835656884
0.27323019576882646
0.08472587489505679
0.5133644855876432
0.36111061050301607
0.3023360834906329
0.8990153043750025
0.7635731055995338
0.8723318713495847
0.8301605318793767
0.36149906523427866
0.5016615733613854
0.7957450638784116
0.8559875360410485
0.3188845039003245
0.8027468783076396
0.41570342621100376
0.2723780962039216
0.6209703005448672
0.07216385377459233
0.6858033048211701
0.5655053813612222
0.4513873372135556
0.9073017584220082
0.9608764622492049
0.01174860706157077
0.18787002002722875
0.15829056093175342
0.6633740413077832
0.02890145564951474
0.3100330254771677
0.5905214675473807
0.838152837732582
