455312
0.12231673103045204
0.7931232950746405
0.6929039403607545
0.6148157239709371
0.28636718659551197
0.617902228354948
0.15912063334461268
0.6567417234604025
0.6346449607598194
0.6126019625171274
0.38988414995040854
0.8893138163705532
0.41898815393245337
0.5043051994494232
0.9022964577289855
0.6152466774629693
0.699199175990095
0.14925050646183458
0.3649891250637528
0.836685648814453
0.18766247477696452
0.876647219897887
0.8025952608171998
0.61052158837682
0.10100137910545925
0.5916125653205755
0.860071300731756
0.9032604119123809
0.32483476114442067
0.2892382507692215
0.7283393221585713
0.865521646244556
0.8900772586482739
0.8319907758016233
0.8532290105435717
0.599560985048717
0.3578592039381864
0.19909357137648465
0.47645538683308086
0.30278168514518844
0.21502585282596076
0.9292351787103905
0.39037716812337153
0.1360203750779443
0.793307593685641
0.14689269590493848
0.02753765779566686
0.28746296365161517
0.5426363311439232
0.3877550998945066
0.15149808786403107
0.48136656421285495
0.7127153789601162
0.42017669870656804
0.9672317096671582
0.6153340186254862
0.6268335852039595
0.3972851864220851
0.4273536526006978
0.3007072080848303
0.768046889146712
0.9683158968112283
0.8747204292093957
0.8277168414763457
0.8402334889678754
0.42793716097577283
0.9324402631499812
0.48034510714017786
0.8151612095631169
0.5887785902323085
0.72909310634854
0.18542964463838474
0.73158945247052
0.8250685333449176
0.1299676060344408
0.19635600411057086
0.6735595599219141
0.6542323988351185
0.6343792950741738
0.8837573854353054
0.9224113304476279
0.2984993775130328
0.994642786076821
0.7339598020849271
0.7506958802123413
0.9000093657324645
0.41402830730787865
0.3404815758569515
0.7060376616621813
0.45060855478392337
0.3890405845122247
0.5147165100516129
0.5191314973397263
0.04146606050181534
0.8756159367171504
0.6390000760316297
0.9624432466184103
0.7378405286965564
0.47934169477648225
0.03857815199933956
0.08481544994069201
0.24076994904607285
0.7965591936119462
0.45856889910667475
0.2520623912466309
0.5101540702156546
0.8662197189706475
0.6978277452799627
0.33477127765713277
0.6926433304475731
0.9316209533735333
0.07369646455086265
0.20190977209397842
0.022944259718415294
0.356658367377944
0.66993705370813
0.40247215776085854
0.8485960405821075
0.5929850536837732
0.25472220093135634
0.5472799137059067
0.5659686446800797
0.5524800389138668
0.3463736325051189
0.4391849197404253
0.049178021676913986
0.6036837951585733
0.15161031515839607
0.4423063024109364
0.1038091905467513
0.6813672621386642
0.0043891611344549775
0.9295648579949516
0.583783426966005
0.6751583434007374
0.4929902343696487
0.9026619244056469
0.07240112956735112
0.34615776493097383
0.6788199015116171
0.03978204460979562
0.4475370094494937
0.5097340690323368
0.6824748280200706
0.4936819170762683
0.22615990548885045
0.11819506223376752
0.4409304655221341
0.7364607717862464
0.3147944415585445
0.17879143548053733
0.6242877747881693
0.6271899947939987
0.6802375200523457
0.15051514370686647
0.5413324818390223
0.6647131760773929
0.49878751589828496
0.5774140314927517
0.36023115951277296
0.08030965849536642
0.5424395611505042
0.2366510538396338
0.12400908520354492
0.023548413232005183
0.9169457323092731
0.006294887146276018
0.8500247765299046
0.5995414703051543
0.7793340025171057
0.9908362965353927
0.4684767660061796
0.92693845815033
0.3314253331785678
0.1816823350521497
0.47704818737096744
0.7033878420974611
0.21108341988766
0.07538852144505048
0.9671154213753883
0.9888219360065401
0.3843771953834464
0.22414672688175397
0.11151683782848165
0.046806358482094135
0.7795312143129237
0.6510544762155418
0.2946984510848806
0.12032733471322199
