919577
0.38237349637916984
0.30275064448864697
0.8522767867800392
0.830007341289953
0.5721806168866579
0.9840038192846146
0.6287720870407993
0.8047365574881742
0.179258701040641
0.02793834105244386
0.36544677181612495
0.023649322920321958
0.1978377969959585
0.05178478678227527
0.20390871345997474
0.7866885518855078
0.39236019030005265
0.11449959466524229
0.23317590514364095
0.7866459268708169
0.6857843165293434
0.4841737504845387
0.07151754084710638
0.6533024711661698
0.7321203634559094
0.3830770585343911
0.8465925081930957
0.9599001509931598
0.6005963981774733
0.22782407782388525
0.675600308571385
0.7626535131396965
0.011548964246330784
0.21515671649628376
0.2129795567760875
0.15514330047273928
0.23307726350581848
0.8430950542767964
0.9552602670408604
0.6368170698338432
0.5726958482314589
0.10271706213128062
0.7709954813019124
0.3184544835613725
0.37966554724916635
0.627584250065167
0.5582688213099205
0.1173375297580963
0.6113779380053446
0.04583982877815829
0.023094656047439655
0.13099934150313963
0.3111138480993083
0.14426181947832395
0.31909766385778604
0.32080717710944984
0.7946919590222287
0.2240632881413107
0.6921790519872045
0.4852692026411908
0.9499684145870165
0.204988109999392
0.33344747057626223
0.2578360072419599
0.8158441055125879
0.6172595263394084
0.3595117565555731
0.5251020928372965
0.5263814601230334
0.6101959621450374
0.21130446124769675
0.22869411591191302
0.7808277002826376
0.5018168417486129
0.7909242446298608
0.9877666059275299
0.23178714305209036
0.19551859291458606
0.34055601031009486
0.3589075337741884
0.5714803182476264
0.9979087554454366
0.4083482158649705
0.8363901035987518
0.6399726685317728
0.9861447343301927
0.24319648253046944
0.8880889624759731
0.5794516386582932
0.09363033901809126
0.6137034430841751
0.4210123899703201
0.9150755406396692
0.5096819423158001
0.3561549040664702
0.0752847234076649
0.4556131307923703
0.8217838497403176
0.9221727672315757
0.6565460694953739
0.07603851837816822
0.5683095313297264
0.8187752188542791
0.8341189358728676
0.7694407561141167
0.5150943555247919
0.11189558673331335
0.9559249197306258
0.8370531177158262
0.021002191559651218
0.09898073335223201
0.4610163325948605
0.7229023057638277
0.31563672125191766
0.8471111034329367
0.9067215844465653
0.7935232505875738
0.37660582605122506
0.5401539391624102
0.06978506459757372
0.3133801764006937
0.36425543610322053
0.48178242707884156
0.9295156429555202
0.9730802229722922
0.24854661242500897
0.1607628173707627
0.5958404190907133
0.5901612107115346
0.34575824371322017
7.329569913783196E-4
0.4062933834812239
0.021180064571840407
0.9719545061780034
0.28876500039251685
0.4833510929697097
0.8990244875651694
0.3156650175160961
0.3053261801404469
0.017160805833910886
0.5408147325850275
0.9339827490180166
0.8628211261314367
0.41858895301071475
0.2594587253778521
0.9842929995632136
0.30072023720594787
0.2736505777175602
0.3558683334639674
0.41810426395100586
0.48234832065543154
0.722763694403322
0.2690401315154656
0.8839598079349228
0.4917283436978487
0.48690458169202144
0.7176495847713424
0.013166478217901179
0.5384454496708789
0.2676236192738801
0.17950226444036033
0.09508524906631044
0.044316529466938315
0.6590133210090218
0.7241318621916898
0.8879855377574285
0.007721112251067197
0.027103805281040838
0.03902906180349486
0.4569733922643834
0.5197697315289677
0.0357930986384728
0.47143188245188483
0.4822614617420242
0.7410557712319625
0.6283028188811864
0.04530210200086182
0.4390560693962313
0.7385577705884752
0.30928263258484856
0.7070586130730931
0.4145953126220683
0.3293290458847685
0.5150693700052499
0.5038337217814381
0.09837899625532776
0.4809319258100263
0.7082400292606325
0.004463169136723066
0.6583896843563652
0.8781439114557732
0.5874800105905065
0.036116856259964636
0.79911183504771
0.9812842417201975
0.46492153214744525
