717898
0.04807217592408353
0.6907978678475667
0.7352639076330181
0.8987333672825011
0.17601364981655498
0.18523894813184094
0.6436722533062746
0.4778639481249185
0.13834767306538442
0.3801954293165263
0.6327168403566192
0.9297965570268069
0.3193130954133885
0.5084473317403987
0.7129346033614083
0.3675722716365891
0.6945333323622337
0.4188308205252371
0.1826652453132428
0.19364974159668313
0.5042514428713842
0.685249422738019
0.5800897861350379
0.21984018267087546
0.317462069223707
0.45564946917500093
0.640621824609817
0.05291771719716076
0.1213699678523883
0.7967279851868568
0.3808983761400917
0.8673960698903865
0.20830068664485102
0.2481486341807687
0.5214365582325942
0.7230942698611181
0.9261336240366342
0.6642986859418785
0.2070931243034544
0.5274980026830538
0.8085235626628731
0.1921291427533206
0.38778434459590205
0.5915550555769112
0.20762171928451656
0.41037611757215864
0.2814935536623957
0.4824270617079456
0.31470304717964714
0.23847115987093548
0.057414466113452245
0.5378517658280094
0.3730511045420556
0.21270461164706833
0.24914840744401023
0.9741531044496323
0.9626482726941572
0.12271498548203441
0.4361938236857319
0.9935696551516299
0.4676631646638081
0.8031344670624532
0.4165372545339119
0.6764539862682933
0.22542322294644368
0.08322844474969848
0.4339746062224308
0.7300290358336943
0.3995057699418215
0.5116256225163449
0.020862307745968756
0.35776987210565947
0.319775354234745
0.49374178472315466
0.6703181826312377
0.6121124512686532
0.8886416041742553
0.9062593307540768
0.8614619461638352
0.5980735028717903
0.665506291410233
0.08603162039539125
0.9271059792495074
0.8064984832787881
0.410313901402396
0.33003954331738106
0.8753769150096834
0.6730378356059423
0.19231555803490696
0.6885350595988332
0.5550689885890996
0.18258356964541078
0.6516009698967881
0.8852649881004342
0.4891008060695985
0.9687823759219446
0.6386487360471752
0.6566751101139827
0.2912667990307617
0.8943729883122458
0.25109076648920603
0.6662534770840736
0.8285456654711681
0.5404792865552089
0.23708127519100963
0.4206789678295346
0.19454778388777583
0.38162261548141396
0.8411068476771235
0.29119925518779677
0.11925435419447472
0.6781007022805017
0.43076911658520434
0.82667004345971
0.6560213022223396
0.27851196586179183
0.6620165508154738
0.03394515857876734
0.858890664574213
0.592588253061219
0.5154976561624276
0.1968153192067401
0.691573587087304
0.9681306214790631
0.2681532161100961
0.1064504157291789
0.5940384232933682
0.5857264566672876
0.35185983237498775
0.28430900463294984
0.9734580767191885
0.7710587137694306
0.09488332507940256
0.8927354944827519
0.3833411727220468
0.31700066224747037
0.5420950948650017
0.5489739713716654
0.3079918867068414
0.006322887363471197
0.9063499713178909
0.18508534251177755
0.2790131917153157
0.03072136255538993
0.7161201204522717
0.4292619880954601
0.5163894543331455
0.41300907338377446
0.3934236211844221
0.7232921636551604
0.4087534551742231
0.8566956978760808
0.8212828170707225
0.5364343173273481
0.9257645837275595
0.6708132249913646
0.44139204963546663
0.587718891254361
0.49009371816695146
0.5477277681867084
0.5603704894572868
0.9467035241500873
0.9273322583030239
0.007811246147001127
0.8369198947361774
0.2469648362538157
0.8592117502195689
0.2672285393453605
0.3724039232909253
0.01711817015790973
0.3088414118621161
0.13372946748803083
0.43380969371775147
0.3109145296217042
0.34624144946571367
0.2902171014025827
0.6007481647281228
0.4009711905517769
0.3182697938779874
0.986996863033986
0.04709543270980421
0.2899512294070611
0.5791105120873897
0.7309941765882711
0.7430715210645498
0.18851378418467057
0.6658125003145765
0.03386022006056988
0.594999780112225
0.9111161790443282
0.5479372898786603
0.6607692848913067
0.9276839543500007
0.3487553089842119
0.9211950000178263
0.10784344840464122
0.2582864902206532
0.7919947966486992
0.5120180254544786
0.22852272555486464
0.010786132915977631
0.8981312435271182
