647218
0.013342220591818887
0.027832725827581006
0.6765387968927541
0.5231114258057379
0.5814355987475426
0.6483836706460745
0.9391603051924498
0.4718198189514985
0.7894349186723282
0.4830679131910115
0.45089569365136883
0.4596133731132055
0.5553211158764454
0.16680571528748012
0.27283441723535173
0.22348895729840534
0.8403842652123539
0.9233222713483767
0.47277662943907384
0.7730259002314801
0.8487996602925205
0.3728209199386525
0.012250556384963307
0.2292545749540571
0.04975645928800099
0.4425513977940946
0.8481265685742876
0.5638592309766318
0.590651187111368
0.46465380107411514
0.12446906052034534
0.8216315520080237
0.5731779806643064
0.8942924836512144
0.43671195157403975
0.08584884633176448
0.22371832012071524
0.3359764025034827
0.412939546693332
0.5292587316725943
0.20525331698111693
0.7270954870421251
0.2759994979429634
0.3826103141752021
0.19009154808285889
0.5950856876131339
0.6253699974415742
0.5481789004013304
0.34102596206313507
0.2782671967633774
0.4091486185616201
0.8874900085575178
0.5331039150994694
0.8802846753479635
0.9442254044332966
0.920455448128152
0.9890142157404322
0.5142095215388428
0.8866487901778529
0.7873927641603085
0.49816581341571287
0.08474826963989246
0.2543868469729418
0.8459064580992819
0.5428529020585122
0.4556333438507246
0.961133441945241
0.20136787292277425
0.46447139973676665
0.35415534666270987
0.8325026465813927
0.8027378884664939
0.26857232019738797
0.775929087358128
0.7449010732129978
0.47473468453584566
0.7896078320295496
0.9703681017739915
0.35256255713633833
0.4028568260819887
0.7145456418362988
0.3109752102428328
0.8496752791712582
0.13952894211843558
0.3990986914205522
0.48444004916031425
0.3522263859173095
0.15764628839882844
0.5011360320306321
0.4686660491634588
0.7781348580415126
0.3420511520284606
0.20291258499690912
0.7122339517179946
0.5544383105147566
0.5799825762689941
0.19707459557896667
0.7764399802885088
0.08674508782026669
0.7882983947946907
0.6709684505837936
0.4559307687117644
0.6888579814738913
0.2982765715866109
0.239600850629894
0.05508952325515504
0.5894215176290369
0.5080604514389795
0.14966858165701935
0.0647108912930312
0.7076398171936952
0.10832033274569552
0.10539622800950688
0.9571343172713487
0.12155760754792277
0.9884619874510606
0.7514908562110229
0.19788934201600628
0.5400918119198155
0.13871992737455185
0.18934267799882465
0.8580383046354773
0.633947286314381
0.47773158672907357
0.8996712547963394
0.4037852920119307
0.7807446598547229
0.5556961011853286
0.09813695009726708
0.3385524904754058
0.6361339619301207
0.5099792212858146
0.8600078460729416
0.3776083095671644
0.9553632985348156
0.4830338043572542
0.3157922475218352
0.7464644128154474
0.25871673418277974
0.9517631203972292
0.8418178242824526
0.011641343588079112
0.2594309815938459
0.06296183901593322
0.44805820195772517
0.5760355204097467
0.45414575390723033
0.12122764734488278
0.5000784119071534
0.6010029078525843
0.9136382895361611
0.8337440739103151
0.5027907734524817
0.6534079724302335
0.10553729172866366
0.7805930505713784
0.9207832938751848
0.818268670696904
0.5309074047059706
0.8497632290793982
0.9133028049025823
0.3662616625668571
0.06304024504546235
0.05277857074058934
0.4215453742281188
0.32023440194737185
0.13948353008490955
0.21987854995040934
0.2617270371902344
0.42600333180554706
0.37728516008407065
0.5629401356001229
0.7494777376771399
0.10010123425450201
0.7566242921941706
0.9898387983436168
0.9094225006837904
0.9007682073631607
0.24944690918800594
0.35570386336756266
0.5083832418855609
0.9483645573397542
0.6574185681492205
0.5445315743517111
0.9914555154648588
0.5075164120244753
0.467452495053992
0.38887649477919817
0.8972848240695882
0.6356876289721185
0.733266091233435
0.9558502848102042
0.482186849294866
0.40150436529364775
0.347865084824455
0.6544142352931084
0.09232723832770817
0.6810415266587441
0.5845487013439588
0.9519600778005852
0.28899587080337474
