964531
0.9514132939453268
0.4529756190894919
0.22743116483821135
0.8540815845842876
0.8183923077999008
0.24202503426038402
0.4337440663532628
0.5811732990649788
0.23841551297209962
0.6026330614546506
0.7940284209296646
0.19228391925246868
0.5252168160279802
0.661479359627359
0.7142107212077791
0.8110136180150788
0.26746005062107214
0.9503448199921446
0.45872531999280974
0.17003940535949758
0.22612836655927726
0.38615614553488364
0.9066441655792564
0.13413846629871395
0.1290587330016808
0.14317830937429588
0.882274002695655
0.17952267384137854
0.034893576914904245
0.021511603479786534
0.13727831884378838
0.18608218276146593
0.5998539368790882
0.8349951030504402
0.050638403053640535
0.2712063827412151
0.14812144917970627
0.41681327750207997
0.5082761825074809
0.42217082562718733
0.9202494763125457
0.07254887523408726
0.22591917926074534
0.3686486385675479
0.25390620112353224
0.6981190430383969
0.9867955953514633
0.47772600203376503
0.7373856156862406
0.3239783063900903
0.8800056369786775
0.4508707971604753
0.5687048852985025
0.547166691044913
0.6459226691611931
0.25562446089322366
0.4517395928356216
0.1692262786484846
0.6617359328609196
0.03435689691773269
0.36573107736978916
0.37070570880111975
0.9332540903713383
0.6982450912211792
0.4556328906858822
0.9219166018899762
0.6983468498136917
0.5367058766500673
0.10814611237780813
0.2548016655370495
0.8929096852990777
0.45083419694556526
0.0019264995445652522
0.7022194255663865
0.7819944094188611
0.3539678532698255
0.550328636099276
0.8486455668039589
0.5167563672418795
0.8733206679878999
0.6911854457178667
0.7302368973760004
0.24212645655867104
0.7336958425500889
0.42050435998696345
0.5723983994665556
0.6506246768480805
0.10761192607759373
0.8155937317350583
0.8594397991740278
0.5544886083271852
0.7757438777833109
0.5480166154922455
0.7936029108618105
0.13129944381826164
0.15740219803734434
0.04790106070815525
0.6196869075026431
0.9875447097189006
0.1428432001494322
0.5485195291950543
0.8666932686855339
0.08006544606961363
0.18752419616579286
0.2136825869687926
0.289358054989971
0.837093165827688
0.3129872297532674
0.4303746455133334
0.18013428007330834
0.5285895720695472
0.4998755274874884
0.13519284944260157
0.7661322004182282
0.04986019618895887
0.45565720720797953
0.73553245333815
0.6057211964165669
0.8029205934387408
0.8929510381562086
0.7850952118594375
0.25594174448071016
0.286851567262737
0.2639191476692073
0.07818003824733588
0.9945714322031214
0.34138803117813754
0.3620123924299379
0.23834797371032812
0.049634495885380825
0.7272436326236958
0.3244237513275048
0.19443616018162102
0.6143393808851239
0.8721809767509255
0.34692607015181054
0.1605286772151715
0.9068742193509496
0.16359548272499813
0.8573403518479119
0.8663747770704534
0.6721856784155048
0.1263884780338822
0.9847011343093861
0.8208774091336034
0.8168113862200299
0.18916284753748458
0.9082562561916714
0.3336586644687596
0.3180321496099363
0.5122825972382775
0.07375787065017414
0.8683406599359664
0.155055007081202
0.5280954719746618
0.3240726094629771
0.05606386111919315
0.7726334974027219
0.42662532613162285
0.7069586583763597
0.3588970830591831
0.5064771894763129
0.8092990618904533
0.09492804135822008
0.940176821469126
0.47499729052862594
0.1287806966284577
0.7804324346669671
0.7724459791569868
0.6733812181284516
0.33474282765616603
0.8941816376425495
0.39354483369357607
0.39368325754497935
0.35341341364249346
0.835223642663833
0.007540242950085374
0.638564987031447
0.6429943564029902
0.8984858301295433
0.8195615619015838
0.896513301165044
0.08755499809101774
0.9387972119341436
0.5922446795420963
0.5028103051648448
0.9187626238696445
0.21998133718467217
0.41636854674871315
0.8232233227733603
0.18781899791187817
0.5634309304324858
0.5994010478272185
0.6663300914397251
0.5492304969618754
0.5326444874580305
0.39305417295590117
0.6555882189399929
0.7635463220391722
0.6685259895653624
