598934
0.00458122214321921
0.7737040774968645
0.3779582457685806
0.7248190663175986
0.9664312285299765
0.9295513260689172
0.5016619646253205
0.44386741155841025
0.4750094051126046
0.1918346390818345
0.4571388871500398
0.6599630996448965
0.7516741693052977
0.2838894440294629
0.3590244650282943
0.4208653865984343
0.8277349839912318
0.04045391851092128
0.34898699040173486
0.3776424238916507
0.41009777239537737
0.7899447670601175
0.2980492143894784
0.9088088191685587
0.6453370752259382
0.044713419368205276
0.2770418937691116
0.31680216486449064
0.6673579568978156
0.45695499435464204
0.9913871256842983
0.9631623420166086
0.7874419993631572
0.7293873179040712
0.6781668654592159
0.39334704281372135
0.06535626917689452
0.057512777256447545
0.6714394278938021
0.34293803011980095
0.7863350811873857
0.7242209926504528
0.9560252398809462
0.014062259592539594
0.061129220849089116
0.667685902131051
0.5504904066531303
0.16417303583295062
0.36494790547276257
0.1999555771388285
0.48681480198953164
0.3589058184075161
0.33600379053133256
0.5663292242815319
0.48723894888261465
0.2065444893419811
0.5655022518632702
0.7045601638961407
0.17804189005123328
0.5137036817494213
0.42830022532322654
0.3881199084389999
0.8255102592720177
0.08015289306052764
0.22709215963978324
0.9192028147819449
0.1311160501196238
0.28527919171992344
0.05286349033593629
0.6748469539400892
0.5809290308067542
0.709504989012971
0.800485070217996
0.10349146194957592
0.20854700311208585
0.7810475399450487
0.720704539491867
0.21948640366130123
0.4013353254478922
0.8417279611410418
0.738423565190676
0.24951621957308867
0.5565247205249807
0.08510700186357334
0.5220327782596001
0.847593415987885
0.9767242608902624
0.5360455119930776
0.9497088042204702
0.2142240937652119
0.3836641685104514
0.6128579833515588
0.1859608393941231
0.530542576535335
0.8244910500831176
0.8415475341720419
0.05534696452987142
0.34965754377284564
0.5466957771236345
0.9761811548869461
0.7801629603904457
0.9751474277355219
0.6257622733708298
0.12028454930073762
0.4350398682509594
0.400588038337536
0.7438829932975668
0.4412058180729661
0.6637682550839876
0.08419086867701508
0.5385949969932972
0.7227179270751671
0.3023012260413951
0.6890758442406199
0.36694811591559273
0.31069998088995987
0.5567700414459628
0.9323972319482607
0.1638246848587701
0.9725575414522112
0.2964794224589592
0.8554874069873083
0.31228776408797865
0.8131131747356548
0.8392326148646917
0.15237766752143178
0.0893433757677391
0.6680176157722575
0.3299684875679536
0.6755014637918567
0.3022589758368639
0.3303034374694295
0.44357662151048693
0.8750798266901286
0.18858927416626825
0.556522540522821
0.6788881877203361
0.722635107257057
0.5173175341654138
0.045979577476996214
0.9532242199093662
0.619273245130749
0.09902892113361417
0.48989349750017375
0.5555146341157456
0.8958212900874883
0.589789510264724
0.34688995670652123
0.7708854013900769
0.7746015149582517
0.5564134438598023
0.21704726429309318
0.6507426475570968
0.08156865395363622
0.2600573451628596
0.5587892578699
0.46976670968375
0.5727328311106499
0.5105899087569663
0.021238591639291537
0.38486101723557664
0.4702352697038614
0.24594177994454414
0.8492141831875621
0.6909835440761507
0.6911396666568308
0.19864898588748336
0.6588771923025091
0.8549222123366886
0.2959473136023628
0.12606075468020528
0.37909961692575145
0.20045726404010555
0.8840392294172619
0.601190523547414
0.30695075637257463
0.7169873639262138
0.019694095426759928
0.28794677245740774
0.0352662214563948
0.9685785405183912
0.285025864274115
0.9574878756098302
0.4760851284939642
0.4915280535559885
0.22513048545518233
0.24170355808073674
0.3258110512425716
0.38591795571782705
0.2759263755575332
0.2653324389055114
0.09627292036412993
