796448
0.2875325893732683
0.6660400452378326
0.5855942882208092
0.015288085003137275
0.6447300573260006
0.2486179417032155
0.5609695531665664
0.13245879667636962
0.2012236469592229
0.26712863722569324
0.15281145393392326
0.0743758259720313
0.8172578705926891
0.7345390751709059
0.4549613406154358
0.16193996540380828
0.838913574882174
0.5720164665349854
0.11640635340313699
0.302946585542051
0.6062198666591417
0.1645469289451844
0.0019093339396640818
0.007629246088600827
0.8143743369792086
0.45045590806892466
0.7019167223090726
0.731272563255928
0.5146012673134785
0.6460578775202621
0.6611849189206016
0.10068761600168175
0.6085601927937848
0.2818569366848035
0.5910721529854768
0.10966333845325604
0.6638498851401957
0.9581660315362476
0.1322014477790583
0.5530778314811154
0.7580357258742635
0.11570746734495474
0.44220751426161886
0.8101735728851631
0.8447614196427815
0.160702624495059
0.49753891680167894
0.5845712157313109
0.8278884966013266
0.48415450824556916
0.41879397039825594
0.3619165926029848
0.1282400553112164
0.2714716339893133
0.055826902316092775
0.15562597141443735
0.03240803293546912
0.5112771124859644
0.40186903776819327
0.5770152081438856
0.5242159576789029
0.28119283348568813
0.1451667931971592
0.38816824480918466
0.6168121013406644
0.2135824006882533
0.812146719326406
0.4742210016512195
0.4270006710924106
0.025683787353931176
0.5078752707827562
0.6063073508512347
0.3633015018888106
0.13625610951658707
0.2175891480701736
0.4572332387868999
0.8353616938636156
0.6848116797092119
0.9973293963785967
0.07901643798465352
0.8347249034957626
0.7196987522414067
0.15222078698477015
0.4547489246462131
0.5855977635188439
0.927746512110729
0.6776952944834239
0.796809517850832
0.2191346578197566
0.040878585527556854
0.8219667433350343
0.979274796453896
0.08589562862569555
0.9740468512569129
0.6173212762018088
0.8644463846133417
0.888514966211997
0.8240328783736282
0.6232960585338472
0.3117330628245564
0.290249996374353
0.0901092221358818
0.926576727874227
0.34169678852959195
0.03496385234027377
0.8652484166110626
0.6504515388984199
0.2688915855087083
0.9002274994492766
0.29051267794877744
0.8409181830863475
0.614194740367142
0.997609696477193
0.2654527463409663
0.6170472343945828
0.26065026125343627
0.03285645332447473
0.2637895007036096
0.8999635082064342
0.626414452836584
0.1435441491523366
0.11634729088284257
0.8678148848108145
0.5942143518530255
0.842923135759545
0.7921534818408473
0.5233558356796326
0.5587992203219475
0.4160522323139979
0.5338135987440294
0.4062804628139475
0.23218658707379658
0.8379560541558695
0.18471707206451293
0.5341981379751403
0.7810741395835105
0.9134212147318099
0.18332398384392257
0.11415215568002912
0.4616086469674521
0.8741795360471861
0.4937282462429895
0.43083994975516116
0.16377451660635134
0.11160916664346276
0.6918878974581582
0.5882011163179496
0.18098379610310722
0.07171783271244014
0.5333590803584537
0.4577973323273209
0.08002045248759726
0.594054772926245
0.5910649727418672
0.27041600500435237
0.7623116860142466
0.13733084021713815
0.9705764020814058
0.7765874314872485
0.6795695950967297
0.4019094215553145
0.6855764910791113
0.7972128536131133
0.6951666588065224
0.8329628737402678
0.007626549202112587
0.287258834571711
0.2671788399745486
0.3679729752660801
0.9920460993589016
0.7434811619991953
0.4698506352778631
0.5783857112517146
0.4256649774750437
0.9013989511691378
0.8673062892023233
0.047614384743630556
0.6424011027418152
0.1872479594858414
0.4066520918601608
0.426217111429242
0.009062178413414057
0.3173996754619842
0.307184885006078
0.10995835009091703
0.396465810218126
0.7707403909376234
0.3882420830741361
0.897595999528223
0.6199170583718426
0.5987626664064788
0.40029892996999605
0.30261941986662266
0.6582779520476579
0.18362894034792165
0.7022390000711632
0.416795697456542
0.442309232003661
0.10622542176782046
0.062294515743117396
0.35326471209268484
0.14065938561195546
0.24423165025767601
0.45097270157868996
