30216047
0.5637823497533841
0.7434145841290225
0.8925207667928845
0.8597328093593579
0.8888678835009979
0.38891779714184005
0.3109355936527075
0.24801529109571774
0.28471746619213645
0.7564784915456688
0.1619069094162171
0.8607030417428657
0.5198356584387774
0.8268901262557489
0.08341192409422571
0.3894321093435015
0.15754730525820992
0.3749120947406065
0.7314206382940213
0.8408183374997514
0.29655524019828106
0.3641472135038273
0.20673471863102477
0.8196501112537424
0.9658918717472061
0.4485981696770923
0.4423058401560621
0.4378284148068805
0.3852667041083737
0.985071967676748
0.6591626889491216
0.8796146664235232
0.8838066046327043
0.05691733243491914
0.19762705987566342
0.7953028419724696
0.4749604043709278
0.5755380070501376
0.3995550273320726
0.672392409486878
0.4835162876318576
0.6974683642617507
0.18320053485275722
0.20559710239433593
0.7449073980966522
0.6060209868144399
0.21824180787297864
0.47830903243366096
0.9987098744588672
0.957852925591246
0.32506372774228076
0.20266537640424753
0.523220293374358
0.34115065004763134
0.667072242116229
0.8646436274757587
0.4373934098218648
0.1548879271481386
0.5417662043816364
0.7404401091334863
0.42643533370993036
0.7347141309126899
0.1253419040531717
0.005263474913034472
0.6739157274810588
0.6401442687509221
0.6781595546826275
0.13228727273642882
0.6703692803568699
0.2031731121277789
0.6580873962262016
0.7091631432913806
0.7127215307696391
0.15008726381894388
0.7747068197618783
0.9388634120937348
0.6826232036127661
0.957409904308589
0.9790653736336492
0.5168910829694165
0.538816333359384
0.049324123177263535
0.8453757271079377
0.07607744932304328
0.6599911970701442
0.3859045583006876
0.2666187370643911
0.508624413347911
0.13459659506280408
0.7160890181352776
0.4138091348788049
0.8961307132347284
0.3887773143138693
0.13633618513786994
0.4446445829805594
0.8308640375823675
0.47478049653041077
0.6213042017711708
0.22400494383923786
0.5288694691622238
0.4096648068928823
0.6895751558078154
0.7734913330207793
0.684019433456447
0.6422669271191496
0.7724561568257178
0.07610354434086164
0.7955993146564864
0.5217438592105424
0.0360423220207734
0.8720344366896644
0.9844536184403065
0.29063053823347673
0.7546472144292994
0.8946402194640036
0.1257428079802967
0.13340635750732888
0.5354757790512197
0.1447681568514968
0.5284599045204588
0.9091830958944672
0.5555133966045553
0.16654564764304203
0.7664196612354105
0.5136410166546194
0.2612068307920088
0.6598365641181694
0.003056070066778105
0.14571536861764656
0.840171470390982
0.07010076550784938
0.2983595208426595
0.29969074866343337
0.9679148051118232
0.5005324016056439
0.538774973861368
0.12400138313280618
0.7051857206957919
0.39158261590130594
0.4672548573516545
0.5294447500027112
0.37902359802764707
0.5063373233592949
0.19145902092953015
0.9637503188759755
0.1279896284475165
0.3024098647330341
0.13984758355332005
0.2720382422544779
0.30954709452978
0.0036172350033660816
0.9250401846515507
0.8022866617789932
0.4080668828697557
0.44489524968039684
0.7398756677017806
0.6262155953038203
0.5337944329018236
0.4554594503644118
0.3783908806152707
0.6360541797675091
0.7413447980114412
0.6843269746065759
0.2072863606283064
0.9101784403815452
0.7254292354085718
0.561615441255837
0.08649946057893754
0.7151117948485564
0.7163783398345661
0.010412914737070733
0.34128346971372725
0.5440026942519506
0.44856529755144436
0.8815054578909968
0.8049677622806012
0.1678624544485665
0.7050268852302978
0.16982050084168054
0.2722925342924335
0.8290884924178898
0.36954799010042505
0.577651179515863
0.055695311078512555
0.16591130426484424
0.375198468424244
0.3404326937748875
0.3685338812527501
0.2871840749325073
0.03969046013061717
0.35623733833196325
0.3126047093437655
0.7679762342661376
0.9164564980393635
0.4054507099454271
0.6339650284086392
0.48566531007606706
0.037575975254217964
0.45914555633187804
0.8207061694017511
0.8560368550550594
0.9966910552735536
0.28622964594358935
0.6967616118442235
0.4765445603007734
0.787540114651036
0.3946382078711925
0.776848334822435
0.45622507432114956
0.4218395540367441
0.0929117022788255
0.00542817773619142
0.6435312829977876
0.05741664199079166
0.02929009552575479
