4371111
0.8215515923842451
0.9196322872101954
0.8838522813137545
0.800553404863293
0.38903026606989255
0.4128015917641228
0.16830757857398893
0.44900493884015547
0.2909067232020359
0.15893494089333715
0.8462647701853321
0.4085953365790497
0.2521507416665548
0.4477072257308464
0.6961630268697983
0.12333315576146586
0.6973385847525312
0.5225835728995333
0.17641264547715063
0.1485333595311047
0.23306274656160675
0.6824774030275168
0.48975748800069907
0.42666485528556963
0.7735365971615726
0.5124974732194872
0.17412796027379596
0.7793087684340421
0.9918143972041449
0.2938104948448673
0.03688308383595007
0.3990644725600734
0.7595417453473107
0.7442808704758461
0.39153399432239844
0.10009686849439159
0.33720864406010886
0.9131050770045445
0.10384897405435412
0.4586630645978781
0.6203604437434851
0.6040825078372714
0.7810886271223463
0.6856851614913776
0.647454146044759
0.6739672181767439
0.7076358330610005
0.5618428986591345
0.8860510892436461
0.045378251410459924
0.9845027461628165
0.6266350720850233
0.19832341601989356
0.06593391557683936
0.54357241257966
0.8772003346669729
0.2203081445702022
0.04243160768376697
0.22777187042489755
0.04578940516049512
0.8930573913043848
0.47797422362388176
0.07915019754427866
0.355143018466613
0.03562506010309474
0.23274416871948433
0.22952936957834913
0.21559533505978135
0.43083263377533276
0.6465705449427038
0.7749207262271662
0.32920313281396896
0.3295582249874459
0.4116943731658761
0.5435966691344994
0.52679455961627
0.3082023618920394
0.2943930123816766
0.5203543763268396
0.20024428179560994
0.6020318762094976
0.2921104898881447
0.08594713781872931
0.4331476400840435
0.8737164011191381
0.07845895112928036
0.7226695461316508
0.14095434044287258
0.9103049172926571
0.06631780940517107
0.19143909158190886
0.35612836498329825
0.4700196793028323
0.8031223107468792
0.4661149368740648
0.6622067642648259
0.6861859775721778
0.17760117126022357
0.956016301392338
0.9459671645019536
0.7522066539344973
0.8118646275049654
0.3720740891492781
0.3087890912301545
0.7627517075467372
0.7516136672029573
0.00883220970235421
0.4097470390231809
0.36322106445069524
0.16309438367193252
0.18251756965075527
0.7965801440595415
0.04827199027214624
0.9538063137152337
0.8609309328814092
0.7810958205079314
0.45578704675801396
0.9999482992106455
0.2730225208624393
0.4911960646299305
0.7634465916988588
0.12714114902144547
0.35184774187334666
0.008982839672246778
0.09400884013159505
0.378078197751087
0.1875269047672965
0.9397067298916876
0.890600995799974
0.7613804188831839
0.1583558017304172
0.022223264025699074
0.6088527925176843
0.021247183208887743
0.8264034106222486
0.37576554516515914
0.024510983534755337
0.997035286277397
0.22381809225310068
0.008364934722472905
0.4087626722859449
0.9239339561164129
0.5651348768775906
0.5938469363103308
0.9599712635735145
0.9200125243159732
0.37755694503071
0.7436755627521578
0.1947354380330214
0.7043308731989864
0.6398984221288132
0.20872423810049245
0.5367458828620647
0.7961540872190234
0.9730973455861995
0.7196108160130602
0.8011924826826062
0.013325993675130765
0.370208298734893
0.4059948911655369
0.9215286335909918
0.28323014349816733
0.21490212844363854
0.27703985694999567
0.8429816365312903
0.47749925783473235
0.5535172793375873
0.04515645434818183
0.2908219157536919
0.5623101268251197
0.11241648448494135
0.12205055922920938
0.17172767732688288
0.6063098648743765
0.06949586837715171
0.5291871205744008
0.7855928306906775
0.4625610615566019
0.16799606971603187
0.07528319563784869
0.37139485579870624
0.37358073162755057
0.5099843932990483
0.8555003536624098
0.24547391084767767
0.9153858301626887
0.949391240054181
0.9175108688413557
0.7091055309679237
0.7633592911600322
0.11015491951639844
0.4536751723329233
0.16693197271801052
0.2310741526621778
0.6439351921391313
0.2556196311392013
0.7273792489420929
0.038337115477828365
0.7603028862063634
0.8288661842462776
0.5181367242259184
0.8531869796557087
0.3015008957219676
0.828189035995826
0.2500345374103351
0.9654236772455523
0.3485352571100292
0.505621616948632
0.8969031160668702
0.8056031456114979
0.10188154259526949
0.775294991904489
