1067178
0.12536651984174696
0.3657518931555419
0.019768699956417946
0.5581923728322986
0.13985906292353567
0.39133762836339403
0.07703732713330314
0.2578797558103564
0.4630715167280991
0.2436626416063462
0.7678641515473296
0.49260614658628743
0.4522504433812832
0.3886455657976935
0.9069901590583207
0.8802016939621801
0.00814259941469253
0.9842651330421519
0.7513636206847928
0.48867871029976595
0.6349573060504842
0.935483896253271
0.8861147746149172
0.7416454783433251
0.18559796853029964
0.7231061603769349
0.6388140099068823
0.12760452955922852
0.7122942397992862
0.5191115915455101
0.22562224462739267
0.2937738500749397
0.49809602386233287
0.3390297005984686
0.2189652471540141
0.3725925884319421
0.8525078977235059
0.26930155171976633
0.8396386378233761
0.15726227135583049
0.712134711085939
0.8386672300906276
0.9869235423183691
0.5344854907292345
0.24889934636359534
0.060548068091589635
0.21423362662090384
0.3631414605523605
0.0499186954247286
0.7702543673936071
0.8764044822743609
0.4502560584159486
0.8120959378346517
0.5515603526568569
0.6329359419035955
0.12511098186187408
0.11692264478915815
0.1538066383677108
0.951045292550355
0.6327052259665453
0.31993939585650366
0.8625376561240344
0.05041733745090915
0.12045743748501314
0.6285753810467027
0.9705385662225673
0.292373992204622
0.35783090472723456
0.0731149279152038
0.791774024157608
0.8796363409194264
0.7714753769967662
0.594922766227587
0.9593108489150716
0.36939702967277055
0.44526442505313724
0.45829785547905677
0.589051924416097
0.953426735876592
0.9074034358557848
0.8328665067880777
0.9271056294203242
0.1867465691496839
0.12475788157194301
0.5310600474469781
0.21178112034151075
0.5115759435359629
0.09942660499711597
0.9567566998065843
0.6168650655668663
0.35601389132834527
0.3371348481820077
0.13740991904368327
0.47687691231664653
0.22772796993325173
0.3007195597246589
0.5307949659925763
0.4352576745447919
0.9978756389595315
0.8652341468938615
0.3930783470142597
0.5791017379262331
0.275275579168903
0.0731630240425688
0.7370551649865419
0.32552638047588567
0.8100146403340495
0.5396999499874526
0.6812345501282634
0.7219141021919855
0.0026602350728562874
0.7110272686795562
0.627386798069095
0.29354538554841836
0.43698167510139796
0.21901549601661718
0.4135664482826653
0.27391157635167096
0.8136983377231916
0.5244548488148623
0.8411615129306778
0.017216445920969492
0.6934740359691672
0.943522071454454
0.5577778871201423
0.44607027343845107
0.6087785473868681
0.5974845710605926
0.7681438363274224
0.3674751907483548
0.16009754094957218
0.08975152632420447
0.06739116093876585
0.5044985283985155
0.4827528733161043
0.5184738784607094
0.39673032803380914
0.1709874845645687
0.7578039432555141
0.7722750073853936
0.08269197569077325
0.33275527573663444
0.745597009318777
0.8415307962121948
0.49216925531990174
0.8715067901516037
0.8937267879505181
0.7666753594099499
0.9483081289574566
0.02468675576142143
0.7087461373707427
0.47697646056020004
0.676479771429068
0.9146448370602617
0.9325784299483776
0.8317362031929639
0.6165989875366351
0.08188309494372026
0.7120229219269609
0.3686416909417819
0.40364002659054454
0.6401031358899529
0.08934143547292306
0.050495115811475144
0.6073793280433332
0.9136062053356716
0.1598592175516279
0.6183626085911592
0.0285502220327567
0.6785163304231022
0.3221951549464349
0.9405814319194903
0.7641383735684095
0.20179090264848698
0.8710570274719872
0.39040914130201776
0.8525133552294981
0.3253130704240792
0.23527900933460555
0.04142737738832725
0.4905338026496464
0.7108490450493893
0.13874337551426386
0.24164888827455033
0.1828318537637832
0.0902443464082131
0.5693490553925926
0.5158737193262947
0.2761955605689107
0.7367038786006932
0.6007084702053905
0.5073477387826025
0.49294664963223533
0.40568303293153407
0.852186766228166
0.8289679358949823
0.9778274694517666
