1836594
0.010789144102627768
0.38042464501673945
0.754225438618832
0.009999613509239502
0.5801488259024042
0.22188638834430896
0.748806704866308
0.18554600888021588
0.9789065578628134
0.3324946947397297
0.06734982678746759
0.7823491501874896
0.7534396480870554
0.6885978488900374
0.9785584430546075
0.5433302632070119
0.5503390101481431
0.5342315337026255
0.49129829857717033
0.2942108949365737
0.8722220994357844
0.26343541652619273
0.5417409248756178
0.0898308166229359
0.8345856593352335
0.023993846103365857
0.32504847700227835
0.46950334012496
0.7548577188903001
0.03906610491090734
0.9698434935813667
0.2097109698303049
0.6450637280555341
0.5939850008542367
0.9570590632781423
0.16123223059814606
0.8129989107697105
0.6083891276096208
0.032764844194850484
0.7708740536153916
0.8211815994691005
0.9460132806288891
0.31052768159146815
0.8530946661776903
0.8603536109213319
0.7722433312873404
0.33010953223902073
0.8924564594619652
0.6964239218195089
0.6278132999308486
0.29861956288652003
0.6349930597507291
0.7224538875533195
0.27637312402292213
0.36118595529244746
0.4178732158653867
0.16381371815514922
0.3602204487560774
0.6296250399896303
0.409642748691197
0.7681087518793316
0.9842373787763875
0.12419436545712659
0.2485390595598017
0.05641696853084732
0.08787316721890648
0.6121688642081841
0.7122676710796758
0.20446597131154798
0.5576224728961607
0.34189991788241747
0.9458449894629621
0.13089364868168296
0.779359482936487
0.15596500059762608
0.9897964286593427
0.8387638785395042
0.3705836105615411
0.7644207411855319
0.25358727929178027
0.6445525336883223
0.12979427576323443
0.012469109955848712
0.18741270051308212
0.7344416121837594
0.8255352161438608
0.4822786589717779
0.6883287203630228
0.22607218273470597
0.7235934843319934
0.11166866956889876
0.07331776621403363
0.38450611187645634
0.7475260844226869
0.9204588131928717
0.2050454462980964
0.9045565093538463
0.19357576490429707
0.26438272155073983
0.541061182478937
0.8456501037838133
0.5528101623899133
0.030731413731003743
0.06168256393317717
0.7902378800347346
0.8716431824981244
0.3235721095325992
0.7683624197045835
0.4796875409482474
0.8714393865962372
0.44561877039468756
0.3785778160914802
0.9227061331565489
0.47676873102968975
0.01881101764940052
0.383934848089171
0.321456843271996
0.3520408476186908
0.7686850095842271
0.1156476412368076
0.9813228044714123
0.4882771836609755
0.8706546076078528
0.8021043614272787
0.617083868228065
0.42586562178366105
0.8682554271210922
0.5908316513870855
0.46906339583301504
0.15616201339581948
0.8476635781494168
0.038315892908196814
0.5025465108350584
0.043584869181850894
0.9784386414987628
0.06904739997602072
0.8103333950859812
0.09941378103110421
0.0924494391135775
0.08253198734096423
0.22871929596635343
0.9612744754162469
0.8716283263408597
0.5435079618915067
0.36655722950819336
0.254808285275825
0.215644412836284
0.3597456153448473
0.07553848799117246
0.07624627856968147
0.6223987005747611
0.8803347099036591
0.7875280395491264
0.4427589915282353
0.5200337682866496
0.8990485907776894
0.10626840584998976
0.7792465153576509
0.4586754516825602
0.09937143896422329
0.9198755699528294
0.2830139009138337
0.8446534823617109
0.43864882807415273
0.2484318041555803
0.00491593766861842
0.13541877806038272
0.18933027386666257
0.4413209162748767
0.7160997236544798
0.7615215815923165
0.3638521545774085
0.8161894041670805
0.9151870740747848
0.5309203774225646
0.014113816619150787
0.3516392302767414
0.5888086717273884
0.8783544448306113
0.774747261572064
0.1399415460634892
0.07414610901688656
0.5641539467450676
0.41923615714653983
0.13204744069035246
0.7937062385914446
0.5644423000321172
0.5804081103956529
0.9487966365798772
0.14730721820834414
0.41623624184449104
0.9015303533341775
0.5531483453095003
0.2514660542865914
0.7411971115904453
0.3787711134531191
0.6892579898525778
0.22935407129438712
0.6406028948715838
0.6623586433470264
0.04285486659307414
0.022513361015534583
0.7383937725266967
0.7217208339942909
0.5890672189857509
0.4759960717035351
0.9203661597161276
0.8082962690518666
