1956216
0.5369533343451289
0.19229597996164405
0.748095248542973
0.7362528897716245
0.5952829346428893
0.6965588471737597
0.22186278425504002
0.9584010975390479
0.04872187663481575
0.9515995871919093
0.7813887453256976
0.12850835676965378
0.09247242816402546
0.4384025454528697
0.19466261649702876
0.5235305146587738
0.45839778409095955
0.7797867139874677
0.6278883107315871
0.7079314190032259
0.7444380921845039
0.7737848702307839
0.7673090926125108
0.8521505183503723
0.5006770548155233
0.8273047202966893
0.010478874641810076
0.860402446049039
0.049823069452684554
0.6845704463423312
0.7680869057704856
0.9727663389689455
0.4719340190691189
0.7315219404060662
0.8823823296204298
0.2662337259768134
0.8366463934060901
0.03247800128038114
0.8197914892748304
0.8712520781864357
0.3470243173817944
0.29444202625908555
0.8886705087326379
0.6698241284911814
0.17037213875558554
0.23064478128323052
0.976122711947743
0.8804691852992502
0.5537021149549748
0.49767751348949296
0.8558594805570948
0.12830954747349832
0.381126544955219
0.0694970707881466
0.5908482015064148
0.23625251416063064
0.8760598732446531
0.7454897954935822
0.47358477653225717
0.6372034942414764
0.6077980657709352
0.3952163317927333
0.821197689649438
0.15087296530042593
0.1581003576887553
0.19226364375634386
0.4654843033804602
0.2180927634348454
0.8874558887550092
0.3671968263850336
0.9493677976862436
0.5283293411098258
0.3028143465332205
0.3300238108397653
0.7423139792882606
0.015758501222852717
0.7704208547401519
0.6869968902015906
0.07066890027119044
0.43142980517167884
0.4125996399690899
0.8602978461747036
0.9695500085539572
0.37416639809493557
0.7727484802747082
0.48948297832363297
0.318361141317842
0.13030399902107304
0.9791552928544378
0.7696887525123711
6.113234842861637E-4
0.4564698693892638
0.3558352427851248
0.20975443255334147
0.4482267296045478
0.012643003476719872
0.31385332826270596
0.9413545187613401
0.9845470542319408
0.13455687123898274
0.27012468191115735
0.5222970873932734
0.9237708910437297
0.7414349321074021
0.8475590922930226
0.12211186300622145
0.3263767780042739
0.9133805541670562
0.40229191670611564
0.40974845455326847
0.06286810358505501
0.25528757958647175
0.46663678710245615
0.28906050785080917
0.8685588526372366
0.21669643517181314
0.6806115424399111
0.7144853043355149
0.7176701040390547
0.1121876825958239
0.9038560459657471
0.28105348019884746
0.7114149647683525
0.6193852443100455
0.001996053549967569
0.44654856939507603
0.438754211426184
0.38011795699691986
0.7388193355832704
0.7403437599785372
0.8561997584684528
0.9477894862934239
0.439138806443341
0.8796822357066353
0.24615471829794022
0.5071515127609882
0.9037777571178552
0.2413814862091056
0.3229601283840463
0.5999164238335761
0.27086021421822226
0.5856473902733281
0.11548097601217877
0.9378257008925339
0.485740821017818
0.20985038775915155
0.5238855524014517
0.16649143936054767
0.7807197451238351
0.9920186794358781
0.9855256444278258
0.9381333851795456
0.9411639069101235
0.38263402276286906
0.261621723305002
0.34294809576844376
0.6170719019682727
0.46304836203278643
0.609194839314842
0.9431482878049637
0.30523085394928307
0.3350330150067239
0.17888040189936516
0.5196900906016676
0.448964044220007
0.4416074005259434
0.2550413659328634
0.5922485482833687
0.12689475596942457
0.11625370380683775
0.715474357817312
0.554987330373773
0.6016222269597716
0.8972493873687082
0.03927571374374206
0.7333368762882283
0.6209600291048656
0.07522526994656598
0.5973832160834344
0.15926395404726024
0.6345485584790483
0.7051906410337742
0.4346764998996985
0.8845942445047604
0.435801392903608
0.44827965729270847
0.04604299066931139
0.03554252029376748
0.5021581641948789
0.38448144327260214
0.09450216497530528
0.002881460016157078
0.09484183676308666
0.2181413259458942
0.48331809101976553
0.5502386688249662
0.6977909787665717
0.4198626305189239
0.6851614982429987
0.620569475401063
0.7033512344658887
0.9847494359872955
0.28556932047314243
0.8163798219329719
0.5703987376718084
