1547488
0.09999418702307994
0.9662099961687775
0.26256964216140544
0.9366689467711768
0.5601164178989343
0.3193207981245012
0.3769743653303884
0.3505439791969376
0.16333348417533267
0.4757468270943017
0.842263275062437
0.7590855340692848
0.04625896597202883
0.8597983029642597
0.7296788648471473
0.012404381778292395
0.11132424566169596
0.0026228560888424957
0.29336275439093695
0.3346992457672274
0.9500887412457102
0.5140741189607522
0.6563934112398838
0.6158084132857528
0.8061290426841046
0.7183576658155516
0.7015790861441965
0.24738426862965635
0.09975242261369122
0.2587093729592914
0.9609637371201682
0.9325970173978152
0.16170225887047163
0.2853280316818967
0.24044541036176248
0.6541283880284101
0.3599740835916635
0.9118055451301144
0.7338963154743297
0.13332344064717894
0.8394122631263606
0.4900520905100456
0.8546721483342983
0.9066764366748522
0.12709579278724825
0.624613262425302
0.31650366300057975
0.4098561281345996
0.08289955837245477
0.9593363902597365
0.05223322988296197
0.588340543377373
0.17063820871255708
0.3348935849676353
0.5389583704395283
0.3331496391671801
0.8842386700282457
0.7065153761367235
0.7679984676646872
0.20050269573862667
0.4091590701107276
0.931592904167525
0.9819442755499541
0.430836218749875
0.3384708799147207
0.8215027332171675
0.11593994425019616
0.5098404289479801
0.5470709185455925
0.6210881933943209
0.6468412172895963
0.8787381053368072
0.286021144527985
0.9278549843289067
0.20947868694756
0.19619753879379354
0.9887173046423955
0.6631839953687472
0.6561126910375364
0.28474627192362734
0.40968368086610296
0.06149740465140774
0.9009281749697997
0.5711296857383643
0.7581297033941707
0.5281837521368584
0.8807743414611143
0.29181643975015514
0.6752012148000317
0.8943062584635647
0.32853059151199715
0.7384899698370698
0.19776537074216194
0.9642234354339725
0.023929704495147197
0.22207651073695367
0.2775604788967261
0.18729460668489528
0.44028160269476635
0.4633056463956172
0.7161358297132864
0.6965474131547257
0.6097526773265046
0.831262772988105
0.35908014605539174
0.783790246462318
0.681767388950755
0.6682056369119973
0.14229663545273818
0.2789609418365997
0.9435948685963632
0.9282959462376216
0.4764464370713868
0.43784494528353657
0.8592109449720584
0.36738935889744884
0.7957849834911767
0.007701090223422802
0.1282339449926101
0.8137236327840168
0.8347567814210903
0.8313733202022591
0.15622200903367933
0.8960442933357314
0.03526064346300628
0.2204950191169749
0.9942678197984947
0.20469376598040467
0.8383967172932686
0.6928224671527369
0.8949758492026347
0.35999293309295044
0.6732729923002322
0.7152285596641815
0.12692030055148318
0.5764910554150263
0.6370934865779783
0.15506653196320475
0.2666882902353972
0.05143521211654656
0.7307627990721017
0.8230197889688032
0.550450154594846
0.7523903661181769
0.9295888968322682
0.4180736761265641
0.49162498824853773
0.8246025065451147
0.7133048137214828
0.9190102246805258
0.5981590612135872
0.9825263008545901
0.4762404382757004
0.9340776381427883
0.44645034312519416
0.48422373380382866
0.037910649365273996
0.4372394742953378
0.08422171773302733
0.09060348195797241
0.19014345526255283
0.26072750485121987
0.2988476572985217
0.8318861865107016
0.1547299677599514
0.8243393172318624
0.1106809542695869
0.1222148791993336
0.8827579314213757
0.04077655958576554
0.32677209297374554
0.9901965268487652
0.38027511873111175
0.5939677448163803
0.5874988899069509
0.05681381934057417
0.34923912473060426
0.5063589610910205
0.5907536832262658
0.7320837233386049
0.5457619483997295
0.44502302443591857
0.8238594838133856
0.31864467151486786
0.9276875454407421
0.7015183554570472
0.05979335012370035
0.662530538682224
0.02524669118339984
0.037974132893904056
0.1008156217927928
0.7713804012187884
0.38908491573889104
0.8331996120349809
0.5105406621663462
