1017830
0.48550618597056927
0.26033876157293856
0.8401095496287314
0.06073373559191142
0.838536362901147
0.22288052919658374
0.19689453599920193
0.3211208894965012
0.6466321613366802
0.9777084957697737
0.2051381875231928
0.6354346764033482
0.5832974011740371
0.7041300662289002
0.9503013047706351
0.4191664065758227
0.018432065491658323
0.6286488757732509
0.27535012997836295
0.9581320928351613
0.7782161400952338
0.24668845470945444
0.822218594332299
0.16402695706887327
0.7306436588668738
0.31053367569586776
0.5677330198033523
0.47041365806748203
0.748524840845069
0.8766179207380665
0.6668497711659598
0.47792440933589564
0.9980274804106974
0.340269243709325
0.827585220577145
0.2530006089386333
0.45203804475112097
0.5100658351322233
0.8180025288833556
0.34769173589039515
0.2815351230318859
0.3927911102067654
0.46123651783578423
0.9199669125512362
0.7965544791289391
0.2992712574656401
0.16454699761146074
0.16331915694582655
0.47015428787841473
0.9899709723117128
0.26484820021713296
0.05644279916114803
0.8715057003621131
0.05380388229635624
0.9887006558037973
0.3007292981226086
0.7523304789626678
0.38682631512144827
0.5817994876857303
0.7740724218519445
0.48850053256153414
0.008849735693192695
0.37400148575233105
0.4938120917432013
0.026093958570463704
0.8555537913698948
0.35779923070897224
0.6957582578312208
0.983565452973215
0.8519297223633028
0.18394182988352914
0.42661120711838707
0.3361436211167783
0.1685813101179876
0.9749791447425441
0.735579228179444
0.025758543642079745
0.42931017002349103
0.9549639602477726
0.27915740262783595
0.9134390925123985
0.07055743742377829
0.6108285745342178
0.2618054583198608
0.13019887142960662
0.3432533431522047
0.005841500759587781
0.5335529137260151
0.7550046881815012
0.8663461413849963
0.29324860073770953
0.860744068475728
0.16064630191774276
0.01208708245443968
0.18238002736563463
0.9325939711603279
0.5463510650115234
0.28022380961460036
0.659496553125785
0.03660648344921136
0.48722363226986554
0.05690415043248309
0.09249404424832164
0.1909129510305172
0.06398568475102051
0.06141242943658409
0.11306331801401592
0.2118019606351017
0.24716151079270055
0.05029036179227342
0.9830049422536705
0.056461891909308504
0.03666002746563557
0.4421715955198289
0.18882396125532686
0.691637938784336
0.15485267020253557
0.1578843551311203
0.5140774832942764
0.5632568767462012
0.45600511199963045
0.08357805026266274
0.9413244126438153
0.22697172029445656
0.7693209706753584
0.6944769755979138
0.9342665632232651
0.22919814085518952
0.7692182901924773
0.5638869815558836
0.27393125883318636
0.9341562128482954
0.6798781745097043
0.046176878246106834
0.10755817938874057
0.6462975714482302
0.8357525475273694
0.9930838193945919
0.10525586119209829
0.036077566585200116
0.10418945313466599
0.02300432304455846
0.3856737601824355
0.6238308805994247
0.582418719182161
0.9901472354883818
0.617174055763179
0.057026080575132254
0.7353581018880453
0.5640367170946781
0.29418429060988205
0.08819971364972412
0.5509890474640768
0.354039421913933
0.14787587443058758
0.1934368056355571
0.0994025400733004
0.19415936162635872
0.8193328393830914
0.11569622264973278
0.7142836340947847
0.023241645031571445
0.2371662080461011
0.27942001123256166
0.07369092930600507
0.16341316470999157
0.02209036664343822
0.16935688159726092
0.316087908122735
0.2765748855505352
0.43316621084206763
0.2726994359400825
0.5575036541769709
0.6022887210244391
0.3965473343628979
0.4842661470954539
0.5154487497063044
0.725161943806289
0.44903482436407305
0.9111176753467095
0.46129771647380835
0.1160336984607242
0.7945461022021845
0.6469389644819177
0.3014642736899823
0.9243368829995557
0.16579858016121118
0.5361325663343386
