1861556
0.7777456880131547
0.4601814847601664
0.6626819783923004
0.9435191505884108
0.7576547803958524
0.9741429662654016
0.67535573627457
0.2052270205414526
0.7194950533599909
0.8684198512251838
0.5633771783125606
0.30333967585147315
0.54167580718262
0.8051720621565412
0.9279809396812764
0.6955580692628199
0.10078341502511723
0.7765869371126857
0.21908725628581815
0.03835962159491102
0.16546662169883997
0.6053824743191569
0.3214271891957101
0.2161667293603542
0.49524491873950094
0.8687104768328296
0.20958953345613185
0.22914987852507496
0.3741294279581362
0.6534460962309294
0.8435968063855745
0.9523169535388872
0.6420973377435334
0.20239727311943645
0.8252439186127561
0.18889738585126048
0.5924694806681748
0.16033395174683385
0.06193483994891136
0.6407739652635631
0.35642026212873745
0.19954698595893494
0.30540871748498855
0.3818466962535455
0.7060928037768263
0.9848594252160578
0.2905374381671284
0.4268201999391402
0.24987147602083792
0.2164102901501792
0.5671362920618738
0.14324763610114621
0.5860846471635572
0.043193079884223384
0.32073399656402635
0.1191554948668706
0.034382695423857745
0.7054262320494429
0.4223293670923749
0.13120098265380642
0.30973071433492105
0.8499882577905444
0.8557948054240352
0.4949509331636769
0.022203141775642643
0.7863512023601862
0.010752859906798529
0.34041288416304516
0.09621959890255605
0.7591460600770547
0.9625543984352806
0.4025306020577838
0.9683090385069579
0.9092070298375421
0.23230592983321818
0.6925205708078197
0.26006944315337355
0.9275647887682429
0.4759015240345743
0.9995663519589401
0.47435351275157567
0.9284405838581838
3.0923082239753263E-4
0.5401597928228619
0.9643912722219188
0.5725324280309019
0.6288973381276173
0.2827412003799076
0.3370014984127391
0.9942860780301277
0.060468654443113445
0.0452411895296152
0.682225089366449
0.5868582439702408
0.7450321442257537
0.8271539492797322
0.4706418546906205
0.6090576394852283
0.7257516213916783
0.5486343204124946
0.8852297391197528
0.6447771264913631
0.20119742519996053
0.5621587245934542
0.07207844056745172
0.028448603144664797
0.33914695441487275
0.3451866119147098
0.10123377911133402
0.006242259210475942
0.054212004942101655
0.43671806277775127
0.37796637107636244
0.6174313604922506
0.5215125474611773
0.6002115518194261
0.016004898891678665
0.10629956482599845
0.6686145029225345
0.5647518635694425
0.8193493888306563
0.6535075651113298
0.5493109073888941
0.5859641012790217
0.9292747685966837
0.9380063522773943
0.10186496846390525
0.04509659378394304
0.34061870755091184
0.6465990230950144
0.09959006363119094
0.8952399910417275
0.9354070676933667
0.5290679378290918
0.8522596513839142
0.36885536643360795
0.7862783653067122
0.8383342375474908
0.675049557429229
0.9095206222028952
0.51300253669542
0.2661686190600312
0.8783783482797008
0.7479128350018099
0.7792200988142413
0.5805109434960963
0.1754331841757667
0.33093015193119735
0.42723428176631373
0.43800560890966256
0.6119371784855091
0.823464248153223
0.35260647863404426
0.9849572945193003
0.45490052491650446
0.4663407242066294
0.651317055487469
0.726734586854757
0.7678733873296603
0.23682958954319455
0.5628552899586899
0.15943446403968853
0.550351675210763
0.4936755256118036
0.854671462728165
0.6151258121350525
0.49456032967527797
0.2911954463516062
0.49470202465224233
0.9708072745960622
0.9216226314245707
0.5502975641058584
0.6920328311046086
0.9227232844786672
0.13657489520654076
0.8962760657725638
0.13547743577205784
0.4104558287250629
0.9829070459244039
0.09947721034061663
0.22074677709547397
0.6699929037247548
0.7559332950056411
0.20991947116515375
0.1748728711276769
0.3316897439656341
0.5596127348764804
0.435954520465629
0.22891911166583467
0.5014164894001293
0.6404425810295313
0.9213028350207937
0.8723001867824933
0.3300542671182978
0.18374340978529358
0.072941741944333
0.7322208392446022
0.10512069966217419
0.17006065607797705
0.8542624528993893
0.8685896198477794
0.596915130497852
0.11327232432140488
