1423295
0.2932489713198313
0.39259409101148646
0.021011924523623993
0.8582754158792519
0.06781882135703121
0.16267575335425632
0.5253213301369831
0.3338904537570003
0.29215601842940775
0.4972461875662745
0.6928776776472989
0.662518602813541
0.6027850760425919
0.5586277273606783
0.7320967877685056
0.02828260220446388
0.27413822410004884
0.7008611888984057
0.4499635084490562
0.6481227338556201
0.58186644797745
0.934319896945891
0.5837967709882339
0.5943618721069266
0.5268565522319104
0.4845980621870153
0.7838421716151271
0.9613813681216732
0.31000078135447584
0.8717855500579742
0.9431415299284701
0.2224259642185048
0.26070590592150644
0.0580011968648646
0.4878807308615454
0.22177078306302833
0.9845468188018995
0.8942138117242197
0.5932093532890551
0.5539822099169175
0.8694974936708888
0.3021305301057603
0.23265079316463444
0.9658403410013076
0.6256570413294926
0.3341063851241931
0.6730990120176327
0.5059231741921473
0.45413604268044316
0.48536698324567007
0.8882468859421909
0.39913741543684056
0.7554989427532927
0.09962739324589731
0.6499764313842107
0.3701224190588489
0.4465028322378386
0.641108453701324
0.6659040718107476
0.9689627426153379
0.9554599616639535
0.019013721454963606
0.5383277881331928
0.4327774184812482
0.9198490932527653
0.5887035695281575
0.1995848880909572
0.7655705243335529
0.5757802603308837
0.38612406300346225
0.7049583483876737
0.3126214519306483
0.28082446092959634
0.43526164901225783
0.7357632302355991
0.5094763629407597
0.3148942070156848
0.09324332876717523
0.6592423122447639
0.6798526847948314
0.2872349895070295
0.3073610048584575
0.7718510748370002
0.1914002247672506
0.7970171931166327
0.12788348597891264
0.8935635166493915
0.6985686819118742
0.2961911816548297
0.4423357147009652
0.0014541975851792843
0.863757990824315
0.7968032310443139
0.1770722415393512
0.40741227336194885
0.2515701448407275
0.4665069288477749
0.22272640969758384
0.8198640895239792
0.6747013901442477
0.08589811816555215
0.441701554516997
0.07276275245225272
0.17011042615490934
0.8049736689320163
0.890981569613801
0.5244386910314467
0.8598697252055055
0.9255993056832577
0.03443990387459828
0.8896091776648674
0.2756158513656589
0.7558702804437999
0.7512756508692225
0.5212882113398313
0.176373853089676
0.5752981670120519
0.5627344967136646
0.4767529178343689
0.8813272546990478
0.48577817734655415
0.891798235140681
0.0567202437145603
0.36172963600610497
0.9297738917134831
0.9997422085583096
0.45795734648432085
0.3411599949440537
0.6095283466419473
0.42568115703072884
0.3634020095305157
0.7323749159812032
0.7326676380677217
0.6297441553160221
0.2956860715315912
0.7108410773197613
0.46759693348722076
0.6376528325601156
0.41805268093158776
0.11215578179264885
0.4141561197044298
0.5587603512389997
0.20905959405530228
0.48115348598438834
0.9154117947465898
0.9321556630346297
0.3108795196327837
0.49019955432742734
0.010194004451620664
0.10088422144230036
0.20400285255956774
0.34151006108809456
0.144593026331856
0.4925140465247436
0.7638327739050663
0.8496368950829031
0.07274962858985379
0.7049980561815101
0.6449391097317461
0.8880519150829804
0.8735733914923977
0.9784990687729106
0.3443171803255015
0.8474245443842866
0.3834459958482821
0.790092009579041
0.11947402130203355
0.4455393893428524
0.08405346144443315
0.854547255455311
0.13033847160402023
0.05246172513716019
0.776720213272119
0.7087205547575245
0.8233994620283785
0.1262767633823786
0.5162510961480085
0.7340711742295221
0.2694082850684053
0.5098664546323627
0.9899218810153942
0.5530400728335336
0.5591957828152387
0.3857677635952108
0.2597590774108147
0.5148528584782932
0.5216221704293569
0.9341946598763899
0.23989844123414306
0.48557411396605044
0.6531716258720028
0.6793166079699193
0.13185063256330676
0.24943140411924236
0.8474101506845193
0.5941254406746528
0.5738466919247311
0.4391698516644873
0.6627259646072755
0.1154630780799909
0.4667747390246566
0.8835495390080566
