1212556
0.7003961432093934
0.9820242014164496
0.1919074288573004
0.3390791340084728
0.06495996722117436
0.5679249212270024
0.17254588437112217
0.41880057050738506
0.1495851337493197
0.21816406584616255
0.7533329058076187
0.37561538797483474
0.9004592336597153
0.15038621568148447
0.1868504829000106
0.0653143380655049
0.5707516988975866
0.843870384741789
0.28235158267698446
0.25770450584493765
0.3040909394175537
0.08668818530189448
0.32931896949813466
0.1796127196941325
0.5464815014790418
0.36444838556760084
0.4095656137680622
0.61758848210833
0.4054586221097747
0.477781056282374
0.4820232311363667
0.4639599686745025
0.3847944960940798
0.46618439140809165
0.9064632070808553
0.17330973626563073
0.3915885190710894
0.04585576857109552
0.3688448615574961
0.44030270138587035
0.6738343211665296
0.41722909957170595
0.2749396172061481
0.04286896247999339
0.7251937316152596
0.46203923736394326
0.06736131530462575
0.41485594072337706
0.13296410217768329
0.4646589018918321
0.28460828519098946
0.5456905867848776
0.7034723327218194
0.18566656248482483
0.09349826650310944
0.8436455557132392
0.9679206978365226
0.6279941669793776
0.5594984286699262
0.5520485233715213
0.6643117229718641
0.7866555412409885
0.83817162257767
0.44414525214742606
0.797112145331388
0.21095964171198678
0.28031240819010905
0.8076518773147571
0.38977551830642543
0.0911712457399062
0.9991994656811237
0.2808002096348019
0.829890430010857
0.9334354534981605
0.4023528196930388
0.33055785684151984
0.022395375471624623
0.39220764071391157
0.40966652184784813
0.2503764177622043
0.8774875087753461
0.22062605235993216
0.32277653845429155
0.2717181469135139
0.6721235676080327
0.06858485838979778
0.35374682630784915
0.8675456386505637
0.7791240355367005
0.2028680840478605
0.7677208510337109
0.036389383220464144
0.7822831347034068
0.30854216870845275
0.3348885745275242
0.2392792592423284
0.45286307777447976
0.3328790115272616
0.8922331846041586
0.5002849858619415
0.9210768274982364
0.759483027705598
0.8171466245806799
0.1832915823361605
0.8876250905097133
0.14435331960764652
0.5145255686789092
0.8151849857778088
0.7906065625988573
0.6520796276117069
0.18230839593690418
0.09982543200326577
0.19849158678243684
0.295394873525613
0.06996895346289844
0.8250034329133399
0.3155009467205463
0.5745535690624871
0.3315160140953022
0.6703718004598997
0.953239428439599
0.5925118355281772
0.39258563727994533
0.11639342098510908
0.8255179022222838
0.0041717665718475905
0.910559025197324
0.6407362193687927
0.6788821444164272
0.9337914799843058
0.7014146802045481
0.7020069965038873
0.7069369721050347
0.008372717844583266
0.09407509695026495
0.09478574543380591
0.4171146854771697
0.19588685077050982
0.5609204363572298
0.6689481901780772
0.31133429607409935
0.23023245361944045
0.9551992773648921
0.23078884492175633
0.8941927359185207
0.7230199077299972
0.5670816379353781
0.7891229844596779
0.7959161919708496
0.4401853452367963
0.045042724319517724
0.7276589307130361
0.1918267726867069
0.4998640304915649
0.17520487759335546
0.5833484297523172
0.03802056681536026
0.8716308795696859
0.8434421480816979
0.8777809180614851
0.39788282887052406
0.2903862138943978
0.7604700412454164
0.020528855176739746
0.8708938300223359
0.4105648908934695
0.9441495003989346
0.4123779684258272
0.5454177077247053
0.01282605717701113
0.7631827986046767
0.6661547251243897
0.40221163081298184
0.32646744502685754
0.479448590549965
0.5116265080707376
0.7025531447431316
0.4096966082942918
0.6866597777780462
0.7477889256765261
0.7243884079612515
0.06586293131954313
0.8905817575346368
0.5798178785611763
0.2547550327474114
0.010172152675131052
0.532606643553196
0.9768623078458211
0.07305784315986652
0.4374616550556434
0.6289584679407846
0.16583422605557607
0.5771601367320733
0.841298588640547
0.8972018389725975
0.28452291766358984
0.930310618347938
0.2911653483459272
0.47681317715816807
0.2437241177907875
0.49761839842464706
0.3918120185687486
0.06256333700845984
