1633856
0.5237765067541802
0.819230664648014
0.23129097596516413
0.4449641949736335
0.08449255126641997
0.9764619120630527
0.8628217074012258
0.0999550722825947
0.7173716963132977
0.591491913968839
0.8985454744704364
0.7080796434525609
0.5477983160643246
0.6218760427622305
0.033718089893680414
0.11325002355280223
0.3450928120768504
0.4960170583049527
0.840289809490639
0.305009137029268
0.12448756747599565
0.6346349238973773
0.4600468650425261
0.5026716182646735
0.3925908505998249
0.47773162556773097
0.058710167316030626
0.8202483752435767
0.0523769457916915
0.550764053093721
0.6810646718610192
0.172820557019993
0.39385222728531255
0.9389436283101585
0.42176547506632145
0.49994930155326767
0.9482851441552183
0.6693592789508522
0.3049991799364562
0.7020770850053785
0.19592872339730683
0.9953865495091394
0.35233852576269376
0.5950357766812601
0.028103010400728934
0.08137974394796077
0.7988043979599989
0.8630873115398914
0.5856232917479989
0.9011051383597044
0.11704070640995123
0.08465811560758885
0.4886039199417791
0.0667064066740719
0.6049325455404234
0.9884198549880309
0.990157386943196
0.21099419080962334
0.5350927579705106
0.36386172110349524
0.49096388161932114
0.007866194324700704
0.6851664913489179
0.013336363405790586
0.2044371369187743
0.02967282385412373
0.5706077747089969
0.9718656045287565
0.3091986129208597
0.022017808415288553
0.34578498026200544
0.6908863175603184
0.6215783704312018
0.5092867821518501
0.8622768134579059
0.6911168395329458
0.5990684466555481
0.2736709405980887
0.316473816559507
0.4987685812534881
0.2543718111832656
0.5964260752021806
0.5010242212748195
0.7824710945726734
0.9604134428648952
0.06774609440446855
0.3236620233963956
0.38569720403336316
0.44065249862444633
0.9637289502027605
0.9742906425843547
0.9777036308149669
0.8277746442051374
0.4414866758642586
0.23085083258647443
0.7036718665027307
0.04726242712339912
0.5493938420708877
0.16570697300332182
0.0513650257905387
0.2542552698203602
0.7439348454578631
0.03429332380035055
0.4553627090094251
0.9423625119711172
0.079788121002068
0.007940271103539565
0.11045199053644572
0.762421167021902
0.5437725485909058
0.7076189992702698
0.03669698104039654
0.678734542128209
0.9279635344079722
0.06336342108004822
0.6546041956730165
0.0890396156658404
0.6284294909427387
0.18368998558222882
0.6444411569075281
0.3407521281629877
0.9680073409574799
0.6149892508777598
0.009052678032493211
0.833095560697289
0.3344980057868322
0.9976941821205204
0.7963319335538225
0.9309264046528941
0.3811166049340371
0.5894522673963869
0.2623332011087621
0.09483345078220096
0.8406421925941814
0.08105409311453271
0.13362939739346558
0.7861188769974913
0.6948043776032129
0.924791585057173
0.7817711609878052
0.7473318404002549
0.388306292637298
0.19305004539319714
0.9840972824880302
0.2049512134019209
0.1832313148019059
0.22619576076471026
0.4658841538370211
0.9153669841334117
0.8457993106135556
0.5956432290419726
0.17653316379791484
0.2889388163556703
0.6852474864437947
0.6377139409216819
0.981131222490205
0.021720982632214003
0.28074037753542913
0.6547099742205873
0.3316681935433736
0.06090872731165087
0.592051118004464
0.2931323696442725
0.006193334047820964
0.9317358101767742
0.18810591201029192
0.03507055368549539
0.10239941787986462
0.928293400281669
0.36696673066668395
0.9824492154952942
0.5809150231462492
0.15437367586417916
0.09006900506484972
0.8328221840108819
0.907463094472285
0.7061015830479987
0.03629082207539225
0.8159874394496949
0.8990311741381724
0.5955448577426118
0.8889019592866367
0.6292126636438884
0.3284369592342855
0.8817831796580156
0.30374258910857
0.2416840442771202
0.8071554429724725
0.48499620793256537
0.4562817947147807
0.3083820607387875
0.510516710527267
0.2759869830746936
0.5228175296573219
0.4411711820115648
0.7076784721317106
0.14121320649321434
0.8905079088223253
0.5242145719712135
0.8305757856876419
0.9026769533522324
0.0412080426508552
