1603987
0.5334349725485293
0.20037637283443155
0.3377967809444533
0.23860082119819448
0.7004262619738295
0.2717303492993124
0.024624570133998103
0.5360743469428659
0.791471073172128
0.38182322842620864
0.5274233073442071
0.7068261832243226
0.35274618082628484
0.6791401407054666
0.506770582416027
0.1534334423863457
0.7350626751740964
0.3876258931345772
0.9959435606959115
0.36444557940811106
0.0918797453079716
0.5040164744277247
0.2681640159117832
0.31622179261810146
0.7638685505742293
0.9373351532370805
0.008918065100375627
0.25018107464514383
0.9666808304069435
0.4819081503409687
0.27641624673456044
0.6643910072582891
0.9313819858929405
0.0025719573373594873
0.26622019525416996
0.8296551266022499
0.5784361274311249
0.25852397252798676
0.8893717407378486
0.6407420310727451
0.385188269264109
0.8804627817015339
0.23249702812468098
0.7299962385442017
0.6077619785480317
0.6044423106375769
0.3335411821108112
0.0963504584191448
0.2945516410151755
0.9878599578787733
0.2245597538291737
0.3628777786015278
0.9758715592797865
0.07948451041481475
0.48812288489394084
0.04829251494790876
0.06697367618409011
0.39267587545821214
0.9546893883199997
0.15001052177156116
0.4954328146978887
0.25699641975781673
0.23349414047274197
0.7003504764619721
0.31798407585122446
0.28176256831269386
0.9623726877172722
0.5215234430444868
0.33726155303160155
0.6286011178604796
0.7772920110808227
0.659855463742978
0.16245049313306814
0.9311176531708818
0.7273601444973561
0.17919636024470598
0.2669479791256226
0.49918597265695697
0.8004807788115306
0.17590745204693126
0.8925045498549485
0.9565433831681966
0.5037943822444754
0.06130011106830313
0.46231020456545924
0.23626003744873814
0.15496307213838034
0.6602042571202825
0.5069696931827343
0.28857801718022513
0.12447706757302668
0.9715401860128069
0.32162255530894024
0.013814317299744472
0.05515367546522243
0.014978055448771954
0.7299657946467486
0.865414273097599
0.10866584241576505
0.7184849966798083
0.2552700176473979
0.5099001733892308
0.5995667862876218
0.8671468968681184
0.03632875297656557
0.41497627653874647
0.4689477530825755
0.8014174095127428
0.4403830641127827
0.5785754591767506
0.02098600858422095
0.28507090243392197
0.27530544332078877
0.33972492352331896
0.638101897108871
0.8075979969065632
0.5483653725107746
0.8875661498088269
0.6911855384639252
0.09134904512790587
0.8740769165441514
0.9391028579586551
0.9341651560467664
0.933698426157004
0.5072247309778337
0.0700848415708809
0.5555024229935156
0.9696570421023497
0.9980911628108814
0.7012374269847856
0.06872182364713197
0.3451389136926194
0.14398189548303053
0.13631425404672803
0.2982892138242742
0.4388451151353937
0.3310808619210529
0.573200538686969
0.3610809813036564
0.47956360306487633
0.9710304617486794
0.9047832835276374
0.6155822333843887
0.07632641381580174
0.48233335386069676
0.7388669715509286
0.03501956859087774
0.8522663218301557
0.5870514188461012
0.21684946325132992
0.006651472391337898
0.23443476951362818
0.5780804068138043
0.10091706813362378
0.6260987712209524
0.15758585937612257
0.5809993423068113
0.7165987109745686
0.5019837252975281
0.8940634929345203
0.012012198126890361
0.39644232710446137
0.8169289227181976
0.5108067933762045
0.14253173701217248
0.21518431333809296
0.5512065361527672
0.2771638933162439
0.5523217307515647
0.3520022279051249
0.23873688028255968
0.769823642914236
0.8131879517835058
6.13056997302075E-4
0.8292848135831631
0.20912206741345862
0.044217603835959185
0.9386026789949621
0.7354805097781217
0.8029457446695052
0.5151308499171843
0.5612156395125728
0.5133305274379361
0.766751872136742
0.8372377568964691
0.34837644815417346
0.5993041512911178
0.33911659336351485
0.06018014704901431
0.9195223292539293
0.30525611134444164
0.963176330201222
0.6475418182718853
0.7536237776888866
0.8435718240362495
0.2355176196471781
0.2623690406046336
0.3819118735939916
0.39358082656348303
