1279569
0.35053420122599643
0.5106923743131749
0.7054452078134068
0.12158780167917072
0.2948438475748738
0.17889037155483334
0.6870287415633496
0.4315638554199849
0.2225909103820567
0.16985698961985463
0.0637337642681518
0.1428083396819495
0.7711825056963181
0.5572041223719243
0.5513073306414759
0.488421590840622
0.7648595107134244
0.9826043997456773
0.647134853339911
0.49094151236619077
0.42483297860800506
0.5336764550721734
0.8858881711146662
0.3819173566868619
0.7331295778570194
0.779640840825549
0.9132608218945506
0.6795906990481654
0.0012959385405573176
0.4640594255131135
0.8748437435422938
0.869373540770872
0.4667236879580071
0.17033299365744525
0.36713661171538814
0.07441711533906492
0.3392138419489127
0.34400757048500563
0.7804853008700786
0.6966954666770763
0.47572118257946006
0.21776103008240866
0.39292733335384966
0.01813787049095872
0.9248324480056687
0.5230691985666024
0.41220899005342326
0.6173831600279387
0.8094251017375619
0.2759719853055851
0.3844922475124215
0.3510702527757462
0.9208167942573625
0.8100571962270504
0.3363262722478124
0.2734948686622837
0.636890890855454
0.4711612772047886
0.28919542687137323
0.14683522190427234
0.9868637413406166
0.5670387464511237
0.5361751807613474
0.1892769038901576
0.0035658740121805588
0.47539822286682953
0.7237132292807913
0.7641103575926286
0.8343422017707399
0.8340833323327397
0.5509411688369342
0.9735348205736772
0.006930161830461912
0.5654826476061509
0.1608126475700793
0.6599639806221514
0.40345882731413474
0.681671180450212
0.5544710174207564
0.034113617884143466
0.3965501720932729
0.1485830329699972
0.37516412878885574
0.24427639498946807
0.016422613225605676
0.12352189337702246
0.12008337290113724
0.14668727260070524
0.692409474422472
0.05794941282626209
0.6317652172585534
0.3616710788538531
0.977623344467265
0.8250182409716355
0.8679206556674813
0.5818920299749173
0.40637842844273264
0.7109264861519417
0.33462484562632033
0.7169027504379665
0.6878956193559144
0.10619544973484829
0.11766817280992237
0.5214528089675472
0.8791615522733075
0.27408110139873
0.9173207396393128
0.9584747292884693
0.433772667124246
0.7381489606910705
0.99759520042166
9.551169254673475E-5
0.766642903971861
0.5415192543699567
0.6192000427307511
0.5794306413968137
0.7716361790929678
0.2526490447525239
0.8610523809668246
0.42311710419507664
0.8294015892823576
0.29702276022196006
0.7715348252966252
0.1708707869936552
0.7140739567066856
0.9346270218794879
0.9174629111629137
0.5500764151639915
0.6228385088832031
0.9351588553191003
0.2098238942480568
0.6622242273957418
0.2462447643694312
0.7773306889302564
0.06665744970630005
0.20521003342486321
0.3237715919301647
0.12778187506171534
0.8270344277311602
0.32270727747633765
0.0887765045895339
0.35671798557669065
0.8147064704002793
0.6960144655023912
0.8673080998328033
0.8839949288202806
0.49848218970017444
0.23591373788958925
0.797266329367936
0.1865970622886568
0.8927943666254782
0.557616798620329
0.7938818350784408
0.7147434198923912
0.05424694471348657
0.12815426371005667
0.7715457698733781
0.1148827146028657
0.6828784305526516
0.781999086766999
0.7952791614613185
0.8480864716601567
0.21181286145046974
0.9700313719267979
0.6891885167467893
0.44284588183436835
0.28951310522056317
0.6449018573405039
0.7080062866377773
0.7040393105362738
0.8998209546410951
0.2462359362703096
0.2758409007704611
0.2322503766814804
0.7613244289911103
0.0889952093619717
0.6120802300089249
0.051613867556949744
0.6135813856360213
