1917864
0.1699127968273031
0.14312856643208405
0.004396783600262633
0.21500413814559116
0.08723947239786767
0.5545040863629531
0.8762692517191307
0.9325015976454762
0.735991537821748
0.23251238751280323
0.5520901495950864
0.450066806465246
0.588160963482756
0.8269423349982944
0.4838410188926213
0.550848798085644
0.29446468713367935
0.22029359103302204
0.34835290107075956
0.5724039269573311
0.5672406115695849
0.0806399745145211
0.071471039735988
0.6479578371873808
0.5717486542043062
0.07313182122948636
0.751796555240154
0.3899110360735808
0.07625482618711554
0.1648213578992156
0.8370373755642488
0.5315043103718955
0.32512150723453825
0.07528947827157628
0.03014668349269145
0.6085373562090632
0.5985158256571477
0.1725650317754941
0.7080304500511069
0.664665681827744
0.10289420676634142
0.4226707633870499
0.9973475331042991
0.5454792490486283
0.9662178745985798
0.5326979679417189
0.14552645312315615
0.30476205575252024
0.7141014369483338
0.9804401816361075
0.3917115315183495
0.5856994777717593
0.5154121655980755
0.9177992064880867
0.054879431763862674
0.07248281991792493
0.7619715010853446
0.3867734496163403
0.44782012580607367
0.6740176643748285
0.5513726356600116
0.5185681519181053
0.5099972409212511
0.5944787598245228
0.6553756282341154
0.829695611361528
0.4816278709962788
0.8100918674637452
0.05432669459870376
0.029864802174080052
0.24169226534474442
0.5757784870670107
0.26150543645897284
0.7633847998411488
0.12134845031011432
0.7593880585462676
0.9101991959981002
0.4182488365870243
0.05187200691287219
0.49046274952987556
0.10268514386897232
0.005324041638109178
0.34415932820618944
0.1547388912702674
0.6238978240068227
0.3617591124440601
0.9391464502458489
0.05397945609867949
0.5823396334088572
0.09838887089490056
0.8274622285210449
0.6179664281115018
0.8029517965934795
0.11418736420534681
0.27590141063709517
0.7242189931104278
0.5622520160405302
0.281599882312355
0.27244760962607784
0.8819059730369304
0.3684494048072945
0.305951788663244
0.5789651115205479
0.1551257447066915
0.4852161032132467
0.7639495048799225
0.7466836416420953
0.05738360705017975
0.015687642366751575
0.046799986225245394
0.6511916178811585
0.673290667992227
0.5950011603121949
0.7215238425682269
0.701310399109758
0.43624983320505994
0.43929133083772987
0.6489978088959869
0.7206622473059158
0.6425429254479704
0.559299683630169
0.032035499458510364
0.5906175665510379
0.9892942095266678
0.2807806141301995
0.33088373025771467
0.06926077015396204
0.7840168351229849
0.38353037180053184
0.04362521908591821
0.1696301858622935
0.22258977931344948
0.025087414580826306
0.1783647343875323
0.32913001993071744
0.9924838530194584
0.8829730156324554
0.3077305051147382
0.7188591517116403
0.36274238211473464
0.13380085902556094
0.5993766639131622
0.7307891411086179
0.7402889025259302
0.1650731221757895
0.713664325190572
0.48785106463307315
0.7470529943812118
0.547352578592888
0.26893693095026494
0.21858097892589057
0.9127634270143946
0.08532065943857547
0.0696679320792144
0.15481114195714774
0.14390234709029381
0.023476500216942253
0.3016933038535733
0.10805038487798357
0.14018839856674814
0.5176910913478786
0.045476945495433685
0.4607533062906216
0.9793329554279538
0.5775052685032206
0.6599880267813053
0.4076535049137422
0.3414613985954229
0.12458721239308113
0.9108504651058537
0.13008352022142855
0.1387192191660167
0.5274328895080653
0.41215555191751174
0.8701455670177168
0.024796894540471848
0.886794614336642
0.5380695273060201
0.4010686476830072
0.49284305837653586
0.06505789060854139
0.8993199740326231
0.6504559954449576
0.2698615276491988
0.3688513567961932
0.47669805451989467
0.8682171345247306
0.4952722626096929
0.3826503539357514
0.5494003867884965
0.5324311796440478
0.5419228072596961
0.4403961220479955
0.671556487840781
0.9501029679331939
0.2779246542727234
0.6947232483879452
0.2852538652686547
0.5189837738288926
0.3402018466589025
0.3565129496099273
0.5644702688644209
0.8854931497823697
0.6690313579175755
0.028037569003736218
0.04435803490450008
0.8197192098329393
0.05313308139729889
0.9459989572301203
0.8883859844882778
0.7072170722427112
0.6652549101676163
0.8604563058842029
0.9726890464678815
