1874777
4.1117818514035953E-4
0.5956842579307661
0.5151770730202231
0.3796464420556698
0.772501684409839
0.4830203816569374
0.12025149326554296
0.6000156296315514
0.44505929370421105
0.7807438724202674
0.2658098752641248
0.3692819140449475
0.41777954302456355
0.03338143214433975
0.20878147998352625
0.1872184213092961
0.4276259410477449
0.004357415347443938
0.8820345388542044
0.6022125974170688
0.8271079502447385
0.3833194978454034
0.8726563721384752
0.9074842812915809
0.91898644769155
0.04992404159192698
0.2441562871993731
0.12533557781814875
0.006573693671094394
0.6022530636036572
0.5238522887467375
0.4907629023480149
0.5667076232267332
0.011918926413216568
0.09199588458254926
0.3544777411761926
0.4045130631265551
0.09564214508435309
0.17981182238246496
0.0682591538916304
0.7335314312840836
0.3337551681548462
0.7825972915103998
0.6469347281074974
0.7462304287939387
0.4116945583691628
0.6933118187192447
0.8230588880676051
0.3929070187995266
0.4999786415429781
0.43808190969498884
0.7620542581627856
0.09492516076620439
0.5304987779000347
0.6091794307697462
0.6941364864359184
0.3455139059257958
0.7888564139006896
0.18831649554212038
0.9976098643471201
0.4960964912027701
0.5808452973720166
0.4450609875098521
0.3276239621184589
0.7147736079603945
0.8116781062874663
0.48745714343344126
0.30557356635244526
0.7840602468149674
0.9070073469580239
0.06427411277784378
0.769865541115632
0.4152123508392962
0.08996119103307909
0.04803089068280608
0.6063113394880656
0.5417858087640501
0.9526389134990302
0.10165029794171809
0.12657749484451553
0.6945260597414239
0.6381485342434035
0.19010982922845876
0.7580616537791254
0.03842306913639715
0.5346757856540499
0.014592244860260895
0.3228341801231511
0.9498837299667886
0.5973075681382302
0.9502737699986715
0.21352379322503556
0.0155311306604482
0.3319550674231164
0.07282360901756135
0.5326197526247045
0.7503373323529102
0.7066880324297665
0.012121687553949823
0.19293120682403941
0.9480435436764401
0.8258503510249192
0.9657235917831986
0.23794670490662073
0.39856457316601623
0.43212235616933603
0.48585433840132974
0.028298140060945
0.7742571947655833
0.10376974594023014
0.5266604313263294
0.6380001367244307
0.8986302393434937
0.4775163950906971
0.9882129688445229
0.649475422230646
0.20563192028098431
0.037428202306546865
0.6573509609381107
0.1862105436968019
0.06640515492761723
0.013856371891016628
0.839541573504748
0.21745944056537692
0.0759985635064413
0.5513411955033372
0.8657102653803577
0.7288126867670868
0.3180789972421011
0.29053699964679125
0.6877391557706121
0.5924809986383414
0.42833080795050793
0.3860840185992249
0.20772847901036195
0.6181936110699059
0.12064203980050114
0.8263010571090208
0.5751267782274774
0.2506999775028157
0.9961214429700493
0.3642248851657869
0.8003795174152811
0.3257533379020592
0.20760530414171896
0.83789508355528
0.33696682275635115
0.730539995359149
0.3692845151200965
0.3924414298360984
0.014165039019583103
0.19554693160008985
0.4461805742941166
0.9676262526435903
0.41719246846430613
0.6401868602511452
0.5314739747746317
0.10887112921710929
0.36999250592057087
0.3974943231053467
0.6039522111604095
0.1362803989038247
0.3481833412047839
0.9745819421557783
0.17177851651901244
0.3344158307012022
0.49547287557095265
0.8107438577730283
0.02221283826894105
0.3249341107483026
0.8219560840900861
0.694370484555665
0.3575770841269318
0.9524494142329677
0.08152301163655151
0.7286802898184217
0.18728282791362638
0.07309478933188573
0.4635479228741016
0.939594494197714
0.35977839675126844
0.7746163674267561
0.6106722200092453
0.5952235900207529
0.8740373951009498
0.030190211418537838
0.3056856008603116
0.3454126428029981
0.7654437884336945
0.38281972185747104
0.9199240028946901
