1839661
0.21100405683419998
0.6787928750115189
0.09044775279662998
0.7279452717812918
0.20726199062312856
0.3036479255113179
0.5468940927171863
0.8224598719078077
0.47169984034142687
0.7634938289241149
0.16723619679623392
0.3475191179400411
0.153911393000023
0.6381819378721187
0.5315843716139078
0.5736426441596526
0.2072882052296552
0.9736210704032979
0.08231795071735182
0.8851970474295972
0.558305607252361
0.5221242458185604
0.07215509196302428
0.40613622152365036
0.541461284055051
0.2390450646036847
0.54789748025589
0.8597169226111596
0.8001643783894685
0.5367990631206483
0.8901686923065205
0.05788998851000837
0.7509593634441009
0.15277442106225292
0.8399382304595328
0.9698750690101376
0.38127300844226397
0.0599207490066489
0.3610425157094391
0.3787284884224167
0.8207447142199289
0.4382655987973252
0.996692777473172
0.12764514988385423
0.7267216219751864
0.06072811720878968
0.9113908135228878
0.12606699135979482
0.2788152946877961
0.96905718947964
0.3509250747031525
0.8539823796977003
0.1551914701064847
0.45707882010325707
0.9890853024977125
0.8890516816695436
0.37997434339672465
0.8598827535089992
0.34861186795098953
0.3199690185046934
0.3733298795864749
0.4459974282811805
0.8193088824090845
0.1783060094054728
0.4039980864892526
0.02469113458461991
0.4278680517213168
0.2935804580008302
0.9036005288912382
0.3479754734019891
0.6086569308591572
0.6705992682114117
0.6989594829200488
0.30227060471614187
0.2850352114349557
0.03277078411622314
0.5243630448093715
0.8287378243435588
0.9053876852883593
0.36878239173798144
0.5410441166346804
0.6625018830396288
0.6272515939390412
0.6669597039275582
0.8288082712147673
0.3512954493570525
0.7980931197561926
0.8375508794297518
0.11553570434525628
0.5014447321796355
0.09490181802449338
0.09060720053007143
0.39878187808655186
0.919586366550962
0.7659145201530904
0.7598184779978852
0.3710016005604232
0.7420204458182436
0.8356195971475003
0.5457299972397823
0.8776745066622123
0.7339710973263085
0.12900895238217103
0.7146881436821038
0.016589252367876783
0.7335112779048089
0.26560769279271146
0.8689423805918921
0.7423865361521753
0.02968722852707406
0.16196388794643712
0.3410907539888969
0.7242125312246126
0.10901681302142918
0.2839395445700448
0.31888814084876993
0.5775035363653774
0.3366866572834941
0.45923657665375905
0.6234969461078229
0.11847107097346166
0.23195174891285497
0.8317766800418349
0.979134604000692
0.5974787091282187
0.6235994050857766
0.10555632259312286
0.5911399487250796
0.41972614496743066
0.39477741437109104
0.9547800597771322
0.3268084717466917
0.15865924260995712
0.722873208147804
0.7590089257498409
0.7729551251506791
0.4686842848479358
0.4866732756764579
0.20629998327466137
0.8674483820139638
0.528127039063757
0.455393450319138
0.13692247045290173
0.9898105850452757
0.2838096862002275
0.2838224002812517
0.30163277617961826
0.9861501839251906
0.40742965185784874
0.08518595107266314
0.7592394588797415
0.0994077520006863
0.7245596105809592
0.7803661402961278
0.03621103413905391
0.3873745046329181
0.627115901272933
0.05846557189621293
0.989590182617812
0.8431578269390294
0.9525931061555868
0.4352547516424977
0.5495559247861225
0.0064279522029886405
0.6462848357411282
0.05361448520937917
0.8138851206630254
0.7222463573429863
0.5882607830746243
0.6369195428900305
0.791113894665567
0.08464520336442782
0.21319094742511024
0.31115600691491685
0.2709087146884336
0.8006433981696027
0.4754730258647334
0.9795328376536027
0.8203790168269866
0.6684843720961893
0.44834571846152527
0.9709552632782085
0.06291221496203026
0.2875653359520848
0.9629727887261766
0.2107952336863469
0.9343276796208949
0.6545972108866666
0.9191756930405708
0.9210931408062738
0.2961436359429208
0.5583051715349578
0.35003889291309365
0.1846833990881407
