1229799
0.2425672311307514
0.35436460770346645
0.6847180029253273
0.8390268827036675
0.3694619389219933
0.5243379448191802
0.770207290404469
0.27325892480885894
0.7121330171920542
0.3992973946387738
0.5433898413417869
0.3617083018641697
0.5398692818629383
0.17970462930451137
0.17010117022084437
0.031521722148675324
0.5534547247645054
0.7499642163040472
0.9599270630264031
0.8947892789165204
0.36494996727933293
0.03406329265703367
0.01688828797043873
0.8866317279002806
0.1450772481789746
0.9000481502588057
0.04081848191359394
0.8922473604783695
0.1300638553173501
0.04264064637742271
0.7018732758225031
0.5928582355888609
0.9795163261305576
0.9598320212574992
0.08752318589623687
0.6907874964054868
0.1816157322612476
0.6974298196699971
0.8938973566806405
0.5769199230030647
0.9794324760623029
0.9603998762970808
0.503462249009039
0.3280423718361688
0.43162304949109687
0.44013284788848817
0.02573414510171257
0.0052887063310844695
0.9495930257703906
0.4750099939765917
0.19190187859608787
0.8173515054066757
0.9375383490089376
0.03267533998632821
0.30394718177554003
0.008471354926628094
0.3026564171259123
0.060023677510103624
0.7814674744442075
0.9839207962848864
0.7115768357969428
0.25234952360687035
0.42347231529144225
0.6883774464377721
0.7536747265079703
0.5852263790356339
0.8423154135494847
0.5234372458635148
0.28241454502037133
0.6985790047959101
0.8571454291456257
0.38072373677539306
0.13814237382934802
0.3253645126545003
0.9956348617495737
0.7847910138991601
0.7192797950048531
0.8597511399811903
0.39511217910001395
0.7598638564770228
0.3124319644550343
0.34806797325841454
0.6491485901292624
0.4570709687735566
0.5555640241268576
0.1587544504101156
0.8767798383419702
0.5225217381332039
0.43187708541237735
0.7094028174123921
0.8387310847047645
0.2437798298756565
0.34544132815624984
0.09165459201703197
0.06313841872029957
0.5624073350596347
0.20467722552888445
0.6361900339808003
0.8573348587608849
0.016340463773744207
0.6993252738169613
0.4632365591504911
0.9795318716612547
0.1011173846612895
0.698152946543959
0.47005330006859025
0.05120494284496524
0.05865334018743085
0.20999626314596065
0.7240117008737403
0.6158296762277506
0.3491803255239847
0.4975627156158452
0.6366670703453418
0.603537275316802
0.6274037792682621
0.34909609739247616
0.1093056052320519
0.29312951520195607
0.01519323533704331
0.12358088290949609
0.7247510818663915
0.29807762454580156
0.6716610150690163
0.9893700249950873
0.3623884499966755
0.9944746976037575
0.4259346432868829
0.4037044743471898
0.04666447180849642
0.725277326072191
0.8985669382710902
0.7154803394022476
0.7532588817621518
0.33637244972072333
0.14891147823163675
0.38240621409272824
0.498382258205905
0.866297816465757
0.8774991624067715
0.24614630109803204
0.014048625488267907
0.5801062462387953
0.8929459961744779
0.7332854880645501
0.9579329729314784
0.9053608803408697
0.5680451474163499
0.9959052522010932
0.03402754958636789
0.9176408892664835
0.8057510900134498
0.16886485826363284
0.9170010685149211
0.3626182100574985
0.25467952537629834
0.10188403613500163
0.5550837633863717
0.8196752487500064
0.8295270831423975
0.833046899129173
0.6878452802202966
0.16695641231934266
0.2849382938431969
0.7080243248766964
0.7100189091774969
0.42117601451268505
0.8921164791231778
0.06081479902935938
0.22210320029342057
0.5311913738816245
0.5864756423146001
0.6233268098783948
0.07424099333966938
0.461307498540388
0.8537426800757726
0.9203047485595588
0.2674472933924362
0.8922525335908611
0.007757562346631497
0.2772968605810725
0.19390482242129892
0.8217959616424604
0.318097925937715
0.8665064239388641
0.6938052797793824
0.6219211893329718
0.8550940203932017
0.14488505700735488
0.2760031387716454
0.6431856209531831
0.24680904742203447
0.5899122429223
0.9152383786148719
0.7669324377673202
0.7063024753486482
