2195616
0.4690892572836327
0.43591652031909234
0.9840654214977934
0.8958816978460832
0.8375268598364004
0.34372262479354876
0.3158306971511249
0.9862821032110436
0.9028361982044649
0.7443326129157326
0.1441868535922518
0.13320389233267804
0.9423761269433533
0.5855286846175215
0.4854756718341028
0.5547186800520046
0.08497524100780474
0.7168508645024375
0.7027952658800499
0.6880006850119964
0.7478697050592101
0.20792011348046147
0.9603994041760351
0.7570282050736094
0.9607862749464381
0.3374215411691357
0.510816195454422
0.7344950590041646
0.7635878731940501
0.9170854022273581
0.3971723614032423
0.05098546075976795
0.9610207008962912
0.43398681983555076
0.7489264891561387
0.49824300703434754
0.8471332775044514
0.06925405148639241
0.2005504529133345
0.481662403971717
0.9988725217636292
0.501328009241057
0.05846245973636388
0.22582471986199004
0.3244043809013345
0.27130691795410145
0.9993481263779754
0.6163698044162698
0.8504851987976424
0.290512539017845
0.6148830453909553
0.6216263455852508
0.9125277628662964
0.07410326254848709
0.45180193727579754
0.798018285449971
0.18341729718448985
0.4554679109337644
0.462430506936491
0.6368848477018668
0.8912984193086171
0.2641129538521817
0.6411301344167827
0.6120847416895759
0.1534848625824906
0.6623685868256551
0.45542593073565285
0.3217510765358863
0.7050484613330268
0.2424231357346045
0.8126688429771324
0.21881965978828666
0.14417452045414292
0.5449672508244758
0.9879567112764494
0.6343608656611992
0.7406664613244969
0.15696504064139316
0.5156489140001548
0.6271814451775597
0.4751864981282865
0.9115036022919152
0.7674939636935348
0.7334166968350474
0.29460042537530995
0.16579471573648907
0.13462997436707036
0.9134390373249154
0.8441722881980085
0.5391944765454494
0.9040604300371832
0.3104007069209752
0.33832701226528805
0.6353767712827845
0.740336022802062
0.8382082318992429
0.6199388938951224
0.6598604316359115
0.8556930640380765
0.880900225375103
0.634730162460527
0.6264667494461874
0.44717840307894996
0.39235771149416243
0.7216976790140608
0.7530486707018329
0.5652136843772128
0.7102922994289574
0.9190469517815871
0.4099832333132186
0.1250129491015004
0.6630069514492789
0.0729336253643752
0.37799693560868697
0.20080324990655773
0.7629647092021619
0.5457047680215278
0.9407089532866378
0.9186861381199678
0.17019550240224945
0.72109338483205
0.17631132174951836
0.8364457171443495
0.8168950191812421
0.11554173176618598
0.44421001295300566
0.9222716031794497
0.820139089804519
0.9108385372203556
0.47920236182112563
0.2855270356569998
0.8218931236720288
0.942850702728612
0.19273381782381105
0.5825882607768118
0.20948552259869924
0.1082801224026474
0.9895331961958433
0.07838361806591554
0.6177127844662124
0.9654699916890765
0.13143966191472023
0.8817288202588491
0.17970684660188962
0.5620334433967145
0.9674280390818485
0.1506296995249713
0.6718063433810647
0.009610320588748111
0.9584808430471249
0.9700333529792599
0.6250202289491349
0.9415215031226934
0.7797329031831193
0.43163718497669645
0.2593919121054903
0.11534713002999808
0.5521896236312346
0.1341030091509584
0.2844543698323384
0.6519494077024071
0.1273502661325867
0.7998832537402368
0.8192702968683467
0.8032840069653797
0.5347735070535368
0.3720358602055157
0.08840128886929688
0.6355493282605089
0.28438812389915213
0.9946186935375687
0.8313464291340882
0.6966245252236808
0.10619273417144615
0.3800685857288273
0.9430778307264501
0.05806896729490196
0.6626730450500478
0.9543644870229107
0.6530390917679615
0.1741891719392039
0.7145898527888698
0.3088887644025943
0.6959400984159005
0.48428561757373
0.1224025947317482
0.3388477525661534
0.270751290960933
0.8884793651801662
0.32946001302314
0.08309402207004069
0.6083855925249381
0.11947549347362107
0.2772830672186526
0.5052173072756793
0.43263411905381977
0.4169801867962506
0.5058874970621263
0.4899807597706266
0.6633397372527212
0.06423409987479256
0.49572342473470865
0.8972878029880859
0.7581936853424619
0.6447737088528056
0.9771922579128439
0.34542374557692845
0.3722426280221173
0.04450432054970066
0.39128416000203803
0.5450931641300959
0.6979791019625798
0.6361023896062327
