29630624
0.23107924182102413
0.1279472190201657
0.9863681419073643
0.06150357873879886
0.08716847072614486
0.8870312921196536
0.0452017900866728
0.9821992530562029
0.18262069478400633
0.3889018541061334
0.815381891017406
0.4691543352008084
0.07245261616501575
0.11022265637456774
0.9065218276907473
0.07677180356609403
0.12339630904237142
0.6674702902882955
0.31408581144982084
0.06817873667900454
0.4861905010352673
0.3118772344877728
0.8356414035842322
0.32277123758258475
0.36028256494059474
0.012458446124672506
0.21362146117539005
0.13538210451385202
0.20934402525238904
0.5591575146427976
0.791739375647159
0.8750502808654513
0.03444370158680332
0.19573547348208864
0.6193207161391762
0.5436124985680475
0.5463587611092124
0.9400222553710662
0.03430839412540365
0.47072138564470567
0.9602518567020006
0.3622468249175773
0.8060373873661627
0.5094129700289542
0.9838389892561683
0.15723824764027172
0.4515293381329937
0.4643682692477483
0.36983981466423976
0.4798223885956391
0.33533810521277396
0.6426005676781624
0.6907392589071628
0.6204628280642653
0.41089616722190647
0.35488174089310365
0.9590542380754667
0.6238020688459951
0.34809908564866965
0.8353798132117635
0.7153311398810616
0.4033120816267356
0.07784778306839202
0.9812140509583094
0.4522213314205602
0.17738040144360245
0.565705869513534
0.5224637242741017
0.03697925219044362
0.7801885701974378
0.44016102611720176
0.37557068960974704
0.27766112561359946
0.9273575451518016
0.7548777501700961
0.6446590440912521
0.6622188604905609
0.757272270427097
0.0325089672667751
0.2770566019731727
0.03972007253677956
0.5406165078760952
0.6479400813851819
0.0660954796285752
0.42348575297867075
0.9539568305124058
0.07939349164024834
0.03509741087189189
0.8471796949452581
0.22375837286434452
0.7139503632957961
0.7812342608772372
0.7005004166015394
0.3036692944602224
0.094677061323726
0.43359271386032083
0.16091269998839008
0.32866037367445045
0.8609030333229921
0.5060355453565963
0.24891314116341456
0.24033413097153078
0.524997982367562
0.7713462089803551
0.27749358244656286
0.7733549936050088
0.03046861769487652
0.4437543019696879
0.0897300111168361
0.5202651489006376
0.37439970313575277
0.5486758053143548
0.4125417696859143
0.4171190661145834
0.30262942936530024
0.8434999046225152
0.3413683842630657
0.2506186483509091
0.561898348097835
0.7633952358060726
0.9757023927811304
0.6102167983612847
0.256170061246762
0.942087910043633
0.22080270688134518
0.048550919450869534
0.05843334411422696
0.2521140726755393
0.7876471195549408
0.3656448465058978
0.4971818435212193
0.526535282466113
0.4191932132363907
0.8141510065355239
0.07372716374043309
0.762551837802021
0.5035634169958022
0.3515541038713452
0.9106639043858366
0.6912319017908141
0.49826050519165344
0.5300042372344157
0.04382106210949377
0.8760930890360676
0.008987416401553538
0.3834290835497326
0.5960995039826767
0.43969921964550196
0.2738162939905473
0.6793466922366853
0.5609772689984067
0.45440591038091516
0.25279150972076614
0.821375847955488
0.08088966862142655
0.0496168651226897
0.9253695634945653
0.841596328983952
0.02872274038300271
0.5211454962651989
0.131229036355339
0.2156325430716476
0.8302898497843698
0.6472600781624894
0.20310528015156992
0.11911503830612635
0.1446096513133992
0.269022147313453
0.9664515951395615
0.2722484957412391
0.14052235403036573
0.6400774529521904
0.46857788487999485
0.5933029492428148
0.7698889788450637
0.6218872482534139
0.23520547890619792
0.4560572579149551
0.05996145251830898
0.3434289601219743
0.8467997237769743
0.6964354430827613
0.42588978322448046
0.016545292687175306
0.8461071995715587
0.4493744551737767
0.20555163293371248
0.8526575196939421
0.49687923506177656
0.7257300916538312
0.11532560002225356
0.44844495728584755
0.526003701256295
0.40124934054409256
0.92381611990168
0.0181760437998707
0.8209266887157964
0.1447643728808654
0.4339438904936662
0.7552339729978284
0.3354815982876189
0.2705139717624371
0.1588643115714291
0.6812878137831142
0.13108756645915354
0.6653573424244958
0.8575963678285552
0.13156524857954932
0.24509660548744472
0.7775768323023631
0.23853284724513302
0.26297714704531083
0.5342132095499836
0.617136583082388
0.10394109740760882
0.6916005641370495
0.6911202118972087
0.5257924833306297
0.49261991970858365
0.27727412899199255
0.8116179315120535
0.4886365028108406
