760329
0.9071098719926274
0.31854179436074037
0.015300900132889983
0.8009534876871822
0.11746066634619101
0.13547719041029593
0.9669756115869749
0.877285992085845
0.7929212854811896
0.9124831209037071
0.9719862590391518
0.38685634205790953
0.3682787077434083
0.38616169559223723
0.2545194555548955
0.43640275239300685
0.8889410628525667
0.5864515472995757
0.6750502299131159
0.2034864482188048
0.0986138869060118
0.9267028072552023
0.51522160310995
0.6648373065293494
0.5763159601940722
0.46373160267102276
0.12765801288524292
0.0634137186295346
0.12618306129089918
0.24297167321333235
0.06927367226892944
0.7036868199408292
0.6256660309079158
0.28983631182620107
0.4091871829861399
0.8453138217521533
0.8480756734154812
0.9733406542728998
0.5732048462540503
0.27445996428180197
0.9406058251805955
0.6124655627596559
0.33564114141249657
0.8178824215052387
0.287579447005164
0.4326815374141453
0.39035081164825935
0.08764320949918891
0.679156698379876
0.7935370035600882
0.49661477516538644
0.9598223015568729
0.19876210855587328
0.893977159087562
0.8748858994155335
0.16912229841428683
0.39959001914227965
0.5058242851262185
0.12819183419286728
0.3041497611338003
0.45342069943412844
0.056462661320985874
0.3266979217754282
0.2702534753265421
0.18176103477991434
0.9010670415477808
0.474320216811988
0.7743306906597488
0.35414641234693034
0.582695689391827
0.12323178099688592
0.15916075172192734
0.8450886767780866
0.7670803367456851
0.6159541141734647
0.1657200084802145
0.36951742575494584
0.7074363484912699
0.3413870705834754
0.13576180853846642
0.18703713453189963
0.026924390600395642
0.6705561356260854
0.5087009277289908
0.8316431971960427
0.6014982460917773
0.29416273672295357
0.901445483246526
0.5681082429623301
0.4421056038139426
0.8104697067936921
0.7697353298763961
0.5782300487385262
0.1702253942211428
0.9862729474760845
0.3452946902253863
0.9212433702506865
0.5643439689375656
0.46621179486474473
0.5750863060415302
0.7386257715050017
0.1301870800688405
0.09583861109538316
0.7832940344671411
0.18005136693199353
0.8675547713565728
0.6365102198616565
0.06330783677048724
0.6692392945880704
0.8566642496030412
0.6721398510383544
0.2246769000926555
0.42258225153459605
0.17361439634524722
0.7824128143929883
0.23306041268184807
0.32060292773057464
0.2853264243233534
0.515304043931813
0.457614051299575
0.5107615375662912
0.31356967303979466
0.8674978281234739
0.8754762353233224
0.5988274185666017
0.1253955776401362
0.7743975961040649
0.6215216972695009
0.9080004656885403
0.9942880352040868
0.9232842608548291
0.3330974297785846
0.9107188581323886
0.5867105939218172
0.5973191221105594
0.3447638949699211
0.6250900619910907
0.049405705911910625
0.7898361221619307
0.11776124582749115
0.11901585130373449
0.48370861098709994
0.7089811635692054
0.9262882688753287
0.9861483511322988
0.016620783095399272
0.8296790638709673
0.5784398702208771
0.15772507297971428
0.28713748595067634
0.7368124413029469
0.2466063464363718
0.5282053716827931
0.8026194691862566
0.7075589047768944
0.1663179123537275
0.34937108264291683
0.8223581820284719
0.9850057489657261
0.03944606328701217
0.07739280270121085
0.2762732193474362
0.8064135111763557
0.5178360038368027
0.42992281963887224
0.9530767189559864
0.9434631345014043
0.11664700652434179
0.15186685096567654
0.7354586234475372
0.9686232506218221
0.32762290987899034
0.18591569150382192
0.015550956338636457
0.7303275295716025
0.5280615511141413
0.632830739431707
0.6741450265688544
0.6217668105777099
0.08042954235497468
0.791637180233567
0.9203953227971081
0.2446347309480158
0.811786406300219
0.7641431265634656
0.6316752487123999
0.02563211960595635
0.9247457788489689
0.8732392631292112
0.6194838857570767
0.7345647195964771
0.8269417894246657
0.30332033506160216
0.4340638751372504
0.7530067052511372
0.4924249501636292
