1240802
0.4007254228367195
0.8416187680656232
0.6527230050048015
0.47223293293222
0.509063547002651
0.10605472310616171
0.9887902269389989
0.1145113023349923
0.5657165091999051
0.2957492739151699
0.9143351568407418
0.8886187781220143
0.3263613599375321
0.3580121910910459
0.581385306327614
0.080134480081543
0.06523182325904009
0.07446084507782424
0.6771716797277199
0.5875760707587443
0.8813155620267157
0.7095346723993332
0.4374376743957492
0.21142798213463387
0.06536498986672812
0.720343425696301
0.7297968166522494
0.258339508351515
0.5078854265388584
0.8620660443427113
0.1952675931687614
0.3882650195208528
0.018406741460185838
0.7564475250190258
0.6941204481269505
0.05407108675549577
0.8991813684403681
0.5591875091313449
0.28411221276116316
0.5031132576369137
0.7138512164473438
0.30909313806145833
0.9757688520924368
0.48773294882361606
0.9856818213472578
0.34774748539556455
0.3234671226598831
0.9030262718627204
0.4685311085810018
0.3885196888765542
0.25860688687055156
0.2872464878556512
0.9487084925413862
0.6581556542253724
0.29873723134715
0.6056005467964181
0.9115054254981754
0.5773153402888037
0.2495832940055549
0.35476104633445205
0.2655498004441009
0.37508638040872044
0.8108810111789664
0.5432881448673335
0.5313999711814789
0.57782551834478
0.8561912361815956
0.21474059031396764
0.8052387335606107
0.5417828029598971
0.09956151964919302
0.5490451696614599
0.8703940810085155
0.03434060399760552
0.6992952314214482
0.7419609509759834
0.6994471213173626
0.20054375086563725
0.2678656308888493
0.8863071460793209
0.9779488434159798
0.6376892445280754
0.4959420899454047
0.40455632501884686
0.47732149531250545
0.34450387999847787
0.4507011266765396
0.14876109672162585
0.05326020654246044
0.24491416766522311
0.2720792535303933
0.28268411490849754
0.3694628087613313
0.34686254344172585
0.51691207946663
0.6883856762658137
0.4510646371065644
0.4563064527939312
0.09410443606262142
0.19035496323621592
0.709815750166115
0.8607836992125532
0.4450507071851453
0.06009467097871102
0.33444828162240814
0.5246457602844976
0.5090593722496816
0.49528871718123135
0.7353870202635886
0.27697473788768234
0.18446190856471145
0.01069948884455929
0.34567914225569385
0.39896822926132003
0.7450440312006762
0.31665801009086403
0.35972262282120204
0.2942664215192756
0.7477061300879362
0.40593451588592777
0.754188315002261
0.7686885197267402
0.23358174100862483
0.5542350729990481
0.03619328863262461
0.7070231464123116
0.7623381893723296
0.48085013752504335
0.3670098212722208
0.8430845128861253
0.9317366861506827
0.6588516637857567
0.43924020718338097
0.5842656718241094
0.11713096734268535
0.20218684000571707
0.08570079970741518
0.3148835624368441
0.5968467197746419
0.8691194091534374
0.042338310827437775
0.3160668431408289
0.8362859293522095
0.10584335649677723
0.35928344473331597
0.3569997984100741
0.9123025374916618
0.9148347798115927
0.0904268215771381
0.7152471619090837
0.5695723073347925
0.6585725833529203
0.6506780426583274
0.6072669919631724
0.8097630196279112
0.5640972626193372
0.4838417959906185
0.5090471704595144
0.10736940648734739
0.13203214711117106
0.8616085872273729
0.8294714546787383
0.791145973652959
0.7468356703487705
0.5279367811843577
0.13590212164435578
0.9048346645827524
0.2279240253040532
0.0032263479689901287
0.9147274818724909
0.9500010771562362
0.11143750922056705
0.6126303036332844
0.4257211964560986
0.7281612553434558
0.08731243455980697
0.08409433882267514
0.42801160879040423
0.3173097064802719
0.48615176809666705
0.21805593124977007
0.27428848968114383
0.13247663953596656
0.5214205865103453
0.9210904810224193
0.4522501632917776
0.8986568776903582
0.8319712709408071
0.28238053827883014
0.7458041533109602
0.30124486581957255
0.9166561625352959
0.2576660895618622
0.46161937508864714
0.5586906021525179
0.9257997594612358
0.39235839734429456
0.28876102877471843
0.3983823405072816
0.9455142880907679
0.7738384027040194
0.8384680540919207
0.3521195982948315
0.8283365054375815
0.6518670681466884
0.2247646988073737
0.732372187572968
0.7559742237787365
0.9667981703945426
0.9723528819066849
0.28456553489076153
0.16065916861432838
0.5248834047454543
0.6775602105001212
0.8559121207805983
