1499714
0.9291031234870925
0.905786791243797
0.0682815531443427
0.7717851135892388
0.9965247356901458
0.5551934539341354
0.5631642387015647
0.3923874900403166
0.9701188247787008
0.809690223504568
0.6176050391133263
0.2742776222831058
0.18617973133209875
0.1717979563984059
0.6974474489070572
0.8095615640834154
0.36456793103878815
0.5006452687378313
0.12313595607308436
0.21221320345334216
0.24243037114904753
8.544745599027292E-4
0.34097516263005534
0.3076962693696096
0.15091228906974052
0.7226229957358485
0.5884351065119391
0.8229715495834355
0.2077561362662408
0.2165196427187842
0.5389637952634543
0.25777258032682726
0.26672902938477894
0.4355778405763667
0.8600873181441862
0.8087278247091921
0.2862490398857944
0.5050019527504911
0.6918495796626231
0.9992941041631481
0.24664852460487174
0.39185836460272716
0.06285333163492757
0.7184219392021659
0.24017666174983443
0.13394962507390562
0.6883266287748117
0.9625103508697591
0.3312408965428595
0.9925515525974777
0.8453590185375192
0.9782139845270866
0.28482296177521815
0.10937295360726895
0.44338902450287065
0.37806347248524097
0.8959696801770719
0.012426900652845907
0.8888330350020415
0.018172575114311806
0.9662081117552916
0.3206355651517221
0.7447800802191676
0.26523576181092023
0.8769281549676406
0.7675198634744634
0.3160053479220193
0.7521225922310137
0.30539902503210303
0.9082184190602953
0.8390815777881775
0.9065878829853781
0.053829269696943016
0.8237125126825616
0.37882289886896614
0.5170238507874224
0.7835226955808676
0.30665204408835434
0.47121571116534344
0.30016806734779244
0.15963749460716492
0.6133688401740128
0.9895272013898021
0.8406860708831706
0.6970078839693639
0.9833981017308772
0.04834047896730842
0.022231473030996263
0.34971296855974754
0.49607232601652373
0.3478214374970128
0.3225167245503504
0.5799953088453771
0.22829473090255026
0.3879728914846844
0.9033420433000894
0.1694749020956453
0.9697863910730954
0.266719858777831
0.46647738731207955
0.17575957030050404
0.32861157969124344
0.2757339374770911
0.30338581435971423
0.32688292690877707
0.5078387223496376
0.23613532106874224
0.06356217627810823
0.24716782877374444
0.7200391925008559
0.8903559087302862
0.813402278933729
0.8444488513026029
0.6559134368475188
0.15262831196292104
0.7757262778085571
0.2005472609998744
0.8361693133865951
0.5944323901202428
0.8423616106656103
0.9621691886057515
0.9521967724466459
0.7258455786532527
0.7766641431646513
0.19553463730484488
0.4143354511089422
0.8964641166913252
0.7268784748407547
0.5772084544431154
0.3569154475660089
0.18177289031132327
0.232974281238009
0.2633126251004234
0.5665400492053644
0.050932662818013785
0.5675125539625894
0.8374618863030623
0.05417515237928028
0.7570692808870415
0.3843819563890516
0.5906673206203874
0.18429506627258663
0.7636816709166361
0.19500413760559399
0.4595023937388436
0.4776353479111649
0.7163829889443042
0.9295622180895234
0.4635625394058437
0.9886375833830116
0.5334508694570747
0.5289644076448532
0.37063000553309156
0.2604904569107517
0.3922771568324377
0.2682327064434247
0.8913533870728212
0.0013544373921779984
0.2126833847130868
0.5286741126520242
0.3077871082069602
0.9833174807209701
0.35164942058442183
0.03258883795124834
0.4403721747746323
0.23729325598522177
0.43102824773986226
0.7029670014392712
0.588176301390529
0.8477341490183402
0.9753537622118111
0.591013749680736
0.7676716374628382
0.611010758158736
0.5737682488349382
0.16755059952696305
0.7530217850153748
0.3484076386538335
0.24246935044786233
0.16868644598119564
0.8857470062127514
0.47533112586746584
0.3315374507142502
0.9174168589545172
0.7490898463664214
0.3652141198068921
0.17625753984073045
0.8827067878713799
0.8852375182548876
0.10685020700328429
0.19937455594114317
0.8163646362059138
0.6058320322982288
0.622203099930661
0.5129075253916281
0.912664864480814
0.2652620669201423
0.8113585245123696
