2587444
0.07860748020894492
0.04298189769452598
0.8331750101587734
0.841713913121709
0.7398543435367402
0.9153624543024484
0.13320672339490292
0.8460123253485823
0.3494607366265735
0.6016777569420607
0.5333574594145112
0.9174673592953145
0.779707406988256
0.19614708742079667
0.48559546905375794
0.1636641186944865
0.40237451668147484
0.3126367525345951
0.17267427465080398
0.9213543605532667
0.5945223110989682
0.2131788246808477
0.4087458646057732
0.7449767048428785
0.7933953397652094
0.5599280409631429
0.6042942865902221
0.6397391672402193
0.4803682577948327
0.16588483792802167
0.5207199790818278
0.3511665724234222
0.9222892837128522
0.9837082875089573
0.08918840933530514
0.09773412086581534
0.5361670293428744
0.9136773263970792
0.3341841531016517
0.28384186306463277
0.5755042742360599
0.8230024626932991
0.5699477826953844
0.2521571462785841
0.08223413983292083
0.9017530648241339
0.7150656845628272
0.7474080771016853
0.49391769692268583
0.917363032272268
0.1002439397601047
0.3165979584891615
0.5491703465182867
0.15854438817975425
0.5620139632479748
0.2965988205816562
0.7477202366443269
0.7116950054871665
0.579691990141499
0.6872644456330329
0.4558433774461609
0.8019335734973659
0.3922498261035493
0.36799757422210044
0.7527248867780474
0.7124729575077654
0.9125962947587831
0.7710892850503771
0.4191568081040432
0.9593079584829757
0.08363491814465207
0.7042052488474237
0.08084807959586682
0.7583536267201854
0.1061121294156041
0.775860822225951
0.049094750776123575
0.40699708049556715
0.10236055621119
0.010794864089138323
0.22527084490006377
0.47045014320420375
0.783977481565747
0.30326919122594553
0.7341500998862985
0.3382293783250635
0.657056699572275
0.25466187933047
0.8841707885797292
0.008935588848339782
0.8328921615447445
0.31083464234650526
0.8905104452637409
0.12729206870973808
0.5750269742030808
0.3332197836423345
0.08846538786755698
0.11084627074085518
0.29299537622605454
0.3499625736285865
0.7543583065515806
0.7797511321204851
0.4221433997999283
0.12128944412803866
0.408916732543683
0.19960613397203764
0.4888710244829346
0.8258366976820982
0.18806474208133916
0.8368113555161634
0.5040494237522162
0.42114911942045297
0.08233551566457165
0.13241815872358442
0.11278299162763517
0.5048271369276415
0.8940736442608641
0.27009587759015674
0.4840020415213626
0.03527699230195247
0.3631865997722594
0.4164588969174873
0.5490330724401552
0.8633237537961914
0.8104605775182019
0.5117673808708357
0.4439198053156741
0.26636837832200777
0.1768576323942248
0.42857975593212294
0.9777749491637623
0.49966003557164906
0.5504343907717861
0.11347313956571836
0.4704958322390932
0.22346280287326892
0.033464387566967124
0.8134876573257834
0.19863396553996338
0.6183009907334232
0.797006853552698
0.8718443199201564
0.3842190462011884
0.01225214307019562
0.028618575071856278
0.914186685200558
0.5960160608924742
0.8571530864613351
0.41606220104223735
0.548682554720041
0.07135031303154649
0.18932655860417302
0.7946206532393968
0.25840511215766826
0.7856825096821333
0.24748645105348632
0.12174215234579733
0.7263200961280701
0.7167530594835955
0.5425946759549377
0.9296004911125952
0.7299438219871028
0.6213753964246321
0.5580816372555493
0.015352464898241713
0.8791518237303483
0.27496104280781
0.3254394859388813
0.06958839191309452
0.3083867270700883
0.45512517622187265
0.1976343657354933
0.47444225054097533
0.5561993969361245
0.8737751410977284
0.05759179035737039
0.9125598829991451
0.9274237912999204
0.2502054580875539
0.45295008124921143
0.9302517886599226
0.7444516540749119
0.7840063004090684
0.6649399707069321
0.5355463133104923
0.29711404016664344
0.22668172673614528
0.2936537029774643
0.9360922067010107
0.6964403345463711
0.8404568794762609
0.6249383723657832
0.5680176270962062
0.5181180038053009
0.7471830941521264
0.6058167563465638
0.30829777328927666
0.19219045887780828
0.3021163748465008
0.6882297039023868
0.5654239846646196
0.32404131387370927
0.11006911907788275
0.2668595214843468
0.013357536484732702
0.01161567020679588
0.10445544380508376
0.4875665905679746
0.05892959701972711
0.9878838632602789
0.6807803376366227
0.28281682690663823
0.016551412184559355
0.49920072413243155
