1236140
0.5659664566290571
0.15817707503665424
0.38248802182896036
0.793436424299084
0.7938030904411291
0.6285516554061353
0.8991084454467525
0.7272144898479911
0.4069132853181042
0.39054166033635107
0.26433210060557866
0.8193062589598263
0.3897491760238958
0.5187103005599989
0.07813018072669942
0.5251693209165513
0.733537315405819
0.9694232110943529
0.9048762592329471
0.1898385120819378
0.16218579409726785
0.9922942756494058
0.3651807393909162
0.4686622697691192
0.6902821113761197
0.7464130910729398
0.3723204396760533
0.6782433172710735
0.30237971374897255
0.5897682179024107
0.6519924264776464
0.00212657368172231
0.11538848712037819
0.07567511652824066
0.019808520737573332
0.6196108882632047
0.81720912601329
0.4329151844710385
0.778868392385372
0.2195428502157981
0.9309316523205717
0.5985571790508266
0.5191930421905332
0.4857286347212807
0.4034199132570243
0.6043526105848285
0.9905655829759341
0.6468523397080131
0.04474285127939981
0.83173164678227
0.15496939214576833
0.1138366003282002
0.37830766174759267
0.16298255036213105
0.004792745421979494
0.18208492710824986
0.6289113958848264
0.7992615698396448
9.975113731500729E-4
0.6011059495787318
0.6417387809985841
0.3489863872552814
0.497966464778414
0.8497430000577522
0.5734672092527565
0.18287853736174065
0.4013129326858368
0.7695240141537989
0.3821406318640249
0.259041499345932
0.07389765137528759
0.3085254944328031
0.2714381418870062
0.9791909280322237
0.4564799925134362
0.00879803292785808
0.5511168711036684
0.041432175531376014
0.4095698807361514
0.6084235331137894
0.3968761845177604
0.9660230229781324
0.1326267258434024
0.35694501855374006
0.7557378037037786
0.4804290451549912
0.45084609692204225
0.9847444137096457
0.23876547358081135
0.3608462696727479
0.25613053204245784
0.7010957224634985
0.18064058345817302
0.8249771261014177
0.18119895437638267
0.6366944865120572
0.571009860742949
0.9480188246128239
0.19878042461856738
0.9924183466959866
0.7431072981892546
0.7110931355576909
0.1735484688832769
0.6037694797940468
0.6918976931067544
0.5929892947440305
0.30784307235465436
0.8716074631846756
0.02483379222895099
0.2774777415454498
0.9025117188218744
0.6293814572160573
0.39973709333637186
0.4740101214551168
0.35237820351818017
0.9028271328381524
0.46944182501703957
0.737401615700183
0.9968561523319014
0.9483804341427158
0.6041417967366649
0.2505708832585609
0.5918152553677969
0.20974404208367536
0.9938135066734236
0.4296848990367861
0.3958608050580852
0.6583490127260411
0.5169846781361591
0.359117229238085
0.6024763113479079
0.17687712617358486
0.43143354105502907
0.22966673742812393
0.7724248140767509
0.09742576244376111
0.11368914878198466
0.25692474327977743
0.9190786681303866
0.5733377520536818
0.7441116428317041
0.19551798090180172
0.8912850196582942
0.7134818693437543
0.8570280184134967
0.8794233566649724
0.06823724084856309
0.8521335509859154
0.6533690817546284
0.026073912458210224
0.616914252360508
0.848356472674312
0.4913690573717405
0.0529366260034001
0.6315014243550162
0.763663862547059
0.2556833485581619
0.34177286413964725
0.4920085841481324
0.15645453250094243
0.013381235600795072
0.9779392171454577
0.5742619420417064
0.6676718806358488
0.8253097653683666
0.7915538063217488
0.4107694251570151
0.11193190569623934
0.31162630794037827
0.4306112444667066
0.13418538659545298
0.23240074944936728
0.6024637072556165
0.6931060573770107
0.7187451880064955
0.25552276881092006
0.10727586163467684
0.03398956291091293
0.5652979050932384
0.3342670983607785
0.9570673677989407
0.7152955130804254
0.5219338908497836
0.6173016246010564
0.847324776154828
0.14756261689092576
0.5388298199920587
0.2082012522114539
0.02079300875822776
0.3682647859915683
0.042924284392177325
0.6952690236347188
0.3253134209675004
0.75791016588485
0.42546990231243864
0.05959220880170224
0.6523847046888337
0.4401217037294831
0.638117028864181
0.8468674850797933
0.5592566488038303
0.9184101492159308
0.7254001498051885
0.34863676022709444
0.3687640559116834
0.5423158599317841
0.07826084832613212
