991403
0.4313095159198883
0.07922383141126321
0.08383053853473754
0.7583817787011912
0.4144811987444703
0.7373998590452612
0.036160722293700154
0.2798774977147914
0.8208984662547567
0.06181073731865694
0.4113569220302069
0.9770674097827082
0.9955677128394268
0.45119189599050935
0.606045385998906
0.0666589467120885
0.035495017680871155
0.7237771342167076
0.2639587249262849
0.7909380677663809
0.01348576645949806
0.3879410731249051
0.9951976679499321
0.6828117282710292
0.02141943638138666
0.08892259619507059
0.7891674624219943
0.6202764037075252
0.21652749712301456
0.5430032974205301
0.7615534776120214
0.025611029784753714
0.18402372065548045
0.19570020646186004
0.3471473026248213
0.5772623424882974
0.3238701153995026
0.12166532746798553
0.5367009955216598
0.16698527040395106
0.472375904716022
0.1995078271011712
0.3724409980176172
0.2459073018870751
0.3410235577645224
0.7640274107966478
0.7040057466204425
0.39779855441264245
0.34864243597186395
0.5703969880340085
0.3423851270532873
0.31670167346554157
0.35015172128104854
0.21353196058363455
0.7229457168098811
0.8283989015482173
0.35385867518944414
0.06449021362994733
0.41650683392297505
0.09433085988675927
0.1274740566125433
0.3926384639506939
0.9551556412878143
0.739190954985767
0.9453942969530464
0.085852019160366
0.2501851800086199
0.06686383540911234
0.3749212871103239
0.7268626238888578
0.20628429892585065
0.7439233693697337
0.36431604628867953
0.7718118827218529
0.5394601708316034
0.7867110724399925
0.31656518242349496
0.022883661337870342
0.5649671778065106
0.7788822866925966
0.7926021968249407
0.5229197773750963
0.11599232625299671
0.09424501941874475
0.9467772563327586
0.31424620315485274
0.09415262477642194
0.582861796735066
0.6291814550226825
0.34711758176217766
0.8434959650304195
0.9094845488865269
0.3673502543421211
0.28644030913984364
0.587735001246708
0.2942117940886143
0.7598573434228185
0.910108559537484
0.28509262710099115
0.48084597887976144
0.5071932795531906
0.4194289213896265
0.44558637074009555
0.4626079376609651
0.12168745218132804
0.32374257965891773
0.9380336913740709
0.42706767733719353
0.44988077631253975
0.5105189797800118
0.28715819199989356
0.9026862282971381
0.011006049721771882
0.5311773110134181
0.799390589488533
0.04140404300755973
0.08759344740353159
0.09215397178544482
0.5812117843721804
0.452728356930591
0.059809819226691485
0.9248614939107651
0.3481878686135321
0.048793164516441556
0.8150604643324462
0.8546568534929335
0.8577802797402989
0.41970586602761606
0.5692271578651908
0.7409683710238391
0.12312594564535861
0.1338044780825286
0.9547557259306084
0.3069962968252745
0.6152390127615966
0.8060162560469283
0.48818576095964394
0.7750360565863469
0.053376850944031884
0.4778299004374632
0.6264231045241584
0.5999639228917028
0.4283709981212117
0.8938658089769552
0.09007631926635484
0.07835242672394827
0.4626758762998763
0.7060478986936595
0.35254748293106075
0.38182530474538445
0.8065367299077324
0.9467018882452196
0.8117252844340371
0.5355001027653783
0.422421402324879
0.8120194655298639
0.9520055536432458
0.18947607013049328
0.7305680274990897
0.8704173193928929
0.5833920374445166
0.48467698566901374
0.18366260618792551
0.9156645005389347
0.08542709411014648
0.6020650668694502
0.505131368853478
0.12081075804514574
0.36403252554306176
0.7577643368170282
0.4887428547318933
0.6292427287974278
0.3619164575257874
0.8590647144898743
0.6669179637314759
0.1973747821113937
0.6888027044809102
0.718277355869501
0.8439327604890134
0.9773713938086386
0.20572303822081328
0.6039623355414201
0.370346706109012
0.5264278562071608
0.4303715539697275
0.5379053917561079
0.783389536085075
0.974370534480198
