1127402
0.24039876709012098
0.37589132450093954
0.8278112969190078
0.11422719879159293
0.862195927603581
0.9854854777368702
0.5013366319893969
0.440092731766778
0.629845860035998
0.22581857525566917
0.41732467259931616
0.24867872064379892
0.08384968674409876
0.5478832401940884
0.7323651826540263
0.7719472524979992
0.49692822666931336
0.5837189714082861
0.36159439192951937
0.7470197753550805
0.6778082180616156
0.3240939632929064
0.8209311387416214
0.2350223019389479
0.3876703105775974
0.7832083013929249
0.9634419852848143
0.14342017184678102
0.44891810144403277
0.8373231118016851
0.8923441297879293
0.17711536896362257
0.9690357118802261
0.8122600809120245
0.38179761226753384
0.16474629322194134
0.34831631186897394
0.31097036751613594
0.9648505177726583
0.36802927726056045
0.8881919165972695
0.8440451973465779
0.3944669559126708
0.7191914955409666
0.7153847805190839
0.8989845310731878
0.021887702745291948
0.6219495602713981
0.34706760835333816
0.14408578769012526
0.08528347257829894
0.31650742968085854
0.4574354964623807
0.6059826782787047
0.591311644270066
0.41532431810907877
0.773946223185175
0.7526469935968847
0.48634291784472494
0.6875105557827637
0.5472319002429801
0.6971942409595873
0.01822992835109505
0.028724479547201587
0.7142769815159716
0.25527417050967394
0.9087939255388167
0.6641980446887249
0.45451965156837304
0.0807145933640061
0.015485268670581753
0.8872052732653575
0.9445868273466379
0.7879880661105502
0.620504252504385
0.058705483115942925
0.9520274914735316
0.8235409631392497
0.6343134228890089
0.5819688289510543
0.4592663512032491
0.049909041106384944
0.5817427588118468
0.4348460143709928
0.49609002748674325
0.09320634268053696
0.4890782182379614
0.5851848265130086
0.6770444233166952
0.24643656283175686
0.40380306187026827
0.9740580269039626
0.6312915360928073
0.7974144794360298
0.9647498423807908
0.4970645663332275
0.13096612799343055
0.09713366000159973
0.39425029511454013
0.8195704475547496
0.09878668097354126
0.43058478056606264
0.3798640222708012
0.20385634561977017
0.17920694124071246
0.9287252068245567
0.5957137636475991
0.10360627338629524
0.06851359573801108
0.7974831352469984
0.07362430425468258
0.999435223240715
0.7227986515744675
0.4284845295372782
0.41245538173134566
0.4004824729646983
0.6864329945354216
0.8865752726409355
0.7725053297845558
0.5941045652241801
0.43321972819435683
0.603570343659932
0.9718844919494395
0.616623065526827
0.004710211329063352
0.23382335462206882
0.2411466782710736
0.5814352848722156
0.4701200517786427
0.482945572163502
0.9768080568702895
0.04052695459854172
0.8782691499889296
0.708813179707438
0.04010113964022788
0.38419549908605855
0.6958224042680408
0.3350693906705754
0.29072726357870415
0.046408157799904926
0.8079556530893823
0.42316253978469653
0.27761767289025463
0.581114678145156
0.38173604645609993
0.6098637805351731
0.6909284055580097
0.16543277512336452
0.08198080715802103
0.210081180270018
0.055683079257890844
0.7443566877914991
0.9325043840016671
0.591102299275487
0.163018496051603
0.36034680271042363
0.0540321703566512
0.05759434061494639
0.789336567724662
0.7971228290694077
0.8729934143879527
0.8573548439368993
0.11525428220767964
0.9359701225100322
0.9327282505036277
0.7851034768226939
0.4588355531413676
0.40857549320080944
0.6849755889042806
0.5176388830963262
0.2751957316190461
0.8836837464670647
0.37817807915950297
0.9104416420413336
0.5431169731149688
0.4975553768424631
0.3349643331646732
0.5779434741364154
0.8240589971857442
0.5547742675832463
0.3146612419766168
0.51021042833008
0.49729474572627885
0.38997444761015176
0.7607719812327025
0.7051458419773825
0.8466785864988435
0.17370441597454878
