847365
0.6060051233336093
0.3978259945390047
0.38174172032716336
0.06540126389377654
0.677411719192563
0.5528721561062473
0.18017123744200148
0.5472261395225809
0.46821658248102893
0.513012308041644
0.9021309696261129
0.9022032683061413
0.09517689180696853
0.9619238292369491
0.8933309087272033
0.8085552299827334
0.2964694102157288
0.9334692936887723
0.7486615479297053
0.5497853631496181
0.8530819845615016
0.43532415335459684
0.098680813469604
0.6321996536005691
0.2815740801138509
0.7702256124444258
0.11679515963217157
0.8409804865946052
0.5153819798729841
0.39873566795734916
0.5675395110593887
0.24133425875779102
0.17512462102939963
0.1528923909327098
0.7903165944498514
0.9610831113278163
0.5452468281898246
0.26311954029618445
0.32884089200710276
0.16655466940509756
0.5432815844855081
0.05307887799521771
0.1383388340762185
0.601591585302504
0.3904768298146387
0.26470635756555416
0.5989026160277351
0.20163408645624115
0.12281626565299575
0.9750758371028017
0.30451837351575417
0.7204711273112018
0.4120399140091343
0.44790669150049534
0.0457307130684117
0.44718958947010545
0.8815356420575393
0.6614076093272474
0.25730397562548835
0.6755297264464105
0.49256979323753514
0.4640523702082957
0.1628352312251259
0.4154214668684486
0.4808005926457789
0.4198152605240951
0.08862353337357975
0.6140446535062097
0.10579581748577582
0.6037896470712237
0.9205701833795219
0.8652948360991506
0.9991434233027013
0.8787446633701146
0.27207242040720303
0.8484265287216848
0.1306452786703881
0.2969919507547646
0.8971722971747941
0.29490733724797846
0.2743769892043125
0.9585692429658906
0.5848838508144136
0.7418880305518946
0.5208117811653541
0.45069029018510354
0.736169190472193
0.5100576761344134
0.3981934126621839
0.5334452147544392
0.12919148681951786
0.8014051299921339
0.6728748224359294
0.23036763535274252
0.6841250211648356
0.35935724769713706
0.7654610051659982
0.6891270335878923
0.954754804081456
0.1160493530604616
0.0342438516002308
0.5754141739121946
0.4116786344634008
0.6577091693757776
0.6484178309578221
0.8987644981955348
0.0024501912394875314
0.5603517581230358
0.8432308569823119
0.16821048910583347
0.18285206712758262
0.09911869745150015
0.06007050949215065
0.4889210605541343
0.23167468577480088
0.34469893550460107
0.22522626537801727
0.2980707094614148
0.6473279660514486
0.13815766493869652
0.2550429248538957
0.8770777991532779
0.7221801574014123
0.734211969192033
0.7316990892798342
0.8913246599974605
0.48603274744492164
0.267109242102313
0.8189707515743713
0.8323981216629391
0.10392048996889791
0.5168875155077886
0.9251783625639639
0.029200099246053157
0.32437504792608984
0.27480687967809947
0.46774568719166565
0.9121108072127303
0.6102794757776145
0.06160658401465824
0.4347854189475804
0.8242285899716986
0.31709622327845033
0.057951975098956554
0.1626094399792376
0.9535751195074015
0.2640154661090328
0.4588363381820749
0.05116512820487262
0.5605794685558708
0.40646962909033435
0.3058488302287192
0.8515898454451718
0.8730226035962954
0.34423233221748495
0.8308484449006522
0.46712692034366066
0.08990875556869915
0.6001567462395935
0.5802409908249863
0.48415846708895827
0.6164197873043072
0.974907209575231
0.4131578249585719
0.48133053450625285
0.7817350710509108
0.7476010578834387
0.43651136197187723
0.415653431914636
0.23096326084100705
0.022796086601534538
0.03733565003560191
0.7055481006234906
0.8706352098761028
0.3692992581236275
0.0793319629510656
0.5401653805801698
0.45925212903182233
0.5568877559182775
0.0642394447921183
0.8698966708458984
0.02026578850724503
0.12423051735329271
0.03948943106848335
0.8755959849655234
0.8167173262902881
0.23583463442604713
0.7979634897960898
0.707864389542999
0.7852702589800213
0.5150524083042902
0.0692571875537139
0.14753548267481864
0.46557513488513946
0.1638756655480984
0.6522327584524942
0.944459666248391
