921650
0.5000201359860296
0.031150423076923173
0.1499917179816328
0.1745166065958782
0.20244465016336433
0.8259029953023718
0.028017234391968904
0.07838162916027569
0.32312323641262297
0.5022002851307279
0.31120372934229557
0.40305654667937063
0.37712321866010534
0.06115844992276753
0.3278290283298311
0.442072827167705
0.9377942628639049
0.341574355904287
0.2898067637392805
0.37306845288266455
0.4630891557975746
0.5453215154696451
0.7630514752891908
0.5874262921732055
0.17044141777722632
0.5260667891381665
0.10008282360783793
0.21089345871404908
0.8195076473214807
0.7093592339659701
0.044179307716975424
0.020245689949475953
0.11560491085554414
0.08831670336170938
0.29517743920812256
0.6592694923453433
0.7806772783361514
0.5240708070773562
0.11807261353703669
0.6056045142023788
0.24171740775044603
0.15499878180857507
0.38058951597804513
0.0806106237112989
0.7848220897914675
0.5702932302031706
0.26504405273455234
0.04031303395548225
0.47739826153835263
0.8107856567173353
0.14829074649631324
0.6706367481570128
0.7503887914656047
0.018737657512494676
0.4543834254143392
0.09871228725401848
0.3093170689504132
0.3489814259905293
0.09030922219201254
0.14121723237804396
0.03241805630622374
0.10811405966178211
0.5411893359160379
0.02515217002884973
0.41672435808723296
0.180643952815158
0.38226868670903724
0.24246698282545687
0.7057273373591207
0.118927894211175
0.6403527527859711
0.8433594842511976
0.06787509447749374
0.21607555950127577
0.4026536826009328
0.6989547283269402
0.20781251484125718
0.583565338883287
0.15164804131046672
0.6776182035070227
0.07772867816790419
0.16337080604278242
0.8053414754532886
0.7472312608060523
0.3565951181288948
0.471705820788895
0.42781393152879443
0.11305278037970867
0.46938515643547774
0.9361666466062851
0.5663412795631545
0.1400476180542075
0.7719741368532849
0.947695875031891
0.6666053817045514
0.04217626792477358
0.3350759856475619
0.6550246503663465
0.3937890661228278
0.2200443242576685
0.10567964252325213
0.5666026028627116
0.6069312652939658
0.4673069176930491
0.07121171900514123
0.7601107363572372
0.33637576803698166
0.37908974469149737
0.15380968892726543
0.5345244927500995
0.43471518933511666
0.7982083286629469
0.4137117839094886
0.23024917975249648
0.5907653746766434
0.1528593941997023
0.7810244319713837
0.46575922937857783
0.6871418821941808
0.9537369152600762
0.07938291018517485
0.9234235658850026
0.468884994105239
0.5954453494347857
0.6078922259874932
0.1905731481889843
0.18198797760754448
0.1567884965334425
0.1182941933503816
0.912027162279288
0.7332439627669115
0.6808600525449147
0.09749506279468312
0.5292707505698913
0.6703433638463393
0.45189273720750145
0.6495241733459701
0.9619332298551624
0.8305396478321101
0.7888935340651861
0.6249248610938747
0.7022838672606231
0.7893105729943904
0.38052723475422134
0.5900350278484104
0.43204380712382207
0.009973958519602921
0.1452338330938019
0.35952561236652913
0.7852062815252581
0.5317356060266804
0.6813853211706543
0.34347735091060116
0.26220496202531185
0.8593173530504274
0.340060978684365
0.16867791758731576
0.42862024916965
0.22582555572540064
0.0687824646612093
0.9086997127321946
0.08227314660340068
0.5415889463408655
0.9496860239074899
0.15236371112011593
0.3253475776120449
0.10027244777150923
0.49533168593969634
0.6998690848988499
0.5467790894871701
0.6561717969609426
0.6449861564108841
0.6733617386568369
0.6243095238996633
0.33918654041491214
0.9615199324560171
0.8286896097186939
0.8997808984078678
0.19891823755723148
0.3771911523143787
0.9436950543014007
0.05544377729791505
0.2984160602878766
0.7838342870527701
0.2541777998489657
0.3561766218134519
0.03400095076250842
0.3099662367388406
0.2078245676489584
0.3861799631823335
0.6580315601748642
0.621673614473578
0.09784459750178243
0.5012038871200843
0.5676879972724712
0.05954712959760544
0.36720129546759217
0.9967970470634514
0.8839691438501961
0.4120858808779201
0.8550023704325205
0.4727187344397973
0.5011605681557062
0.724166574597943
0.1807259057836338
0.669346237534498
