1258375
0.8140036886212426
0.8322671734501386
0.5720893027071174
0.8886756847929139
0.20304395485503657
0.9322691946805872
0.7351687160934038
0.896394584973867
0.7870794815933261
0.904135904634234
0.6313310697042968
0.6624964182894567
0.7741207757544439
0.7671671697779172
0.7263420060816849
0.6797781792628677
0.630949883673064
0.3861535756663321
0.20100452163494642
0.5392776418360065
0.45133174051401126
0.6881563434270622
0.08602988686080593
0.6779231376967632
0.7288174417059101
0.3062381569013559
0.22757352399092923
0.10373036141690095
0.2968759056429806
0.34902213194056775
0.4188099917165191
0.6547223927508521
0.7847733819601317
0.9421185356808353
0.43147773455519833
0.06736452260201342
0.2380522435639949
0.5650738617038296
0.7194743073630195
0.4389898254908785
0.09853581811363465
0.11122613413131854
0.8507589217452239
0.268801495374582
0.48236862198317365
0.161669070672256
0.8495694022049283
0.24938592898790346
0.06008803944773311
0.5010983031621054
0.7174850496865036
0.29254705209200393
0.33948985165487144
0.6937146407674175
0.6982448729438084
0.9069388869476053
0.5761598648419454
0.3585402007487083
0.6404077619916761
0.6483246971532076
0.627600637458614
0.5696799187279076
0.9933744962897377
0.46403905821024527
0.6503600756362529
0.41597629677591585
0.6623040783136501
0.39326459985245565
0.3027559184282683
0.04475984450282178
0.7020208166041743
0.8156146921901927
0.3082205772338428
0.8431946896141737
0.6078265528694837
0.04202896683088064
0.18674552682179435
0.3781119606701957
0.8431418888751424
0.47936241100570265
0.2770987161204923
0.21606055785938127
0.6610660777740812
0.648243497532258
0.7015806089816725
0.791197874960303
0.9490771756025589
0.9418212980899587
0.5361073095500742
0.6319046312617709
0.4313826165624074
0.43736164160395397
0.8887413930902042
0.7723269016551786
0.28502934922142786
0.33461030506267564
0.17379497185170445
0.7865823050228447
0.49629427481161614
0.9361232857146415
0.20254227348632425
0.4593343583407027
0.7876017174647187
0.38521927795854694
0.20003976831556036
0.47437651865949004
0.04078914312720461
0.352660868186362
0.08264760255152603
0.9556666126328293
0.3453327090249524
0.9614256093261624
0.02881928777506404
0.003611781114474355
0.08907473364875262
0.6377893292327583
0.31829182354707686
0.33490453490833705
0.8679324094665919
0.586851253986386
0.6110845350314152
0.4512452127625466
0.9354397616228356
0.9359951219458713
0.9847252178811358
0.4507679070742163
0.262246790828521
0.9483652287438721
0.2112783094080919
0.19459911867531332
0.16649779989480762
0.873548946660712
0.7104954936664332
0.5511245295303023
0.08271762919671044
0.28148299772404684
0.7431576605209771
0.34526832619954295
0.951732161222964
0.8306072529199008
0.5591737001450653
0.15742347564398806
0.331193955778468
0.16601332522278167
0.13873756561671846
0.4087427240740895
0.021430918392931098
0.4080415076676561
0.21888942937628408
0.3929266760722764
0.15678963066756435
0.4208762879860042
0.7410613389808124
0.039512657099113446
0.2651107257673212
0.8206150781598909
0.7070364938531505
0.44572012585191
0.529628651340634
0.45443516544910056
0.577004386134136
0.8432646869241667
0.6711137405710352
0.07360492502168625
0.8640705645279969
0.06577160887356481
0.9508960666901554
0.9420160641446047
0.7416315843546851
0.06453667344366643
0.43113540081608714
0.5117187541170203
0.9060711950737111
0.4696881372106152
0.17580932173915176
0.9840185347493482
0.9261683801460928
0.514490709256914
0.9389701898261269
0.5353662358525857
0.9891216737918278
0.1890773425508281
0.7255229405308935
0.9940816249980602
0.4334856049271504
0.02052856656107449
0.47305178342818577
0.7722005853787082
0.8780758188177744
0.4160934508440213
0.5979851209618114
0.6270660596788328
0.4756902919785543
0.7221686845928604
0.4423702065789844
0.27297927433614166
0.5369097168676401
0.35218506023496887
0.4427633890022694
0.5398352822860828
0.00785498572510479
0.6476856091280961
0.983191129979031
