2897059
0.2104741723899035
0.21641141809527253
0.21673515229717777
0.6794793126111973
0.6569712851313015
0.4104875050072391
0.873517084944871
0.4517670644339745
0.901417015480162
0.9619682496298232
0.8566085252413175
0.0893238085167396
0.5321875043075485
0.7274448493752432
0.03783280157957769
0.1352513772526901
0.9515970920630203
0.35527973993130535
0.24029063089725722
0.7772721890952092
0.9502653863708445
0.16136455936410876
0.8208302195263313
0.31769915387186276
0.8647143766371079
0.3128778324819601
0.0714801252276327
0.1799362985014612
0.5887338182422185
0.3046916089609707
0.5311846176291918
0.8702413341288809
0.3584675183836973
0.40155400672764485
0.08921901973742241
0.7675839018230024
0.41183658025096703
0.18889968001020663
0.5829529320014081
0.3497838823463568
0.3348306649567344
0.6261181031334656
0.4451671320779955
0.4807164378737723
0.1503612309317549
0.028335274455012383
0.8399197485150827
0.681221598295473
0.9797859339561132
0.2162415612009756
0.6409962087229383
0.8854578808177919
0.4128765814127626
0.668224347456594
0.55326613139085
0.04479108762891115
0.5589175248645398
0.8850415070024917
0.6548100524287442
0.08291085381162389
0.11978525322677236
0.3344976390388541
0.6464674063964653
0.12871910389017482
0.7252741236047165
0.28206169837969874
0.13549651408158736
0.6576362607891646
0.20159722105592548
0.533091481678188
0.3513262295047406
0.15732249283257127
0.40590534662803346
0.6133067867138352
0.7939181659310021
0.20041272113874253
0.7528310205065597
0.19637952387878788
0.44904718617959727
0.35471619702382273
0.5834790629560088
0.6509859555686959
0.36984735934949675
0.19043214045127077
0.0829484702707941
0.42439234831874717
0.6202590211726727
0.7542854099085435
0.539385288931604
0.6056224025643243
0.8035523276567329
0.2720872625051709
0.3557294174079165
0.41848083438929573
0.6578910643742147
0.5140778232144906
0.37473321843017293
0.5831846577274048
0.49094028301645487
0.21150822857081208
0.7584927052795294
0.45507958061078435
0.54680966202806
0.148273032900881
0.8756476569818757
0.5998962270279704
0.7511640412849329
0.06800338570315478
0.3925694630895763
0.9972267657389731
0.6641214545259108
0.3348844887411421
0.0392708935640953
0.37737969590946596
0.8855981610720081
0.365561615974503
0.3264352369381701
0.2914965479784035
0.6040490195180647
0.20985073236341922
0.8268764945825238
0.39079144624565754
0.4570909446289867
0.29957159967940616
0.5029069048781526
0.048000299160022686
0.3812858035121953
0.3076720464486876
0.9605010463488768
0.8926035760168424
0.6683986966064032
0.26391482997820037
0.44181102254317817
0.0511129893666763
0.016736181072307565
0.5587487309185711
0.8295003827279663
0.8846887057522739
0.968708267920937
0.2335882912001297
0.9295292214612831
0.7985808475002866
0.7595470954028859
0.0035772852749050843
0.82343618270106
0.26136467081318837
0.26715419881811464
0.7880131786882801
0.1368277909104738
0.5166667697365233
0.44933732059603493
0.13396086938534035
0.6576995266723203
0.5960545376941881
0.3822368236462076
0.8101860715961698
0.8563766854506848
0.14898929588697807
0.7725308812830195
0.021389971699736998
0.5082775123320893
0.29421881675749784
0.606047480064606
0.1468283181200365
0.8013652007473481
0.1667120651989087
0.4167006327150983
0.6427499030608047
0.022069094220718788
0.08521591307487697
0.5122070436410452
0.7646905586667272
0.15661974608543994
0.2977392214352733
0.37682841035518955
0.06351109724780257
0.5191565383793549
0.07574697998654911
0.3864241615289663
0.1881680048802007
0.8236304420991867
0.5225737011168629
0.917387789258165
0.3885586948557225
0.9534387679900852
0.8375413735141218
0.9085793540253208
0.25338324356435526
0.05089272462493333
0.9344942994523466
