3378440
0.9441560634869867
0.6408173990993522
0.448032641214569
0.2519394012280819
0.965241156534425
0.46389226538157724
0.3909699455948794
0.3117076953293989
0.7896612995779689
0.9778280279905763
0.47184862339807543
0.08402797511097215
0.7215208060143045
0.4831706587280775
0.17568363616692506
0.4991320675002002
0.6661710221483151
0.9064320867544375
0.9737470662114032
0.5089858694674149
0.33117138366080734
0.5490355718078654
0.9508373857554272
0.9474681033548706
0.29012849741792013
0.40572033044690137
0.040681175917993695
0.0632947820179548
0.9138379253565121
0.8451599735244916
0.5618804731668867
0.007213950459742491
0.43194319509032997
0.11840187160784499
0.896233173911359
0.7434721765215706
0.6783647469158349
0.11483555381988875
0.8319180603221364
0.825280217727835
0.3950414465189156
0.02074986996743866
0.3059497242595528
0.22498254464808043
0.32106584745284716
0.052140443902157
0.02347342166737687
0.9418613901339212
0.6780834400188942
0.23128020257724624
0.7058828706314837
0.42398295368658334
0.07786539041185225
0.2556677170120082
0.525409265624788
0.9352197563909717
0.32425329395757463
0.8683191439336353
0.6207429075190924
0.8745595401629045
0.05921359659600778
0.7799715430737125
0.4564135839321636
0.7120383103579111
0.711527879096883
0.1166167301363048
0.18806924186567153
0.6441107339957962
0.7466851902950742
0.569886548098332
0.1264571522775202
0.2909985840344419
0.7878308849513833
0.9131614715710692
0.8548255582556424
0.7595338658142867
0.7801658148039626
0.31287711012404806
0.5476279318136114
0.1772399548692578
0.004978628650298744
0.9123531850172576
0.5628256343487134
0.36687117303392336
0.41453346157561477
0.49457276095956093
0.43574971102513915
0.6753565118972705
0.4553234081627494
0.640689885340348
0.9893957993387651
0.09707162634630462
0.2747405155644028
0.69264571771021
0.39419031948997807
0.7385877626618524
0.965000831319489
0.0011251723940672864
0.6596807322976761
0.36052459967023054
0.28820300651816644
0.39418700392543526
0.22126610480669162
0.20185939209758874
0.14768757069086824
0.5372522395570942
0.9969983175129538
0.5430218424717655
0.9234032871732626
0.8717374451175525
0.5326489802557164
0.4963305564952175
0.6727755957746949
0.11747066385711114
0.6276501419206729
0.32580385945793155
0.11361225872417013
0.9031295440050434
0.1401820266613354
0.19310346923883448
0.25186889296946635
0.9492926181974048
0.506593985041939
0.6023471491007453
0.4946375656876988
0.37029675119833216
0.87851012738517
0.9737521116143307
0.0975096412080545
0.08394430056031355
0.6803840148064483
0.7145482346329622
0.8355038581816033
0.022206322945766188
0.8209316869735372
0.8753259371378463
0.8580391757244873
0.8214189897347192
0.7537857027730342
0.9809610805332746
0.7909713574731395
0.9370717526665489
0.07587786023533916
0.9074848439096658
0.2825008344887756
0.6761382451482028
0.3764709858662586
0.7397438504940655
0.35479929220393636
0.46900143727491894
0.6054256030431493
0.38942187203820433
0.11949035505855632
0.8133769674470652
0.3162004422697767
0.3789714434272754
0.6426599717601473
0.7142395426705849
0.757250323433653
0.6042297292761576
0.0038602234785065637
0.11660915777979675
0.93489844817979
0.07697009877761007
0.8836100120401899
0.7821554835305469
0.45142506269829596
0.618367266637336
0.3351845444965492
0.2959300700754558
0.13402761367273708
0.2253299936085833
0.7490252027953516
0.4061379743267355
0.2134720073920383
0.36388256592980284
0.4018900971203283
0.6977114825138329
0.08566893377711648
0.7572525176113976
0.3979045706706783
0.6795505062888542
0.4950725392447526
0.33104836609306376
0.2549603459486497
0.725646013446856
0.3157135730239794
0.8538882304585409
0.8674507157172894
0.9519036037398269
0.9738425105222517
0.46906648282434726
0.08511845228097548
