4051648
0.03333687269198904
0.9555728760281786
0.7513217331666867
0.6878320872622415
0.17040106470052618
0.7735784526325875
0.1424972836578513
0.10739537743683347
0.8985893534366888
0.22881257452897796
0.6208597782657412
0.8500336138054162
0.20201577015918004
0.7963813980740244
0.24107055260702792
0.2069897108840979
0.43956003099157737
0.48911756737526857
0.7452788578892058
0.5057020755358695
0.921251484591172
0.6080642395871648
0.7905338586878471
0.8503250697388419
0.5829204132156529
0.37599371327057496
0.4636885573297951
0.027892283959830122
0.09874716344720702
0.5682492544535693
0.6621948890929812
0.0152116053781719
0.9441906586739056
0.9046123198591027
0.6076668461202538
0.3116203752763985
0.3758794674892387
0.1465615762423147
0.22881376447730373
0.14401773940022522
0.03040032341749921
0.556204372465038
0.40132357183157075
0.4431305576646156
0.860520454177548
0.616325234496253
0.06450178967406206
0.3737583591989354
0.4252317002928223
0.6854099401971899
0.047948485110725025
0.11678140305111595
0.12910590011920808
0.5671679097378646
0.03628276906082817
0.547005856158071
0.8668025105038921
0.8109897356759641
0.47589985998448847
0.42845807567609717
0.670171232231907
0.9279405698010502
0.3849731834323942
0.7575300802699564
0.37824389131402547
0.6063044523592699
0.9663902689194156
0.9244166252797262
0.05451087181065217
0.441358276429789
0.6430374395561029
0.43457361653512383
0.8612301788409406
0.6559686396575127
0.6358254947081606
0.034466789380775964
0.3671172464450061
0.7817685293156806
0.4870744669150383
0.21966849420120826
0.8126164521829427
0.29508501548575905
0.9953528033961245
0.26839929090858117
0.686056071186506
0.757453205547302
0.8725919547709537
0.13990074164791289
0.07434031547861997
0.09746564116709477
0.06027513401327833
0.8045640235060459
0.6434337292308209
0.2888705137974613
0.048724347590168526
0.8315288309211353
0.7767441449080194
0.8292461638090716
0.7319871685548442
0.3495054609420768
0.35361327155791045
0.10424310317766372
0.3005511080311498
0.8178625066794648
0.885473807851153
0.934299349901585
0.4250896219088439
0.39756137747736986
0.24383518616970834
0.343898544920198
0.5166711196678496
0.09530799140207868
0.012110505894900814
0.8678542568191095
0.1623379312410338
0.26933117836902476
0.5723992104994317
0.514768676994446
0.9296898057027396
0.5314860541706681
0.39869169675009086
0.8447270648099596
0.6100819006020707
0.5579201881282327
0.6695633599837825
0.4864537690475018
0.6272751264162568
0.829329001929644
0.2362773369878951
0.818570162024661
0.7768519959796928
0.8618660243531585
0.1863166028343355
0.47025782641235103
0.6814385622200247
0.06106295387738625
0.7277179296485429
0.7585454679131982
0.3477491669357232
0.9336532184867483
0.8861812869441521
0.17260147486143373
0.9936975356332075
0.025981659058461948
0.5547804323669732
0.5398282373659341
0.8772939422047447
0.6227227701151297
0.765201503096755
0.5642184691773608
0.2037753715987798
0.935917986841576
0.6597882343969474
0.014347845018029659
0.3133913103158039
0.24188229696743313
0.535273885294276
0.9565421405587371
0.2594951973050066
0.18231947701305207
0.501931653059017
0.0781715015195158
0.5750675870994113
0.23602347468328377
0.7559768163050735
0.326688012197374
0.49552379897252796
0.18883414622583172
0.19840513564212192
0.8019373490367814
0.15663550546971217
0.2820527041802746
0.1500545168958899
0.08243892039659051
0.3186219634322155
0.6033128108739185
0.21052716279880057
0.9407431336567889
0.9809437367946741
0.19894160383012105
0.8877121433110393
0.7086387439070115
0.8470573443059344
0.3331340560770315
0.4849994790480435
0.38989662628829935
0.9743671761017166
0.29680327172638965
0.8748780510887286
0.9864011906082726
0.10183614964738041
0.17775837161571495
0.21046180288796035
0.40293416109477365
0.08619422278336952
0.04390060977869681
0.33058984896590327
0.7265396324543318
0.5974100112300934
0.0624174280394747
0.5994979343271385
0.6383135450096158
0.7250671729835458
0.18049321370981397
0.18865996137746543
