2306243
0.25933666097705366
0.7903048524323156
0.8179799105803992
0.991582002159662
0.10919339799369987
0.5457103689816797
0.5300682477561014
0.5299765288658194
0.3166609017645776
0.3781789493030766
0.7206702965013438
0.3562204170887888
0.7035321968326255
0.5483080718189249
0.7435579664457052
0.19990126807729414
0.21960728482855962
0.11764654633847882
0.0093490157138032
0.04056283657855375
0.31303201741757325
0.5888518235618033
0.19208499800241852
0.3256978155015382
0.06864302095168928
0.2827026791509063
0.15573532042833294
0.7912120457046491
0.9324648658517176
0.810396516016541
0.8137922543783188
0.9698396989473481
0.8258565195463895
0.9614740150189446
0.6360990060334474
0.5755284718622558
0.7194061694716447
0.8208784074159821
0.7992793110380976
0.08560243060515738
0.28452462131418976
0.953070439072331
0.04061330340475244
0.007549632863374733
0.06978958962010395
0.04678421955207057
0.11993133744461659
0.513570282712232
0.7594440977096056
0.5009233156322627
0.4200738360995421
0.3535606878407249
0.463054275728882
0.05026025616548868
0.6236918147784353
0.21599697428744546
0.6581834803037291
0.6790170023579832
0.5926392929561594
0.9962218462512951
0.3620403947016494
0.7510677272252472
0.5459353861772471
0.7529265550825887
0.34341162959472504
0.49741949822128717
0.3832504389181888
0.4861593625734091
0.7027896375792638
0.7447904227528336
0.5330970692971698
0.2539809256340757
0.9464591734156627
0.043518855113928834
0.018383569088198493
0.559926043353748
0.7594067386430572
0.15870128590216248
0.5267139455138277
0.3897200485940039
0.04226905312352458
0.22537118195550832
0.14879467865381124
0.7532377185267031
0.4191382097496894
0.7366936489703216
0.10553593554478269
0.09648107415759044
0.34589262809478716
0.9335669232608883
0.22291058035069078
0.488391760124699
0.15282467523038445
0.09468379380906888
0.13336141073280416
0.05860290415252234
0.8406872265341275
0.6880213378922602
0.18352339856741706
0.7647740481477953
0.21588291329058518
0.33789109950097274
0.8102543764314006
0.20194212703459824
0.9983718240896483
0.08609556938226981
0.7104442470737431
0.8313604741617855
0.8649740861003874
0.48140156705222237
0.4747990288861713
0.7025866769918463
0.0010967159294351658
0.6184544794224829
0.481772973962621
0.4701194494483294
0.6255140186426325
0.3654216470676721
0.7550483848004956
0.2646736634915561
0.12568378181645035
0.669067702958823
0.17643952001717123
0.7692214859245939
0.8951822841805006
0.006627854686341972
0.9158228669355061
0.6712172848881546
0.7001931278801915
0.7657598506191051
0.19067387095053068
0.5149620707867796
0.41858585955393535
0.5770192244028112
0.50001526926138
0.8618533394815904
0.29297292068895564
0.3977163541671995
0.2910601273780091
0.5813042979757798
0.41823386229758164
0.4516781561079485
0.6115582606813773
0.04140643390866838
0.04434824947520233
0.9663511116769468
0.6768316059142673
0.9459473507594786
0.4169797213854375
0.01684641440177459
0.4377109626043705
0.5731862755971318
0.3011054223359231
0.6859422567570062
0.1740626517171372
0.21182703775961464
0.037086645394386886
0.1797221379857068
0.8583203198030364
0.6609190970108686
0.9639278675366373
0.500442126563371
0.5344138747051211
0.7629547523891987
0.31107310497026375
0.7713844051201404
0.23971397119681115
0.07322073997707002
0.20794006809266463
0.3328679093929261
0.06108675054051349
0.9335011101824753
0.28949414123455286
0.28425154723074497
0.7608808093833557
0.4145173211638483
0.4865155293929383
0.23367906894652235
0.03464396332905162
0.8190304626200638
0.9808151201578259
0.6354791382512429
0.8695951532466689
0.6963200740543678
0.978505230391754
0.2445477503834611
0.6613517664041689
0.6087923705679164
0.9085339755060204
0.8977045446900407
0.7161412663579819
0.21276029593657497
0.8890427145959089
0.04392868993895871
0.516700447574113
0.5679766904181414
0.8207081953072088
0.18854361383119334
0.662294018837698
0.9742908685947131
