1638921
0.2640821000092728
0.6908345128515175
0.7067594508714828
0.04883813998349518
0.3370428403141248
0.1602461987925583
0.2132123285369648
0.2034606164978351
0.2288252164163106
0.0332229637235143
0.22002301021545112
0.15959687057372107
0.5686959760699662
0.7809166119416796
0.9699012611635306
0.6466673974767897
0.8101942013206603
0.597402125425288
0.19240300348841632
0.9700209346572765
0.9959574419742899
0.34870523600568104
0.44989935815524495
0.705796852786573
0.7535057256673853
0.024859924796878152
0.05802469617283734
0.38259739160346873
0.13895758482567966
0.9303776004425468
0.8738473028938545
0.643652257060102
0.9935031434121007
0.3729244506442706
0.8084823736226381
0.04819793345795853
0.8065618727874209
0.665667115157165
0.26559417368748817
0.3670823875997189
0.6899027882196563
0.8456606893803095
0.8332102703446128
0.9551453634647162
0.9586079799999602
0.6288178063824161
0.46349746116970847
0.5417133228990654
0.9876106592015135
0.7714106880948709
0.06362581771596354
0.5705872041681651
0.4666411758299973
0.18872317975345554
0.890573329511521
0.042190396937636376
0.911765830733205
0.8933828174596795
0.3937008941848802
0.6630828050614984
0.30830473563985794
0.05906762245069763
0.18115308302738198
0.9918368822423268
0.05776676120579238
0.28969667486578865
0.5996176448948802
0.1853098168329701
0.9805411549129298
0.479876342779782
0.011702325022176607
0.8956351737728656
0.9864366494881935
0.48928987389381107
0.23116499436407256
0.8457969311673713
0.16676089106939218
0.22188037082273582
0.7334589418235619
0.6204371732853178
0.4844843492304206
0.6000926868202133
0.19753220309322506
0.24858834337255686
0.9431344073574396
0.3551027153861631
0.6545461976809693
0.22630972818693795
0.10041689292705713
0.5158773003498234
0.020155494876253788
0.7297468591399773
0.05916419100016679
0.9730719699126742
0.06921711072856596
0.9029218617894593
0.6160598900018504
0.5181873458040599
0.9752743068526883
0.26960157209565816
0.0776926615443464
0.3140696339447412
0.3818864776498546
0.5148794776107447
0.3638421265042323
0.8397544714056125
0.5988531667239901
0.10964637034890778
0.4095025149313958
0.9708173012461614
0.9236067842964378
0.5099141628731779
0.550000489117614
0.005807833955920216
0.2765256076122461
0.952995593575969
0.5276653819838629
0.13001006312670083
0.30864416873294875
0.19383237734574976
0.9938617571371029
0.01968303167701546
0.8912162665441471
0.8773030913953128
0.8967955777957246
0.033102449438452974
0.42881066651009525
0.6261309001695743
0.9433570498403616
0.7091363927669868
0.751097495082386
0.3390508928130831
0.40236453014718543
0.09975292051335849
0.4332091803093008
0.6401852454968869
0.8769255846679667
0.7997714022109471
0.270536546130998
0.8981138045506142
0.3152328347956227
0.4053334187749369
0.2910472323975346
0.7419169419350002
0.4519638391107904
0.531982920626437
0.12669004541638962
0.5415059915703373
0.07655562262091409
0.45391000074425447
0.7851758302771077
0.8908462003607536
0.009976317235347754
0.8878257765194794
0.8644013124816783
0.7352161183823208
0.43821773199137815
0.4381010060191174
0.034009645530055366
0.41743591725099716
0.29858424471262934
0.7442140637330454
0.17205741105944217
0.5830370224913723
0.7439550791337192
0.42721889570522154
0.889484798988983
0.5806335902487121
0.3205484901389115
0.5188570325601526
0.301061843837791
0.7212962675989478
0.3863180865738569
0.17510195610792778
0.8087105788938638
0.5195171154620463
0.46996274594141985
0.12533828628296717
0.3515792275924746
0.8283938533936028
0.7246337934000311
0.48904232053836094
0.04697113929750629
0.6029509165559994
0.36577360193346564
0.3037441343572276
0.3972081095690977
0.8780532879831985
0.9991227681853814
0.3512163187779841
0.2697335724344062
0.4311586210031967
0.04278319463464142
0.6432474936283953
0.6712384622538348
0.5151922625496932
0.026326904429010423
0.23402359960476748
0.9313186630860201
0.9931182641669053
0.41029144540030715
0.8630537326912342
0.2871496374371041
0.18331929074192777
0.7110047036404685
0.30074113278265135
0.01789036847988812
0.733686810277441
0.13853325010098838
0.16811451550309764
0.2160054731707859
0.8823623959250398
0.6596498949586688
0.4328984539610343
0.0024205031189976633
0.5343597102047971
