1438174
0.38306777495694555
0.7460159425050754
0.493402625096087
0.685836171549014
0.43079003368307545
0.27578029613889077
0.10928472423287805
0.8615720094171612
0.007275243620281868
0.7214472763292804
0.8786282271467708
0.3962535585253235
0.20722092015759241
0.7434629934919901
0.23614603647649746
0.5864472252170521
0.21311821364765415
0.13465648329120017
0.4386834671949159
0.9676884190050112
0.9253335335390598
0.6747907043602736
0.13078233625154767
0.229900320380227
0.7403230925344033
0.7602988702948134
0.7798289218735999
0.5743952131942613
0.1466892995390433
0.5816979956560543
0.6705138790000592
0.6370007017164486
0.04413831775846411
0.8330849663930094
0.8993083330012215
0.4543922087780986
0.2070003196155985
0.6812846790279038
0.3418871227897077
0.3345019655580336
0.1118255545018968
0.9966340403897199
0.8799066474901145
0.9069141049051724
0.4276704477589208
0.6530494484914702
0.26827128602617045
0.07544420693656306
0.828039940617632
0.04193944097920399
0.8999990255159084
0.07264079087690556
0.4250538050946603
0.8126885153358973
0.3830236032253176
0.3247355473984511
0.04925578466333336
0.2518519198408974
0.2817465419727422
0.37560792032828905
0.8025867749110042
0.6438652908281889
0.5958797582416259
0.6896186311645269
0.7973939328344837
0.41798735515326546
0.5500952785402049
0.7557061328023114
0.7609498224641463
0.8793575583933475
0.05022566515011517
0.5489288563430358
0.23280705415640912
0.8464649688898448
0.7252349560702039
0.07067483447330292
0.4114152045199896
0.5729884316617915
0.8189068452101997
0.3850503069680502
0.3167789778109581
0.9188824628114944
0.32117306701215553
0.29649672172067054
0.8275371886581806
0.8537471153787851
0.6362315924604921
0.5724756533837982
0.3236947119371615
0.02493412926513816
0.7730811269712752
0.40509965221230115
0.12034057162484235
0.30350599653538557
0.5138243030328242
0.6268762922207051
0.6130367487903671
0.9330782946477939
0.2660692360863621
0.048271711922978966
0.07216424341997318
0.1497400305615757
0.33798518308626524
0.1685890158353941
0.3213645463694973
0.9156603826141694
0.18804483171437625
0.42669598588954993
0.1143155193506532
0.7146549126881842
0.7962123751732734
0.10442547500986521
0.8844331713765324
0.19489769411629954
0.6793125160121964
0.9730112462066274
0.6836919196808001
0.8121302153850998
0.23054323202882276
0.7817105832210655
0.5496071815045832
0.5261323478156984
0.0015705046267325828
0.7278046999861213
0.2435264990882272
0.03388361690393049
0.26537041251619253
0.11845623803477656
0.28872626090987896
0.984758559912886
0.6989605875343602
0.5374431374442571
0.5034128467662004
0.11626264770177619
0.3073893871592287
0.9635763961763281
0.7715788582273866
0.2732303269551529
0.7738274388134936
0.4526487196969132
0.6237661946563718
0.8290701021260054
0.26533372089876206
0.19105018330586254
0.310139782191843
0.11455610044935649
0.349843562894239
0.9567256644705576
0.43987682170551723
0.07782938567451292
0.0871539232908668
0.281938665268731
0.9337284438081733
0.5486864348842247
0.545156421874098
0.9023440022543858
0.99071196066495
0.16089613147586457
0.9622966733689001
0.3981622077179042
0.005243513868558147
0.19820099682328463
0.5282135769582484
0.28578672815616724
0.8876225070837523
0.3728220657311613
0.2867401125294594
0.2019440732307176
0.038630722013029084
0.8197011029374073
0.9789224556685981
0.23756669335075564
0.30811072956411534
0.3953778208404798
0.7384420201147772
0.9248268624418731
0.6277396033837582
0.7073140777805383
0.4278007343423299
0.8583191665029987
0.6498153628863125
0.16764050459236557
0.060856617205755414
0.4401681114166869
0.6467258222123701
0.764715770540959
0.19577377620078074
0.7788767294289686
0.1298700521036028
0.17655243356659467
0.40217655252783724
0.34302080987089867
0.13215509445728357
0.3120771564931978
0.9072752411692433
0.5734324150255063
0.8647918048860691
0.3593575618349979
0.30795625556817496
0.29130580066154443
