742064
0.5069650184554432
0.9443418317695169
0.7993071810686632
0.40469752076400334
0.21605533825729983
0.05932126060192133
0.7147728606290021
0.1121816388906931
0.0564409921676402
0.0072400217022862146
0.2991158630196882
0.5299603112522179
0.43650971623260126
0.7261403449475679
0.5425809241685733
0.4275186102762275
0.8163627122463004
0.5074458443009443
0.5931395378224976
0.5469518866978572
0.9027935593834189
0.3024490405686969
0.7334174446283824
0.8023829565180475
0.28347717273461503
0.5232838439956345
0.15988452281273746
0.5084252892166907
0.4689050514733001
0.4878275706130888
0.8341128781068015
0.6704376124331066
0.6084546958787959
0.4323910231211491
0.48938558498898965
0.28435441439157005
0.7260829422336935
0.3217193907783771
0.4706651284644289
0.5401656888521713
0.18148397991755694
0.5227407811540433
0.4619072397812618
0.800658643562927
0.20415485338130013
0.7766632237804351
0.3119321232649013
0.23582292409532934
0.7706626739788616
0.8034348774178461
0.10854191400302371
0.03335980151002982
0.7995091092970155
0.30324656956243057
0.37029961886033236
0.177025539184814
0.6233396512125522
0.08166970060935419
0.7263613126847936
0.8870772283436971
0.9648463771164354
0.5181863878643178
0.7369802409059033
0.9508793694348792
0.19056496129767841
0.6222831620266156
0.5707773481137325
0.33676774163310463
0.4458673302013847
0.47694356246865677
0.09960029185405983
0.6805569236441329
0.3848042965548154
0.9562883542905584
0.5977686802046089
0.4616162701368044
0.6000525824895377
0.22227744723955678
0.6397302497564543
0.9442283999922538
0.5310735132179322
0.6548002253856429
0.9786293531864605
0.24998376379723475
0.5826911747468156
0.5501463060585096
0.15801540796770075
0.24825291498572943
0.42165007934900445
0.13476170038413826
0.35989560008205634
0.304318451941487
0.935313793164404
0.184360490666294
0.5245629153552078
0.30853630983066516
0.134517236819092
0.8128752697114029
0.09110696468836132
0.8249365849610288
0.3616871875895906
0.8013941610641363
0.8022413462341926
0.6439616043127881
0.5256974582664311
0.1741464092615438
0.8930585203402625
0.5015793349101777
0.7265256345561402
0.5967619230967295
0.6405491564896886
0.23579857432140716
0.55563132173139
0.5714451417934777
0.6891996571629222
0.191651535810609
0.5620761135690814
0.33436677646616486
0.7877082519621963
0.2569985603503505
0.8597579144922594
0.8224917696406424
0.5728363437548923
0.5140489763545943
0.6177332280741397
0.07022536781976674
0.8186388094919542
0.12528063293535852
0.2234532240778525
0.9206733489347024
0.13279277459160554
0.7374802908727043
0.23784011488359447
0.9919770241172716
0.42647186727112296
0.3839157513521749
0.8714827844430815
0.42609677891430364
0.6101887353966743
0.5921897067732552
0.6028316640614395
0.06558276208601843
0.8752555641285361
0.16411469135752366
0.7321245062922591
0.35328517337677
0.6089889628490625
0.8839869103860711
0.1188763302925282
0.4306203242864962
0.4615116710561835
0.23292647515476528
0.0861184140217105
0.6219233654920555
0.33298077871949505
0.03949034157190345
0.49117261186942107
0.7355818473788505
0.08229822754685467
0.8805530272123537
0.2605991214088974
0.3870591459816163
0.5718360140338514
0.9614900225678896
0.2660567390919397
0.8545801311563057
0.257435142118944
0.15098679656746894
0.2781675077493164
0.8151661082332619
0.9089139429411616
0.8233364474972283
0.8770773874428229
0.6768697637588197
0.20354815981591468
0.16987730021094527
0.6212579108561138
0.12247479721219612
0.8734608768055024
0.6812613325396485
0.48019420320364936
0.910589675129954
0.8075884211348704
0.5735329482062591
0.5219567845336173
0.9419779686840807
0.00986324995812149
0.033537043763494645
0.11325596432500251
0.09213287494137579
0.5974829779188295
0.2929642914032119
0.4374294424135312
0.33551655875278497
0.08660995938779603
0.7053803610549717
0.9649147842354324
0.24255005880668612
0.05757314048986362
0.1968751939601031
0.6211108283144152
