1625265
0.01735241609781535
0.917620573738915
0.6885073876947931
0.7881326060862832
0.8623930103723421
0.886496595252399
0.3475077958635465
0.9498168530568065
0.6056340169344768
0.5185955538749047
0.8142454055788064
0.7434362833582331
0.2064044309533043
0.045169533744494283
0.8732479092207567
0.41693223044402516
0.9681616993694978
0.5710444372748105
0.38910816525787484
0.20707739746906706
0.029459863530855612
0.6925253656657427
0.7118968252721668
0.9518312852857959
0.9788582869978844
0.4166488065234901
0.17174082057551976
0.32925310085794857
0.24516860355054526
0.35666572786838924
0.7285158555242408
0.4756879567473715
0.25135154155618666
0.05461582279988053
0.3201407512094461
0.3775442777467425
0.18853949430570016
0.9390806077094714
0.9617499937322727
0.3538312091309689
0.6660748136668433
0.8646786454348877
0.1880604754448727
0.15072724399842918
0.4241177468358195
0.39959337470696144
0.002536701758068416
0.6548020063169772
0.7572918621022087
0.028400360358973198
0.09949891883753159
0.9981152112179376
0.29099940483161146
0.21968730792971836
0.7591062581863719
0.876268307840909
0.2764523074604782
0.8714370158046693
0.4801874571610971
0.22958571416369422
0.6261293933103113
0.991869524822937
0.11217984408828108
0.04795420558065311
0.4982839067489525
0.5994167382613809
0.9749766342184578
0.9514505767925053
0.35728955548620345
0.7327290702622583
0.2142717228591281
0.37173941316083636
0.08602786889769498
0.1500905046959683
0.43003014427494624
0.6133240274102016
0.9071827879633413
0.7673446915586143
0.43700145755107456
0.8090854580168543
0.5822235243588963
0.13441138757427418
0.8687321957597777
0.8011459480325946
0.6000198053352542
0.2826993636807782
0.22032294731098723
0.27594478077479756
0.8414485315620962
0.08919809456624783
0.8402143915083962
0.061515980187883734
0.5120143388448346
0.8977571723740807
0.327575831463074
0.3553089950322843
0.9714208663253491
0.5140393288971903
0.7694086072704267
0.7924949432738414
0.45719354605835305
0.8478590159452324
0.260266288716006
0.6875525792516526
0.5988689483558403
0.4150951573062188
0.1875319665030316
0.4860298315932985
0.0499293840527284
0.6310936796154508
0.8364828023857459
0.4487281271906509
0.5265760540824902
0.3284513974844142
0.9719101622063693
0.8571584960039679
0.03559759641013405
0.2142998714939004
0.18685359873884555
0.5769696595500828
0.09800530289882803
0.0456838005496194
0.974045410085469
0.6451505072741293
0.3307702527835793
0.14635618385557936
0.6719517093270396
0.6571600115048308
0.8359114182127363
0.5142876157472533
0.6648353061469615
0.12174018042034107
0.4643483348653553
0.17641476994133554
0.4750541483510634
0.6240185529285579
0.17134558763425078
0.6356293650881784
0.6758488655643995
0.5916082347669621
0.3610404937865005
0.22473503686247276
0.8741613123867147
0.6937658147720571
0.329459690753244
0.9330768099937535
0.3655657700514472
0.4202680764542285
0.6585941375030472
0.8037738526327877
0.44718281783960323
0.18452070471084003
0.6885160027713373
0.3129632298539551
0.789485465655121
0.37451333459686087
1.8541278145867146E-4
0.23718824753553047
0.7141961740342533
0.13558713139109557
0.17850870949509567
0.3910426129668887
0.7030119370426876
0.31058251116007873
0.9933739348652164
0.27440695138593973
0.9706844402487761
0.88578598115993
0.535803632527495
0.10709176800686315
0.4760207480403347
0.4951972490951251
0.7770288368855448
0.9484270970741305
0.3156591379409084
0.02098858860618591
0.4802021350862655
0.6003155616085794
0.048014390564057985
0.0946303842749836
0.3876321783627492
