1297338
0.7744922903879559
0.12857461863069775
0.3510084271087133
0.13083554023087507
0.5682117596011829
0.30277233053520614
0.6169599355951026
0.3663661283989619
0.6373080710268166
0.49894024064201603
0.826006676430651
0.22729660562146314
0.5815515210175397
0.4914018748775104
0.34266556385825964
0.29838998526051375
0.9644515235995833
0.3625365179152821
0.5525683116002077
0.9724137979956226
0.07813183614796915
0.5826960768246892
0.028723348334572796
0.22571345540130694
0.03363080274728458
0.3481415717418299
0.31960491400888125
0.5630750381462081
0.007956307941082708
0.6697052879231927
0.421355568077988
0.1250724249887597
0.5114509661052776
0.5886740709840461
0.2942402752729001
0.7255070395656802
0.3525002625471567
0.8114281045725998
0.36259131453850635
0.8922132968064098
0.5713425721495491
6.588202683607269E-4
0.797835255559149
0.8214162484384915
0.9907166702630752
0.9385282057295236
0.5257945405950917
0.5239923416615873
0.18830896725528545
0.785921472287856
0.3223079445696183
0.34139815634753334
0.6344390191364628
0.7019834629168878
0.06531555881304141
0.43969623402978875
0.45814878606758636
0.15941857585564356
0.19690565394086468
0.8520206879023478
0.805837391520046
0.39357329017321074
0.7154223779839196
0.13299006460197205
0.03880971617232942
0.5571088025464221
0.5655846178891699
0.7129882632917679
0.07958402739489301
0.3171107417436251
0.12366803231286883
0.5958989473123395
0.06152989470486869
0.827772301174847
0.5851539979131115
0.13079263284946308
0.06238467690763716
0.23932531769669285
0.4538502401573359
0.20622969977734285
0.10942318905025084
0.16268386648592936
0.004340269549904852
0.365256837765893
0.8325317502688485
0.799303141730935
0.543719509429123
0.019838498656642223
0.11116446850230943
0.7670463274137133
0.5339281921164626
0.1553784312880495
0.8121359176349491
0.005390240387136647
0.15259216812483245
0.6591513688463608
0.24743136490448214
0.5270905490886069
0.6681348194111394
0.6808782772875877
0.29469192125167654
0.19846566988673453
0.08402431043674696
0.239342864122985
0.21775851738100316
0.17674811867348672
0.8673725511414317
0.6258611573962722
0.10063545364716642
0.11049046568150567
0.21870309965630763
0.023580044017411872
0.46546070232376546
0.7178030719560489
0.26255766070186026
0.16099449613876105
0.08354658848117746
0.8972386319436442
0.7427115002786214
0.7487375888252318
0.20828110451382775
0.09742885743739782
0.29112044062833387
0.9106113384041031
0.45965684880652724
0.2741166154680199
0.10632299227886821
0.8129902560124953
0.37242085487137877
0.3970167830856357
0.9248733491991608
0.22114395574119883
0.18331540679984415
0.13397735455583837
0.49848206429755526
0.7666890191119535
0.7776062173730032
0.036202239351991294
0.39989314304681234
0.29729417856669604
0.8410712389473808
0.2758352653951073
0.8721272845746527
0.797927323337019
0.17084963258644825
0.7459949957723171
0.6085736400209251
0.022346868023474076
0.7870271554260909
0.12338823415538669
0.8055125899073611
0.15420335942418018
0.9565608289983828
0.314919559277686
0.5640049556056159
0.5290327214357363
0.4921220284768134
0.5622531188732632
0.73468361382329
0.6915847973816985
0.7206642617394112
0.3620722417142074
0.5968357602740497
0.837346579229703
0.32999757809402064
0.27482085169776227
0.3422649699152779
0.9927823212395762
0.8963792463440253
0.6410008725417288
0.19477461715016942
0.12572758372811832
0.2721057790586544
0.2016373549994981
0.13771472293376752
0.7455379668943666
0.1693188012805995
0.6283135732435428
0.6448868654041409
0.45200738003930563
0.21471332959489287
0.008216592880774698
0.5142025670799943
0.3227348053094946
0.46956372335130336
0.40092271568128257
0.8888429224869109
0.9905326870972422
0.9104593127325984
0.6861921876572732
0.8172676684244184
0.7556338763071089
0.6483679171476171
0.055830443674222296
0.25127482080771557
0.1018683620181614
0.7271223192929342
0.6677133193515106
0.21041250462914696
0.5416449971685197
0.18715131639681026
0.17636185768542334
0.9513965762884562
0.8014873826877039
0.7062532455352865
0.08199183695760526
0.37278921769231743
0.9780374034333107
0.5364367834635169
0.09875236855381131
