1747859
0.5580452118493618
0.4438537152819305
0.644330220647496
0.03290633677043986
0.31413416469267985
0.9629966002450163
0.9323869448621591
0.9829952083959197
0.7982983238324961
0.6883047375053788
0.16909152694024798
0.026569562844046768
0.8421075920342801
0.4554336573049357
0.7885974011984155
0.9418553289449002
0.3798245748332756
0.06313907249076933
0.0337032585002649
0.9277656522821104
0.46719406601541835
0.034953303430234395
0.010802723880901088
0.7319563236510473
0.7371233511238432
0.6943162135708967
0.10141742470096138
0.07416300673070642
0.7803204138584318
0.25338667379829294
0.8321509692161017
0.7608460897213773
0.8618098861820778
0.015174323858535566
0.7433772666769473
0.4272094841395242
0.5883469644866661
0.7192956395681597
0.016703621416626846
0.4139478589719283
0.6271019022455679
0.5235723300745772
0.6222256198209053
0.8886158784262087
0.3425888208334458
0.10685422278377965
0.5288166727840835
0.9553028128592214
0.2666643470758149
0.9028625082957088
0.0841729041447189
0.16133400113045648
0.6455230349257924
0.5305139442934691
0.01605931301237995
0.5060103219686819
0.9179681511921217
0.07309992693101353
0.6321806724209209
0.783935742474436
0.8708379928446078
0.9768590173722415
0.7033266138755945
0.854272151986332
0.39031939649591685
0.9888950414563498
0.2029172755945985
0.21729922475049057
0.18198155880690492
0.7350576610867485
0.545802152254998
0.1009471756204523
0.5677152909315496
0.25031539643395473
0.2201416573382109
0.11250820938585582
0.484363771381743
0.017316049586468818
0.7384270695280731
0.39452226939785195
0.10668288561888772
0.8432431391280653
0.6471716509749412
0.1388713697942514
0.09637072304183569
0.21074077648013811
0.9295316667363115
0.2594061806706036
0.3392570259613029
0.5755942033864513
0.5110930514133596
9.672113844676478E-4
0.17434563212932597
0.4520163281293109
0.736285921795923
0.2714523343305264
0.5412536892312109
0.025805592427173174
0.6213655447463738
0.5236212731875489
0.17669359687666597
0.4663037355906908
0.4096250505199802
0.08461685047721212
0.9759950436745606
0.06999689487194172
0.4554819395206017
0.9337216532430143
0.9022658990000637
0.8617666680711203
0.7463064157597461
0.06265815231881045
0.3736423443835354
0.304212619127583
0.4343369089890091
0.717779142028431
0.8881805625732718
0.3211312940890617
0.595754062895899
0.019784293990337654
0.756293038231764
0.9281510259715718
0.05996136797798335
0.6841382966454237
0.20223510275440582
0.3816858975349757
0.5593471040310184
0.8241541864030468
0.7689981856707228
0.9067862009053269
0.6382788203415544
0.10874555378191908
0.9150678198962803
0.7451268951993957
0.7298081322564965
0.8681392903938819
0.9268566983414985
0.4762895006166493
0.5595400465030951
0.09338081102125861
0.7872237896797847
0.30865717590588015
0.5683480746097546
0.6592515902101024
0.4383424183442066
0.31065640730984023
0.3590921019787643
0.5152586415732023
0.9562821506699507
0.35874314704731836
0.26722359803970297
0.03564454325797006
0.5150202326454275
0.9154452605210058
0.03113822735101901
0.19690526652365403
0.6592003407453305
0.6189367588400608
0.19536342484226032
0.7600927520953639
0.3278078221606643
0.06503416094740788
0.31814449902543185
0.17521771044844958
0.27503212966949664
0.0931686313240292
0.27471951542167894
0.4963572408617237
0.019938859012573196
0.34980201671946454
0.9485498882943636
0.19861151035719948
0.2231752408163179
0.8959187853912755
0.3849999889295509
0.4218418958606771
0.43678433345835643
0.14964022780994013
0.04543578900872536
0.8311627705131776
0.5023052528556251
0.5106708271996607
0.14443924044834422
0.9804479003346861
0.4826877718330047
0.600201299383892
0.1788111076866754
0.7926512832725328
0.9051514775533767
0.16805643743141563
0.6642622668323737
0.529532028620871
0.26497115366164936
0.3682903358915287
0.7841695202528676
0.4134107096544939
0.1942716758562898
0.2850955155643501
0.12449875673060329
0.8848753093523831
0.4352672371336468
0.30280596747787003
0.9199747880714209
0.3328921896085558
0.7739812711621441
0.156939374507857
0.2688037557385098
