1085169
0.01756812406015995
0.3883349744317859
0.27763674246775005
0.58673065550984
0.8208474427455416
0.6435938995939839
0.3425221495069657
0.16594085708417516
0.4067179751679526
0.22851394217607746
0.7929195598517937
0.0802914377638948
0.35003803497233377
0.6671289636300037
0.435527377082332
0.8355842594092603
0.8018865187266805
0.6639744163214528
0.1510658253546212
0.10206960511384955
0.2993764024105934
0.44464290224747427
0.16207573492386873
0.586095843215703
0.3991615370874597
0.2389187112950255
0.2739622700893607
0.5987964946937937
0.9164055539084172
0.3203402239121048
0.9965401608984225
0.16193373419866364
0.6847706480250345
0.5638908820988213
0.4777520781268185
0.5544926124066558
0.9180232595920892
0.3126204567776535
0.7368947965746186
0.048348303870885845
0.4501426415777974
0.4543502527014388
0.771602986311907
0.2073036039125885
0.35835716247914084
0.001217516912597083
0.7310036232479921
0.5310222023588641
0.732322876037677
0.13766551926725512
0.49686836773412846
0.41385820086111547
0.6426970005794834
0.656587626566932
0.6952556307502963
0.3583102769184392
0.683648944731045
0.9386854056367032
0.3730476418097479
0.13380434795459473
0.816390160438991
0.14670178410701673
0.31695212625578817
0.10373600830311591
0.6245927693524388
0.10404241844055762
0.2669523278562599
0.257179943673264
0.5076070252237794
0.4063996552390059
0.08185291160967212
0.5764004898960781
0.7836755028556063
0.675345478096078
0.2514837647418152
0.24727409477561413
0.15288198812227105
0.5044603730587272
0.01828725676646681
0.8769602613642284
0.47836143491657157
0.5714182040359492
0.7704290891616943
0.32163554837235564
0.38433675062548545
0.5935470345921627
0.29923631590709054
0.9468301335039399
0.7408371712145173
0.2897387868800563
0.9756812939588179
0.1438842091383078
0.707491932924835
0.27818116367534984
0.8937926530521092
0.7082675619060017
0.6425822273911219
0.8872377118109726
0.5532901900083808
0.24898215959131131
0.8485732956129023
0.1859027580967083
0.7094036951032949
0.14299447514145203
0.8216375250009825
0.15060969054629558
0.6047497429063097
0.6746204560809465
0.4002189054002818
0.7767731221731842
0.9163050995059059
0.907012973534748
0.9664776993457621
0.11629604381696523
0.39992888365311385
0.5213778278435132
0.6444934322752544
0.6763758717152198
0.39555022116448546
0.3292711395020894
0.2603938778680489
0.3502936160732164
0.06805142103502326
0.41430763372244117
0.6821156947525394
0.06747293257232756
0.5020420308830384
0.8918352488614815
0.0402927421400151
0.6479467847022674
0.5431315215946287
0.08860930076813622
0.24680596101285845
0.9254714189031773
0.5839739158315438
0.5392244080255106
0.17381856937576856
0.06387844431371992
0.33027109269807997
0.5720404726565577
0.8336591300301361
0.13285793669049517
0.9500851257137948
0.414564301364194
0.9087040143484199
0.4322165358273523
0.9092251993149265
0.6867261144922768
0.02044999501426814
0.7577563551068746
0.2261375708100053
0.870215768175071
0.19825648410294883
0.7872721424803137
0.8416417680612704
0.8430208540893772
0.11077683992615184
0.03176533048147456
0.2920201304499488
0.8505349158996376
0.7568856353778975
0.34482561072969065
0.8983818506833486
0.3480808286476835
0.47794983216322917
0.8122319458486759
0.2408865149883933
0.9944207795959383
0.34957895888568125
0.9541766660133905
0.7733267824885997
0.7018011455543305
0.23853006729146786
0.5641176092676349
0.05173313041124117
0.05530672021635363
0.06923109212325207
0.18111512290634502
0.20007833653797924
0.6027755317019624
0.1344259449888665
0.1466123429258097
0.9168231004028485
0.4862521751974246
0.6057336534995562
0.43196807767859136
0.537958186754837
0.6369339149751225
0.7524527842304736
0.9396541948112648
0.4153628279477064
0.28779043982069374
0.7607313810125478
0.7788801604404912
0.14371298192979576
0.8715147283629647
0.4602621557143305
0.09550931637096038
0.9748370948347654
0.4661892642147578
0.711951047887236
0.39648287644267777
0.09533123201823557
0.827027807009713
0.6875470407240051
