1290882
0.9505695049950607
0.31140925250094087
0.6997802797336355
0.7810094972010736
0.7701093380445093
0.08437821185227767
0.5498642737802308
0.431429137964932
0.8825233582414933
0.7907924951314986
0.061013421183459204
0.708606828323907
0.08571067768893925
0.5432552550272233
0.7582096785328994
0.11493458403241952
0.14805704142867082
0.9009986566951507
0.8918927684145246
0.6910110995505392
0.4616304806504845
0.32378956112795565
0.2839166600172933
0.17746419298170257
0.4862410911820896
0.2783705600844626
0.18044999610245038
0.6817407958199622
0.9323931181122698
0.49356077729655257
0.2829931199173732
0.02616472652706081
0.5227598004550996
0.9783045910074006
0.0359116242674834
0.7123513588440847
0.34466274402192265
0.06637084238506497
0.9373626324430994
0.22710718858167134
0.2601386762869854
0.9320690405128826
0.11021641481789235
0.23623184227549743
0.5755288735352019
0.7332627959011662
0.6205529374301544
0.0651784843018628
0.18912710441452052
0.7811253432815766
0.06353905451242303
0.7493182202051005
0.7332747477035864
0.9104956136853325
0.7499688901733915
0.8515928173270505
0.806391734351876
0.5303576885095844
0.42147649197949943
0.19162929986042532
0.2507851100198659
0.6708803627453263
0.7984062002414342
0.6079288450040535
0.5736773986800802
0.7116176462285171
0.4215531213422071
0.8835317891472171
0.031749130091384026
0.37488489364883537
0.18746214623352986
0.005599077045781775
0.6035913409312311
0.9989900682005627
0.6967010385257133
6.404624545317539E-4
0.05981516711019652
0.06791244485642733
0.03549938265924624
0.6896575001600918
0.6071674838522724
0.4671863921419894
0.8933716149502231
0.8412599828164924
0.13085332445663667
0.9601611166253493
0.982819435684045
0.3658520258575082
0.8883664453783082
0.9344715711607835
0.5719347562471573
0.39027436110386104
0.6184822869398727
0.5554699688459445
0.5667016835463551
0.279827602412578
0.4206680266496884
0.081531003031025
0.9870218895359774
0.9333904985798646
0.4330164888694964
0.24555830556044433
0.8689645897525369
0.9673866999462627
0.29091227428360955
0.28768364393679724
0.5954692182626938
0.7256419201532989
0.5839899032960525
0.43606419109854855
0.40870479859084186
0.4047129574500735
0.04554513342930744
0.37584759935184464
0.3895171167741316
0.9680590031023193
0.006412820989514456
0.5207885743150392
0.5028710920387571
0.9374644995536764
0.72442532280881
0.7076643394348753
0.4029223302888585
0.5964120842734227
0.5609178424383893
0.2705512223260339
0.5673287356484564
0.6176433004525397
0.6173483663159365
0.32018782415614055
0.9876388300871086
0.6359334301540652
0.3679510714588463
0.4530647731738966
0.08107104112138996
0.8271464694980024
0.028444285715645612
0.045545050613635785
0.7087238927230585
0.12592453477980625
0.8861651583796493
0.7502329523552201
0.18623402333402272
0.31690600722968565
0.5836049262693184
0.8049736595540454
0.9551255138521094
0.8681548565342931
0.395170218645187
0.28927953831338193
0.14657051013917877
0.04052322672759501
0.866097442179822
0.5186435978445137
0.6140074051015675
0.5029583917477518
0.7927988203169662
0.3541140249725372
0.13704011169622077
0.4113039196772572
0.41552005524297153
0.32266849626210625
0.40626773673144
0.6669342185040406
0.8670415208012786
0.09334039505119796
0.08717099787259075
0.8616008122025252
0.3752562038173014
0.03471339426859377
0.7309082097898651
0.2361572819020601
0.4528089451177296
0.29131519810142315
0.5508500469321337
0.833369352606495
0.32358372448998796
0.05960470210542401
0.11590921072796079
0.9088056361379645
0.1336767891787929
0.5186612501542198
0.8251972917009877
0.5788430258978787
0.0735948929781911
0.17634906912941395
0.6232678035419662
0.6311106158196444
0.39877013527585004
0.22864300735614684
0.7911813083828493
0.40023464702520917
0.47708370587333504
0.897967056174609
0.8058543794626833
0.6205357719003133
0.41494287464601176
0.6158101465445632
