1300736
0.19863139225801218
0.2073697904433197
0.5175568630669459
0.3455481243986499
0.06374447339093392
0.990091230907184
0.8244091235040799
0.30331544239941155
0.3683030685804374
0.5221586067687971
0.2275245120906031
0.8279328756519968
0.49768203648561826
0.22768951401774462
0.2279823454575619
0.1753131239416913
0.5336529542706089
0.30881207239014175
0.21522681932784893
0.5684291089824144
0.6073301004083826
0.03444906487768584
0.2640786718083227
0.9208441650949638
0.2949795261690148
0.258709466681718
0.8359530924322862
0.26996788908338964
0.43196544300644935
0.27585188779143854
0.443640631847687
0.10561452071668742
0.9085856698869721
0.4088226682018119
0.29310927304054946
0.46010566230766314
0.9812733026963248
0.04966128440905315
0.15113761328522413
0.8380727702663061
0.38361958737138135
0.2226039825674908
0.20419033784986385
0.8072788768248655
0.05389841605381218
0.12450626190373348
0.4717991382581561
0.3461933369790836
0.6092501234846429
0.5122435627731636
0.41681350910526505
0.8497172841054743
0.7914087164456872
0.2530385635108531
0.7552373421168482
0.03137140943647865
0.9848327842425153
0.8312027397647612
0.10996910313883679
0.828422162243241
0.565327796845111
0.11356876776289682
0.07561485219203157
0.8158360388758561
0.2757228273861142
0.21592937619050012
0.4656445529275891
0.5656158692663054
0.044892616227169446
0.8840876084568324
0.9985143419805065
0.8499875465809138
0.6673914222593506
0.4056618070093114
0.4459784258617552
0.5800685869695373
0.5431923068174525
0.7025788946331281
0.3146660101090417
0.8960654092218134
0.24050149063600468
0.9192271446017674
0.4611004867801902
0.8807089390898005
0.9893448223603843
0.5175300112395685
0.6506891477545103
0.9545531066636818
0.33959899449973596
0.617740668526784
0.9628138749560098
0.1299245455223592
0.12436735173544355
0.08254656602359944
0.11700418544100544
0.9497258393421527
0.5580765282903851
0.6321122340311215
0.24927604858617913
0.11795869721122076
0.7683967090967617
0.09897726018390074
0.40307137544139926
0.5407477859891301
0.3120648102565149
0.7842661586846408
0.01583430469787106
0.7398095188854379
0.2569163475705569
0.7604551832464705
0.980112433648862
0.37472474175221493
0.2259088931746427
0.8809806032047269
0.4371724609700781
0.9160377670212638
0.3936456190900234
0.20326200457668975
0.3214712151894161
0.34811865102878725
0.8018849498454325
0.5092529877992205
0.8159247979559382
0.14888962275160078
0.5177482030736171
0.6164210459258133
0.3007699339055604
0.6929302401366335
0.09681410345001185
0.2120973334313998
0.08291346822465218
0.6551407239601836
0.5330153935815829
0.015425685071615791
0.17801696272913348
0.9540559139648215
0.3782294189470006
0.17368027050203128
0.6841657912834161
0.2670675057092964
0.9966809366886638
0.9335091718091857
0.8338225984135837
0.1742251887819406
0.9827524436370323
0.7927013286805474
0.6398675886441818
0.5429523242064613
0.6155232641700322
0.534362313802176
0.16187892450136032
0.8529250563134072
0.8493354801305796
0.7729244366448865
0.8104085979160601
0.7785285154152852
0.7469117630843192
0.9002050464952793
0.7798601485460129
0.4957172904946313
0.4500256594708981
0.6097662827149536
0.6546767833898529
0.8607716474490649
0.7524529348013603
0.49911842655462435
0.4688995698164583
0.82035515906697
0.09090746703447994
0.601848263973564
0.015757053004304078
0.1554431253029176
0.3018931948172452
0.08554287677234429
0.0017993970408051174
0.9361056333796522
0.8058795579928306
0.7664179356301484
0.7191912662157836
0.869792667833359
0.9749339508374518
0.537849497573497
0.27012986298984154
0.06268346170704964
0.31592247770505755
