1158328
0.287546352944953
0.018955452442926513
0.5818254951661284
0.7586156732177483
0.38689004209358946
0.8703736542919008
0.6052033261043497
0.7765131312756666
0.3760076123497863
0.17631047640742792
0.8775409625080218
0.2879272136418344
0.03943245192127309
0.5592719617181751
0.6515562171430083
0.28584274430692336
0.6697466488069197
0.70668271824303
0.2875484263894684
0.9272961399016679
0.9503876920354919
0.23852857911212832
0.2086165073193571
0.37649392811217686
0.553841827010191
0.079730475702678
0.9644668483456116
0.04061694615647893
0.2477344616566871
0.3790280060247905
0.743685745719035
0.963233896893308
0.028868286612370397
0.9077529171062029
0.7925144659550143
0.04747304809744601
0.5640477803116595
0.044724108889451886
0.8475795280707482
0.4695793532911521
0.006568422620646608
0.9075974637218607
0.8706944774502058
0.1132087294900429
0.07853795877646685
0.9263553032481223
0.08576377024583359
0.10578969493128565
0.16173581132157877
0.1712218863317041
0.5609833305895089
0.5705076573261871
0.02350606595566984
0.04514275970920978
0.3539464189621634
0.5209447065745397
0.7192186872058912
0.5300676279734652
0.5429275247514634
0.42013381168323216
0.15912200648152808
0.03662770790749026
0.30453103950757465
0.3017629360092132
0.8049494228154882
0.04840018312350891
0.5660555392930251
0.5084913953678709
0.9704317596757184
0.17480411017782738
0.6603385601105227
0.04081704495421801
0.2399059307185495
0.9307732017757312
0.84151083438576
0.22965972590418482
0.5904997828984663
0.5467031740944839
0.4820030986830792
0.9468025193746451
0.9059116705030834
0.3787722604396663
0.2643123213043763
0.8495596227898429
0.7035929883666309
0.03758553600322845
0.7054486656540357
0.21951556109240478
0.06218015764305673
0.18219476734700302
0.9076485091521331
0.7999071957221348
0.9323124231255061
0.03689775606143342
0.5158523780445903
0.6621969846776872
0.24151029204902696
0.07982196624151783
0.48061167284340556
0.5396116733777154
0.4625788898925237
0.025149217683688607
0.3745010008561198
0.25389802346028134
0.6050390513579111
0.17493978171310376
0.6907781077669134
0.831273170997163
0.910379018437231
0.45186561742271014
0.7649465775823865
0.6545241310390197
0.8844572781779468
0.9407641351747779
0.703040883005118
0.5304369544018404
0.6841776303349574
0.5647754436568723
0.9748678094534865
0.8652136283521233
0.2905952926079961
0.6009275116962486
0.13610128519316578
0.2352601657493898
0.34690297381376967
0.10038548855311291
0.4800431463895669
0.5167068133001361
0.017284275314084607
0.9201826526620861
0.28802511902372274
0.3942475016001239
0.7314109472036093
0.9961020226445367
0.7468420183036211
0.50836207751042
0.21939990661316766
0.690479938401239
0.5322703917572039
0.7197118905570282
0.8133345375299256
0.5340532667095349
0.5196402665889344
0.9704752954354088
0.593994214297595
0.4475745071192939
0.07559224226994032
0.004616638699898812
0.5952247939263738
0.5767701404690326
0.9095662267822345
0.7725587248997918
0.9434221678043306
0.2033192495971291
0.5192316345492048
0.690455067724588
0.5058895698594726
0.8048808706346207
0.8509837234037922
0.05023548312314652
0.3493691130234323
0.22880032948438422
0.914794071048411
0.7838240469526546
0.06883622717991944
0.11697623665850454
0.7421178691719823
0.4734062173128002
0.8366854288876513
0.17347119728804594
0.2562243019190247
0.969347585683425
0.8437246328510056
0.6018013570929936
0.33623045858477574
0.22834371347847948
0.6559342988719842
0.055441084782897665
0.5992836953144329
0.016606864702018553
0.894736604115929
0.7429303851285319
0.19975072140579897
0.9363722637291981
0.5635594479316132
0.9080750729818028
0.24993622243056934
0.8287327467554743
0.28976824471315177
0.7660803961976017
0.3037679950794343
0.9817875580556867
0.7285785964460354
0.11806092318044648
0.7130491934873185
0.7303172267669179
0.3843510522301209
0.28922070955363244
0.5652925211968541
0.9716736153850106
0.144708893101951
0.7400997716650852
0.34281558493458886
0.8422999435562943
0.8942084999748201
0.6856338000523765
