1360299
0.40469032154043116
0.30027301909957715
0.6768310841110909
0.3233764363914752
0.8863034011830807
0.6414859977707654
0.010354025609534023
0.8200841687047538
0.6356989921277714
0.04056642791479781
0.12069798779155849
0.03496595193578855
0.36153899310002724
0.05235147346478075
0.06063676484784475
0.0682513952838506
0.2544299759020394
0.6357180072872152
0.9047939499524796
0.11533211827859224
0.9615301863518657
0.668792677064925
0.4716413424388509
0.7795835403894019
0.9437640854345952
0.11304271499445728
0.31325155691569173
0.9510748212837303
0.9256356724475401
0.9534756178194159
0.0348478277716332
0.5937272320111493
0.35954635037667726
0.7931518848931538
0.35873149930330406
0.30008199238956934
0.5696867763347147
0.512441706214457
0.7309583237861462
0.27069068595079016
0.5149863277267969
0.7169331840572083
0.6841722732067921
0.4542427344064518
0.9162679863473718
0.7926260677974459
0.61629614006137
0.9448958833852017
0.8296703147290292
0.2630214245554625
0.1223156044158783
0.37487757779536257
0.6165623827088168
0.7999448437700162
0.5251841901302545
0.9632760878754308
0.6595915950182857
0.678416252917084
0.7919141258606696
0.08604241667339518
0.10516823862985347
0.6856073915031753
0.5922083776277745
0.7175751262698093
0.3746049864643991
0.4949030569826811
0.8595272908028505
0.8608620814704457
0.17929313137183067
0.2983099873055116
0.8482727826849829
0.13100450404697472
0.29971203739794283
0.053933359058637276
0.3458121189846288
0.986050179439103
0.4437316808521301
0.04996701165196216
0.39435227161434816
0.7094147422942557
0.08658287889929539
0.6126210425232482
0.6052145869078792
0.13977086936952166
0.3130332308100521
0.6926360627419198
0.9068494232556514
0.3171370739224266
0.3317213257030318
0.7535104051306714
0.3579683414085669
0.6679995518885368
0.5122657614740262
0.8542931797598479
0.478461536588758
0.08765177455358097
0.5076791812450869
0.0707724383153373
0.4033066594576066
0.2945380895407387
0.26778226679171646
0.4311142864310542
0.048464173398285904
0.12923952645344916
0.5237260935356153
0.3554856610189575
0.3927941321875631
0.04984109844651441
0.629395669097108
0.18391941622540253
0.9263173954772566
0.9357717705699455
0.4823813420680839
0.7526577061771037
0.2926841674397016
0.45380964844109095
0.6153689438604035
0.13643561373477686
0.1625011725064931
0.6627966611161068
0.448213582072559
0.6126437276171702
0.4142086025662799
0.2377083695972032
0.1216260878105595
0.6230350661264958
0.770485889128852
0.6790764510993363
0.2953149337743023
0.00961814587966181
0.14070581235523294
0.14036239889296998
0.7865909085500944
0.08360448585836133
0.05374437520098807
0.053733109499632614
0.9498556590324762
0.1497558230663606
0.730493328140661
0.5637903511921163
0.2530592018967749
0.9532021569965099
0.5417117826225147
0.8891576781237481
0.5941256863602025
0.14177905856744188
0.8243913604168521
0.12342960673709258
0.5185109746968461
0.24415877808045783
0.2885994123502882
0.6598404147071202
0.6484690553374205
0.852526339308903
0.5368034272837637
0.3781100173658434
0.3152689722484071
0.6682784617224448
0.5389686883378103
0.9672774016538709
0.597517876693917
0.8201995716485008
0.25926054809692156
0.27493256952193645
0.7119094304721187
0.3967960164348875
0.013971836492896905
0.3711101379954965
0.9771317077106179
0.44794560190168997
0.5553347054607596
0.09420900941125498
0.3773316919474555
0.805746893224788
0.3221652046232806
0.20665423354279844
0.08844882745780791
0.9504285067566004
0.7758285937319035
0.9296186330988407
0.19889271771039796
0.804405870294846
0.24880152069297834
0.5489735067448385
0.2554555424863647
0.776048915044962
0.2731471560057468
0.9887388503961143
0.19601269434652135
0.5944510446546329
0.9275075841526361
0.7336558958021151
0.6924798212261587
0.47746647704956413
0.3437577414883054
0.24910533045129257
0.9206583121677601
0.9575088836066128
0.14825329278590826
0.09444705986464774
0.2980154696640934
0.25308185457386934
0.2776447503051498
0.2549582410356803
0.7861094148179067
0.4187371358783658
