910182
0.30551850728566576
0.8278982512255201
0.9412831242041945
0.6321343703061082
0.14366515806514635
0.08983082902291117
0.015415886667764167
0.8841013926187021
0.7405638869700893
0.1451846855178578
0.05793444564557482
0.02607175675870166
0.18971134602435025
0.8101364889753659
0.15095059010372147
0.5990019564679907
0.48171208709373214
0.12125034262528045
0.6213053505964315
0.1188479570508234
0.9865870107695919
0.8749106343900683
0.31646470498060997
0.5259067865686494
0.6365451605909653
0.9014359245027007
0.8056251038441556
0.3188055891782998
0.6945030188513565
0.35686352596886795
0.6730518858396388
0.48864733418831285
0.9399252029074024
0.17574576105648132
0.9075870111421617
0.7447988695764699
0.08109886852678738
0.9699005428285625
0.760427224083817
0.6810329995687222
0.21174343455620426
0.08091036792908124
0.34268731986668277
0.46921386839052337
0.16989646758022137
0.1982658051466114
0.6649275573715304
0.3874407191990482
0.7283050655286654
0.9404003355784905
0.782738357576781
0.9905416463897783
0.6480922246582144
0.06246576081796085
0.20563906126661935
0.013036121931848221
0.7612552479546918
0.5025484993667465
0.7509622402593349
0.15816106398403018
0.4125937533045304
0.30712871167386
0.5800585685480736
0.7712819510270849
0.7879529917559939
0.586935943387962
0.24107145596373825
0.021987236961529932
0.883207491605859
0.045956482056253245
0.1606950057031098
0.626390555620854
0.1271991767020496
0.29919866109028437
0.17674245444239567
0.32964201962478745
0.9618833801715404
0.14892504721423727
0.3840167438062362
0.3383764243757338
0.0042244850798
0.2244107010937011
0.7778885708534885
0.6438026315047897
0.7669230131167732
0.9068894078947548
0.923151603485355
0.7083650656205018
0.298844170698092
0.2592003157843059
0.1501385109996468
0.3023848306815733
0.5210573824208415
0.758749938375945
0.5857454080350578
0.37181443770413025
0.4806854362837679
0.9927552763630668
0.6639266442026147
0.6942167573423209
0.2223004738676433
0.11633578488796603
0.6283855934101653
0.7373053307293541
0.4853938209003559
0.7968735217524234
0.9396014728485734
0.5728597984508552
0.9764849765010892
0.5721618636668769
0.4289960150288247
0.9185567469285297
0.5357247941293529
0.035215565809074034
0.5049582043292458
0.3812326344126047
0.12038646066020187
0.025215639083421615
0.7086089907316414
0.7573226435941764
0.16142707040376503
0.05191471848757345
0.44160208498609
0.8096947962571738
0.5143421151631294
0.509929910717335
0.7439213233231843
0.28482640620188293
0.9218233261438354
0.8497015528536797
0.5865484292332861
0.0602458271673636
0.6332703763531624
0.7634980505893382
0.2620400365685368
0.21938891644907232
0.5849952428665568
0.6176986959438142
0.10546580230114622
0.5394966823505826
0.33499766623583893
0.8166874202325405
0.9588245010160104
0.34790693302459474
0.767478625974124
0.5190424126224775
0.5039684611390074
0.9530690214972378
0.4347985351673216
0.14330802721360414
0.8322307803762362
0.8888378062948346
0.2883750679075081
0.3984869039717892
0.3933643405558843
0.024079243888882162
0.46505547847719897
0.1534917708057818
0.7720648226746912
0.1843466114219502
0.7417864492626913
0.32014796072835117
0.5772649797105814
0.3083630470605795
0.2489444915178931
0.06593934387476064
0.09755058767819369
0.31927232459696164
0.041478202663358554
0.09554188585102075
0.27546334075341794
0.8290970834087813
0.16705298270111546
0.4442904163509065
0.9841192803270066
0.514569044946918
0.9416782364846153
0.21207618517376192
0.5514860860946179
0.5034738756287863
0.24583574393510477
0.9327737426657473
0.9708261020480532
0.39287846211576394
0.7879168695268215
0.8221480668870309
0.2602263331567437
0.5840859916783703
