925042
0.4468158885957296
0.976293258110545
0.9898006375268155
0.4638900861682016
0.0018149643067532084
0.7030071668454781
0.08206329662403278
0.5876761989452042
0.7854364340934495
0.5601063967128622
0.6091373111651631
0.4271451641446832
0.05372576652737526
0.3475387267099376
0.45987493390356415
0.43390944185245406
0.1584691485965738
0.2542511500743888
0.4306317849335246
0.1399408371697325
0.9271371541056974
0.5961232768430361
0.5053499516570502
0.766823012402892
0.008886629545454716
0.09787757077471293
0.8337700522196119
0.3479905443981195
0.3287403025088982
0.46972934153903834
0.19100535617340542
0.6816113762941028
0.20710422606747425
0.1086407389732007
0.5073761217338542
0.5264971010412159
0.14807116430438216
0.11439537496945007
0.39431579368217873
0.3294014802127313
0.777497601564106
0.4523105903398664
0.4603245915883347
0.4292944791097951
0.9206309261361502
0.017256931334935888
0.6103610049390324
0.12267526371067505
0.34910260073397703
0.5577555717933309
0.4527244620948019
0.1937148894789601
0.298391744175599
0.9042756426835235
0.39939766253509723
0.5139951640182664
0.4594034035677269
0.7124559627610064
0.03898047994796938
0.09883711195507783
0.7815938989073874
0.9798259855339078
0.8857615650840953
0.5706893297467663
0.09011541451174798
0.9237032994483845
0.664137952557743
0.32477233667427274
0.21574085656300235
0.4182963278074414
0.8745068069163523
0.8181523541869558
0.06386883208370442
0.08064195589940015
0.5049177498796835
0.3106440223059056
0.8076981321935005
0.2678603042628497
0.40218806879694324
0.07441816219976127
0.18069957810491233
0.7023093863899753
0.9968473505509554
0.5589177289167855
0.6648026726620575
0.17657490017854693
0.7881920298989014
0.2486608688562817
0.2232534349749289
0.8068311350907788
0.23889432930610643
0.9837373490131534
0.11088845338212583
0.6009613585318198
0.503024486132993
0.3262804449888267
0.20960992859240257
0.6869267971663412
0.7170086118665053
0.15092388088070186
0.2831349996312509
0.40722543198078354
0.4199593017248555
0.013228791743498114
0.5226319618097253
0.6268833874238487
0.037979603705137976
0.007293234794893189
0.7636449211471187
0.025272774523412145
0.2664553097544259
0.762232992240701
0.7947477136737955
0.8461521144142391
0.6150145561334948
0.9469487915387462
0.2496566418446633
0.5656762847121924
0.3417476685280655
0.15357173731488227
0.6770708763956604
0.20472509805531192
0.4964443729697946
0.3122056433846113
0.5162985996253209
0.5597510537376693
0.8170196181349552
0.8530610750416999
0.8717653951240572
0.4554478871184431
0.7789630051684429
0.6768023338346504
0.17579132908525752
0.23289382711698214
0.1845612409157158
0.6199061888290737
0.05656131145684118
0.0784245605177778
0.29680697194609473
0.5090562737678999
0.9870033966198531
0.4713425513442736
0.6723211776454064
0.08707486949258259
0.5803275702915222
0.9826711122812969
0.5282809099150617
0.0626195369077267
0.71926772739114
0.8925127726780361
0.6902575976850526
0.28684928923411235
0.058608145079733
0.6101737327792782
0.9110356664076914
0.592490757772138
0.8243643309083787
0.6790668543030518
0.6248949485985618
0.14421233154008495
0.2480281681012969
0.22750814057496538
0.007504994964649736
0.2439397977678509
0.42057579332511863
0.08687239906238109
0.5484922992014406
0.4107245559269521
0.8284753702908578
0.44017609318522466
0.21190728721435048
0.21200114845974372
0.3427218635778909
0.7870061196685348
0.6592298536922349
0.761548163308992
0.9719641207297646
0.21481564089793603
0.9402184214682021
0.019192521609757374
0.26207918109491335
0.45195920831316094
0.5188197861092324
0.028274212279446043
0.8270876162053352
0.9444408868554512
0.494522139907176
0.009114706775576797
0.13009261376099013
0.24620091697095758
0.4039475927837417
0.7902091764085536
0.2979648478485184
0.3418680336177006
0.04314395272797744
0.40358900450213053
0.44978421661407963
0.13125587132592098
0.3379503728028056
0.7967774728291296
0.7465881858247201
0.19648356137066758
0.4079751375865194
0.5209887256781709
0.12876630231145658
