1106345
0.14545225429873354
0.6191379584811811
0.9436957318382792
0.4974784698591367
0.27951096781652673
0.6003929891691693
0.0034204466927830746
0.9177647903031344
0.06849627034469186
0.9121636560327339
0.7755753260271856
0.273553036789427
0.9329323991989015
0.2971832241277981
0.1504119207460186
0.6885589159685398
0.13102975082949953
0.21885024276959397
0.737609547065753
0.9421138634997084
0.12722113311295957
0.6978713444096132
0.7067624020037271
0.05524380193023415
0.6793268853470282
0.2948780778767718
0.6490012706512083
0.1998611446700005
0.02304153312644719
0.45486890147070735
0.7022117986630422
0.09272206965822105
0.9552862165800542
0.32874098054115986
0.12078777341892388
0.07583929743058804
0.3220723986084748
0.617840816203793
0.19058522373188147
0.15633058379669973
0.40187448706510354
0.9493767250320387
0.8907186540832764
0.38122119664316334
0.9421101286264815
0.7837002856649214
0.9860683835628585
0.05650876809712757
0.15417833390138203
0.8788778437649166
0.2978432916388035
0.48483705920351405
0.8016080181889611
0.8936373047697866
0.7442710807501218
0.09241474185164256
0.6262199950818262
0.796689446384789
0.3694639642528261
0.04335433988116366
0.7488077406159281
0.36858714777989776
0.985734204374294
0.698395305928775
0.3536937014890884
0.2316999172640013
0.2431110989327051
0.5650144982971829
0.9206193268641267
0.5245450538160574
0.9095369701139674
0.7072162880758226
0.5027785084525596
0.5486311323955763
0.8961964999274143
0.9358334242386745
0.06640609046973056
0.4591333196583979
0.09466050591524267
0.4839593883485257
0.7051841142493707
0.34513408042893035
0.4060013016180817
0.28717123935012
0.6218304289559295
0.8508271558291227
0.43676404654887024
0.4344917586609339
0.1295858292274108
0.8259963723666482
0.21265436719731168
0.8335782400483458
0.5679170025222118
0.36224535275501246
0.9180297954935783
0.6424146137782955
0.9496049672618203
0.970867785439562
0.10775800555180881
0.5598226773495577
0.3604893624237703
0.5889123290726793
0.05773321666404285
0.6383969661848283
0.6184909349817055
0.5619101990189301
0.9213165264824411
0.8860071906092652
0.4651365075061019
0.7448974226091136
0.14119437483783404
0.55580111742533
0.6106611489175029
0.3877779712254209
0.12962463333613294
0.6896797026222533
0.2828653146433542
0.5267379737487679
0.5747670649480489
0.17650563327403834
0.5402550485551587
0.19033525565472142
0.8567712402389505
0.31384519820265055
0.5015953886007167
0.8470524118970061
0.9645215651628025
0.6208325321872458
0.8168588644387726
0.1705162547254152
0.9924154820367718
0.43978470778131407
0.15865229942115355
0.3792493657599435
0.7662778358746758
0.6854845708552725
0.24855656739226584
0.11973500592649766
0.3984907649032263
0.9535876871725811
0.9494157901096743
0.10473938813011585
0.6046447089486462
0.08339911044114212
0.2524640826848158
0.4932504366998497
0.42749345435793973
0.1853038393761246
0.5672788705613787
0.30405523394161316
0.6087218968021827
0.08942482730117518
0.5829025304867443
0.9918934704995553
0.22501219021580254
0.1496210836560251
0.1100742240442788
0.6832871854265735
0.36212074564564034
0.34572719298129895
0.737366883536606
0.4685621358302202
0.5391541793411373
0.6669753973878297
0.8381242519650659
0.5772394897965404
0.3149601824770245
0.830829426868544
0.4504462727527411
0.22589093181495445
0.009524701596643648
0.4939993029709374
0.8190707138422497
0.42071429152186757
0.755493921720294
0.24619485374210748
0.9358522795559766
0.0215008267782707
0.15841618731157603
0.8422147029453372
0.24464062349096305
0.9293292512925503
0.6890252246390784
0.3242570045250046
0.7867112891745457
0.34723606143817565
0.5568628706910336
0.9138767536536537
0.45450424658515054
0.681275062370309
0.22176574680155736
0.81180381716378
0.6942772511484904
0.7987939767305097
0.8882175339530124
0.3338749350729425
0.9523817041392432
0.04141916817401403
0.29729411852786425
0.13262194066117616
0.395221271481907
0.6021542539266552
0.8819063838680004
0.6065972993520333
0.9495544219558071
0.6191620184681493
0.883271218278858
0.9833076705525828
0.5076538834713964
0.6132135262973439
0.34001852333370075
