713566
0.9766645250654405
0.22093750589817596
0.7014518476214365
0.9560678658740104
0.3661506157087132
0.16603663772591892
0.35703215976561664
0.7293859479009577
0.32243972246673636
0.3088694842002311
0.3523645432733158
0.8809613367037074
0.8129962596768809
0.6151389999674459
0.9230986328104452
0.061810790653787695
0.9612204900925362
0.3597755190240791
0.12065467083179215
0.035557072024225866
0.8039939858299018
0.1731970257642529
0.7830186483401965
0.03509542498462703
0.4950192797587005
0.1288604614225679
0.5466837974572497
0.7740917108292006
0.6351363942588666
0.22442982313799076
0.8470345195561553
0.6575325137461482
0.07583832443074257
0.9379879040714539
0.9101327993539309
0.0802736768248119
0.23849642752474587
0.15107024984463624
0.3257816719526445
0.8285102790446262
0.7193456106931404
0.6219015537740972
0.9099037968347844
0.5063176620693453
0.7090686621962946
0.3650659978314894
0.2136878109245408
0.5978900737056304
0.5458578299245779
0.747945085554078
0.21761849783892584
0.24582914394680766
0.5421206648910281
0.8496073850104509
0.4604218131955582
0.07681213217404881
0.07753679735439178
0.6444368822949981
0.09611887003889796
0.4381953589916371
0.8349608069996407
0.8706378950910356
0.1467978840875208
0.2225856505566467
0.9707054593717666
0.02285566528066807
0.5243765422373627
0.052138728673158274
0.9570291446157947
0.7685041655929672
0.23154173337019057
0.9703198111766455
0.8121897770972769
0.2289934866501684
0.5202172351700227
0.9460892873166917
0.4422169308372048
0.9899010400987164
0.6853246469879986
0.43395147666542955
0.8585927779516728
0.4082323200889856
0.6022661083243445
0.9530321147205506
0.10732162773026666
0.7702686009326635
0.07847202113873075
0.14932642973118904
0.8474069216704773
0.12010034079109944
0.5825209412890687
0.08748606287550975
0.650543320400282
0.12679689518479742
0.9387524222650325
0.5819898910801838
0.25887115445567643
0.1872642725742537
0.13095865626447067
0.22227027853488324
0.2339289161717889
0.07219487538485869
0.44565335945417084
0.37234279674966886
0.6574788796694602
0.8141139751396747
0.8035819884896473
0.8327142969517329
0.8036703069925341
0.2093798563407061
0.27755024258885197
0.04082008141822524
0.9920428685840045
0.26009573131485497
0.47531231040569266
0.6559685438074697
0.15216290041733416
0.1172434506532708
0.6781746754916318
0.12574712857757075
0.9832237642753466
0.6029500719945403
0.36913478301168845
0.3630708641861805
0.9757304514162066
0.187650560093358
0.05878822212958801
0.9765307160879833
0.9774281500212817
0.3770108146853739
0.12290235432243346
0.5914259379706819
0.43192290583681936
0.8238274375067256
0.7024679515839839
0.674840819167084
0.8959824255093984
0.12172138433733592
0.5852046368238055
0.9353533420756653
0.9502930015011253
0.16029525487166818
0.38691027983120485
0.8064390703428946
0.15848885709595395
0.12552453357388682
0.281707967767843
0.742360813420132
0.3005582260075237
0.7145052294284371
0.9921588552461522
0.056310782313296004
0.7092700975757695
0.9002819854893671
0.7433728406656334
0.8127987934294452
0.17205445091311788
0.6303317211529864
0.4096631474354042
0.8497562363852562
0.5258081170207536
0.171380108674985
0.13795522788693038
0.3505526515070071
0.7683869100448376
0.42357943545075993
0.3190739109944274
0.512097747555185
0.23808429463265002
0.41867772295884786
0.8961976176461417
0.7624286757164703
0.17118563882611992
0.38966112199126623
