1207736
0.6491815206944713
0.6696587229938404
0.7377263374961365
0.253452614907947
0.27411642684463666
0.15389020576274604
0.4768707964987574
0.08360189610857938
0.7894038488823308
0.8646709195233442
0.9058688432330947
0.16650280942348905
0.04279169500540414
0.6188000933702673
0.9603347720597697
0.5325263725228342
0.8682295251364178
0.6067661988061148
0.8386333885110167
0.43255872199206424
0.7470656090113018
0.6708257980915473
0.7694468459701941
0.09078514758978595
0.6650231372036152
0.33370894858037337
0.19913437181050064
0.206162841421076
0.22455584583931065
0.41416326639158474
0.904286943377204
0.09787652926086188
0.9715984293271948
0.004025535717257389
0.574917200209957
0.09417274724595515
0.32639024574913744
0.3012359690963815
0.48501467558954503
0.7493200286090311
0.4699658260222711
0.2941869966870987
0.9697347580198358
0.7400439849777128
0.031068765865671755
0.575025237600547
0.5622797510622781
0.8406376685651146
0.44266058327823454
0.6230011002419036
0.8085684117483679
0.2050490280614501
0.3928593234711898
0.7436882515705102
0.9740803326104339
0.2945995417634727
0.8820576344743136
0.4758702635730727
0.08480010762932266
0.1815884101301226
0.016133292682297462
0.6851198259888942
0.0029752358430503723
0.6318897550980805
0.8150796490545469
0.7515712853880452
0.5284413468071947
0.3237504724910153
0.9970475693013081
0.22911434282599508
0.8375564337784883
0.7953489768210912
0.9097042743907684
0.10421351872593632
0.9243257955760004
0.23027592218793647
0.5239787216478882
0.3147839379310171
0.09208808300746618
0.9879499994563777
0.6796770565281434
0.5030312457901768
0.959171338118837
0.8650833252016176
0.5781160453031187
0.07088940018771273
0.8882183053967051
0.43466234809564064
0.8538360623959225
0.4826670787838985
0.22641796406593695
0.4505120058028116
0.42561952385954427
0.4167398860765009
0.25266997795253276
0.22836233989899046
0.7264546768262108
0.8066020223662058
0.26774809553049395
0.11843830525722399
0.8427488505076841
0.031317675719714
0.8348167126832713
0.6699449000390743
0.5550086938209674
0.5163889993633349
0.7801949189255459
0.8544218869636038
0.2653701309507671
0.7882842747177204
0.19805040573962718
0.7627931450298834
0.32177382523274145
0.5893457659254827
0.3677455720903533
0.5200378549596153
0.30424610210319947
0.00452428901825197
0.18884651532016805
0.7717621355368611
0.42566031999406917
0.6773634291674422
0.4663451469103269
0.9885511419088195
0.3175162411953668
0.09988284813545956
0.1374333954670387
0.0068332342925395695
0.12069036257562127
0.6494872310913041
0.3212078438688847
0.6790897158143488
0.9817733075454365
0.51575342864412
0.8939717930849392
0.24159482301381197
0.7675249661597645
0.9109252381346554
0.14534141007864476
0.024472219656994865
0.05314204342024975
0.9901717713091324
0.9541508874625788
0.42670619392468323
0.21444633468343333
0.7211416820989217
0.8381913834948476
0.6578468241712933
0.7597667923128073
0.5370726022146923
0.17810712119066174
0.6085004070335053
0.8742020441585264
0.9836910015832167
0.8933110438904188
0.3532974369485472
0.517113947322952
0.7273650524189631
0.8565720005899423
0.21288274250402472
0.3131174570079781
0.23044881558828412
0.37396358584498257
0.005573250868249557
0.907495548384498
0.11948328533295216
0.12815510709282396
0.10468066592912317
0.41888217593333565
0.7728961391862175
0.0855626452952365
0.18409822953226151
0.11522047001663138
0.9370683530092834
0.001668758462362141
0.0826016899774129
0.46341727142695965
0.24311306546996125
0.3238574341286774
0.04641660956075533
0.2587791383632222
0.34143776818783333
0.4874002409171778
0.7199555643116332
0.6272292608080314
0.9971382609311809
0.8277688602372482
0.6462305480377029
0.31146836075890405
0.8964988505368212
0.5912381032002071
0.711296707862432
0.8016571929158729
0.10335017810554292
0.8157825373356062
0.9211865239561378
0.5518620948268507
0.07376222217761652
