1275803
0.1755588583428883
0.13514338241170087
0.7354189131973133
0.8885269063286954
0.23480551644600267
0.8955664505876201
0.7355350011174293
0.8951115332835913
0.9407799210610372
0.29292975253705045
0.8418630793884435
0.264239990747285
0.600392337880665
0.8830396233383937
0.42944434552233746
0.06098603871044417
0.03148552141478467
0.034347085002431
0.2333328758676222
0.3062394160997831
0.057247079161482195
0.7246322572287872
0.20037707312166098
0.16163165196290497
0.02103151952637472
0.7292304338121642
0.7990478702202053
0.8094853461817789
0.5389076161060745
0.34707035857873936
0.5988679847769108
0.8190774774348574
0.27853552671207005
0.2961469373535187
0.39291002714708856
0.7914831077053535
0.15551809451720988
0.17665251367264578
0.12999539854321918
0.8574934099748865
0.972158399382996
0.9478419471852259
0.4476405393243714
0.1665775980630606
0.18859619478310263
0.19380855505324446
0.6524603687747853
0.8495854823393229
0.21258371223684314
0.5636994650743574
0.5816532891805547
0.0638636280578726
0.3217011644738118
0.6635006211625138
0.8973561206682341
0.6366849891690433
0.09060101632494166
0.8493728917721226
0.015071370230584358
0.5113679395253568
0.9859090000755982
0.8266227860461353
0.04803330373139714
0.6701877476771373
0.6126994959672069
0.69374246727346
0.8612930854301807
0.4591596994820879
0.9490010733234261
0.08755536505756223
0.5724680720994716
0.27199972484937407
0.7885780610674663
0.38335559231549543
0.6105133370997037
0.3640452777817873
0.5272722330961773
0.4830303340485703
0.7495385579331608
0.16164513057425633
0.37447819822902795
0.5845064332114832
0.37160689293621973
0.8085039385498385
0.04886504341321485
0.46746396053174644
0.5806164701492701
0.8476936013853713
0.02624586309215582
0.25311064959801544
0.6887797928403094
0.8765202747294131
0.4475358532207372
0.29991313645585904
0.027879719994490015
0.73116217935205
0.866028565929961
0.8825322059856594
0.9993950010966697
0.25897008306508196
0.11575945536410615
0.5678112205069223
0.7707527237564523
0.018548941769045313
0.7165140595842449
0.7495176373042313
0.04937854628330807
0.3112155908135318
0.39607830610607364
0.6326401850497009
0.9218801127594383
0.7921539936318212
0.506616595513285
0.06839484109157501
0.8326126930326401
0.5355663813299747
0.33960263790399525
0.03269494267769446
0.39404065740101635
0.8353444475801631
0.6025174923092307
0.2136920868920198
0.870721948435029
0.2112624290087698
0.6105676230704712
0.12809610359396373
0.8594071279264089
0.060419393869346694
0.06796555777400293
0.4213337120163577
0.8996585142633067
0.1446352107472343
0.6658540476903712
0.523207672090189
0.4925588465428009
0.6367313136882209
0.10774441438516968
0.6285687977265417
0.27949333798610154
0.7621033714663896
0.5883784969564946
0.05161579178529163
0.9386527206256141
0.16672012464795716
0.19821230649359478
0.3627889001161757
0.6938188745596131
0.018659067319811595
0.20325951874740011
0.35882460830675256
0.19815929555212453
0.5075158423742435
0.6588209547965935
0.8393912862121878
0.9551698982301744
0.8445013225632979
0.3556658485660431
0.36782576885789364
0.3695701459056684
0.085766605820219
0.668519818739355
0.678843801722824
0.982868841415689
0.10247262057407203
0.47925302110172496
0.16269778381644706
0.44148234637368866
0.8033479682765431
0.9809516543855287
0.9031075899893538
0.2697014262035804
0.27895486382655843
0.8340946079961845
0.07539124081645487
0.575467048888027
0.881609687605832
0.8423460189823819
0.12157406423810713
0.4038292965013377
0.3808812138860932
0.043014384724593735
0.01085650624076051
0.5711277210661967
0.2418164317679179
0.8660165725085197
0.06667221112920485
0.4623456473452944
0.7615197450619278
0.8052255693147394
0.29566977791626026
0.4547546925224304
0.26943871511955064
0.8673688199789936
0.8893026500503406
0.3428801794241123
0.847685474934954
0.9161834879692196
0.585314056883953
0.3829820483949785
0.05994989295913167
0.9133242863568236
0.8742544441955916
0.34965965099409213
0.9910367277532515
0.9725578028633527
0.615271118102794
0.3028534198009034
0.49378599918667343
0.09006738786614843
0.48576124433981005
0.6004301391759438
0.9161122523498516
0.3912306497330499
0.831080667979779
0.05970241999220227
0.7381243812094487
0.7430214311402836
0.9033527687991497
0.07064755848161874
0.4877654752589159
0.6212269769875408
0.1825232230706828
0.8942545366948244
0.023137298565330866
0.19295974322958143
