923694
0.45815789501447834
0.3413423026916811
0.7706516922865317
0.6774831135862358
0.6170826221723944
0.5203563113608021
0.7903770726936408
0.18215835645179224
0.6298157164255174
0.3670645653823973
0.6034250187965783
0.37536016288842167
0.05784460929372648
0.22473825073661347
0.5609486786540204
0.5544964969789803
0.5141508028195546
0.8303164212898605
0.16030080511031997
0.8948080485493966
0.9009877648040908
0.6802177261610881
0.12112623956327584
0.9234110105710505
0.9217687868545767
0.8988770226446517
0.22264019571914628
0.5530868767269663
0.31802288697078906
0.41374794091752465
0.8730696647280021
0.3316109967016816
0.517728626699373
0.4524270895219028
0.13321291868872676
0.9149515673317788
0.8979371831406981
0.12071954142829977
0.44829751226331793
0.1564591346640094
0.6624477792491674
0.094878996186199
0.6557944251604568
0.6192062025185806
0.4143995590416153
0.2669206918463134
0.9315725630446847
0.7649255035152783
0.8639966115075882
0.5188185207174755
0.21275381550574812
0.5505341420094207
0.7531831046887189
0.6695622548867762
0.2928562389372025
0.6720206700204479
0.0019381728348237814
0.0384649249757989
0.22328876889658977
0.23551037579762701
0.2849611622289596
0.998774084718201
0.8749880168732276
0.20661379429990923
0.7328694991905814
0.3575551416185404
0.514963681879934
0.5917021712741612
0.2186331561652255
0.3909787841834568
0.0347463218999966
0.9385424751872328
0.7378210414582742
0.8885586085679629
0.03120721036759111
0.4087644480722755
0.7203364744355443
0.6155491631377494
0.2849468943059058
0.37092004774919984
0.7216701431098941
0.18962886291885772
0.3074256366960251
0.19043590041917147
0.8333007074490402
0.4861556384156771
0.5352351512000344
0.651547241238554
0.32472489852767494
0.3356983229255416
0.43838815931018593
0.2363423375434901
0.48370019827778044
0.4582097600601597
0.2792284109936918
0.30733375346953296
0.3566348015297437
0.29012227320030315
0.5095403702635796
0.09251343329068606
0.10766166559164414
0.6038103054910682
0.8256647768300578
0.2556366126337133
0.012784090732766762
0.5932784296085445
0.7149022937601908
0.7495190202189881
0.6845826513696744
0.40559793998183613
0.921214361146182
0.5964210539095823
0.9833244769702741
0.9345283448618681
0.6342070199624628
0.21713124598786848
0.2119173687105299
0.06092489257246181
0.3626094611488958
0.9391506403223389
0.6150031668502491
0.42394690463448315
0.3919365084566263
0.3544190178843679
0.9065859476446574
0.23774583205169708
0.4457498516766417
0.2683123775590781
0.5359425025922145
0.6302261379512795
0.6709103646315817
0.08418064351726484
0.668163721326027
0.4736360866630268
0.3494393656445204
0.60148351494296
0.4035276910209502
0.7011594650130729
0.8030843049236577
0.3706211754808223
0.5890062301310842
0.6593436380363958
0.8014100850067494
0.9438460877453212
0.6855584426681727
0.13311297128581834
0.41021421104099964
0.5891807032942297
0.5464667276037946
0.29828114475899437
0.6242904539948676
0.2930553789492669
0.6348212844319537
0.005889614952459321
0.31704224325075125
0.16741960122956878
0.16236221595172107
0.48336386729351555
0.009173421499041878
0.6983686909198317
0.8672382698876612
0.7493927404873706
0.7096610693049736
0.6258673553140366
0.6648441319303371
0.7826004425611921
0.6144408572955825
0.6279405827425033
0.20374882834845898
0.758495215233997
0.7617127163413697
0.3977409110640262
0.4378301504047716
0.4748418956102849
0.8375007736711221
0.14819100093810067
0.6860806481325004
0.42252042018461333
0.20107802037837108
0.056438829960670955
0.2931533381848964
0.8270960527541688
0.8570931724634654
0.6691521240396735
0.9265659700564042
0.3857411659736485
0.5397130838831078
0.8297177401168382
0.750584715641022
0.35481270634678574
0.29382119063059997
0.2597007734225093
0.20215962619640382
0.10530302605381936
0.9392889469998164
0.5294570636713728
0.8608856747629461
0.2565465987220641
0.5865633718184544
0.7865821736200129
0.9528148646606286
0.02297829962755038
0.9352908158619808
0.2759184393053522
0.35704642292833166
0.46440388093887497
0.43242371468715135
0.3811314749322863
0.5943734816784264
0.9171565822128617
0.49223288221240935
0.6454058447678923
0.16886672967980643
