663811
0.0016784954599378121
0.8878755862366646
0.9875992462432703
0.8061262346949591
0.2514786556051014
0.11264517461208823
0.12023312837891265
0.5860351532273381
0.5890849207172094
0.9787554579876314
0.9969873285015352
0.7031999162159489
0.586519488849192
0.9724886617265304
0.9699046787249158
0.6048631357339893
0.690993197700943
0.9167634249761577
0.2203011301207074
0.5539275016750627
0.37092690552157237
0.3056548468047853
0.9424158595588042
0.24382998763941122
0.44307275848134153
0.2701259215259858
0.705124628094753
0.9523572965833961
0.6784221187184377
0.5102059024764727
0.3945792594947539
0.863095425750664
0.15275102895405335
0.6860775118004753
0.1494244764590703
0.6060574738818022
0.7070681004535937
0.6990120841709074
0.7402831227388474
0.7731352755727898
0.3138934821806284
0.012817668286665418
0.9164892698257728
0.1493724259444269
0.10721260526071497
0.6674420615017443
0.3455880775017133
0.6676573229836912
0.32711091344950705
0.9185990362342609
0.904910371074698
0.6422868974711016
0.4545115092295201
0.5007629431741148
0.2495686102902569
0.6659529182751609
0.3671004420653057
0.35560308975122723
0.7775105371930361
0.6650543460686967
0.4344390085991727
0.2939059253303258
0.33980527606486266
0.9998410717954558
0.08842658468667575
0.4662598638433537
0.3031263425631834
0.16874560851779774
0.5546909724377683
0.7062538844056772
0.8614342042178615
0.6303609496890666
0.11114836132811934
0.7796675563407613
0.8151511924852572
0.4918744461846736
0.45188755394696434
0.32410725419240183
0.3886597636997714
0.3293692034952689
0.477698965110552
0.7957687212516151
0.04074447174846163
0.20325572719993656
0.10898128786538686
0.05348438152341195
0.6376371484147827
0.011198377377237057
0.5224240090300575
0.3049387506284714
0.8046137625987724
0.6812529306225723
0.5497772180941258
0.01591263321863301
0.7496305301451582
0.3495324616648562
0.8451848435767272
0.0406435974555196
0.36127583337932223
0.5895711101903476
0.8269708732360199
0.6698662326387703
0.9233536071812459
0.9646562015614615
0.33043290631896005
0.5128222205753081
0.3597030565194742
0.6597513248724418
0.3701106416226232
0.13050770198631834
0.5253983225766422
0.716233939124999
0.4031616941426658
0.1196505924045086
0.6942611881169602
0.44052320281653157
0.009890773302488776
0.9103885087190465
0.05765837903952953
0.8867747538360293
0.9631423118101673
0.8853432794485283
0.7458449964257213
0.9241714596416598
0.24518110607924382
0.5537655314454524
0.6106534957430803
0.2909396128078411
0.6888489565602433
0.421648773262852
0.7671178875606627
0.21007297061389307
0.5691998995352834
0.8871894130539918
0.6816608776037563
0.5958472735993559
0.6524805829867543
0.9606950810598249
0.4157616655546722
0.6155604933275803
0.9212359560859457
0.8590212748845462
0.486560088179557
0.3875349114564125
0.4374852047748391
0.5568414630361114
0.6896430295645327
0.8942691859438013
0.5803263906482533
0.1905338075398738
0.144297372053951
0.7687297147532098
0.1999925783432237
0.8051929671805759
0.767802595183787
0.47212242739074983
0.0672961162103739
0.3112531003867929
0.3628761766510893
0.5230877855379483
0.36556203044543534
0.6744336709895608
0.511172975603962
0.8611129132142865
0.8715653994353046
0.3011974116093621
0.505779435060296
0.13105674541664092
0.9026514802522688
0.3016350647824698
0.6269322832769164
