2216576
0.6610355856374707
0.06913190376222245
0.8126692930178683
0.1677305609811106
0.17251780998442512
0.3642137846689468
0.846695836221921
0.7503988800145616
0.8093282597585968
0.148133000444297
0.1942570107055661
0.6386987844221031
0.901364201424929
0.13882685229009073
0.7540691256529283
0.948374086356008
0.9891765864029325
0.6083952045706652
0.2897017726145279
0.8850555631978987
0.027171655036439812
0.6027637516034942
0.019433787536856983
0.39783873029245165
0.3560393849210354
0.1513764345549775
0.6342869946751916
0.9267880937384055
0.9891175093258152
0.11440884906388293
0.30896561583590487
0.24391013442114307
0.9927504723587868
0.5269077360713752
0.02140563229322634
0.7396761421646205
0.25730472402475824
0.042426567726100206
0.028864971766304426
0.8909654588716565
0.7533537151960139
0.35314050419643916
0.6619621441244292
0.06133847991532715
0.44664660786423604
0.2690887350036778
0.6927970772498034
0.23083779791012637
0.4058269755934214
0.4761056137699685
0.40926509255953314
0.7300552864400932
0.27846920395869046
0.8601668494719105
0.18490094309504357
0.5619914020500845
0.23385156658599748
0.6852903799744212
0.7720667019904776
0.43527269148417136
0.6749869283713092
0.8427956748656494
0.7660237242296121
0.20358205849711564
0.5077833128457064
0.8516401689278089
0.6884056996549892
0.008695573611552265
0.5218081340405216
0.2827140963101603
0.9208360463312967
0.058308949601901694
0.48498170479176483
0.8043903791241995
0.28290958876767003
0.6348751078667385
0.8836267544325319
0.10228977359513236
0.39348526754267155
0.6279644170296426
0.8496529222963463
0.5131351590312058
0.08021267128385812
0.6101971121662629
0.708255976393738
0.3307337723993429
0.009442376079733639
0.23558748193384726
0.7523635212378171
0.3915394086930595
0.3971460072573647
0.5291775884629735
0.3041607745706808
0.7279112686918089
0.131199047834467
0.45812792882209297
0.8593806560068962
0.7890999314597476
0.8863556206877685
0.026971560428170616
0.1266451004091812
0.9731548126907361
0.8454710788721123
0.02352655753258681
0.07199522143590653
0.9873622166355859
0.45400516117011536
0.45700168565100674
0.6578499397021199
0.8604861358473846
0.22956435184457014
0.6761184929655143
0.8259841523349637
0.2669990544438343
0.02421935359444516
0.1326125429345577
0.41571896302009115
0.1916531585995188
0.29455972258407115
0.7642652836478786
0.1313682715558464
0.8621571884292457
0.8729243036469615
0.011657244051329285
0.377087454003164
0.3083878023819485
0.4529729635467973
0.5541223882031723
0.7626214702819806
0.868478243948055
0.5037411627236219
0.9529222630870283
0.3500511429904334
0.4552917032230842
0.608546083315363
0.5234480415749067
0.2594882149623092
0.4212003241318174
0.28858909334809346
0.9232970358778133
0.08077111525333491
0.4147551696446936
0.2158261513792603
0.13936006282243585
0.6485649187183193
0.7097463108089257
0.3456541653647197
0.784594349329725
0.12987081781237553
0.10531644494087722
0.9071881038643685
0.8739464249747491
0.0458017171565831
0.6452053586277615
0.377380027140898
0.5389278421575123
0.8035819077979618
0.08486689222493438
0.5349575923754081
0.46163624561821526
0.5500812071456251
0.2471135528100864
0.4411369298954497
0.16155297210768138
0.6747944820472376
0.15010881214284932
0.7262901206544391
0.6522373390789176
0.08802968266109334
0.06594028583385447
0.875225239960023
0.400077540234985
0.47916879597606266
0.47367186181935506
0.298462851594251
0.963546206564602
0.12021788074346051
0.20768634582579204
0.8528694731977288
0.16894817945124418
0.42146382515352976
0.9702944049556951
0.13223526225451954
0.18743747684480538
0.3689068834309447
0.777000055896088
0.28685960478423955
0.4181187861570095
0.1772397701675701
0.8334760671188457
0.3509348878585433
0.6533382342499326
0.9774958534357469
0.8052179116809607
0.05749535329942368
0.6048075480441146
0.12508999977007618
0.43400781869073835
0.9029243249678574
0.5029940305010119
0.7618276294059059
0.9797355124330572
0.7864899911690686
0.14724853942904892
0.5945592274162886
0.021785539142278543
0.8951059657805355
0.48043256104327825
0.46350837425312996
0.7411155234980962
0.6294900435064407
0.4893440529174611
0.16490396007925812
0.9223137650803104
0.2751205517940898
0.9910314969215142
0.16539784628128718
0.5643385921775809
0.8098667195880751
0.6551242571579133
0.2998514407594237
