1032587
0.16930555338058328
0.7098957133049757
0.4335963411115853
0.2794260768139829
0.4906036642433479
0.8664357146850292
0.4219201036160366
0.8535132949334723
0.7647846030613247
0.7582009927675453
0.05935498661061567
0.7668932252215825
0.22608379446713467
0.837761442550828
0.4911559454673342
0.23261043763864775
0.00809631971911473
0.6848654514292292
0.86177494205779
0.5014083726943644
0.3740437717710591
0.8557020010112069
0.2856679927054647
0.2501650118524189
0.585233720312507
0.5143139623840198
0.2511095669120973
0.9346238393976485
0.6167258982313546
0.8708511321225613
0.2524548057939283
0.9558160564247052
0.3598845715424498
0.17107884825458142
0.5175795278281655
0.47492115143403246
0.913409951968612
0.48253330798084904
0.7997664362457246
0.9779148306847651
0.05760577137365874
0.8049426760724143
0.3370959300152112
0.23920481756548828
0.031053874322546027
0.09600840481353423
0.24743787256652605
0.16255624811078173
0.28453171712328473
0.6483687260053701
0.8234308658336733
0.08796051150702922
0.9739211293881505
0.879542059183416
0.41937354150696404
0.5447025771522521
0.5720224684953511
0.003875296679231477
0.8807423634057789
0.10373336525928167
0.12860116455255444
0.2439979677712525
0.7570889626438267
0.9365556604275397
0.388658054106533
0.2090101327746554
0.860359291230097
0.9231831108527053
0.19082931499021127
0.8176084555340237
0.08321573254106207
0.668333907244241
0.3109852886752974
0.6765811450967738
0.7757329110036814
0.5828720367411155
0.1905120517645129
0.13857949174935646
0.3938760631702525
0.26661040752227483
0.7944232780566225
0.3577997758539764
0.5794611189295998
0.7889422503480926
0.18136425176958715
0.5381863967865685
0.308833341414099
0.10536820600050967
0.23573385263444602
0.22599315699142752
0.2562917622396461
0.7708381906521888
0.41156439661095046
0.9370166053793703
0.0583246884634232
0.3149291965655442
0.2684632180127676
0.6285414962722276
0.7360111233640952
0.12923080035813328
0.04183417749309981
0.5270155429761656
0.13548202318412472
0.4839127724410053
0.4827609964623335
0.6046965781814525
0.8801239808300403
0.33829978582768283
0.727348629279551
0.5619921523063448
0.9932476306163465
0.9393805803172696
0.010982985316728255
0.5169381943255885
0.04623136167191422
0.8125298602272575
0.6298830100230878
0.729239865968189
0.4146907173305441
0.640323342796619
0.6704838281265433
0.5935240104229884
0.9840123720839924
0.6981774055165909
0.6766029291113387
0.8249297931447797
0.4356309920556123
0.969646566620314
0.6050060514253209
0.22988993042702488
0.06671619874673662
0.7995639479244331
0.13190353054351422
0.7059321174192064
0.948475760754348
0.9598106763695005
0.6160711786282006
0.1465565319327924
0.11207068990851998
0.3003524131489578
0.7987046144630304
0.7407217510891493
0.3661764180992084
0.7372824432604995
0.625779932710513
0.7511982385282626
0.2965136310063341
0.18996248887368827
0.41560710858107996
0.23202496565844932
0.9752111747009321
0.22095355420019924
0.9624271423297011
0.30253127262732105
0.9166530568517922
0.555281545124332
0.06631800358387696
0.5338628278389018
0.8564995518656957
0.3596827809401648
0.41033789365123463
0.7236767340706244
0.0018628120235785195
0.1478271941881758
0.6677493951266332
0.8356479446730516
0.5031554161781449
0.4441179297713138
0.21533111623660517
0.16265504919738405
0.031919634437431066
0.886517635147631
0.853198187713448
0.8359906674861908
0.5139847487876483
0.2779538006297748
0.4872169142860676
0.6476679345083378
0.2635879215807452
0.20620625963035122
0.8170125426504241
0.7788709975080158
0.9916340648783445
0.24378241801216116
0.6907337794401528
0.43482436549217396
0.42005855124043145
0.4121366265746065
0.9371513944031948
0.5748323950262084
0.5242961475869052
0.5486919041319098
0.16633204858668071
0.8959664190641901
0.7471480726733083
0.4504741708536303
0.24204339321765567
0.9798540552873654
0.8798790491014921
0.18476995124111484
0.8722096609209116
0.04425166645396361
0.6901640812541192
0.7550707461070427
0.038151322663602216
0.054557279312832496
0.7915448220401513
0.389668524319823
0.7890068682782088
