930691
0.045148081848365496
0.6953437556521266
0.08061832937016078
0.2646482233002011
0.37640300203376964
0.4635240008973487
0.6423857138043202
0.6785656177107234
0.31049776364708337
0.8897710501964063
0.4823481443114932
0.39161188952118264
0.7275358451426819
0.6761123339097944
0.47942118329186056
0.13816028267921665
0.02330582851775631
0.6436793352162824
0.8524315381198129
0.9281433821828136
0.23093180921980472
0.6187558223831617
0.6664613628613658
0.14160581200881672
0.190910573942212
0.26904549210708395
0.6732385484761357
0.8568162762266069
0.15750509919145284
0.8301304262698168
0.5107507509911609
0.5086495333955732
0.574191321594974
0.358381786521088
0.8976109352362553
0.5608625615713062
0.8768309220072354
0.8741225898967131
0.34930540865804405
0.9940528966794411
0.09047008939959156
0.5176316530937012
0.11630529288419844
0.06050192393668086
0.6741401156716964
0.6306169987876317
0.49812509055515075
0.9377694458246219
0.5377631991301562
0.49707585666577325
0.4227631003386342
0.6248199587952252
0.40624199403186856
0.32999762462137194
0.19756000015535646
0.667625267569993
0.7380395709005879
0.9741550814557101
0.6353635402394407
0.07560221647764698
0.21903179544752083
0.7102684022148495
0.3389888296245154
0.09590798962371161
0.4471412675166677
0.4921152864824082
0.787315445107564
0.349529966904366
0.7992386652601707
0.9256998712441875
0.007963780738640902
0.20127086693737173
0.6290230921874667
0.30838206495719545
0.044344835804719485
0.13514405297768906
0.8830708507602856
0.08590785092127662
0.12897942897499637
0.3373579916808954
0.9419672421554028
0.1565703533963777
0.4603338508925293
0.6509829818771987
0.9944138523042296
0.5542705473941151
0.7470210896783006
0.5595569493866982
0.5344292182445461
0.17603537799528912
0.2310678228902886
0.8813017946563778
0.63523821673096
0.3845902291436285
0.7310494665156322
0.4112852027534736
0.498171492075305
0.5128717130066697
0.356246471394307
0.8357774685022361
0.40087305200615775
0.5249059222993467
0.9345774273857481
0.8612163244124565
0.5763408850759537
0.3462660778939448
0.8699153059563454
0.6496075783204751
0.742801450054894
0.6673630450797986
0.09849529311563254
0.33285254641102713
0.9741461684897144
0.3441104723307493
0.04947397609389559
0.5904082625806003
0.3516341276785181
0.87304653013755
0.031301132310501356
0.017849665760128364
0.36979183105727376
0.801781804808493
0.2634173707571812
0.28831764638881174
0.38291758427557676
0.35068361478506804
0.8518917696872439
0.9145006173381662
0.4733245906286725
0.9679943829553117
0.36796585444833685
0.7557112212084987
0.9984330490095465
0.018122423198241755
0.3300713365336563
0.28278417818096013
0.7310488124512847
0.31163114565671846
0.8127410160123523
0.012935133030491985
0.9456421510647411
0.7254926770359341
0.6099333015914433
0.4573844960522212
0.02316677708847592
0.7334604744678773
0.865643011821432
0.38646399017161004
0.14793618913020234
0.26895487463923373
0.8512721330025116
0.21008850982115712
0.4523005642126833
0.9766442781432983
0.6170858570206167
0.7958890009426206
0.5283444494651997
0.5739440293796229
0.5741812523228471
0.10296669377135814
0.5705513387653162
0.739943867398911
0.6737467689080587
0.5961431194193788
0.5393586498518215
0.6768142104621792
0.7419930214615686
0.523743917696082
0.6427526045615429
0.24752996193282706
0.701986132184634
0.791369195822779
0.121529085448154
0.38379049084309147
0.8677174310000295
0.34476650310460377
0.7935735173061677
0.2793027433227212
0.23109385487015732
0.6868373850581871
0.06348900995514706
0.7361338824659334
0.6791355660246853
0.39697161919423574
0.1361285166248576
0.9156286460034282
0.37651893049004237
0.2953181898996019
0.986063744532076
0.6604262434555844
0.1277039740362188
0.20026546399113487
0.22974961494608448
0.5003997030851384
0.3932378486698027
0.06431734021514568
0.423120131452286
0.43288084923295245
0.7764264357517323
0.6417163966662428
0.46457744637584963
0.5763219827535968
