1355909
0.21941870699413912
0.7405786388499754
0.7218132645183835
0.836585232209777
0.8518493155165628
0.5429691311533483
0.2206275251592622
0.7963393119922975
0.42053680782904057
0.4382612214323738
0.7348863441965576
0.14058225769814814
0.49533649295363014
0.30828656685755285
0.8989877498158174
0.06509839868498579
0.1940981086759045
0.22719730856504616
0.527679896585204
0.2796959587376343
0.9987805666569345
0.09462512071196771
0.17280359509186305
0.41436185431226435
0.34512710696822946
0.8076369051179646
0.5725069268838486
0.8640081943322028
0.05990621979840627
0.19515012892034145
0.055707035267680394
0.3662750867395832
0.3925748349758883
0.08788535372143036
0.15304982179445126
0.896892422831825
0.3423221031785958
0.5775973540068032
0.6353457080178955
0.788393453551701
0.2168036574862442
0.7312403834402121
0.9514356683786358
0.3305108561166301
0.8754775502734997
0.7688870686528697
0.5696683102085803
0.49437611481747723
0.9083050024125364
0.9886346873873
0.040645900660471024
0.83768133847256
0.07968032334582154
0.5273965954807102
0.6936226826756973
0.09425232753956825
0.7278061433040885
0.38339024557503976
0.7549168148384824
0.42901994014490796
0.45133162321657383
0.9942980648354613
0.33392258281882625
0.8481669857513364
0.3379225587895407
0.0644907620383135
0.16078684204477423
0.794265736118566
0.1935346884251905
0.26536715796687604
0.17953980322050456
0.5275113049777393
0.7165117718608196
0.894778499582757
0.10144727597713699
0.49669415499213254
0.32723310461534916
0.5746693815962608
0.8055774190582817
0.5373451197463807
0.4118852014796288
0.590481486311908
0.03705233689143783
0.39952455638142115
0.068035157325251
0.5315300361497585
0.1981807256622694
0.8040167152172303
0.05003410077752757
0.47847772746356354
0.1536449638063644
0.9532291742281627
0.5038805799875565
0.10219401386199722
0.8781420289649027
0.18188693728867966
0.2540261068807983
0.6877023892586611
0.4633546559920756
0.22264873427215337
0.8587056503381153
0.2775820435165791
0.47085548511724107
0.383063345786245
0.38572814135504685
0.8411043722261237
0.8685234352198637
0.7828217564027702
0.8772632478090084
0.6185490486408517
0.8202783978876853
0.6840509539259101
0.7700124619722145
0.56455821835524
0.4124164212077349
0.8624333642381685
0.11625386235794488
0.12005145198827316
0.9945549242482796
0.9132257582426764
0.3116017761583024
0.3791382836290844
0.18917293527682044
0.36378999424989333
0.17692386183572517
0.08562930919265233
0.7809588724359573
0.4730372221966991
0.6647097772402307
0.7931604571888731
0.6356546917087504
0.6382262514643124
0.16428738832342604
0.9536096499421564
0.5178113119259004
0.4008459399993233
0.3656333789285817
0.6603986343542416
0.1778473419961918
0.14585008799176635
0.9081278999683736
0.2664373044381404
0.3610297764619188
0.7223030089498441
0.5884527632854923
0.12088142591501994
0.4544711640668788
0.3785326333712301
0.7309359597185591
0.22453927311172572
0.3329650403513421
0.6011769419445345
0.4339956889777957
0.6906759309398761
0.5904577949726899
0.6750490094435732
0.7979390416154049
0.5161292973427911
0.7511814668583652
0.03953473040515276
0.9122221974164207
0.3170644056946944
0.24294873206887446
0.8072761234650863
0.33438011250672584
0.36435833897701597
0.8848378849293982
0.13218303084950211
0.02818590281182809
0.4655203653434169
0.3924721808000151
0.46635383922958784
0.24520084179618273
0.9832177381443493
0.936324434290821
0.12927606299951444
0.6317282943191357
0.5548901372887269
0.10195430939395878
0.02771598929735497
0.9222859065184266
0.8836008689332512
0.6958122829986245
0.8109959914837545
0.9410621096428404
0.30718636557240186
0.7162211831064962
0.22389695009635702
0.274424639237005
0.7209299059618883
0.4663719480529841
0.9282124907885246
0.9004001859230476
0.8283994777421323
0.22464781829763358
0.6040206229736491
0.26514604646997286
0.6257536331593414
0.10731692199157095
0.7130275858894317
0.7817858994271814
0.4867334869447658
0.7596102937061098
0.9088776696222726
0.4935837953175659
0.20872281094045475
0.29342856704264597
