1123485
0.7131118349182474
0.6912816073196644
0.9046724163242547
0.4533974709617111
0.7404973010691354
0.6035271140404944
0.6813491299449351
0.337718569969808
0.4537384752881445
0.8896711806818017
0.6312834577139421
0.1262383436584239
0.1551201615532164
0.5558140925045056
0.7839542898760744
0.17538529916905155
0.681421323960658
0.0878329600979687
0.3111632485590181
0.528101380763462
0.05847810729066594
0.049223290986869506
0.46221492613589443
0.356620230490137
0.1930631650361645
0.12693940924485236
0.41643349081748604
0.10692209975204758
0.5322875481160168
0.6250204636354014
0.483710436882152
0.14592073118886284
0.504520586714579
0.7036395966341725
0.8581920201039883
0.5259151979900771
0.47086226375478635
0.24031601450303453
0.43587906812555355
0.07556543553746864
0.8624913973110382
0.05038089270433743
0.04382588410096222
0.402627202083071
0.1567522360568151
0.3453898955910065
0.7967892573385529
0.5509084940491775
0.35363126037610193
0.7310261837748172
0.19659226282998843
0.9923862989896656
0.6543145207043307
0.750140078913734
0.020131958272529227
0.35514887769004455
0.11480555194536979
0.9619224461663047
0.003873871764192849
0.7888053011674628
0.15012254326188912
0.8148106340156077
0.8258405227716277
0.1512310264846971
0.8983825807791482
0.11857760039863618
0.9105148964413998
0.2639939997675673
0.6191199995443769
0.7501560570428399
0.13774428696315155
0.3285331803513285
0.49647467380596244
0.33810124290038257
0.6236436748758032
0.22113744674149005
0.4454255738068701
0.06219763693143843
0.3596619533250489
0.7919994804068546
0.7780332750811305
0.37756589947060193
0.6453885117039828
0.48209602499597803
0.8766950198109841
0.4267286910789545
0.9313413704958031
0.54137212642353
0.34270426990154945
0.13844497162136915
0.8998928180112876
0.8826838251077078
0.44094628928028834
0.5287242250930801
0.3556515862604276
0.1381800437563825
0.04534979414662066
0.5172835059515116
0.771035744707577
0.7982814187014005
0.7047545433720618
0.651811871336483
0.13843363401684605
0.40813989093734626
0.895142822442851
0.4927582035493291
0.11726473436634144
0.6724395544538756
0.00172290304131828
0.05296005574172624
0.3324163826417751
0.976626271037387
0.0831407132656693
0.6092827772229814
0.07994604763748292
0.2711295017491532
0.010135468450571672
0.40753961431631236
0.6266033512668442
0.48486665761753056
0.14224414613702696
0.2673150214022607
0.7516396220925522
0.635296947926733
0.3086985005541747
0.859915308000596
0.17253719886368046
0.5845179654253158
0.49344736826200175
0.4805217248621727
0.020704610185366734
0.9543751368952543
0.28927648127521566
0.4647233306387366
0.5888477379946306
0.058280507625581235
0.8822863571263261
0.009957873068429768
0.15864148480022722
0.833413864481025
0.0555288634474187
0.05399110226324211
0.8354899069563643
0.6642060089517864
0.4593908834532846
0.035416039327282545
0.9665775433583973
0.6764803237574252
0.18635402577435833
0.8152555244096618
0.8990781084665751
0.5513554836220003
0.5090468649750662
0.7741027319147583
0.5473014232835814
0.15898836357061252
0.4930466090568818
0.11583620572881614
0.48072273072283656
0.3444636697575014
0.07967522638501223
0.7067973206962503
0.019253392741839792
0.011611982144179356
0.14907448817072877
0.3584194993369958
0.12777553465530822
0.245265926005671
0.02013355906829839
0.32165045197255826
0.7388773200293184
0.5884396711322514
0.8213815485946616
0.9031100017325486
0.5008899392691888
0.7481440213347986
0.17574668421878514
0.5357776123162273
0.8477408247529139
0.9420258417856143
0.6821227231367731
0.3411054664779949
0.7178024791166784
0.8177470738797745
0.7479725395994417
0.20480442975931878
0.21082959613363628
0.3779952258940381
0.4297373011970901
0.655151596211576
0.9652417265646662
0.6262437196289973
0.07160956060930457
0.3805200510992961
0.06242250823765905
0.711856967457124
0.6982668395542715
0.051932822649568666
0.8203708858426821
0.19786196799714717
0.3134518045510237
0.2267944162743557
0.9259532864968222
