1259167
0.7006842455927806
0.4838241265987737
0.5015553518787551
0.9731703589879078
0.5583729070305417
0.8462980707183411
0.7539160591475319
0.6242654521811262
0.3723160775804284
0.46711907451486534
0.26927875596373496
0.29116645341888414
0.23717443961824103
0.3022213322527816
0.781506680333998
0.44666642584485017
0.22473720960326382
0.36094807329025147
0.9746524701248562
0.4179125834087728
0.21963148912710106
0.5590045312232252
0.7901684136057349
0.7891873301443196
0.5182924684152022
0.6615530759364601
0.9632130816306786
0.34662911283806963
0.6973285801624611
0.1636493434502836
0.5720204412899259
0.8344545593134711
0.1333919210810831
0.4327563453017238
0.025899090035713113
0.6604081989482057
0.21389155324762854
0.9468637335611505
0.8402808578435038
0.08757930551795001
0.7163629403442772
0.00177748203679573
0.7513392111718652
0.38038980682767676
0.05403417756281648
0.8324348993462686
0.20805036996498394
0.8344716234639528
0.08610556002318037
0.695638820557627
0.04617030102729891
0.6133150829887839
0.9734861597663763
0.0953936866738051
0.19645373987659254
0.8389848584040974
0.12420718073783188
0.9970654772892178
0.6085415605170137
0.4398635334381059
0.6174587526232358
0.5728766940536666
0.18229556758840126
0.8452970114659553
0.6211731519291737
0.7487860858805025
0.389960717299243
0.735180142444725
0.22530424539654736
0.5815925131854937
0.4453862070187703
0.7019350984135249
0.801429208515799
0.2851409581600015
0.3306390617088031
0.8629986017378415
0.46902550247455377
0.5457980638120473
0.725694672553132
0.17384890440392853
0.49975220619432437
0.6199033702459705
0.9034910404120808
0.43476694279999384
0.523291869441581
0.589691595872297
0.950484248959029
0.7589401833990308
0.21178521568461628
0.06922064552555418
0.2519450091833092
0.5751820921648061
0.7146177099227105
0.5981283247262018
0.04158723655634722
0.07545384635529051
0.4912935912893631
0.938580994686999
0.9567211687817817
0.3855391133942577
0.3473596912453649
0.4995650861809803
0.9629753119704565
0.6366370005870331
0.4168176046826447
0.1527126280572354
0.7167331139663036
0.5463017376007842
0.5541893281165224
0.7751403123669888
0.41878131796901275
0.07907254088864335
0.10037874358472698
0.9573210184725013
0.47926922079220524
0.25030040067461923
0.268696686291952
0.447795454422681
0.8619290595676798
0.16109313245912715
0.46089518428135245
0.07157109070463563
0.8046098179394774
0.9079638451893047
0.6677818522937342
0.055344160487348915
0.7235273743909414
0.09768205524654294
0.7349630831593329
0.9202199996038767
0.5002370452201896
0.3159907659160982
0.6814901233065263
0.36139550632447426
0.023184331766945343
0.04826711483419799
0.4476598295160671
0.8243072655302157
0.809792816022526
0.2308676090742705
0.4179473668466399
0.8080373710075501
0.7703984171384153
0.8238139479250838
0.8160255993409878
0.27930817510329686
0.6919419284006325
0.5386387583788614
0.6010517502035522
0.9641865157615249
0.8171823849052201
0.12962480088657102
0.8078791809632033
0.6996567762586612
0.9742959576344491
0.462335597992498
0.3685779539717915
0.4735111380167617
0.07207637551031432
0.9102490721589378
0.32862483694643374
0.2585448450269028
0.41755453538446263
0.49847020115510376
0.028350315541977422
0.2558326897366642
0.23570641946889548
0.612912136574007
0.2587057335412535
0.7019029369566963
0.9750202219602611
0.024000529478875432
0.6201411733311497
0.9659128140322482
0.46804469318449304
0.4358682282974029
0.31436099264838135
0.26546987824652424
0.7826430329354424
0.7651729587375808
0.3809502690252976
0.9635317942440383
0.6475274033826748
0.8780840867052205
0.9543419944605768
0.07385668284619151
0.6647511022992385
0.5696483679370422
0.4613220523089321
0.29876479418766455
0.13218723870079208
0.1566593281731321
0.8052443971410191
0.6505116901772107
0.19062361043263587
