1304957
0.1733183153010165
0.49035669320054587
0.46636209747902013
0.18295590018600005
0.308389853207951
0.32811222441204535
0.41749244034656974
0.5670621536255455
0.9032174411017866
0.8370711174775827
0.9331395277778105
0.45929343317313653
0.04188070638509589
0.69897009253135
0.3139513124709622
0.9021170932047392
0.5079381366819395
0.665766593016079
0.6922855335368365
0.2473004906928863
0.6566143036412025
0.12594000948591078
0.9122404057330888
0.6251247406141388
0.5569540740820597
0.13305869824085947
0.34849081362203516
0.33046961758246274
0.5953807051556474
0.0755987657266799
0.6605427111388542
0.09821196867123794
0.1002586132690716
0.32422632717132105
0.48780716855629935
0.6632321697369731
0.4464757217103603
0.13123243123068917
0.13093500144300085
0.7044242320011147
0.5297243312026737
0.7765356144127499
0.3361413717957126
0.2574566671010551
0.46207352531110935
0.45564395586186934
0.4017894499591027
0.9476334900142662
0.8335901591211737
0.6871953377206584
0.9602908128464451
0.9420551873883715
0.9091797084218289
0.08117033566316645
0.9534196366894594
0.3493821569907557
0.6854820221068787
0.15359989755492587
0.5154266097734006
0.905853889701194
0.819571246528335
0.49956540910647995
0.7058775576100393
0.17781917775613065
0.05937353436757731
0.0435160959750992
0.29293098016176156
0.18388393976153405
0.9551294350428704
0.27440478318591066
0.07780772022911042
0.2938849123051469
0.3118929348669107
0.34287003036047825
0.5724947096435545
0.49724911219056944
0.054972232914081376
0.6486687522151666
0.19526459107741512
0.6499004882745038
0.9233822430454615
0.07879037646040532
0.5323810972684517
0.10672630429492003
0.6807920914044489
0.3701599252814499
0.6293997986234963
0.2257184908851384
0.3391154376635478
0.16556418999386702
0.7217628650314398
0.5902551697412958
0.22680563334455062
0.2074114028649331
0.2919250368970647
0.43759073121167114
0.6020811840221374
0.7711616726671837
0.8490378222407061
0.7044731438309743
0.9107215071953383
0.8787419876081507
0.3672571999738836
0.3049095973211028
0.7187371584620259
0.051985860465539435
0.890029913599406
0.7404523444271123
0.8121322969400648
0.3671146795263436
0.4102518937707387
0.9099792581295745
0.9491414879471136
0.3535039408574504
0.7699817918619465
0.03379398694699853
0.274737266622463
0.8434545457623128
0.9884315945336473
0.9359728892431676
0.46286809286160646
0.22441574698598898
0.12324508945303725
0.5392374158704416
0.2388017534975877
0.6710823567378525
0.4976145632149729
0.3182320043670378
0.0521117861031003
0.8420165750701202
0.8845746118665275
0.6299391155049163
0.320259757643921
0.2139201458605421
0.029851105497562647
0.29406465014472705
0.8433897899415047
0.6964097464300951
0.7159330370142135
0.5315787056011181
0.7028656686630245
0.4211251069897084
0.42257296628661045
0.3861980190207276
0.1992454417693782
0.6312256356771638
0.5227118441527372
0.0514477241438015
0.15980174437056238
0.41080791976511644
0.8678625154825877
0.1050424838572993
0.25136087687350206
0.5885033836936784
0.5632751981197885
0.512677495106395
0.771147304456723
0.5254916115283913
0.7107478342309098
0.4049225269422293
0.7564843177922341
0.6553912942375288
0.905732639167606
0.05376254659594504
0.15361599324954045
0.5819677984493709
0.3154297251623297
0.17943148516214713
0.2165789148506595
0.26032243827078727
0.2358472817732432
0.703535586604233
0.2689673949341089
0.2882056173752696
0.12834740402023903
0.3310660235623415
0.454598640778212
0.6163215915063737
0.2699852460537261
0.8917504794398806
0.12749922870132258
0.04997067530259036
0.31698851620925816
0.2002964767567279
0.08729828085833002
0.7590996939964918
0.2770131071219576
0.3054292524090282
0.9530262656181014
0.639809305637923
0.6133502431118738
0.38922979742335884
0.5864830736688849
0.7775923372362588
0.46304904875858877
0.25112965777578566
0.6257524405618974
0.45105501856331165
0.24095750678595784
0.2650206478521001
0.8701045893775292
0.08459810252782751
0.2229746035932626
0.933289297218301
