1168430
0.46944211474692243
0.30951305307051935
0.05434438968941313
0.6781876047478609
0.6146091829616651
0.8251734274417794
0.5126126438187057
0.3088027071517764
0.6992971782517339
0.0654795529014216
0.2699054411464509
0.6809902591251608
0.7299450356224757
0.7704400699902463
0.8454782140584337
0.4279875089918229
0.09694562770065263
0.43875126650827856
0.4170226519256224
0.2810235481980732
0.6886340994109754
0.29446124385151107
0.6680083696004433
0.42209616429051566
0.7289484202673557
0.8392824348321473
0.3883746270830746
0.5151858089064828
0.6503153532162965
0.28184311265873385
0.11717729124269127
0.5475292078505428
0.775230693638538
0.13614461055099136
0.7183342525312161
0.3791763609914741
0.5731653498580395
0.06371739631758988
0.4144028623144774
0.9469064167934224
0.7838433856961825
0.5974463780695549
0.4683607074834283
0.39767934022878926
0.7536026486974184
0.7297617103102394
0.39965103127359236
0.037152198469113995
0.9184617235359437
0.47386832302178594
0.3482927217320345
0.8703897163930391
0.4856819868491622
0.4139136964242187
0.9596441081904471
0.6847514242150016
0.015026861449343176
0.948470317415423
0.9524485946340381
0.07903792598896586
0.7815848057606404
0.4014353050933551
0.3540794451789141
0.5783318055870573
0.5139367277053503
0.4254269087737871
0.2394399567182265
0.9905690915753426
0.34461206819656387
0.15498338464683992
0.6937645075240662
0.4587292561380014
0.5841925311223994
0.38034712689575156
0.6346047684364122
0.241633563191611
0.23608593024166513
0.6073427811913703
0.07457470361015517
0.11669238751933297
0.0059070245193209026
0.24483510008595932
0.3839666338299539
0.43954450784368626
0.927566210810286
0.3184785440067506
0.12114036037862808
0.31838241161869063
0.627580834475204
0.04794763801406898
0.03862575227097542
0.06485918570147975
0.6797881562200557
0.3445629558921234
0.9441686685271401
0.06882476887277433
0.4645530960477017
0.7872049718894236
0.1984887574127805
0.5107399146360522
0.439727554077295
0.9166339758926416
0.76530749826942
0.8734686129062539
0.7550327540338615
0.7518110102755976
0.8942427888606215
0.044251056275142586
0.6971996269761017
0.2765414471431018
0.7134566341954692
0.908010359878187
0.5401165533561504
0.2707393235829584
0.23648060611306543
0.7247484498880804
0.9923978273139815
0.2678369345520327
0.5464332629967229
0.25663784246830623
0.5842001472129865
0.6083411187061527
0.21088287259607819
0.5645172025957319
0.015778792362625693
0.5292638207342407
0.301897508464812
0.6288510310155372
0.7021885914456061
0.9801313944929081
0.7483637413372356
0.4668143143705513
0.49169981186469525
0.3885035919705323
0.13144464636288322
0.21501557116846282
0.8099121843739983
0.9114095171593208
0.44908602656437513
0.7264723666973554
0.2872149108330234
0.8038348755473896
0.8217699649414655
0.5908056742548051
0.2641544644461211
0.41137072671298647
0.5892524429533849
0.12822052239189163
0.4374359668783203
0.9513612869151881
0.7568126876310035
0.8306922446511876
0.3086979598746822
0.6853643292114032
0.28957872742286606
0.927878968590273
0.028864852983082723
0.3054642829392852
0.3247850950464023
0.24063275800850747
0.6927944206493102
0.3579553466873273
0.9743553263660415
0.2515832217697006
0.13210325601579131
0.3101374596621783
0.023993195780476317
0.3701190502856655
0.7784655815838185
0.4294455509318643
0.500003649482161
0.6981944789676132
0.22534602034206752
0.9888583939935134
0.7713551650780343
0.21373922597317607
0.7030406875974846
0.43851016867923465
0.5820331484146836
0.1800521285858805
0.8000644358588728
0.09065443049323885
0.16752366989949385
0.7624099572181146
0.41333723967198177
0.5536066686717382
0.3993056460415796
0.2872249551244658
0.0902857742938391
0.620018371103656
0.7225186794453697
0.3144355833976018
0.6378908425055979
0.5658116573785356
0.5045129436570347
0.710417084175951
0.11687524722665588
0.8483307446671419
0.2957764549674332
0.2065498879715092
0.11364078366973063
0.00574234600083201
