1284587
0.41977404993351386
0.5076848816503835
0.48822674182866255
0.15444447252426474
0.2545216383128537
0.8750972974377133
0.6334773817514882
0.8572187123946335
0.5462583941795912
0.2501212037391253
0.648768276809576
0.29208858467732657
0.10436812557653896
0.4075092525607116
0.7310573533077729
0.5903225448721761
0.26674106230870154
0.331663204136584
0.516688840041307
0.9317467804623095
0.5960551908225686
0.9942324743451869
0.06929360119312655
0.48650985659164725
0.3699964552871229
0.9781798789616692
0.7022926621065018
0.5746675552694881
0.5622252391539334
0.941264792968947
0.8489253835140719
0.4784326861329494
0.17593655003737463
0.7409956527553998
0.7483870582505419
0.18666184371787564
0.9881492741118626
0.1534556272252735
0.8035755861471945
0.9771266314080889
0.990400155114762
0.5100063126563777
0.08411033256889366
0.14934452084415606
0.07030624261711738
0.24872640270949797
0.5977007376987332
0.40922033366961963
0.7684990654617696
0.3315433482613943
0.6336058247544758
0.3764759873827521
0.2667228267222703
0.7133679292446138
0.6938406016016341
0.4368232513151441
0.11542781403183788
0.5661431905373966
0.2709484069724213
0.6930600391366492
0.5929795697158647
0.7585705398708033
0.005573215195832204
0.08274785829491216
0.003642961840128467
0.17137751905079246
0.5627295931432895
0.8248545072859476
0.6677899281992186
0.7883434829024643
0.902581711298818
0.23372252486413625
0.835318274055526
0.14490064659258162
0.48970775446661896
0.5959505790611186
0.2620581600285081
0.6389796450490994
0.38423927639999045
0.24425150605970491
0.7289820142641232
0.41287067945651224
0.08892944700368466
0.1820773228808399
0.35532252798418507
2.220151472668297E-4
0.4881184841283066
0.6137780050702708
0.1592426225620509
0.6989003655912048
0.20772803967754538
0.5172874540412563
0.9534900792376524
0.6782879590493718
0.24983094834479636
0.9598067294288152
0.3285090766631268
0.15869387439802585
0.8110062818085958
0.2016808278036386
0.17176908559648008
0.6109077226670805
0.7806041827099643
0.7596423616820793
0.8996119856123459
0.8155260983984866
0.5332086632675821
0.5078216885167048
0.33670550145563427
0.7945334050784908
0.2790010522841031
0.5833996546608102
0.9682320505668124
0.08172026605753324
0.41638997539629696
0.3335059753560632
0.11122971070051524
0.5338744089149048
0.04318903928666473
0.7909421466999167
0.4040416665636559
0.9012803889312799
0.025786335559846774
0.19853522740710128
0.8966197630270861
0.6739159899159501
0.8001646415174934
0.9154049014586775
0.9394662475824669
0.29883490612025443
0.38429492701851276
0.6331526361651403
0.015287393276628536
0.7245768458136715
0.9183398945980638
0.20595854336158026
0.6349714884060483
0.3700474009961976
0.41726860522439
0.5557984661820143
0.4282929273928595
0.03816220997214348
0.3198967612186223
0.052469598429162656
0.5997827060027647
0.9986509096456792
0.8490318233965044
0.4878401311625715
0.9914956144681074
0.44976844209729094
0.15931596876744636
0.26471468719091495
0.0969424664837043
0.8352621653851471
0.742523812412751
0.7029339450745814
0.5042453618264073
0.04079579751030871
0.5844863141995972
0.42880367630716243
0.41161303523870674
0.3231316505901626
0.1234756839391935
0.6586742006539942
0.0545221667410577
0.935725061825558
0.1468009057626739
0.8134689556123794
0.1115295657318296
0.8059860609637585
0.38052720557055253
0.308186334098716
0.4144297060222356
0.2923147995815586
0.6766463529863642
0.5488763867911062
0.5785103931969526
0.0031193440593157984
0.3826900584634534
0.13931996989387718
0.48994907159840784
0.895375194238598
0.6906912627945894
0.05061468061698737
0.9399308777053131
0.3868884030928359
0.505563303884521
0.03909856730885375
0.07885901646958826
0.01427478850732078
0.6473804778301336
0.9115190991433935
0.7790666934590964
0.24776994823496756
0.00770766798921263
0.33108136565147195
0.440729049333466
0.43433634829097856
0.6170409156616556
0.7339860386104654
0.25321303113461624
0.48213451936244245
0.4485846469249637
0.5832944615783652
0.43289127287587825
0.8222782858655748
0.18300557162284226
0.6254343820064652
