811519
0.4984860646146235
0.3878941401075354
0.0894670043216299
0.034386737898654984
0.21629790752367906
0.8358575750079418
0.6401619388343731
0.3295702441034968
0.45021264974438047
0.0031797836473961283
0.4687265515040925
0.7356673058065717
0.785169896462579
0.6378706458500457
0.8073307450567845
0.21611113946651161
0.45781468840742323
0.7732046704876127
0.5929055366208539
0.7566805897621176
0.8243434815639433
0.7246684976433662
0.019881759113799746
0.6016258758806983
0.3230943714248121
0.5804701821788831
0.43497833023560917
0.0519749495455899
0.6482207793224735
0.22934201802274223
0.1189925292813131
0.12414634525720014
0.640826666518565
0.4234699269334157
0.6812088320553721
0.8367218106206715
0.22523058334708546
0.10973430574707632
0.5039564413031428
0.14420765602329477
0.5705649146657851
0.27904894224561017
0.9180106961240729
0.5688408769569412
0.5417055342656211
0.8814355310208742
0.5639463682106752
0.3949726374959439
0.4185663704707582
0.933573697143512
0.7002160748266874
0.8852879578622571
0.8090823529722824
0.8059172272315586
0.05564018784880731
0.3540972273000764
0.6587433785181748
0.8180694842948181
0.1921593457334667
0.09016180999031054
0.26833073418604025
0.6939618685814991
0.24311425402079057
0.05999251156019059
0.2715468201690766
0.13248131907934446
0.3229819761147408
0.042285848070971244
0.5955177676122634
0.7345440835573146
0.8664113132212253
0.34514039831321497
0.5296878878411332
0.7942146154767682
0.6475649071994795
0.5399213862990387
0.1624136997426544
0.009319962212418265
0.2551887815064535
0.7091184480020574
0.60960448595872
0.9961119421460678
0.35449462045866587
0.5502683756877329
0.6560454789026459
0.6028802335106547
0.153854178945401
0.3039905658262957
0.6575785018789186
0.40902197208328384
0.11246906682098778
0.8814100832557008
0.8111043957702438
0.46892407618080434
0.07459327112167202
0.7547195938995032
0.18941026833065377
0.3141170856962143
0.6965498818722243
0.14435770070561293
0.25911383729237514
0.462509600100127
0.2446976927782022
0.7872582621205023
0.9525562893097319
0.20011565872628212
0.5856669561871243
0.10285149982648079
0.7482636673884046
0.1985369942469153
0.4645982363746245
0.8869744388504915
0.6296367074291901
0.6105654725044459
0.9727818210980554
0.7585744850248664
0.23781721511397536
0.6466211754523555
0.4430097089307251
0.4600671924574028
0.01221865172294534
0.2763442854219721
0.8791157774881913
0.7694348249409878
0.6209975252358677
0.6225095391108957
0.42559411362084876
0.22062988049091736
0.523781534120219
0.8185341148616505
0.3138494886838342
0.04857357234843662
0.08025854641722707
0.5862015492218686
0.18354796263508266
0.7760163230640809
0.22077099238227282
0.5568250971069142
0.6706997191644828
0.6417535147092562
0.3288479790190818
0.40692626811047117
0.6785202319029204
0.6331665528764265
0.6506472720474477
0.20860558623315806
0.802779992319306
0.2307857912429666
0.24256803141220584
0.005133840494529585
0.9702671441748439
0.098548280410935
0.19583455891152746
0.5138943669492959
0.46715109483779094
0.8606502753434774
0.6356398456803519
0.03165762084101853
0.1834499557813969
0.7943703059694189
0.7824774047667078
0.07127159023978547
0.08046773157665088
0.7379660676298316
0.18457841530361496
0.9942028022165709
0.5999821943355128
0.7637240990350468
0.08291055676051384
0.9199642099176158
0.9771277576796592
0.19846832943272052
0.7539839568686277
0.49131801950911125
0.19333223212502304
0.38730999269343
0.5907484448566586
0.6532428046099669
0.6113299118128854
0.19114774984864658
0.628156014501966
0.4640061652044565
0.17118791813259293
0.5844039677318318
0.19750051109931344
0.09828539192368124
0.39444667845767556
0.8767088240096127
0.40243659434958945
0.6251304510107641
0.34288916088059107
0.02072149649966093
0.14961855320639683
0.8476649330477458
0.10911824037675577
0.18800322824963311
0.5381884811388279
0.4767723483954436
0.3780348050585295
0.295834547809678
0.5148828249868987
0.1776166039264978
0.0914739033266414
0.45009459647581396
0.8353151757067707
0.5756972103594096
0.2726701188136743
0.33279808140204914
