1201086
0.5370321943899135
0.13824101717069304
0.6228871254950855
0.4076107971607842
0.3262284788716956
0.9570842447661996
0.5894610782002705
0.44264230461402676
0.5075457498809144
0.8507998508197627
0.22267067529777873
0.25704014192409586
0.345170153080818
0.8766768427165087
0.2882617880197246
0.7863868335128765
0.03348111870003867
0.2972599712648458
0.7831177743415526
0.5316276623722763
0.7767937691673811
0.2815094479979241
0.21348106908499442
0.2072331726958634
0.8302763885090138
0.137242215873283
0.738295816243525
0.9365277595052814
0.7379131621997878
0.6693675149927981
0.5546547821095287
0.6555915144538833
0.4184216335889751
0.33753145161537934
0.7079987639825984
0.48186938471077445
0.1963235217994096
0.24713651010604265
0.8466298064952966
0.6795984577670683
0.35290615478484477
0.6493036952545131
0.3082643768884944
0.511390168412689
0.2806015185580295
0.5481963923370747
0.32576622186851
0.7037815360702435
0.8643481272625128
0.21822690395081623
0.06986283933131243
0.47429548403214616
0.28479084210884287
0.9190176845198889
0.708563752198607
0.06852705739901543
0.04071231078907667
0.8625914677086628
0.656162532434865
0.5379990793940209
0.6218788595779792
0.5351154888990994
0.7091187297764568
0.05300731721772323
0.928522702866897
0.8046268411548395
0.8217798859552251
0.38940116637968303
0.2299715671825906
0.8565177001269593
0.8618179890646459
0.3542237247929366
0.18247581178346295
0.8901603088247299
0.8034187312727719
0.8223602805842387
0.1850720147112488
0.6829035830846846
0.4656756720243187
0.7448217022480553
0.14236122874215285
0.5817744481032561
0.08430623420020389
0.959015509583956
0.5243693533009545
0.21856897606367132
0.7167195262947895
0.8823339046132735
0.4661954965108468
0.26061926164616944
0.7236310446216415
0.20261476827285052
0.5339442450400442
0.8073745176779321
0.3448325809728501
0.49250789567794806
0.6984756184773513
0.6220353869662408
0.6923901679705816
0.2695058316328218
0.004796942895694545
0.24783292707534044
0.32145683352205434
0.39937452248582783
0.40245843651659097
0.20014461578026133
0.9070508884658229
0.8979462429805736
0.2111046363120731
0.8484917283684301
0.4545648251083232
0.12471335424818208
0.7353722141079463
0.30656385512992523
0.902433675418419
0.08138823436100084
0.6146137227773274
0.6337676649191759
0.9373057006392487
0.02957119754728721
0.595466451942016
0.9183990534451457
0.3352228123107087
0.9238949335924707
0.5490738167722974
0.36038896343050253
0.16673165315518212
0.2204901802651793
0.7198065630278276
0.3006749031879118
0.7595104638936453
0.4653444193167735
0.38861949167526877
0.25460182013881805
0.3990113413989044
0.6931015874734847
0.36171909926364776
0.3983571338178802
0.3657807943436032
0.07407736956794886
0.9540058284281759
0.6302972318074186
0.05753630687183364
0.4357415617396281
0.42679444705505654
0.28312300555213277
0.6247402615068166
0.25464490246566596
0.16060454884953113
0.7982146257714442
0.7603266886309249
0.4657451267567103
0.1963526764928608
0.19003692941900407
0.02740042460114689
0.9683127941316174
0.16206630821059143
0.9263781658650737
0.38314253780569996
0.02107462440061325
0.017279096596059196
0.9292868315289894
0.3628193084469459
0.8139782477515141
0.4935560069164262
0.7619224343507998
0.7247069630343351
0.37993891236291755
0.5871356854201715
0.7081380156992845
0.2249077584542607
0.6671555106398465
0.9684669119752329
0.37446344863785563
0.5904472970395372
0.03105944971609087
0.7134546271611822
0.648260388224126
0.6897071051096288
0.6246866696921941
0.3325202469318884
0.3311712435230597
0.3611605676971995
0.16723977402172607
0.6761203113199248
0.5335856424652928
0.35454407300080837
0.35283364641076664
0.9291560483996638
0.9637005514358545
0.3630096649842438
0.724894311073773
0.5717458546938009
0.5738502894066781
0.18046949899185316
0.18640795285595546
0.8801218957120274
0.6371355208481625
0.6052561071790298
0.44219286442534844
0.268950478908922
0.2189811541990344
0.8293870255548759
0.5765941179508719
0.5351657067092335
0.1811048339674819
0.7021360882733828
0.6584772547822924
0.8534442140414992
0.309479306795188
0.43727787938549145
0.7351234721515192
0.194738647388077
0.8932235140511334
0.0452857174201986
