29699995
0.6859026232182289
0.7916613222902557
0.41427269106726217
0.2637475618422733
0.8412152708039795
0.31011174134530994
0.8461031773056791
0.3586625473387831
0.9218506696711523
0.03375300748048038
0.7483368360425359
0.8353819590964374
0.3193413521140017
0.1065110229766062
0.987043897785887
0.9119184719704108
0.8995800814463609
0.03366184937250416
0.28773548442814234
0.503255997532996
0.28010586471892485
0.47235113719864463
0.44201830929003394
0.9851624322722654
0.910031537077695
0.6725096226815448
0.25465445109676543
0.03759593585673071
0.08066095363336301
0.9746237347929365
0.6430664122114663
0.2414224073366792
0.4855850651383754
0.03707869250937701
0.7388335856542884
0.5350854980444152
0.7596312739049191
0.3170270801794144
0.44535289256526533
0.37625338643715334
0.6241554733012644
0.22309220091725057
0.5799799075716375
0.8490655455437875
0.24383133442355776
0.6202782959455938
0.2710241270836803
0.14241248022448327
0.2710736057210005
0.5960077418527723
0.0073155900783093974
0.7287644539598345
0.7836262284467311
0.14405254166402448
0.5993488966788969
0.19548055082587878
0.9460215604397036
0.05520500699332409
0.06213726158187782
0.853019583299574
0.8875819960790654
0.3993502009130466
0.3248001830912375
0.5221840550808231
0.298178053848034
0.2846948976660052
0.3404920947832142
0.5333372181484911
0.032482932033873646
0.4101070384816543
0.9241577872186784
0.0601256837220433
0.45891215273043295
0.2681216708747528
0.18394115418729506
0.38867204297022506
0.5871493653847724
0.01184525949466364
0.18874324407623044
0.5615475373670101
0.8697328679706529
0.7737213286939274
0.0961623220537684
0.9560786286469147
0.5868278722867416
0.2321064857834494
0.9550328210841262
0.12865674011671047
0.6343082050096349
0.08594038762227152
0.860483090553213
0.5079253578831824
0.31360297563650463
0.9620648902597478
0.7785943793988647
0.4743188050272089
0.2940857454246407
0.9379972978669274
0.27797166469557666
0.39184435874588075
0.6738244090955218
0.13842878359976285
0.6948768935390162
0.28886912142866616
0.4689962089802654
0.7951580375051431
0.5614011572482288
0.7233996976575644
0.573982288331349
0.6208614889546864
0.2282874744545048
0.9839576203836093
0.6997403488658146
0.10587803634956483
0.605704873110872
0.943004479170073
0.44631280564675546
0.7744822012281802
0.6616210799127666
0.29175745366032013
0.15949971357554937
0.3976814874033343
0.9978771654389296
0.5227689018857896
0.5470870442108035
0.5673057780020642
0.8217493482064628
0.2629734765678492
0.32904422987473303
0.07503872118338872
0.056028675908960324
0.06401344657093222
0.9551748825647718
0.771066997091442
0.2606514467362989
0.10828634656131453
0.7618421759571498
0.9238705583894635
0.17224586434414246
0.06692679874789254
0.2883154675097228
0.4973044532129287
0.5451678827379948
0.12007244590287847
0.3993005953124277
0.9318251052337747
0.3940326561573919
0.5721201701656505
0.14316897182392552
0.4501392085742587
0.772845299007472
0.7145574556087536
0.04457745543016045
0.3255853543171692
0.741574162900809
0.8343524451351939
0.9750877316145611
0.9580596036317294
0.20131365190288864
0.04969453592138817
0.031104634804216325
0.444577890484381
0.05664688349433389
0.5911714247620331
0.7207042629584445
0.8600545898546751
0.706656932842492
0.9051011199226864
0.9746004373702848
0.051278544465679365
0.0015143746890380338
0.49781121433085396
0.16984232181051606
0.828533388693353
0.5011374648713034
0.10411324236923869
0.2930201580049655
0.004135755438641531
0.2795582474054936
0.14482140852800873
0.013557689267845174
0.8665492638065129
0.9256232109484488
0.2891116964379927
0.8189581039892756
0.44835081470693494
0.8212309625216313
0.5334886795722594
0.4426737917778373
0.2570827557160117
0.012808829192767268
0.16487603214319257
0.8148985194992037
0.6368634833528273
0.21610827987239922
0.7035758651689908
0.4745225842664518
0.9196191613002554
0.4505441549582656
0.6460308470823163
0.13160316282177598
0.7006613397875483
0.11138178307334645
0.503153558069836
0.31420892753974383
