1380911
0.9208229639902479
0.9190533753527307
0.6413808296940098
0.7975265120428268
0.21564192108019387
0.9004412054717968
0.4861047656657501
0.5033137024226153
0.958918353088312
0.0235856617551512
0.4806506353620824
0.6686007300690074
0.7075732400806528
0.05582733860500555
0.20484995892677627
0.9861861377915033
0.017027471700484353
0.5964132642172914
0.6371802645799959
0.6901434624436042
0.3412733963703418
0.2910528120365845
0.8542424130393768
0.9332472033548332
0.7637722634425675
0.1288399127225901
0.7213318853490711
0.3609812750021737
0.033294708385657734
0.924607037092846
0.9956458151114821
0.9915333425703539
0.3623573164809142
0.4134664584639052
0.18218119636728114
0.37232951883409027
0.8018603296287052
0.22695453426657364
0.9911831285456241
0.6915325999320574
0.4931290371288941
0.18355496294447338
0.45627228164069666
0.029470527124856316
0.5509842881470335
0.034898343859768644
0.7473747988072971
0.8456850706698282
0.4423791245672527
0.8571093911311436
0.21232593185256188
0.07930893200172817
0.07646071128369847
0.5697550346839754
0.7331318530235762
0.9433952916729863
0.28324989329841543
0.8795102513607959
0.8223186374330379
0.7037862774478136
0.7644772447185504
0.7267616634654871
0.812332256928872
0.8478202055600004
0.33258272802728306
0.49839850605343594
0.5224278442660978
0.6799730454172666
0.27850063291759064
0.0937717346840512
0.32239101324409747
0.40372512345427425
0.9774446241397655
0.27249635530702554
0.3283658458623525
0.33532187215488496
0.8442226110467748
0.1338810617872258
0.021218791705578166
0.9596709739669435
0.86985306237712
0.6532165556938906
0.28067394814681923
0.8780341597279967
0.4645784400041676
0.38488703596763296
0.8300870106741443
0.18753802856472435
0.895989088061309
0.021652091632881176
0.7995728076981464
0.324374687603065
0.8189836890915092
0.8776887392275812
0.4409468098609247
0.8477670632558968
0.9881990596310579
0.32887960495903035
0.7370977271183213
0.5755406611836728
0.9519977907501928
0.5412911800731075
0.3604574460587927
0.36807383616950573
0.12065673993874038
0.2654920873236698
0.8813104783158815
0.24880229517594465
0.2796024769450155
0.21781076907701302
0.37352338865966517
0.43635797678804034
0.8265138692626941
0.9358454553096037
0.6344759827334423
0.9337684290523933
0.9395765452211388
0.8399376644134334
0.5197107861125619
0.826579531256131
0.3838581359039319
0.25615592248125696
0.17688920168856326
0.8445738397981738
0.8083403831403022
0.7998834304715642
0.005725719749078206
0.8782799502184557
0.5826673689457739
0.017498169743400682
0.1870614651074891
0.2355607399128261
0.3016278042254311
0.12973548576629435
0.1297470447715704
0.4689912858869507
0.5549199134632032
0.6254467719413175
0.6961029957460158
0.2817630627095553
0.7346377495095735
0.9139537594139433
0.4214688617165976
0.6909688842097342
0.49192630302094553
0.7864080480536454
0.7709514032865421
0.7201266025854008
0.8739298837157026
0.828220751986878
0.857327578591176
0.5553439694230142
0.5129069018721057
0.5235235489524668
0.9789645348026639
0.8746638866035065
0.27865458630371875
0.7948829548088313
0.7817732788027218
0.7106870078652519
0.19419521042504562
0.8633309987573192
0.24364991145584958
0.028022627602155792
0.4644843894062982
0.14057001800891644
0.36889383295606837
0.8120838723256124
0.6432582521494296
0.1338525243880665
0.570536136471206
0.7256356795532332
0.8639351587600891
0.23524758758390008
0.4281865315980151
0.6332004625981422
0.6598367373365593
0.3396282390424056
0.6885930934410687
0.5619701746552759
0.18229007167124467
0.927927395785626
0.6978545353282481
0.6423312188217705
0.03771511776128911
0.011087604212730029
0.31667240463378243
0.1458416208963489
0.1880442573529686
0.5265506136504127
0.9531626383005402
0.39324286253198226
0.7285393101348926
0.7910313064705148
0.18707673725038865
