977359
0.25379259928167686
0.14038651840923233
0.2873564897210953
0.19845818347185928
0.3951481886077589
0.5581087008587572
0.1536938486050785
0.9659050063394838
0.2839347401884288
0.016033570479398684
0.5946818198634979
0.2627971811096398
0.5428830002668106
0.1786922451987908
0.8673449504546582
0.8650075103537507
0.883097159744782
0.039178212573729
0.05214573252669297
0.401138096046489
0.6451942882592441
0.252744524541055
0.6449670986047203
0.2951553633679491
0.19043891884931696
0.3674408348647479
0.38265541370785083
0.8295465288724534
0.00516805990051572
0.5404640285840061
0.7067402749302227
0.8430108880268197
0.8293732340114354
0.6693055853162673
0.9453539579124988
0.13296663531589692
0.15619980494284147
0.4071685996840436
0.7674559898791223
0.9648068050115335
0.1083241176483094
0.2783232403526338
0.4971053637831081
0.22419586171432193
0.8322925772528857
0.40076667235144825
0.8498273433252939
0.837177272249359
0.8641071427933493
0.6262704308653957
0.34475237137289017
0.6666980830142145
0.4115408101627174
0.932754332216007
0.8155748617679024
0.7817297647982752
0.7724993472775984
0.3985559516380601
0.37851021359548664
0.22861409428381418
0.9967888266498642
0.871783582606069
0.179600521380048
0.6317875996231516
0.6409671563531004
0.30535557062716756
0.0913966304779964
0.4907970247888799
0.8786795525452294
0.0478001992351913
0.5122061929836339
0.5740314641988435
0.5192558472810154
0.3586868497380501
0.6358332011629655
0.6590252040596535
0.1380610874330649
0.7854937620937287
0.7646313354294609
0.19644887749639184
0.10374128327590293
0.3893287671702331
0.6562752116743205
0.8683770199496834
0.4497353112085192
0.6194236130869195
0.4854565900141775
0.4183687194771186
0.198665416362088
0.35415877948557883
0.8711822088927874
0.5450580126299608
0.7264063669593825
0.17150162719560746
0.5011695190560601
0.7096418275022924
0.5366875270823136
0.19095193943672095
0.4118513873903379
0.8610448233706024
0.37143020947130834
0.44158767588626524
0.02354625811776534
0.194672596995075
0.7122665718692867
0.1093198489527939
0.3962903822183198
0.6804175567458959
0.2649006755150112
0.5182803111366556
0.39804553309795243
0.4720029291072081
0.8396420101007497
0.5425100731196802
0.5460526826778027
0.2748787835887051
0.6573503837575139
0.8943230889265714
0.4601123234994612
0.7797138671602174
0.3188693919609382
0.5513102778159292
0.20346149497757127
0.46221854535955176
0.2035083005205537
0.35821965108241427
0.38024912174669245
0.5004802500012552
0.45890302355243473
0.6465909762917782
0.07626487283916616
0.10184547929776366
0.2932347150666782
0.6724260993750492
0.3315140050048836
0.3439074757533749
0.9734459461221127
0.35591586655226104
0.7408875014842817
0.30170534475836
0.20383744332486697
0.9959846094378406
0.4254867753724392
0.5041473742276824
0.984766260118233
0.664424041741053
0.24105994910148554
0.9070102049110992
0.4965401005868607
0.9106115651141001
0.8679334491715144
0.254121007151643
0.3151571480424923
0.6619230058654473
0.3114440608873845
0.38143123342488594
0.7745138980589965
0.12683993491032075
0.9719718387317741
0.41954937469536957
0.19699049499800836
0.3497383215011516
0.8318610920194779
0.04220419166492695
0.7066973547849282
1.3894884945797603E-4
0.23661375646180038
0.6266284991099458
0.0744169101362665
0.8530876467087908
0.07713854324444913
0.40167072940706583
0.33365291804653197
0.6050341670354308
0.9727277459453939
0.7361361412395186
0.2286087659250663
0.9278705356771596
0.6869767307772127
0.34049055185557753
0.5255377616117972
0.4991634725813765
0.34872610103438906
0.6753901773955119
0.4668101608634567
0.44558380545129694
0.49874322142879934
0.25571517221223405
0.26463266976335365
0.8606917378246944
0.9747579525209085
0.3062319248482662
0.2262460506643299
0.21681961480127088
0.9872672786091339
0.7962031125203962
0.7325506691889366
0.49876140542079694
0.8091615395564362
0.5554540668884175
0.11841496719327038
0.7211883363935006
0.27634903348306694
0.20614445009779325
0.6526682398254211
0.1560269777893436
0.7424461704219258
