1047287
0.4792292316537893
0.6814061799283773
0.4266512428117495
0.675179467072008
0.6630104318266
0.3697775124313173
0.5783727637919713
0.47786240971244687
0.5206511487272502
0.07559539139269211
0.6559670375104693
0.6891286169416485
0.7574052395454401
0.631355631987911
0.40630962109177726
0.8307296456574566
0.8512516015871722
0.2634741962844044
0.6647720195787319
0.12023432395195655
0.5341875698939371
0.3593010078839647
0.6981233608278813
0.9693647120233982
0.6091891067465902
0.9513171343705903
0.07639351519497273
0.007210271532392176
0.34470527565797526
0.44485733692372065
0.44648932087078996
0.38285630042979324
0.3292381780620739
0.6234071142640324
0.8748339322468219
0.5694824820570786
0.8093720955220917
0.45898545178683314
0.363648009858605
0.6768958764420893
0.14046159263364566
0.8421553703768693
0.07327264366710107
0.8163500154408219
0.5369357511996651
0.6763490132577348
0.12988916780032045
0.06761700571383444
0.8670151955398034
0.2786088552910865
0.31558630897689366
0.008104827726289288
0.5199792003477597
0.7756019381625288
0.35158759780155413
0.8994101456398
0.1953360566952792
0.3766737728536962
0.7678661737453142
0.3209314137678597
0.8673086590839716
0.7788664571523982
0.6080501608950323
0.8517710868137953
0.06942389473233312
0.5042656998288522
0.038248093050301746
0.5970326242448898
0.30937269161071346
0.3751590741825942
0.3618708367567397
0.18994893486947717
0.7447081743397155
0.9230447015981507
0.5554387168915011
0.8430645557602435
0.09138557496137234
0.768967413914043
0.010307847834375217
0.9607283838672638
0.2500386227514422
0.1480205168773091
0.13115663979867276
0.2802269650074324
0.32240489666453653
0.9469844751511304
0.5762627958124634
0.21319387668433576
0.7079276108179016
0.7868265546612586
0.25218277280268764
0.6264551301754757
0.331338044335747
0.9694023586483546
0.558572647454336
0.8015986756116671
0.6570409384694006
0.7981467688633986
0.3911195685371016
0.8315362530128121
0.41639299067620905
0.5338400332415087
0.9016702351639052
0.7491210976002944
0.015660595039172276
0.009047838756717108
0.932230287466638
0.9811996803661278
0.8953408775427557
0.33214158616276857
0.7590123114729163
0.688591813746584
0.09710767810466658
0.597311728144853
0.4342917226989089
0.5707727644349899
0.5189107417995842
0.14202970093019296
0.19402385534140199
0.7019927895843021
0.11041512596536052
0.21883021089380505
0.3651761039886847
0.35199595196329836
0.46192612022286983
0.29458491793650476
0.7470308974841566
0.7961159692150559
0.2433272480387958
0.4023462805490119
0.3500162931832147
0.362855507060835
0.9865903274883902
0.7868099258654375
0.5626507205146186
0.5621369644768424
0.9403358205331965
0.8694693054869317
0.1757179676559697
0.8632607794630912
0.937684528044421
0.771697812932263
0.4192487184998106
0.597270873024503
0.16048913409536725
0.89346041851215
0.24950549375742703
0.826599867734897
0.2924007869277109
0.7664767735857065
0.936391759869745
0.28470881108791535
0.43720869973715093
0.971865523572818
0.3770060727693064
0.6164510006381966
0.9631897315895739
0.6722760944584102
0.7008601839431476
0.3545604066076654
0.3421686878779483
0.9176923244753112
0.3691818178924777
0.4128241695798268
0.48360485100174666
0.349314886018259
0.003483148574843664
0.9775586902579323
0.0038937032456540788
0.686647080600543
0.22558327895036356
0.7994303587103221
0.9684969689676144
0.5375483373525561
0.19377219027336723
0.6504214605691185
0.3980409960186172
0.4438579212858489
0.010370698414587598
0.28522976561879343
0.9986476750232868
0.19132491647774585
0.12351893270083136
0.1597621181029727
0.8007074238272273
0.48846574682079613
0.12161807659217594
0.13690939811260117
0.2981748336210338
0.9663302762364503
0.2634412524087828
0.7951156593211286
0.1878173019692675
0.8633106908326402
9.3028337046408E-4
0.5872839766194266
0.20399382989972137
0.435407394963341
0.27444711234500163
0.9780080058137947
0.8680591155738059
0.7479217926679523
0.25358842381321867
0.15374996582245337
0.752374728729686
0.4717781423003147
0.6320432115169132
0.16149448499613417
0.5806068269151622
0.49189473642261206
