1452935
0.7973823423396789
0.055589148125178456
0.11503360544399943
0.21610140461136873
0.8983520651425774
0.08750583253040978
0.13691912390171912
0.718767919601488
0.21935364858661088
0.7901178469369583
0.4213046432200056
0.6768532170922286
0.6196438905160456
0.7314232077613858
0.5952782163340292
0.9366390201136476
0.9335739337522456
0.984974379702323
0.7538601382731811
0.8371536996727652
0.8168495388024599
0.3577603398595216
0.9639686229020161
0.2906644112023079
0.5019619963600395
0.9549015053165236
0.14316918616837615
0.2936428577329018
0.7436299001061595
0.3768277315741406
0.17586769239173883
0.38508743810484103
0.8865185670486672
0.42746709416528506
0.5466596458834238
0.801380300195328
0.9204624470386267
0.665408618352216
0.8427100753386385
0.7292154829654437
0.9417274798766465
0.09204922872504961
0.23866163951728203
0.5715739979654076
0.6008051498108742
0.422506399209333
0.7508577647358171
0.6804300186694802
0.3380537490577027
0.3889695290979761
0.3452049256033205
0.8519898631574325
0.5438167884551678
0.2222920709973466
0.6982250132502037
0.9294545012456981
0.7279694596558688
0.26195336063756014
0.5311502294454757
0.20409922208153852
0.5767257631958099
0.19940389079997112
0.46146995167904836
0.78998711739147
0.6702786737216296
0.6137624161432357
0.6917488769832029
0.9506451722203068
0.903843319442946
0.8086993186783408
0.34680351044066415
0.6045917960354208
0.8309638100882301
0.021836588664827405
0.1909325332674039
0.7172681603842113
0.8147382653862864
0.650169972774058
0.7587699538372996
0.9228177423359537
0.7294893860349505
0.9122589921676237
0.5452166533997366
0.8982117169239358
0.5408182590991738
0.5617960833565392
0.5840258197494551
0.23692331778457865
0.3777706350138408
0.6131735515462792
0.2884117772828817
0.5162909805666663
0.5998321168995737
0.9222970405391416
0.6640406779793468
0.49321023863646407
0.4082857149345802
0.011652768162827676
0.5656591573728286
0.452655555301116
0.3328683847348407
0.39791593713453743
0.579499547343703
0.6331275271269559
0.31091688858360156
0.236301995926135
0.741756433056257
0.43483118249032027
0.9509356756782307
0.7063690557073538
0.36791353038420116
0.9727704539851184
0.41763561413730754
0.6226758420488472
0.7308365418906466
0.2354320532661598
0.5472391850015658
0.19134253002499646
0.5154984906467299
0.5046223982368524
0.9197857361165197
0.03011663509066609
0.10471955778223752
0.06380899463693712
0.5551485293473409
0.6179350372672142
0.27458639143250263
0.00717849567212181
0.1964005850680547
0.2921034126108799
0.10798493839092216
0.9056316667302504
0.34679733261411994
0.3380050868693415
0.417165183252574
0.08938878954721519
0.23091359904668884
0.26544260065441283
0.8618015851039672
0.7656058616179535
0.19776308472761928
0.2725533911111828
0.058914010825251606
0.46428162569481846
0.21028478298857434
0.1627201998588259
0.9897326821641637
0.8141551262638214
0.39804965070070786
0.16962136182531096
0.85868365522992
0.25640094655863876
0.15909138097854347
0.6094197822939845
0.5659044554498832
0.8983065776982517
0.10719835447978943
0.12390539456548044
0.22750658606323437
0.5430384624434007
0.03450525724070008
0.21257016135102424
0.5008622909239401
0.7212270191669776
0.4937340271165924
0.8910577939840751
0.21014630816822544
0.08016393266523891
0.1722959364146145
0.5977310289810998
0.9850258997978638
0.9499885344889081
0.238017770845246
0.07782176709358823
0.7172881909142679
0.8044582728386395
0.054722793894045774
0.49391294137543573
0.13919264585496627
0.968671195654124
0.11893686199795706
0.5822761071820097
0.38145172042422104
0.7315824354041915
0.9254236816609771
0.823283690593052
0.5381899989676768
0.6145584406193424
0.63016031405171
0.051763443362018324
