3958554
0.4271728493567398
0.9342503450713376
0.05385636287684026
0.5751032310214453
0.6397593537298533
0.8111548428464206
0.3949905337768864
0.23003016444933033
0.7015420219570787
0.33764430963704606
0.7969950650906393
0.4338405916509167
0.8429703516480438
0.2558563993256273
0.08946375814186414
0.6285912473126287
0.3028849298386652
0.752025480529767
0.6477324806988602
0.6372139225623369
0.6987006595450778
0.7123220923082986
0.25710690067118447
0.8256515152795573
0.22755019581783187
0.8032863869617045
0.11401625109560576
0.7911000437591383
0.4275213079246528
0.03087173676532473
0.04431685995954315
0.5729237418946844
0.18426147045071184
0.2883332489040348
0.2693323386471542
0.8996738701738184
0.7386612692191283
0.7022785640577018
0.5542614926183697
0.8172344172373421
0.18559689343414454
0.0033509548696475377
0.9257503009621053
0.3832515416857267
0.11762962842938762
0.662414679544324
0.7879034663617355
0.9205144698900722
0.4642914925401278
0.14445316072944925
0.5710429207605987
0.38619503174575254
0.35002187953352915
0.34839145365944524
0.8744730065704763
0.45050913110729773
0.13071217908554633
0.8422732091950423
0.04894966694801006
0.32685211160463423
0.5770884204643745
0.06961414103480557
0.16633012672798952
0.6161921896396418
0.9483685003841482
0.7535507823001704
0.20132800433634412
0.35875500447196673
0.7092039492731236
0.570460879600922
0.3273062085828522
0.6150218456379408
0.05544126368444935
0.7699208650709369
0.9176613825276096
0.08094713874617843
0.21915611913286792
0.9783531143232761
0.12661957553554337
0.28002168420199414
0.7412090880528641
0.10121302792825515
0.47916305092614364
0.5883894035195296
0.23176714205855242
0.12036407420005257
0.9699305490866779
0.6309088394043393
0.06324219087722616
0.7085054827967688
0.8542041494029511
0.22862673598200955
0.5201494751506405
0.6469167198623236
0.9539483775070733
0.46205886293840415
0.15508304269876938
0.6162667609305561
0.751453901856251
0.07324484439959211
0.6419557058571862
0.22889788133696576
0.14191660673942585
0.46655189547475573
0.6005858221411873
0.8925111242117647
0.7894222489420989
0.513896127354379
0.45154122317240375
0.5677310648922201
0.5310280141103328
0.2760457134537315
0.19743198072217127
0.8077475923544855
0.43724246249178855
0.5205929869384996
0.2631222559833867
0.47821248942119265
0.30566954910387745
0.7847260938989833
0.8823289034296364
0.031317619008580544
0.015259245171255431
0.7407779838261962
0.0013218631903214595
0.7970819329324954
0.0456432845177428
0.42273163439463357
0.43778149799843313
0.7595079607765926
0.3116061763772562
0.5011204839765602
0.8258310642550348
0.921826474988986
0.6038804416285878
0.7747734777729758
0.5745034068062241
0.3646085209392167
0.4037161064613515
0.4355191404486153
0.08865897180256077
0.2454681074139442
0.21605079296701102
0.3667277903237697
0.7787806832737212
0.7381414437634751
0.8814170811991761
0.4508339292903558
0.26793848563089884
0.0743411592834421
0.9133080867911871
0.23031840237145396
0.4539351431722626
0.923390036261926
0.5284098607417478
0.7418455357455984
0.5113941200602713
0.921662819184442
0.676254724810718
0.8290137113197427
0.19407723942002475
0.3042705430578284
0.1745252492417667
0.6784217306167465
0.318930182188243
0.49332932916825956
0.011675313605055027
0.48748943515379384
0.46777231676427533
0.07136706806734294
0.589591131832045
0.09855592304800231
0.3386311292815408
0.8861665355888985
0.24890040694257687
0.8320031793004918
0.3624418687667945
0.2592533138636104
0.7408648406979171
0.9253801991360955
0.6825181130141078
0.5076836384519521
0.2007725867953416
0.23937042525014463
0.1540575384781424
0.835597407024437
0.06076888093806321
0.7064994976667333
0.8844814313588716
0.1095472301005832
0.2606448078458151
0.46598256035042884
0.9902036355332159
0.33091725134581307
0.8360425679907217
0.03822981697894601
0.6783425695790786
0.16265275178234684
0.44144612619522217
0.7567712694615525
0.3571130054470887
0.14251799259815667
0.9190663630346612
0.16913346912412897
0.05504581603821479
0.08055168865603868
0.2609027978480347
0.6942813915074276
0.41914688819690826
0.1656857921980024
0.08064785946893382
0.42875556755752653
0.6094847862437098
0.266937496729021
0.6960799762847169
0.19903330919475493
0.4947761887328529
0.17606669976705436
0.6373211366795023
0.5735344109590222
0.4744707834189048
0.7232576077516988
0.6922119310506258
0.8886024155704786
4.823610521378363E-4
0.8613402573703551
