1970460
0.43430471234002355
0.5835552665358998
0.27473993408501407
0.3075636222961109
0.383055080426688
0.96281961314033
0.8767747948789086
0.3085550991465851
0.9123057297770202
0.7633072542555472
0.43561700666603287
0.6918845635526306
0.857712400282451
0.7277258227754034
0.13643933185413493
0.8583143591033691
0.6406380918826434
0.977836692259286
0.5971093677141901
0.008507856654098922
0.737285852431464
0.2431314913890541
0.0038384933639672436
0.14091726960367423
0.6471261241855942
0.612295860472566
0.49725924619076756
0.7351775315438452
0.6358915351983289
0.24888257534249214
0.7937515394078521
0.48901193036645596
0.15085446261083169
0.6391817107096819
0.08566199151431586
0.3811103810632902
0.3559778173898608
0.5781881029814289
0.16726420307423018
0.06607146792590735
0.4812599238527948
0.9808685969814083
0.38194513494416604
0.15745654379026996
0.25258342781028853
0.9935468210828381
0.2135728263740202
0.1323854882760691
0.4597216628918742
0.20374867049832457
0.7480486419276182
0.47748439063324655
0.07413428963858337
0.7993577502428065
0.847663777593814
0.14656177749836308
0.09919563541446508
0.7429654751379008
0.694963014694365
0.924248803802056
0.1462859714883381
0.7633182139031771
0.6819679920892657
0.12074310391724197
0.7885241546816715
0.5747112788169976
0.122496264426316
0.9785670266729306
0.05618262451877509
0.8345809368361744
0.09215943595778797
0.5434538924130268
0.23605060536961142
0.24392271077477434
0.6316231561535226
0.10364682362907374
0.1476193758559775
0.7944336896809588
0.9224454906536964
0.4883456054072658
0.925930903129427
0.2059282364321584
0.9896043020722639
0.7334058313750853
0.3921778602602619
0.10591645988406051
0.6000882723392412
0.46602893634162057
0.3496077477458114
0.8201694121274725
0.16755198319832154
0.797609730858092
0.056400844147047935
0.276482058077517
0.03804472855019525
0.7200869717325403
0.5227041771485432
0.19818640777036556
0.04946054465274752
0.7198644168600836
0.38170110222162146
0.763448890305997
0.3538878453115636
0.43828343453479246
0.5597288556931254
0.8954508147618196
0.3479720711623452
0.6121848934911199
0.04778416207275982
0.9419837915032111
0.8589001265089706
0.024714640666421483
0.6271524686129806
0.26350763853286785
0.26119351767287724
0.33623370741358094
0.29738972595038526
0.6769774801811872
0.2330595274353151
0.697462498895981
0.471596668442436
0.3346950219874596
0.8359531175732742
0.30009546504436146
0.5432934191033068
0.05704030334064358
0.700582259564016
0.5494060584430467
0.9029669683117738
0.7005673518914179
0.2656784094134257
0.035834763712995765
0.19496692764709422
0.3466682004334539
0.5216406006347168
0.3488973564541412
0.41464653704567944
0.979433140745215
0.44194338170845937
0.11646870519559516
0.41557773530091346
0.7196489566981851
0.3734001581522747
0.8703732767895407
0.13917946431036798
0.45854888028687335
0.49308190879680147
0.13521864156803565
0.6325693037946305
0.031015206865844136
0.6270242502271547
0.6775495961259963
0.8954300513275418
0.2972487943722678
0.16073775516273814
0.6438626299622451
0.565696415828397
0.13312425446474885
0.37622779602703404
0.9334258923615841
0.08535629904287856
0.38104434837970025
0.2513524030761882
0.8810170908512885
0.5459299276898193
0.17012011336916066
0.7803385289297592
0.25759328106203305
0.13666394481384958
0.13234153815937855
0.577274028003633
0.585263070108713
0.2224496649066564
0.9054259630673367
0.7734455487331702
0.34759499582130515
0.8832735407049436
0.6156387116489158
0.16678934264143574
0.08952235429405242
0.7337240474388943
0.38631035018488946
0.4399811394673394
0.9596904557888181
0.9449029006136429
0.4717098274959455
0.9969407567008951
0.3205693303921673
0.3276045499570237
0.4613725083706294
0.6161533960257828
0.12797355703751312
0.1433413431500431
0.7952442039682179
0.669488356537657
0.14597072344644024
0.5086049937513771
0.5550745517160506
0.5366097620825174
0.3942798884304508
0.8207225965701072
0.5986986520990276
0.9732583348879785
0.9544213638411795
0.07876683719482047
0.37936584749271285
0.6284900134533893
0.9951402249892604
0.8532606417720583
0.13194462803034834
0.6727937910213124
0.24933069330974944
0.8815640966987492
