2096232
0.30719208646787244
0.7966589124444119
0.2387780085033926
0.4275844220101742
0.6191244039937249
0.3221534915166041
0.06222619370154292
0.34320644307599735
0.7945163748251547
0.02997739476256489
0.9140609131705831
0.7119617208045306
0.634259996142203
0.33499011055776184
0.2844949453996529
0.393212170724038
0.20121438551783855
0.6909489099492375
0.16749204714615606
0.5627214351444052
0.5727724139954099
0.6753599944084692
0.7536510065911135
0.5033418313160444
0.16755287428619092
0.8742489360522219
0.05341705333175695
0.8691894423026573
0.7370555981556728
0.7726435249901304
0.4053286348837133
0.7967324095303722
0.9840600745056486
0.8891238227693439
0.6486452668105602
0.8310659596124371
0.6712802771113554
0.44733102451231965
0.41676100493342494
0.21906338253490798
0.7046201815361413
0.6122151095467483
0.07991527863087022
0.2969537618162512
0.10502701706883666
0.7756123307304088
0.33498956905428345
0.1136325412740955
0.1711650771146468
0.5790760123800232
0.004945364689666665
0.5466511702467762
0.32953728564521856
0.5351015021407235
0.5224857678400872
0.35199286030093
0.18020015561343694
0.2532256464669155
0.6268228706050263
0.6167284935163275
0.18380499487034652
0.5111441210052191
0.9371726417296327
0.14092115693690377
0.276414162848411
0.5022771803689295
0.8836411103884281
0.08141985057748635
0.49552001937509726
0.6620393933618296
0.4617566404443417
0.7976180177626847
0.11390790134483875
0.3037654723387936
0.10771346050597452
0.027336771598489573
0.9693742197752893
0.9567367089119982
0.8075093345066698
0.5918465085420216
0.030954448653806144
0.5387810235203443
0.27848536694352266
0.08933580448773326
0.21279019916127329
0.9741057012231954
0.8763760746187267
0.42579626007029914
0.41017299150017117
0.29583893794792737
0.3122046383603323
0.1274452662428679
0.39585698198241737
0.8383441665203248
0.9099112997392168
0.022988852090371825
0.9337345410332127
0.45282560743561273
0.6017864503910649
0.9874102192617299
0.7614933029017247
0.3620837818488486
0.2130519960446755
0.9281014809865313
0.8970717636872386
0.7403034003690071
0.6059997087753722
0.640097132016283
0.3559000066465269
0.6436592797813887
0.5978705880964573
0.8437826659276252
0.08858949664059168
0.7156433610240098
0.7781244795946568
0.6176853876487772
0.5685359506584542
0.8618212234919217
0.5152992791845625
0.8588325932408981
0.8627260034259846
0.38501910650816384
0.10642934152735362
0.3249451732273382
0.9635944064868472
0.4010257772856223
0.28245339556049
0.537517359335041
0.19990737058108443
0.07171557671346951
0.8096371453638894
0.9226264876783573
0.060736904545281134
0.4846604162443614
0.2845879465179324
0.8507317554539794
0.5586041799520293
0.07357810765499273
0.263592661626706
0.8596020632112416
0.5679518707983269
0.02799968645798412
0.20917219256655561
0.6571245669159177
0.5413145801611718
0.6983703142209349
0.033165330001621585
0.3908213477674298
0.6557003848509116
0.8986982540919177
0.8717254068075324
0.05125306949927777
0.41552494714326704
0.32439071468741565
0.3881283806786888
0.06781477786725276
0.4526637365785553
0.37838572844627794
0.33790749494282735
0.5985157248539192
0.03001134138479067
0.9099041585768111
0.7955630889280789
0.9376660182558962
0.022992581231677467
0.7399659023607444
0.21073233368556366
0.19582395151299037
0.24029774353350597
0.17569701302750318
0.3416017317059088
0.9816899591713637
0.7274750982080886
0.9398591793891897
0.33955329725548744
0.4156121247386716
0.32063966430748525
0.7422097231571015
0.043210962585339074
0.8739840616827322
0.7586258672475161
0.7935375286575562
0.4334081074747612
0.9221135846893671
0.3779450254266363
0.9715043805219307
0.5009235906056593
0.7638255205791282
0.41359794127873606
0.6936255693140007
0.6926584886039661
0.8423033330012681
0.3528929663886954
0.041175303324846424
0.70275661659265
0.5565557517107482
0.08815853780269411
0.7922269377860078
0.4192796280176755
0.6600291082284346
0.9653758999359632
0.3043635725974646
0.7193274866153471
0.8292678460994253
0.8933553206782225
0.8627935268796633
0.3248433170867855
0.08411423951312069
0.22605176965395968
0.30059213074518176
0.6348412052975085
