1623673
0.343424613841519
0.5872045378332346
0.7708692666840198
0.5763562171604397
0.5216113687116675
0.14326679787198537
0.9602594777875466
0.33311254446503735
0.04883709112779688
0.013675247938013557
0.8166551571087399
0.9847339223434297
0.5469534116014018
0.5814005481031498
0.2220832247206005
0.40482684433475435
0.13402120403262008
0.8403553977158139
0.5953535355206844
0.898203304475497
0.6517958181366305
0.1207898526617941
0.8038970692760988
0.7440852702271274
0.353306868183629
0.44518440489578437
0.6925336576329029
0.42098942396622985
0.22043807747060862
0.7862465072761206
0.8156657934705723
0.32743281422143156
0.045683148259406
0.17401679629549383
0.902254348916022
0.6262343565923483
0.35469814583370285
0.6224652580604739
0.7098508951983253
0.09176002160365337
0.19099155032876958
0.14748536536486967
0.009195147289149053
0.5654574584890852
0.6633492717200096
0.6383826601292741
0.4158333861928041
0.7533308418309107
0.4273650941930126
0.21247178319644688
0.7735841429908128
0.7817519621621624
0.2108305938288475
0.7317831485779296
0.9222675117917521
0.7769803840750641
0.7754757714759343
0.6736796183608574
0.8394872664875367
0.3810165021339791
0.625211148315289
0.8057227432194068
0.07078160850062909
0.23674335473027774
0.5233962908014962
0.25310171230079637
0.03058455599964327
0.22511737252813535
0.5003759333751804
0.7542211249238244
0.6247095766028742
0.9503244529978323
0.7590870759420508
0.16189351916347128
0.84987343727937
0.7082685915189384
0.15006531548695023
0.8826941556669875
0.8730701252970106
0.48196312432148836
0.13882819309477146
0.6021905228988577
0.807650078467539
0.7175775655222425
0.9371730866675784
0.6407179463797179
0.7671110580470302
0.5506436126993012
0.8896277726433224
0.7264488546551133
0.7099556544420302
0.4359868443724242
0.4733293106880294
0.5913836182295882
0.5770945598063684
0.6790364837058813
0.7616818261355489
0.7538944540409955
0.8325964177163243
0.7278298131765306
0.7601662210251896
0.7406792046932396
0.8784456160176262
0.008022507876416562
0.18532852606576378
0.5701429140214971
0.5835334600351055
0.7231360027528536
0.041776750772413496
0.30523790859798283
0.052001879832641706
0.7607693141358034
0.23590959685166646
0.9491350963729337
0.6737987100076085
0.04188008088928297
0.5797830277447321
0.9423278034392475
0.9644230187675611
0.41650503529656335
0.2185924859502616
0.36287194069276285
0.7403243814139409
0.15917085228196692
0.6520684170763977
0.7769996826181139
0.9316717811352491
0.20534941031549203
0.35125089491438066
0.5147921568574164
0.5000986519466111
0.43969253805617703
0.9035041966480525
0.1858118235709656
0.585345268432041
0.8667515102586313
0.7198901068532578
0.8144192545614696
0.18687343541863144
0.1886026770502578
0.45707590721178737
0.467296209669391
0.9101383852383933
0.41550803531316316
0.44277390702038977
0.46459601812501883
0.9772863936117119
0.552972400025554
0.7150964330486378
0.902181735717867
0.9244422893831031
0.8057804423360058
0.25435495502017025
0.12242887771242128
0.8250518321517516
0.8153904557161102
0.8112834165084772
0.3606160691454181
0.8566523991744076
0.8989541518703146
0.39638716845271216
0.865649693167586
0.8969501144454454
0.131584855772777
0.6986081150432255
0.5732885303723497
0.31612825330938277
0.7202494197725493
0.2529197037903199
0.7517051308656586
0.08053293502121239
0.2310588899247218
0.7150735333556447
0.12741607832885427
0.6016638717342075
0.28136395701508254
0.04697683566076161
0.6574622641760121
0.23916210775065438
0.46746504932855915
0.9925687337795389
0.3639609455219225
0.9440200859187714
0.9491541733591186
0.1538339704917311
0.1045460929050328
0.5756352294589585
0.4382205188982532
0.4244034993512842
0.6125719620770304
0.6105011261069779
0.3010977545270883
0.12826554637083554
0.46376962847504444
0.4304462637363071
0.400580399753263
0.41802722361214917
0.1373305070822275
0.9039656781006583
0.5107383935737033
0.5351803587277275
0.5006930885524614
0.8990179108413509
0.3283370503976428
0.6728497869371084
0.40404297270796063
0.16790484980066578
0.40615513494943156
0.617179960505717
0.8912573376590538
0.6102859510491164
0.529009321586411
0.8302476629006367
0.9265543031583631
0.6301853595839538
0.5368524286395543
