764692
0.2365489375341161
0.37710588950901613
0.39403480963098503
0.16264703443769013
0.5620569551842372
0.9584736478733923
0.19706782933119982
0.8457167281698156
0.6024480061445051
0.17951071075421743
0.7567318795180493
0.17003978113184537
0.9447285594102856
0.539184312681106
0.6450100834625085
0.8292944829716983
0.9981918806980894
0.1312438499768508
0.18337451040055552
0.3927536059187813
0.035868441804333906
0.7762508735942236
0.6853623028076397
0.8273032814862935
0.9705845485764215
0.7046438503683345
0.7798775492932122
0.12894113507910165
0.3886837708502041
0.2608300945082588
0.9396234657883927
0.7791420037184936
0.6884895626970103
0.09857212335963572
0.5132287744019589
0.062311729939476534
0.6298879634660661
0.0027246238464117
0.8024884430766093
0.28450359236538936
0.33717604450231864
0.03935376294990833
0.25474270175606706
0.482985258719814
0.14382760191702626
0.7518675019279075
0.986453096093741
0.8278821442696453
0.7745237876034656
0.7320136213475621
0.5545208962601039
0.24641169029124677
0.7829905173302762
0.9540556040425392
0.9738571860573159
0.3703634827889255
0.8301894538747407
0.9492887921001328
0.34174508165648365
0.7067205580126792
0.3767242538890614
0.3256907097149039
0.19752809401712035
0.7970818878835428
0.9015166538908794
0.7844341734190332
0.010105217988506277
0.7484978411523118
0.8552852785290133
0.28715134648724483
0.8313989288364712
0.6935755484249622
0.4857822593445864
0.9274558969134894
0.9705171157652887
0.24967325382126437
0.39467973487979435
0.4785656617444929
0.5885674121646344
0.29339720095326727
0.07925855959364392
0.802263199617691
0.4195936073366118
0.42871400786304215
0.6811435932627583
0.7576340558024478
0.6415664832992279
0.3175416575581883
0.7329090147823296
0.5451563698600905
0.9929929353613357
0.7576091625907023
0.00676164623035691
0.0017659279294761632
0.9538065210099461
0.5522233883821567
0.8328413949798142
0.05124263635149218
0.29524849555168964
0.6300607589796355
0.9481541476983935
0.8836360562653361
0.8999754809366937
0.9328360367892921
0.4182206132028701
0.5374682157606429
0.4557516439364252
0.9239030223661406
0.2794679233492279
0.30884195397736813
0.7161647884874939
0.1944281720171318
0.20827939647918425
0.5125629797942844
0.6775166432614966
0.9673285873857437
0.49074687621782387
0.14738719156224878
0.002868972358899158
0.3567314738922488
0.4900446179867539
0.6394747051608699
0.29669742746095706
0.748418227681237
0.7462115232677141
0.13474987899318003
0.9804777916518534
0.7411790561027279
0.41295436355249227
0.4059532330263723
0.6836770615046229
0.5229794030723758
0.6019800390456687
0.8292337515009954
0.9482801169200482
0.9856233420862631
0.5033272430906341
0.13909203785786528
0.6258475467310912
0.5134022356138704
0.044010750271117005
0.647667757557159
0.7387335434398068
0.8913861749599757
0.9179975364428491
0.38620650291384584
0.4866861530864838
0.9126545937950354
0.46314579688324653
0.7998379131027022
0.7363186707867124
0.7734763532539342
0.37888141768854733
0.7572218544084257
0.35731882939288484
0.4246743002840664
0.05016490840476351
0.15671956094139072
0.36592109803408124
0.39113701207050044
0.3144149811042318
0.2427254936584542
0.7837483911066914
0.8116776845934609
0.05776323910667425
0.8463171327466052
0.306198319008256
0.9080787151461054
0.9649447033562405
0.8561345488404358
0.39912810134994214
0.7310140990944762
0.5458830531677535
0.5021472911797081
0.42421642627604417
0.4869552634231413
0.29740587964941645
0.8829980959101206
0.24148593756018688
0.7158282426977945
0.24002383854309506
0.6221866256603358
0.09382227873206872
0.3122408011140405
0.852122424869688
0.21102930278936138
0.0027243970847745658
