883409
0.587255670388008
0.09269915364580905
0.5783287034410806
0.1506516878536246
0.3481372552448496
0.609864389941855
0.4298756410995498
0.8823426776872635
0.22754190083572412
0.498172567848574
0.35547338790069294
0.015369799903454995
0.819042059387658
0.8715527038415475
0.9062593662042665
0.694604201536748
0.9744509857714431
0.7300333710873131
0.4925796741352836
2.3022032148800609E-4
0.5477188197860925
0.6549608294205769
0.544599759194531
0.6744589669369406
0.4553687036267152
0.8169153198524662
0.4291410885090218
0.28481309124712306
0.29879080184367446
0.6027184608529498
0.23374556424392368
0.6033288683151519
0.5594731365545614
0.5502347699584199
0.5000329348484835
0.5833450674861766
0.8586806572065188
0.2974479848684429
0.9360831975573034
0.7416556412449551
0.2096578498249222
0.42936913673941035
0.003981207184004076
0.7766383082428943
0.40291847480475473
0.5778369214111053
0.899944173579163
0.37008660097103574
0.1260677789747331
0.11479765704493894
0.72552118485384
0.6772117296396569
0.1451756608892888
0.11410494452872877
0.48293318123693796
0.41456207814364276
0.6785101190858082
0.5327035086183263
0.7851192471979815
0.6543529568368541
0.9176794280070908
0.6735263939838949
0.007670205221532167
0.4170393541564076
0.7913200666171768
0.22116259589536225
0.7811553084913708
0.003475033173585662
0.8342769068244463
0.17374472055709078
0.5151595738307541
0.27708344961735865
0.6616638020940651
0.9412095218697246
0.7982910252612883
0.2358384044445344
0.2494877538866287
0.7322390102066813
0.1533370994861093
0.9089706321229458
0.6067408400573902
0.6298658116837912
0.4692202597925741
0.16347300933200426
0.4366052694745942
0.9352846008279324
0.8474928024915261
0.10747926930027152
0.9164903494770149
0.9073267696372086
0.6582016065175491
0.5396738168820199
0.5930586712777253
0.48817146088944596
0.3002776439832353
0.16300051905059443
0.006403034362618465
0.4625746847567993
0.9176375865013935
0.6976285290686757
0.9144478925278093
0.4077768976307783
0.6382820547323308
0.5444930890198607
0.3989651247181354
0.17810951035613154
0.10495917192865323
0.7244821882709934
0.11237554771738656
0.8337474168331229
0.6415298262936403
0.015310341867084576
0.13415962722279418
0.9841319578354197
0.5372076628565735
0.3550764687394845
0.7161663604314255
0.9503925235482668
0.7545108621263447
0.3921398920808128
0.7205982711210515
0.6043940456402201
0.7991044878316794
0.39991995050241813
0.39474867056177065
0.5708519622721387
0.15235463400389904
0.1497383804915955
0.3116522245933794
0.21302953414996584
0.263500692568734
0.1830700345480365
0.9990888070860396
0.18972631839961496
0.04311247444403654
0.952925955640553
0.15789468547076257
0.12743866363202228
0.6115478148234347
0.3313357949347666
0.7534494597483822
0.5343136304717395
0.3931626449911514
0.48581514562229955
0.7269726023364906
0.4760616115681441
0.30396257484571443
0.42990565091911104
0.4185438761278669
0.8511886445476212
0.8456674842911799
0.9466699883764668
0.5645055237832592
0.22395481385471017
0.6696797117575445
0.19095011390813788
0.763174578439715
0.30069386904243156
0.2052010950811336
0.35645156762975194
0.6429797329364968
0.5608204311772357
0.050796167866869135
0.5303314566633686
0.8733645571121434
0.3022308224583242
0.5414942053107005
0.5685070451482725
0.9560763157850123
0.3545707625000347
0.49963186464559317
0.006533993729083476
0.6377385444200155
0.2943678995977884
0.8867703345577326
0.9986562183111778
0.0173292896047762
0.9943457933648221
0.8319690299297208
0.03886313238702688
0.5504590380362836
0.6998988837396526
0.7304193339035794
0.29587716955799526
0.7793343992226932
0.9232917900469849
0.7797841294231168
0.1416275838206561
0.877272109569056
0.3941739034752857
0.6242155467342737
0.6396000322789009
0.02214485742771566
0.6820791716135001
0.8334444231443869
0.539343699414566
0.4096083868164003
0.359664600400891
0.05774349356646591
0.7653244533680412
0.23208662931201396
0.287549328018896
0.002406905514596769
0.4106872133227564
0.2357551785982951
0.3643449701954221
0.4954841733855323
0.68101171307834
0.1859524754294526
0.7088937385647145
0.8264219248725325
0.22698865251682154
0.4303684916871561
0.21615713220280364
0.6159592800569548
0.742117095395599
