947274
0.18429788638984246
0.8941813630272751
0.14827799432738176
0.11812578806822593
0.735293473731526
0.48959935288414036
0.2809682790457724
0.25071759918457226
0.12450621494618086
0.19578029299990907
0.864220614025388
0.2793832103381424
0.6472089610027848
0.4654188461944526
0.4794967263675627
0.7884949243661911
0.05866458206833991
0.45963639086920605
0.5080572673430888
0.15914951332342808
0.3588697655884787
0.8818083291482951
0.8682537191356304
0.9170868468487026
0.7422204781965738
0.8650750729328998
0.6874453829294426
0.96885457448233
0.8068875211023987
0.7510973930886712
0.6436590340653469
0.3272435339295957
0.138490145447838
0.4074888115749983
0.25802982927144036
0.9803955563411438
0.6168239290239186
0.36211705252918114
0.5604389884764391
0.8106440607271084
0.16170891189073933
0.33785057651114536
0.8424376206428035
0.22539481179530996
0.4754976708882882
0.013995153799790772
0.6693689699772092
0.5267795176421717
0.24251867285988093
0.42363097547233575
0.15239962989446376
0.14445451506199836
0.19939891871145632
0.55677138616548
0.5001487692156446
0.2950539694008666
0.30338883123309535
0.37504328864060466
0.07262977628303435
0.742247072221599
0.35037864213463643
0.3523001681647284
0.06395108812714545
0.22911675101511342
0.15488717052414935
0.03007300268133528
0.6025379941431892
0.8486082124049874
0.9756617586523499
0.7066779730479685
0.23006274866627763
0.7670340254838727
0.43873287967727714
0.15874655151607098
0.35095726062345245
0.8875444367459919
0.9458731094657857
0.840237849446688
0.7907299971538888
0.9995501052667205
0.4855166456505494
0.8521753576160208
0.4990591753779857
0.39891138651296076
0.7528498488661041
0.04754467588395994
0.4370615042180028
0.7256646406863267
0.2447783708222211
0.6990590021475587
0.608867518779264
0.4456154064319934
0.16206524933464017
0.25409215368828775
0.2650204464292176
0.4550409584614451
0.47090918366381707
0.34437779277113945
0.7720370804446642
0.13623801048501427
0.7749160482080963
0.24723406537744008
0.691613880007819
0.14907528295507977
0.9325940710382482
0.718524642615821
0.3940878061750521
0.9885559021874262
0.9634749426638165
0.9421710888786424
0.40798251124503204
0.8470561974780636
0.4120033623806477
0.8475655898901999
0.17930196800721576
0.01623439016987216
0.9380981654584402
0.8590866473151878
0.4416365417072442
0.12033954295648419
0.7093118318065124
0.7570758507488224
0.12457635280562851
0.7343740272717927
0.5847222268112473
0.6804682780063005
0.6104364322801762
0.7556753000589445
0.3335239310118393
0.8726433330872337
0.5821402863347226
0.3002059822275489
0.013929861368472074
0.07616262584349398
0.975965292964438
0.5991925602390418
0.40678024691816606
0.20993423029041192
0.956291025573921
0.610813330643591
0.3379126068859144
0.652191302472573
0.8210944697358868
0.10065674065294594
0.0750623582036749
0.34103672050697453
0.34101618629676633
0.26001287789216876
0.6712493862372371
0.48621213247895056
0.7607420047046962
0.21584470070233064
0.07980674744886718
0.8156878637135104
0.3375324156800972
0.355402117104468
0.06244526241010673
0.9041433966575373
0.7709552872182014
0.6108465558376148
0.634573840187156
0.21892700675147025
0.21968598027984976
0.004092962719638549
0.33383948584726697
0.692912365501283
0.07146818218157702
0.7346865639773138
0.2172863736903896
0.9399930420248019
0.35292037772154183
0.8197060990614665
0.4587411077046608
0.14885262282898093
0.46904822108908395
0.854400811722017
0.07417831684204412
0.9792892698885962
0.02309148922833193
0.4218268384597589
0.962667494429671
0.8620782196437758
0.4704326215681165
0.14636886417763917
0.8502836948367195
0.7676885176592004
0.29385833347315526
0.9741105259162876
0.5325935760240157
0.02095841984498925
0.9280022060374634
0.5926419314450667
0.9627077918982407
