1845523
0.6233413959253319
0.2506017263126794
0.6335700639799764
0.524618486261258
0.029878639056121536
0.07882631853075583
0.9426839648294277
0.7801356990325569
0.5042767443372206
0.9319721433364423
0.8032661153402971
0.12087621947899485
0.7228359370614738
0.733714845862763
0.6600429488966612
0.975333583549075
0.3553746467922032
0.6498376733117672
0.3881998923325779
0.8753060707320482
0.4025147716952149
0.596128961813237
0.48248122409932415
0.3946310284714636
0.4015513950301247
0.7181842302314686
0.32040192172430915
0.05906388874045576
0.8918175997007626
0.8952387269533373
0.2800393566208693
0.919001859250851
0.3561344506287467
0.6432430905850735
0.6330615036310592
0.1856958999680557
0.18541663655057428
0.3296464043043055
0.14040147159879734
0.6815007578994301
0.5804183620707534
0.6959641734563267
0.3161820351763497
0.24583871643008404
0.8508167757403929
0.031038916943701755
0.5260148542286295
0.33097727931505827
0.5260282000462098
0.841985054294471
0.14424652832652907
0.8816451549738895
0.5348832482292476
0.3840948565354886
0.799279536543298
0.7000816617330837
0.026962059242314207
0.9121337093974936
0.7609151001657417
0.692188388962865
0.5999292341164234
0.14586932684451492
0.5311200350127808
0.5841234270154997
0.8722152286534206
0.49039115403606803
0.5877949517016686
0.8080791495670278
0.3783208513697206
0.9255331177883042
0.7720943322174375
0.07724524279702472
0.578629364416316
0.8186003830824518
0.1812773025014922
0.8605821073856121
0.527315936706969
0.617862856280348
0.08523160775530059
0.9636989624385496
0.6375518512800143
0.03758499801882509
0.9584050503127212
0.14268570384315415
0.8485872715048706
0.5900128581703227
0.8859858228775779
0.45195470864986986
0.28826757014341287
0.5296668501921246
0.20855354172401386
0.7472659634528199
0.9743481039041463
0.5354880432016618
0.7700954678261358
0.6823642256293129
0.9413710368933994
0.1937484667499313
0.08636629796218998
0.2704729050461536
0.48578869025742266
0.6733116966484132
0.10946838381238466
0.40514026188552044
0.5564585832770678
0.9326973546932762
0.6777404328686748
0.6244874548767178
0.46834055085721193
0.027024490820064195
0.6474664321508679
0.6117069817853363
0.3246949628072682
0.5823981773402008
0.1594030588447508
0.757817860496299
0.8817640497436486
0.551251241157135
0.04585774355560579
0.8110728411631041
0.49196517949022667
0.22634369097787033
0.15145746881179756
0.7516524063414846
0.638776763658733
0.4452181468916935
0.06211632233535325
0.3983661804345928
0.5908225670191612
0.04073603379987889
0.5569138153096419
0.7383876366035491
0.9035135171214799
0.5069119592009176
0.06424820517712293
0.2701143951499748
0.24317513028342808
0.18964879180821292
0.11951955364775901
0.04622624931163177
0.9749470073298242
0.16537074598307266
0.9269440323963221
0.30571509929247176
0.3758379339173692
0.09365584233837798
0.41494898063338415
0.29376964048593535
0.11615791044066737
4.367504575352177E-4
0.7680777070241656
0.45958714935891
0.9070006435120795
0.5932932625898186
0.22592515331997398
0.06760577308780269
0.1738029936487253
0.8688053668782157
0.5519433916877641
0.6704596722918035
0.5431067980350786
0.3367835483340783
0.6514868297861087
0.06753635885202858
0.009857614740364729
0.19522890352342703
0.36385040064328966
0.9787798757880011
0.13021925203770557
0.46509531546627425
0.4056698396133471
0.8750991379028729
0.22370796064408915
0.8283255327663197
0.08865060873860175
0.07707542897020725
0.7376615510726986
0.33090731350752545
0.3019909331988172
0.351659657890783
0.10003407670103126
0.38657892053025233
0.28777124585145986
0.6643342020589786
0.8248893859559039
0.636553567662063
0.17799663148421174
0.8472572364560672
0.7493424690157704
0.7746114052849505
0.692588138015395
0.60716798371843
0.8894051638985078
0.7222936040978337
0.7386506061230861
0.8250586498615041
0.4553414273943257
0.23545790101471087
0.3547300308639163
0.8018163369001142
0.09191782080877786
0.6014039760870546
0.02570516467676054
0.8695169584311223
0.8986283100633135
0.8603603170198552
0.15133311157387763
0.4131957046770829
