1407639
0.22057055480712917
0.7481794344115131
0.9316841884878584
0.6320002881250054
0.7209502871967917
0.36371419888697276
0.1836895215579306
0.10611294389490211
0.26892757755028884
0.11851997424326544
0.03625833329404515
0.22970063224428217
0.3161808012021634
0.7956503868185133
0.6350601289752602
0.12620890257435402
0.8102548259595534
0.3458177067046202
0.29939751746793786
0.7298266505242356
0.0507222947759981
0.3168353671337709
0.7114601411798405
0.31099736944115985
0.19300453672299178
0.46424326950300676
0.6420163766687086
0.06054688076640036
0.9588793723312851
0.10707554349968296
0.8149332278101884
0.6159163901742891
0.3346612255440067
0.21976615748129202
0.5089428892005884
0.023679527234374387
0.8556878750412392
0.8088545826381496
0.05101474635409986
0.4684527345486913
0.3976693063739758
0.6776769264392486
0.8950023867567605
0.1366209859427674
0.23925684760418797
0.7323637979376751
0.018875451614821848
0.010381348778556454
0.7508441966649524
0.41123289032098254
0.1535422419097935
0.1253665467433539
0.5206715263355001
0.7827375698220356
0.920492450834686
0.9407387334564256
0.10534155337135931
0.21442747763765224
0.8056139791096613
0.8579310031404066
0.5049978945296659
0.1615698664768459
0.42381993813350904
0.3080630942316126
0.27023826377337734
0.9924624654732891
0.9785242226805855
0.7665881778481665
0.30412733605006936
0.40002291865802064
0.545062335771918
0.25108405711640114
0.38504200170426817
0.8006126268447403
0.542223035895243
0.5673003954019955
0.5502109006184326
0.8179250076377258
0.36816703928974603
0.48666424454969226
0.5906648123483188
0.41398062984433814
0.9102009827064854
0.992320103725006
0.6516802797284067
0.11749721781712896
0.6819254920703395
0.13287659789541795
0.7542090155776127
0.952382552809896
0.336403776219081
0.9826991566981566
0.1527850802529357
0.4923112890976957
0.32187303180345217
0.2462397765092602
0.8042929887019121
0.17527338002754234
0.00407555951110139
0.9472620807674411
0.2446103032077056
0.06846306412764014
0.9186697515007081
0.6443950722122941
0.2292983235635263
0.5648855564258896
0.06671327427738061
0.7596431487212386
0.5272938604823544
0.3300603418654917
0.46146746945984474
0.05186806637820063
0.47462515551277007
0.9460571956561896
0.8705525072490475
0.09359193580393266
0.10703410172874128
0.8357778164015982
0.4554176726228467
0.6889983727728017
0.045568688628123466
0.12831971229130412
0.8904320952860206
0.41028443786616287
0.28845584609020614
0.07495236038579911
0.9905500648741119
0.19403758444343688
0.397542853161025
0.4812212916579782
0.5059238883938082
0.1207546818592119
0.4913313951917093
0.1429439867123522
0.9950869132976143
0.44469890107105614
0.3860274846857682
0.5807113349811863
0.5527375521768935
0.7028482414105064
0.8274741281369385
0.9059546808186524
0.04165415932468375
0.08556358169407241
0.6818707980276122
0.6174469454498525
0.9882790269682258
0.821680109543878
0.28702706831291547
0.77581071333328
0.4403978388005946
0.17200803289330147
0.4153785694242662
0.44427157264048955
0.19634781590616135
0.8088303688529956
0.4658395206511179
0.3361090516445647
0.4528352850206817
0.5218669780081917
0.6104981430708015
0.48415683956034405
0.8992295305541154
0.043118727771137566
0.9322765099165828
0.4717602211594254
0.9443398135768707
0.4921832711779083
0.7283304776998466
0.9607210711396075
0.6782644010523731
0.04844917699035878
0.5298226994494377
0.4325555441181388
0.38550653428029946
0.6587406265499743
0.6003991118728279
0.6459286149396889
0.5236091980241898
0.45053729635261996
0.5033998256757314
0.34680614608213656
0.9209752506821738
0.11605032900360035
0.15884092911934566
0.5695660328914949
0.7988141752137119
0.0965662418725548
0.12320185074789158
0.38019593647599625
0.008353591765160373
0.8837011333316719
0.36248640033640245
0.058943864524270695
0.15038584325432047
0.7454852166611095
0.622644414903739
0.5182544648047567
0.5142658074233684
0.3453062766306436
0.8136261024551901
0.3207004446249253
0.10176200263882151
0.8960104616284639
