2663655
0.9426177358622533
0.13154723365981613
0.7255184748221037
0.14862804814150188
0.6349792611236152
0.6505314632054963
0.8642455941925821
0.007114373029583065
0.19424009300563694
0.07196590176860973
0.8855191818812597
0.6105138101938509
0.23326372988116306
0.9757142896418215
0.8016993278163672
0.10678334058998284
0.017741400067968094
0.6933243655421757
0.7897733580897186
0.23276288748555163
0.7257722707073659
0.649228649075435
0.5588429529901878
0.8673342188988118
0.7914511177251329
0.37331075564633587
0.2712217217180485
0.8156831978681021
0.4143363462212075
0.5452043263006713
0.24823298034912689
0.5229888192011826
0.765132918635224
0.7093116018331344
0.6042930651955282
0.0455080569769134
0.2866848392305241
0.019912110380481574
0.7481322534860293
0.7517381623549624
0.6195315281724746
0.6129918997804502
0.4713993717221411
0.7557332338988526
0.6758974234211211
0.19331350218215015
0.6553087775644413
0.21863070508574067
0.6986130929082804
0.7033513987405126
0.05339171051707703
0.11547826796207816
0.7165084396411605
0.9654028067489386
0.858921378890933
0.4186374097205393
0.8040095479710161
0.26375953176140476
0.1072227749872019
0.7851600885371812
0.8743169531698616
0.8094424345206394
0.622649785240752
0.762954570354029
0.21535932991993356
0.9807108884889324
0.5471049241872481
0.7843815821267187
0.627847948394439
0.5309692478303906
0.7792385851361416
0.33660520653079373
0.2569490267687208
0.34849361444399396
0.8903368779194809
0.9899940776058458
0.296764404536737
0.7540203181001753
0.13812456077428303
0.6527448405420269
0.12131418747094536
0.5425003073368001
0.9985797896554777
0.6234385697721797
0.6403651019605572
0.5312628590541741
0.4843193021064308
0.5870074546929464
0.99279110063243
0.42989890056213287
0.6226368334578019
0.13209987357748243
0.22230813646790526
0.36836452601284064
0.717180980781307
0.6640503220150454
0.11565497034087002
0.019176690468059587
0.03183845795497642
0.6586596623458811
0.7058759910937211
0.28158043077579276
0.23344326199100407
0.42809810904349055
0.879690769700744
0.74820094568577
0.37687302247327825
0.987335451318034
0.175957838766855
0.44525041866040804
0.4733916712008748
0.20658083406867478
0.673207732204959
0.3571209602186929
0.09973713393020722
0.5275818019801535
0.32156082141661546
0.03939537783122027
0.3796642261872317
0.5907015148296536
0.4687378579099055
0.04513658111988916
0.2582369704229519
0.9563489802130956
0.16059174994957448
0.1371553938138933
0.9789806098142098
0.5008856083945511
0.6636624470767951
0.8832291804537142
0.8222578914831127
0.1521658967611048
0.38471843496890823
0.14581458783437462
0.6878070923829228
0.5757998129763898
0.26197745471745204
0.11225215105151332
0.8863750581257511
0.6507175913849403
0.5049527779439792
0.7183473962493966
0.7319377276229907
0.0502795615432704
0.18960373307496625
0.11357948480501645
0.8745552368468713
0.06082858366629129
0.13469903043177622
0.9603094719528531
0.45955349177590343
0.3221667869853586
0.2534945059613368
0.9049753982651851
0.636212297090347
0.8152269572093593
0.5596754346078983
0.6859969625805713
0.20362600532974795
0.9301621678615815
0.6425094256868592
0.875768241734162
0.7709423185999442
0.4771420449299302
0.6300714659821687
0.2242787833887787
0.878528103475395
0.119758484106126
0.8857405199012881
0.9725814662443102
0.5179172297370613
0.21895535858268078
0.3261105298049486
0.29159609018318544
0.08302983837793687
0.034582624104835036
0.016973742935841418
0.9056556842377802
0.03994283112838981
0.9755428074976468
0.2153004028237545
0.1614290269158588
0.46307777875220324
0.5682522012890155
0.015747108887265937
0.01941668864639179
0.986482843166115
0.6917566112550584
0.36761217882294805
0.24321341381482287
0.32865037570217726
0.2942849776618912
0.9207328136513376
0.43948464648531516
0.819871807030974
0.6066108158277266
0.7687704430065382
0.9604206012137928
0.55365745432478
