1186865
0.9283312413776967
0.40926963313319276
0.618535115151546
0.5924952595910771
0.0069335141524349275
0.9908410453876216
0.9082566648851437
0.8594659420338066
0.352616916660464
0.1373908189712566
0.3394936567220699
0.915338618210314
0.5001350828135879
0.21134492589789855
0.33303845911021235
0.2524113112737013
0.6714462339287617
0.3042403782995202
0.31457729453968264
0.8467182481105036
0.6749646093715975
0.9464467482525403
0.6615910145320054
0.7200544318541799
0.19851492983741936
0.4534943187605217
0.7409964780083121
0.47744210357531425
0.3099215811997167
0.40403837563134415
0.5331838036248011
0.3240624913973674
0.07981075333337606
0.7640394150664728
0.49773879138407395
0.03357516502271263
0.7673669446735373
0.0664591457897632
0.9779546665053597
0.4414189292952675
0.34008358866688826
0.669517109602155
0.13466752927553438
0.999752449440284
0.6763210467377556
0.9067255148902609
0.15535767307902992
0.6487520372639163
0.8670704985311396
0.5307116807101042
0.42427799534019195
0.8286206291205378
0.2876313188069758
0.01817658319691262
0.782705570176956
0.9623052571559316
0.16959003662352734
0.6401344201182263
0.5724506382267497
0.13477909225068785
0.43820151121577156
0.5666105727340744
0.677614019803449
0.9203882374054175
0.16669123880370285
0.5057832329829869
0.5977785500582251
0.7482575860680708
0.9234214386206687
0.6072233606493712
0.4048972882501559
0.0358769913647633
0.989253742229032
0.6382785610347268
0.3791102519265588
0.1448963541774534
0.8370966328145863
0.053915729470214946
0.3210283915265263
0.9781433295578815
0.84254497610149
0.8162492664839187
0.6490399130914503
0.2876620840491535
0.7225151067849067
0.5348951747533794
0.8208398676524985
0.681957704770992
0.5813614367839259
0.6432530506412109
0.3800860987753376
0.7130513181504656
0.07707468220345903
0.6212242031587533
0.8587231444116024
0.43271012588688806
0.06436991484906485
0.965708212325692
0.40112026930747413
0.4415394131821825
0.853485593857934
0.8269366427109152
0.6331575990859861
0.1531669162636088
0.9500905145881176
0.7871713992155092
0.6362710178064032
0.5515699670849928
0.8237876667251435
0.9752358907886137
0.7895070012041738
0.653381745272543
0.314542085792735
0.7491355527235656
0.9572695956267864
0.06193649375610244
0.6012745137963718
0.4764210444013124
0.5706434399056881
0.041990086174107155
0.9502819133890448
0.790765603738017
0.4445217114574965
0.21484680460100147
0.13562759333073193
0.8249588006455321
0.7328340930411928
0.6700244304428877
0.2951630680692825
0.5667988712812406
0.04279733198001712
0.7025297028084189
0.6009690214475135
0.8474309868194873
0.30188603244701884
0.06556674023158149
0.690484714059011
0.2878140425140445
0.8194272462885558
0.8636131468359597
0.5018842771087604
0.8984753729288303
0.9694518746131867
0.012273173827657802
0.5964465426620386
0.7072374861353913
0.1172238763042106
0.45664451317559085
0.6713115751746767
0.7460083733061282
0.8239554545733873
0.7000894820478939
0.1475740227153054
0.31181509776646965
0.051829767503405844
0.6880097191979002
0.9131502287210568
0.6855035211595945
0.9479278684140887
0.16878772495223415
0.9374398009450955
0.9918371987845465
0.7606123939593865
0.13906538865624496
0.8573691286420959
0.13415178518116277
0.8823730107247957
0.23568861260725937
0.2428917015813269
0.9168561406318789
0.9678393710396797
0.19066457307258367
0.5129041881479145
0.8205516331497644
0.5040577084643073
0.28477182502662945
0.19708517486697918
0.2532668786273443
0.11188221240408502
0.4339816508501573
0.16341061527370526
0.04420538583989464
0.8429291685714316
0.6221124794127771
0.8919634881432907
0.6627169786175361
0.695701244569707
0.5574284419284723
0.9033968934468972
0.19868405537121647
0.33365663322354444
0.8429408373915623
0.2550885962206031
0.12826851331428935
0.016391857515451025
0.5565343959365299
0.44721825081191413
0.00652882358916218
0.42641396960674216
0.0023519133307244866
0.18798480854242317
0.2180921090568294
