1186595
0.8476342748767265
0.3338925415838814
0.625073517256006
0.5456986569966049
0.7323068073957015
0.617990827325556
0.9941494879924654
0.7359523226784266
0.23632623705994948
0.07422931276864986
0.8488167120153824
0.6097616830371435
0.9103509418329726
0.100519106436187
0.1199896419966674
0.9688931186731923
0.10959593261070955
0.37723564573850965
0.7252295872156478
0.7674729754905409
0.9148119531115632
0.8181476376792278
0.6313153985556598
0.9280434617702896
0.5412255284724625
0.6033862333553716
0.7547256202166801
0.43601857244020215
0.05225130021106261
0.11951980918115568
0.6731014442575101
0.42798381988232304
0.8239556356572058
0.7251182907341761
0.13630151499632992
0.9255702547473923
0.866199386897507
0.6808722613580085
0.5277215830837924
0.18936043606621145
0.26065891367788385
0.5450199539410371
0.8512528484720777
0.15392950600807043
0.3701947405997591
0.8447959749606407
0.8205735126146778
0.1239718588588965
0.4205836285460184
0.6182885952123455
0.9601845078480077
0.2524092378453523
0.1005665119773056
0.4781486023045939
0.2221805331558231
0.6817939129769057
0.4957399752645978
0.46539202368531574
0.09271576458199793
0.431694320566682
0.6804209927807052
0.21267053449421836
0.5863118658073612
0.1695321568202699
0.8548542445553658
0.7904995389257532
0.7505850581547534
0.6093520330016182
0.03525095544824275
0.3769654692863629
0.20580003007729597
0.35639203492151283
0.871694057538911
0.3568202988213013
0.914305771286674
0.06124393031108799
0.7558570188290303
0.5505751148360822
0.4758699037736328
0.24107670468367848
0.5413927892878208
0.5208218338477903
0.41672930476402126
0.6917620444165123
0.3705629998130793
0.49917768049124933
0.9752312507486032
0.8129233386338706
0.19336644015372773
0.48632293740037524
0.2595934643551794
0.24928481372228928
0.4174582086822909
0.09296280532024037
0.2707176716048866
0.09715274776931226
0.7127233558454962
0.26107740834166404
0.9882249935762637
0.49756798354521514
0.3446266440781174
0.750386364422784
0.0033748933898782862
0.09371616543446282
0.405188039709779
0.842893831255038
0.23398808168597995
0.6283326299864608
0.7087462145551281
0.3137681213827256
0.6576386528508964
0.9856830492812416
0.8608472308895331
0.8957764439730755
0.13365940585644065
0.5659989610531525
0.08091846660599478
0.6478718973073728
0.9133345092668778
0.9130264985784288
0.21844128470114876
0.7160537628232709
0.18972721188484032
0.4616486266568922
0.6953922216934268
0.7904201724259055
0.6493030216882701
0.12462650122085683
0.4083988862893938
0.3638866695087103
0.8922778526694893
0.29516030458290266
0.5610694923128962
0.5383122449970613
0.05339675575173208
0.7853959801837487
0.2498630789921078
0.675299683824213
0.11931450275146871
0.005833241016630297
0.9604754276174254
0.2543643610846582
0.24920432147284466
0.5441337170330396
0.3536201896810798
0.8786966291181705
0.6483010596047221
0.4383808884600706
0.850903544360128
0.2672739808655218
0.2737858028065888
0.5069627320477531
0.1566167765081249
0.26016262138186474
0.3252494378499521
0.5376642144401611
0.13220479634407
0.9812366981917094
0.3079160277885604
0.30912924693930166
0.0639525633475353
0.8631065827284174
0.7734971534181255
0.9153979662568815
0.05467209523204619
0.8116417109343698
0.34957768118841737
0.14384395664241856
0.39727840906968703
0.3708849612891263
0.5830888625048669
0.3889126608595699
0.002938699555383284
0.7406016619861222
0.6340563236984743
0.023405775741208057
0.10887541812573387
0.48442317244919764
0.8058850517305765
0.4044813541225313
0.22793629421648076
0.8061091646271006
0.262972675974636
0.2659156157902931
0.0921628478252805
0.6595013639592088
0.2825263250551818
0.5261777371993407
0.5925324805960495
0.6889249261884474
0.06688130182634244
0.8193445405602069
0.9303844570183839
0.26593868073896765
0.8335474844751996
0.7930928756221033
0.7991739347106448
0.1771434367999407
