626272
0.12437899718782941
0.8143259491490283
0.24417129696936202
0.8394125767665329
0.675766097193016
0.8749238159238095
0.014142937792831933
0.19042062334453247
0.5727841170611564
0.12424439595484504
0.7140831884429248
0.9897502796431915
0.40121839733272546
0.9181594913809429
0.999608736568581
0.6865378912269108
0.6084049173414521
0.4778010224701006
0.8602089785822303
0.18866972460613352
0.8032114160425058
0.8977659614249173
0.819980639654569
0.7474129680212855
0.5259283446526406
0.9815208987273082
0.43321844747504257
0.5181590808425174
0.41793541204064844
0.7221469561951118
0.026367630936366737
0.0024382534857375626
0.3579539480497148
0.3680577222098874
0.35910619568506585
0.7188779373525441
0.6521272263247012
0.3872585904988619
0.09958698298115265
0.7815692991759494
0.06401858557495088
0.14699995052952408
0.9346650499373805
0.06815113166071485
0.0011145694111137638
0.2035808573044875
0.8408822424028395
0.6066128433372493
0.12388029166262582
0.5563664752733241
0.8423209024846758
0.6812546801409743
0.13778374779641156
0.26830326237990887
0.0261782057535348
0.8330277938902296
0.7933415493443492
0.14200753881262784
0.5426864927932994
0.0989262418919089
0.2735010140695524
0.23402658865365433
0.15804387708439105
0.13983159459861116
0.2286271953458895
0.26296284386725755
0.1640283066649133
0.8826272891557313
0.17387210682312892
0.8919899897097242
0.40465500704012014
0.1856142923092089
0.7962302012036196
0.0670803510438509
0.6270600147440214
0.8877071534969606
0.22048071890669385
0.3410587794324472
0.8037709604637482
0.8308887372403725
0.35879176767098964
0.5561962041254461
0.8594300512431022
0.22616466353834297
0.9277174571420782
0.26670736980952814
0.22272180875284175
0.5685796162567303
0.74012725461104
0.8915204096558255
0.1480919161883495
0.013788460759843857
0.4030127810569416
0.43308900655078486
0.9735935091093074
0.06521368414574202
0.3747295988078323
0.005227952427697802
0.493599200210847
0.40175085901006224
0.5832093189977532
0.8836548990985241
0.44820883386797294
0.7593371465962752
0.393528806007724
0.5289307209413185
0.1493948753596298
0.4207682812705087
0.286593146461805
0.7785540686611695
0.5719116034643434
0.9793340959421887
0.23819254396781098
0.9204674935768452
0.10626448256528309
0.6343589297410149
0.4755639812666814
0.3104881090728274
0.962550439334617
0.09002166427023717
0.9065674958076184
0.24100553673435454
0.7156123315533491
0.724289280148641
0.22053919562168334
0.28986963134364496
0.0380044342703566
0.01987715740380247
0.005091162575559194
0.942174791053751
0.2531864551667785
0.3913981068731168
0.31925093059843945
0.497940950886829
0.6488748633539438
0.6213629163828477
0.9411699051261936
0.965747195689509
0.25799232306619735
0.04643479752567059
0.7377184865726175
0.08231455873198767
0.5905694342818395
0.3369296223901078
0.42242088466795136
0.03852148793703314
0.7485430803961681
0.0019174628485035816
0.985956081384389
0.18240391902865338
0.027138760701428843
0.13495510376840747
0.7092602884859088
0.6397225514441417
0.19386846807782765
0.10157893814801622
0.7550586681698334
0.8288254192105957
0.8073197201079144
0.8598097610151679
0.843601865156091
0.9565205007661526
0.153358593773682
0.5206745352752522
0.08884578121780895
0.21224739351611843
0.3292409476525139
0.5960378908755485
0.6179403506271332
0.5781662839448674
0.029929073327569
0.8269384214861437
0.8367686320418225
0.49367309410084537
0.8084222203105023
0.9328163938115526
0.49195095739874084
0.9889875700975873
0.6548140729890176
0.09427077679652318
0.9252324745243196
0.06818357681149312
0.9678494017777082
0.10448534973858659
0.8875310797312715
0.3290305552373859
0.872554963713422
0.5913916897467041
0.707306788694192
0.7824052316311012
0.4146273624984075
0.07189463476098668
0.3025914418981782
0.4426333969452352
0.5141521290969455
0.4111500379312074
0.13302442819465998
0.23472435715397222
0.7336418169868516
0.31206242357600766
