1033422
0.091743786509067
0.2379286526079083
0.03996728564584995
0.5405969006708187
0.22823336046432463
0.3156112714579187
0.3972180495897233
0.7183236838966612
0.14204793932047488
0.29870976260058124
0.5852818558551375
0.5282988957035478
0.509176928307478
0.6497234355289666
0.5118837169386572
0.1394397272633956
0.22742975485517836
0.23474537542947826
0.3409441734405243
0.3378153635507616
0.8218019393285078
0.6769757011746226
0.282072668586848
0.5134200890268072
0.12566798878903407
0.8977790494334812
0.2786156794660547
0.6943586928876468
0.25378286175298004
0.7882941718809423
0.3223185345699483
0.3619962510101501
0.8013817772949926
0.1387076084934299
0.9436159611955689
0.014095467471676448
0.9488176847403398
0.5117935973596971
0.5937674903606047
0.1186757445966492
0.045089711349833195
0.6168644044618614
0.8258127227454447
0.606635310743202
0.18820040761679102
0.08900116284935977
0.30265544435913494
0.8416579385431184
0.19058607279848072
0.25765131453039214
0.9469073637171009
0.8549038711377355
0.8039445038595439
0.7474384490548995
0.6883546619909153
0.23318084558114405
0.6165057469211075
0.5672566746617652
0.6772746186449896
0.8024619650380338
0.9901904488582038
0.35799713933405053
0.4707308234524922
0.5884454005082911
0.17666179958166872
0.645400369265334
0.8656344347991937
0.6454149964433653
0.9172977144002366
0.9699264160749922
0.6909742343257153
0.6107269372202608
0.6157261854369285
0.5896377510541007
0.6822781116029171
0.8508311791505109
0.9436750439816801
0.19562541996933802
0.0637821559779631
0.9259241384109581
0.8696238658546407
0.5454895526180111
0.5312445765929958
0.04507712674597186
0.8384026898043727
0.33003817245156064
0.5736768611520651
0.1855815805203268
0.795234257458082
0.04309821653741197
0.3689704377311356
0.9377339310170213
0.1551916200731026
0.828653403032982
0.37989311953462535
0.10187760254234546
0.33450543087454954
0.7239049446863934
0.7490351110065414
0.2515726861498614
0.8996744310290592
0.17303996623880002
0.3345102190476359
0.32985203368848515
0.3260137813070818
0.8959978186016323
0.11455765321301625
0.27619557091533964
0.3937155980082878
0.47241764614326565
0.4897158288635137
0.5402977829219698
0.8511782790842276
0.8945146413067938
0.7589722828195875
0.05081021977325706
0.018328337303087472
0.14716320017468454
0.42275713734607456
0.6719664088214251
0.521005384059237
0.5697078009246637
0.20282166113141842
0.04930752678043393
0.62405981265176
0.6410499292783434
0.8215604487145056
0.04283138980886669
0.9072530935841161
0.25834722496550977
0.6350448917629677
0.6865039621247437
0.5271905442374121
0.2965502544489568
0.40590616947040026
0.29146263205754197
0.682045843830015
0.924721985729707
0.8132708664452496
0.82903590027622
0.12907738300530314
0.563111003741099
0.24308455195722323
0.9926559156248644
0.6024966429342181
0.1129119984638487
0.4865009872920082
0.7329185256087791
0.3240464548804164
0.3811454972904593
0.7334094255871558
0.6133779352032046
0.7641018036311524
0.8955708462639881
0.24482265623701938
0.1183281854018956
0.6962657500243943
0.5193394315128018
0.6634911420666203
0.8999972669258135
0.2832874047867999
0.4399984016391314
0.6643273025619325
0.5730949637983365
0.492770362609139
0.3018147657589414
0.47952996387080005
0.15845674631911177
0.48083694732396254
0.26260662373896926
0.5887920336919815
0.9145408115619981
0.644493171187796
0.9297733220503931
0.4606763354984543
0.6660426123006528
0.37918451399076014
0.6248866945388384
0.3639243764073409
0.9609048152253195
0.34433370544945685
0.05460267452711365
0.285332033954783
0.3688812043318276
0.5994889224482262
0.03603750642032011
0.5108535257966427
0.21231922323106978
0.5106701749073266
0.9766409456191378
0.8142252244075739
0.8913705510943287
0.5490949419964781
0.9398126282157463
0.6693631455889238
0.7666278145226947
0.9308218237721521
0.9001224900795706
0.6451722530851101
0.6782440367349173
0.7973848455573154
0.957354802375181
0.7466250609621374
0.02450725756629024
0.48791593891910057
0.6755468430965832
0.8706357407344022
0.2432503785268082
0.15486862680540547
0.43877237292087323
0.8874356585714361
