1226289
0.1299932102976421
0.8568248906133903
0.9261738049856875
0.9941630267468102
0.4475708551479439
0.6531909119665176
0.48986343565214785
0.6436737937063626
0.9484195795373935
0.3446043680128221
0.9742483457689582
0.2026060657470914
0.9756792193004716
0.4770235789605006
0.723667674254284
0.8005272926680705
0.6253774419499403
0.6684322486910855
0.5670832079528364
0.6173279634528958
0.9479984009622695
0.9464482781823685
0.10605991180722663
0.09379929634070516
0.8118747801620229
0.5083198924590053
0.3988950184069867
0.7694280695137249
0.09939634268565045
0.6687037900622811
0.3640883187022308
0.08446337838361595
0.8778460303013139
0.9968180651269738
0.5220063787279692
0.9968838035196955
0.019630584653776095
0.29372249631044145
0.0407735523562166
0.4619892486724151
0.7708982264856479
0.9857213434061728
0.5867960879725759
0.8562106694055012
0.8723851063516626
0.26934095965525096
0.6054640984196864
0.4902835887769075
0.9134282508548176
0.4601768037530748
0.38371449470372765
0.800725258996034
0.020970948577335724
0.49600735552536857
0.6255330149214637
0.7781488086318826
0.2622777830429177
0.210543053652822
0.713408216575096
0.600509997170369
0.6141158527498856
0.4356168130915764
0.739140494423119
0.44018388147037013
0.3488321567389038
0.7655682446958814
0.03262553397381385
0.5191388511342598
0.6039107665544611
0.1477163715586982
0.2517263519774925
0.7974322066246564
0.9744102634314384
0.2824746524690058
0.9985854832120583
0.9450961695106336
0.1093220006017358
0.4095951779450079
0.016149330299832343
0.8408977017025341
0.7102975929868308
0.8629696840597999
0.19166373667772718
0.7680775712534189
0.40736968427625775
0.5401121234763541
0.7597226184569857
0.38192006363436104
0.08832337430659498
0.18286964183843568
0.874250352879666
0.6021062402521644
0.45231941323212355
0.08518007397201066
0.655431448600301
0.6772827363815382
0.28047439185708833
0.11021533819099594
0.9168292332143747
0.12264685341155257
0.20495832287496385
0.022908966489825877
0.20374919669221425
0.8629110149175844
0.32391690453596433
0.4503421732505295
0.8769377524566141
0.3738254204498057
0.9432895735165573
0.7342432418217868
0.10917022978301083
0.353246298454581
0.5368683686048596
0.11284174710810524
0.5725563430548916
0.5003873195723689
0.9502257562725861
0.5602299551577669
0.9372290160253798
0.32741698685862763
0.9648880912341079
0.785919020931826
0.5408460680496986
0.5852691473318388
0.07067740372100584
0.14909093872727264
0.3197749786117834
0.09565862031549621
0.1511495320517786
0.0034344831117942842
0.6909252838064553
0.7111126603320034
0.19349478572662282
0.43058777537194337
0.20803285635870716
0.922892950859299
0.35265553302117436
0.252763016439856
0.18114799723547248
0.5836226709286563
0.5092449435256389
0.8613302390247024
0.27249539398915357
0.5112962548839435
0.5763889409589408
0.9272593590198508
0.4577454406733177
0.5098513538368312
0.7582098321133431
0.6300522215798351
0.578176091624023
0.12773015306327906
0.7384046583099331
0.7954194257028883
0.6154553875204788
0.7358026609459446
0.9798492361463611
0.16185230238331294
0.9321989418703217
0.8151716012863582
0.4871876765190737
0.9696308898245416
0.49503390613363385
0.15531737473373097
0.24316051417305218
0.66586750975492
0.5372305541332204
0.16116294260807784
0.45648938460459954
0.05507593970406055
0.3568083756269318
0.004369344227009075
0.891654674136065
0.11369559132508034
0.673232444738336
0.2587751578900439
0.6951265411969503
0.05111936034935782
0.6990902192037617
0.6506603327595102
0.2447118016303984
0.9919126408013164
0.06489811650479393
0.6010830743630192
0.07270693658504312
0.9175892587570447
0.2211806293719688
0.3492489028040231
0.6348742834968616
0.35225436613959815
0.15438024600646882
0.14691718073523197
0.5746194417658157
0.020196116934822705
0.7492958675094984
0.37444920087184297
0.7866425076749831
0.49736314041778196
0.4540079869825082
0.09090966862737049
0.4154751643518574
0.2545448280249236
0.3682966112422591
