573519
0.8319540268570453
0.8420444802015841
0.9841378696717307
0.3740067890390225
0.23347955519539465
0.15786118218341205
0.7471324802332996
0.8222016337396244
0.11394674386228831
0.8414511104040416
0.44280495423191735
0.504055779479282
0.1817129715096355
0.9405073969591159
0.8775890191708855
0.055886266859498046
0.917307603830638
0.235407571785345
0.8146453192221549
0.20466552328640042
0.5946979775606673
0.9733638799141376
0.16039142699709164
0.3520837170960447
0.19367469743902377
0.9836757280962451
0.44542204936105756
0.6129466503845625
0.8831657938010931
0.9099415181516017
0.641127407978339
0.9566603883791951
0.8922617959749636
0.09983529979210082
0.28512547383831743
0.30309909159881576
0.6504477547887874
0.40798632981267335
0.6699466352447984
0.4814878268915632
0.5608722172444088
0.5243644015646821
0.2802424051627501
0.9092071365297325
0.15232268256105252
0.5248785841597778
0.36289671083414576
0.06636982799577584
0.21115445979592018
0.5582598662565524
0.6165001754472736
0.7890022627897669
0.6664746150163776
0.580012821057386
0.7738019132815482
0.7468612081896121
0.7926770228117525
0.2849783789195962
0.18235615266229255
0.808828138211942
0.169452040418829
0.3956700960213432
0.012414020737723241
0.07493837727351615
0.1884925769638649
0.8418629417718422
0.7666083850580848
0.6214689756118944
0.8242050561274672
0.11073236250206642
0.5016243263430192
0.29503620154993715
0.06290267958461992
0.8155123065864653
0.16106993398757652
0.22972153347015822
0.5528301980112
0.4052500751120518
0.8685790513343394
0.8854145408713308
0.09570523579097512
0.7870855279054024
0.8515895240191766
0.4009194181883866
0.9363624533754626
0.8947667049129445
0.6630390194741975
0.8327399895922538
0.20486754328123635
0.09269955852586742
0.3841392585221509
0.9727751869707741
0.801643670346854
0.021789825852214117
0.4795178030607987
0.29974007358965205
0.8036649903793451
0.027580169867422177
0.026992331380412904
0.15603179201593598
0.6252391314386753
0.35577960416396204
0.4180949861827965
0.39526565888870846
0.3463073398498314
0.11258684361800586
0.6775992489623861
0.45501376464045984
0.7200965694715248
0.5780308540863699
0.5077620013727692
0.6158081767479399
0.9141979105931078
0.13345088959112117
0.2151458223521553
0.7768236553383071
0.047343519793280775
0.055743387840247904
0.27029304430419077
0.8689374529478067
0.4186996176529232
0.407295093017088
0.8156050629667353
0.9660938943700451
0.5979572230596669
0.5267719006146185
0.7586406911422008
0.2849556739103777
0.0939208760869823
0.8783398841450283
0.013052048730810784
0.9379338633860338
0.20681921686852622
0.24623791871145273
0.732011885861778
0.10958181730066419
0.13754852096311032
0.3909547308156941
0.20168859356765345
0.9179800619870279
0.983040186739257
0.28787831361613203
0.9562788508204871
0.813368574129022
0.20472340128060162
0.9036021613385574
0.1356608068020304
0.6146558267330425
0.7084765464374848
0.20246472274406724
0.5799914728462406
0.43938053031689484
0.2880398332982672
0.3264827551622126
0.5898019981074464
0.1473958766657566
0.6443943582893539
0.6653397271624789
0.7637024323328867
0.9033186643844385
0.06919782285960818
0.9638209546317884
0.43792983938574714
0.3489503118942061
0.9073622878151161
0.9117479202420519
0.6523673438068175
0.4293609003576453
0.530387546951398
0.4453627753185153
0.3663783965365418
0.74027765326414
0.035603829632515294
0.5521504962378504
0.24081543447851583
0.8853437955054316
0.9698223644842727
0.36277121089722664
0.45384540054197153
0.7616223240783586
0.20533874690545206
0.02725950104290631
0.07663129612972941
0.13432474789695859
0.5945831141731666
0.8448027033378122
0.09614732487926492
0.08722286103120247
0.8367796468431694
0.8882986201343804
0.037386988188464976
0.8898263301863094
0.3261869303319612
0.3697052369909043
0.5712937594646947
0.5714854502135597
0.2820606710322754
0.8910747210250133
0.5706971063661216
0.31026499596573864
0.2569380888982232
0.4514384009424356
