1013349
0.43640506450511873
0.26803700829201726
0.3330337373299068
0.2793166589110955
0.07799661893746423
0.6049285901387547
0.9154001863493134
0.9887166186812258
0.17014369714508903
0.08277558704082688
0.25479807313684955
0.5086218839254518
0.7949870112832439
0.1817293627707688
0.25692592439052486
0.19357747828577
0.30149587860841154
0.8374360026499822
0.4861806859663551
0.44687214489689775
0.951880132984728
0.866077784773883
0.717674790834265
0.5978550367766501
0.23868127237926906
0.18599282073308532
0.3346402561848225
0.662184307016328
0.274246947906307
0.09684232640733914
0.4430721610075987
0.3148964170206815
0.06084259617932464
0.35746137661230537
0.4160868040148019
0.09819371575558156
0.6172851981051047
0.5730395057355104
0.0045892553715385365
0.7019182808438689
0.8594302871623043
0.8045248109729096
0.5232377207495578
0.5981970322509946
0.5910690796063299
0.05297614176368293
0.3933788402637688
0.11722760055568604
0.2636851990186537
0.736714454673168
0.8141276557554114
0.9039221438519385
0.905240966872425
0.9560877603481724
0.8269065135994601
0.37910043846355335
0.009626342446762748
0.0733298993817153
0.19523675161127163
0.4364220381316948
0.9852959450373383
0.12180093791719693
0.7737803953657094
0.49729241115124
0.09400637572490711
0.0064098358282000945
0.7629363798135981
0.5241924580972892
0.1848196531256292
0.1549291854349263
0.8594075644013808
0.48415175265897814
0.8963335181659549
0.08302765735994322
0.19225879175067895
0.15353926560434195
0.07912087237125298
0.6917582936575571
0.253374778458452
0.6699560530835124
0.5579693298865395
0.10654966584201431
0.7773204748198379
0.4658111093445525
0.013376269895395754
0.8446213265564814
0.2676137718227668
0.09216063085689774
0.9598917762225894
0.387862686746567
0.7087273491510584
0.999130784972534
0.1314031432256908
0.9904155913030842
0.7691578101018666
0.8690235986094812
0.27170217494565296
0.6456550870589666
0.10457097739556054
0.5741159642030617
0.10767290916686711
0.9818916079312684
0.6974694127909813
0.14024124568618157
0.864613331976067
0.4387305343968706
0.5226508131584247
0.19005029300109177
0.47346392704651175
0.3356544864538502
0.11339329534045073
0.09871366488927946
0.9926717396548348
0.7952631917236415
0.2168541591331241
0.983014974940474
0.3849781714885111
0.2950318654193974
0.8957815382694096
0.7687244342005978
0.42152848737019777
0.11394433898090794
0.12677209441495707
0.2580237081993899
0.9068030827165163
0.13371765828526871
0.8841230647476315
0.7717183070824428
0.12657755186873287
0.19524653026823613
0.6353145050588586
0.6417916296496584
0.15436836473740212
0.3832511280803751
0.9825506557218872
0.06738112732877077
0.5765492258732747
0.45737887239315467
0.8156545650519313
0.8935475923386996
0.5136942079154443
0.4353587584446512
0.4388257097831466
0.9867721776295848
0.7510063629678501
0.7161096838523474
0.4540163216022267
0.2976382180205208
0.7053521526798546
0.8866065957028938
0.011283582313301732
0.5970844756567638
0.834438792070066
0.33112697834445715
0.9682167696051293
0.7231554100997435
0.4753097054855355
0.4102176498837682
0.520621719654492
0.2224214333600284
0.6353241860613364
0.9891916651037261
0.8268623494645999
0.6086908247149467
0.23852112491255684
0.5491151358780588
0.1423770365320851
0.5549043673773445
0.40234656909445254
0.10972638628532749
0.359296144100268
0.4913176112388482
0.849563490243293
0.4927360008313878
0.32010209117544497
0.6244622218435452
0.29612429066950263
0.5636636224388354
0.6160460547501206
0.9490233445067483
0.35084501048126304
0.842250444126996
0.7735545126447394
0.8659357807806711
0.11873379441500587
0.8735661350099226
0.6179780291568738
0.19480062119927521
0.8039567750942805
0.06877910661188302
0.950365157519327
0.03907236642827694
0.06365072445653763
0.688063516836121
0.9924836152186344
0.12905400986799154
0.5836735956284206
0.39898834084326285
0.32242944046730326
0.6854680593608213
0.6348361500529498
0.6081486723102205
0.27073240860556946
0.9535115378361674
0.462957946785881
0.7426441163846108
0.9296343241696392
0.05676651441064162
0.3742801894110478
0.2855522328787683
0.843364397583824
0.3466877021282344
0.20838871299762596
