902980
0.4933920621015706
0.24065331718293925
0.12911106057587673
0.7852765705694041
0.3021191911759161
0.5744622814795307
0.5087784810540914
0.8486637889096791
0.7050671914263931
0.09551264804204362
0.9204765946078811
0.9965389392228655
0.6341329075331721
0.7979835901343769
0.37080143916200015
0.7044828453296927
0.4663563064982442
0.3224637931169344
0.010180279660750746
0.5921928921313505
0.1454228580442658
0.8698327908184573
0.5090144117482875
0.4639060110588378
0.5570472636004763
0.013638398955680975
0.31688040994796174
0.04948772389891587
0.8647780703217862
0.36594017661650335
0.8072499904324502
0.7883565346164139
0.45396774779972315
0.43280942354542806
0.9478392730614816
0.7758169885159774
0.5824420552248727
0.7685935240810217
0.3085998321996186
0.21430604922758512
0.29754771543688197
0.29343053739810754
0.7889913926876374
0.5318241300552338
0.7553137766322178
0.598857966494815
0.6809184529567214
0.9423823169256996
0.42031710623975926
0.8293132441486112
0.04136904595321045
0.8640883563688314
0.7992580560929882
0.8658113251931501
0.5321755193184214
0.5301961130710867
0.8409002304534235
0.6168936045302184
0.7060212131214636
0.6276347027337146
0.10484969760548257
0.08955397677099064
0.8566299846089097
0.3551527871076122
0.06016915668776979
0.4390730528706759
0.5909253867387815
0.8215088900508527
0.1806692732505233
0.4942255591793524
0.41008215483125776
0.15885854251764187
0.3667884552986117
0.29884432630413804
0.5528801343913171
0.5873358631986343
0.602069082069018
0.5308090780631788
0.35123796669704643
0.5208372247670733
0.2647951469513
0.14059964366537347
0.9590550120824727
0.3603970960226158
0.24060764527415468
0.2171812138123973
0.16530372420115813
0.3189539476006622
0.6504811612533598
0.8035073539587781
0.020883736355235993
0.6417253442568345
0.003560030672291492
0.6752864126888574
0.0042157293782362215
0.309008557553215
0.10340033359314849
0.8010726108814736
0.5492431176136177
0.24253365703625762
0.5656673374409203
0.8618071528925546
0.33817155715938596
0.7952138555945982
0.05431563701075226
0.6827928737184452
0.5557647639749757
0.19669676350775966
0.88703641284613
0.2001141236792522
0.2126142612798999
0.20377351837210989
0.3365122595764881
0.13297922537902707
0.9814339553607121
0.5857276019330471
0.8453120580135942
0.025370536802022947
0.8521749828979671
0.47620776523754726
0.831760484718515
0.4829464092643232
0.541013071818634
0.6283043004832244
0.5713668254848291
0.627969250834761
0.6090039549789485
0.44055749282871726
0.983649561479677
0.9447005370639723
0.40634877022824856
0.4146743687624974
0.6932152642520975
0.36977341816418374
0.5629243207235886
0.981601136224346
0.6319699456133424
0.46989217086686064
0.3673302999087176
0.11495609103439908
0.14871011956806035
0.7834978640542516
0.18637766529637756
0.2765153193610159
0.6832511391575644
0.8917244678509828
0.2417844682681871
0.1989488459872777
0.9817392453643697
0.2466003315751728
0.12301086451649745
0.5782661725093725
0.021725684388349875
0.824719585625517
0.5288453100698015
0.9413833919251443
0.27029788398528987
0.6354296699675019
0.6139177526594923
0.4028483545934154
0.4493986920363148
0.2675180111754012
0.39052974061745405
0.4788896936884165
0.9642250619630537
0.19361478963429501
0.41471165196060733
0.16694499740407065
0.8512744928076553
0.49919246599392075
0.8449931263771255
0.9495004155144322
0.7714700514250271
0.6164687569125624
0.882291746403758
0.7357133978964404
0.15518936129064176
0.9127156657368072
0.04411634114065355
0.48063006715213585
0.7029469602993503
0.5748987907863895
0.8625274693499557
0.38869167402770977
0.6485461999833788
0.9721532324572751
0.044895612427927056
0.4874800002158751
0.02823492760058377
0.38241961599299
0.5177028214546976
