4239005
0.6443347662735714
0.66539393783613
0.7414221608902792
0.3944185698095537
0.5375258924241235
0.14695398641235535
0.9898345400506288
0.05253100893176732
0.06520053869766884
0.44096621017186843
0.5536620962273392
0.053423044815794296
0.3690930927331101
0.2908006714606134
0.22804896967135058
0.11832118571661521
0.7577071462364897
0.46440107766745053
0.9028097499266762
0.7061329585554121
0.5763401691865644
0.8071443591484576
0.95485516335624
0.31516129796652725
0.15950779040814222
0.2011741610862644
0.9331094044082036
0.36337722035305653
0.04939387934092543
0.12140708873782868
0.7618653152209052
0.4193151370702861
0.2921156556465344
0.46702150157638433
0.6079556720134907
0.05023651432097631
0.9437655039580971
0.2773648739417621
0.8588467126875216
0.6481440542140015
0.7069440225590573
0.5381502494034033
0.5646892581437366
0.4882922985449969
0.4213711082099614
0.18088356836397945
0.17654594711268567
0.08507496908569001
0.9726353216439495
0.7474144870422784
0.4353021494861784
0.4797188223150721
0.8709622761925526
0.6447490104896243
0.5378038034519603
0.6024714810547768
0.21832856021319624
0.42274663206650553
0.9629734327093672
0.3861577511534807
0.3259077141024045
0.08982092490434035
0.7704937739739419
0.620843568218087
0.273084083388912
0.30946697462541894
0.2994142973649857
0.6761976301879776
0.12523584128926113
0.2357544180954384
0.09253671284818543
0.9594508992063044
0.942625104489291
0.9861602398273541
0.38132618352095615
0.9196450212423122
0.10418383686444121
0.453714517742432
0.45207320906113757
0.14472133049820668
0.3380789092381158
0.2879267312510351
0.9932393568151698
0.7520493908566368
0.8744715575784681
0.16231434854167004
0.11018834275165579
0.12382790000205768
0.7573487365186409
0.7358293396374976
0.4765658875577202
0.9490570446563882
0.37479236250924197
0.728220933004746
0.3695353203585747
0.6811000333366075
0.34613054691653833
0.45260906459319594
0.736172379080673
0.013409016385763528
0.13446608589288478
0.8155371986402714
0.4711512756654326
0.11474886640200621
0.4653362122796695
0.0952659881061596
0.6738448528068601
0.6119663579325253
0.993184268692589
0.16120412662761852
0.09340570002961412
0.5178551143794888
0.783541372371404
0.29939825173416856
0.20431832350351997
0.17271321412607532
0.527478541411626
0.4452009947492922
0.9040727872737807
0.15264856807658056
0.2468163139953573
0.7903605795871598
0.9671916411447059
0.6454088771309209
0.46547123913213106
0.8982074182573703
0.12434415964280576
0.19516752237357715
0.4512107646843353
0.9960117504846551
0.7785736027290813
0.6902236023909302
0.4207432462665813
0.9781370089936728
0.44408795306603843
0.8884781966868446
0.5167894102603118
0.17537770838992106
0.7196588793894375
0.8245717593245171
0.32613104700022766
0.10716874457061798
0.6992007618420353
0.2404957032284556
0.021489424336310736
0.09625174264774616
0.06811503252344553
0.6840426543037477
0.08050577529925895
0.7655543640392951
0.16251092869310957
0.5034104819309229
0.3432112187455151
0.9357714284040102
0.11414534525324582
0.4840894717071679
0.22877285758935606
0.4509512771270472
0.2872433933109245
0.4481246683422945
0.45222339477061446
0.8683629961895158
0.7878253196216246
0.13031495286716166
0.08272707774532095
0.8775903446414145
0.18178216639742661
0.6787761593838054
0.3615525030089143
0.9235370015018052
0.6855290743052365
0.3777356978990759
0.2314788085727978
0.16838305660626807
0.0020966860201223625
0.8174387950048272
0.9666041956081423
0.769519145496721
0.055335463550685526
0.05779332225451028
0.5014190323146248
0.04475746619211951
0.24419059951328992
0.9565265319498976
0.08494804373895004
0.8688401257093424
0.18543252742403782
0.6339201103142635
0.6151766667587195
0.7578674389179659
0.988593369384048
0.6500593884146051
0.09994118286418252
0.8444222369062588
0.31574211955476417
0.4040837095658306
0.15262154699686947
0.4101536445206828
0.5591548664209006
0.04674101392235119
0.07354402053736664
0.856608908599266
0.28731454425783687
0.8412801307812303
0.7210894150525335
0.21348107447627274
0.7005186574263667
0.53346293173317
