4863999
0.8767423200262903
0.9338305899597725
0.3817536164369113
0.8646190344884124
0.49934188620272424
0.652828951873404
0.3899467249595776
0.3136190464114633
0.4549044905715135
0.7890487843729481
0.5044029357335496
0.5931784326082512
0.8767294184187302
0.005694643004164668
0.019357645414607716
0.7913130653555231
0.5016956528327725
0.696008956529431
0.8814028696428786
0.1215457622799907
0.8253099831624714
0.6861524745919461
0.5905314226680937
0.838797648749504
0.16919321162920187
0.22088503077324062
0.533553714580841
0.7664321511520541
0.0851974984344962
0.20487384880933335
0.9180813353632564
0.3105848701773778
0.8219185651770635
0.20916164108967816
0.9427058696449883
0.9798768847942962
0.42468310905195406
0.8765601855099245
0.9925226485238149
0.7200691198347023
0.9271015131174923
0.4587896774256611
0.10511373813278024
0.6045433575561334
0.6119025246412269
0.6151509300869913
0.8087284073672167
0.6643825451187416
0.5627117622910506
0.8737834530676121
0.04918013370437202
0.5699326594280608
0.23511889890504534
0.4379718142839596
0.6312943328455275
0.060339777251219306
0.20232281290049547
0.02448830359222509
0.4715439280192286
0.11986661943632171
0.06499771987798308
0.6559157005732589
0.7881491254057962
0.2126119246913487
0.990507595524008
0.6855204312694726
0.3739312128306176
0.911549770164059
0.7307892312136975
0.49388234283888355
0.9293159773454257
0.5831080830581143
0.9917218887943484
0.5200012250517351
0.10952757354527198
0.49181989093987055
0.34971160571748905
0.09908606828701183
0.6971109508980007
0.7275784389552847
0.33495620986696717
0.3722996954293071
0.4138336917202624
0.6865114220135277
0.5976081960669637
0.806350964542015
0.9271405937901881
0.16345253070504429
0.8213018845962448
0.5233855193134148
0.47283702640177516
0.11665150935248869
0.2980438191197671
0.27589208565989476
0.2647659294385424
0.9640895222460782
0.6813469023477631
0.08178812656056389
0.5677044701852788
0.3568220359386921
0.9441842219154128
0.9883842868867407
0.9311609469474844
0.8770591682565042
0.6755135911066242
0.3837369630215841
0.6202919937304519
0.8731847455647956
0.41662159250295083
0.20738315266788532
0.8818033688513022
0.3357211728422689
0.34523872880284456
0.413924602716079
0.6585668441341737
0.1365114122260499
0.5990012841205208
0.004750123465134148
0.018443150710873213
0.9989417458837764
0.041125148060278005
0.288130063279431
0.7683189076958551
0.061218349950353135
0.8696310328225367
0.9751809100117642
0.4168734880487077
0.5421982792048206
0.7265812451640243
0.9403966483790391
0.38083049230366717
0.15586976206288494
0.6551045726081849
0.9799778612011644
0.5860278597378397
0.4977257572428424
0.6667542501492473
0.6195092224863629
0.5336845246638462
0.17872357222549695
0.7543018337542051
0.9274884189231215
0.07030907438411116
0.9074612685312489
0.4769262817375486
0.12789464135246342
0.5568328195636699
0.07393500944343956
0.01369556480019607
0.9515275274210167
0.7871966003040824
0.9761069932032234
0.5975227798582977
0.07119241517298103
0.21645019350003925
0.14840853810773535
0.5132364499972423
0.977424284807182
0.29409678786915383
0.8156959137339054
0.9135159998672279
0.8636772351655413
0.30549628687949204
0.34317629963389595
0.4282151696766957
0.6748828457486993
0.4285015359489668
0.89601402199136
0.33539640003264803
0.05434074144517387
0.3526719249874255
0.9595753819464512
0.25126019772219266
0.49720972947041675
0.8079343380715888
0.3983461962142666
0.07441808370961489
0.6470418266722094
0.4923462399902562
0.6372340805464698
0.06651904871455006
0.539575470488745
0.4882881680840758
0.1945056863269865
0.051412636495624
0.8300916693116848
0.258879492399547
0.4181623147279234
0.3150911550942096
0.2714764871409693
0.20741325997127136
0.4116703284655935
0.8365633841253963
0.37300207691995435
0.7380966420855486
0.3357391137899248
0.3061758120613701
0.7581712836943848
0.9661268753790685
0.4549316557045354
0.47850220016079315
0.12697113327068477
0.7808851685898847
0.3253625268600928
0.3236095405503199
0.9848301803363632
0.5025845522660402
0.030399610706700386
0.49145931474725146
0.9961518226597328
0.9425939395321294
0.7997936601658839
0.6694746731116964
0.48617404049208146
0.9627467437561116
0.44512612719428435
0.8224993368696327
0.8234021047637872
0.28763154253881207
0.603784721418778
0.5096254662960843
0.8553272205625092
0.11285975486257627
0.6206089895725222
0.7334095417024358
