2996466
0.5296400739807038
0.8470194112101851
0.6621023734434935
0.012834453370857646
0.8785661570909018
0.6517687616656892
0.38598382799694686
0.6337072910347679
0.7244319779181236
0.11620930922014983
0.12888262319431176
0.10741603002685018
0.5697978210718148
0.2920980722265967
0.6466430104966266
0.11971617563198933
0.8487042036572376
0.9549445679213384
0.7593984167130651
0.5516655545842687
0.9863151980530672
0.11797553889738588
0.15363567018283042
0.6000757739132575
0.31285327374044103
0.6734479101222306
0.7275036216081812
0.08830397795952216
0.961583687297194
0.6421857290198715
0.2402983235441526
0.13570477072069698
0.5491151060416628
0.47630921241681445
0.6695702776664882
0.6265508526827203
0.7493088504246694
0.3439299766534232
0.1721062468079526
0.3834006614055485
0.6103547647777073
0.14778759520757567
0.6995563756119506
0.15299313554355398
0.9728685098750864
0.5120115497447169
0.2751813363627724
0.7190709928247986
0.8228719283757792
0.08181665396389781
0.2486178216186432
0.14961427987112863
0.8732744289263543
0.07745093677498704
0.32142981507518553
0.22909864820269588
0.9361050830846934
0.6883167203141545
0.3463978766344329
0.06313676062642415
0.45419388660878257
0.520624080057857
0.8360590725687931
0.8339363648383702
0.2235886704320048
0.7255378573033315
0.45201759539719355
0.44688429344586755
0.3691207722838856
0.013576142162642801
0.2696501870044907
0.17745526153780755
0.31682632179032755
0.568401269070321
0.8219505458412754
0.7845052720905628
0.6767171235840792
0.8399882025952095
0.7028531659721627
0.08541298204385295
0.9490829676927353
0.871837904441936
0.08165787245588074
0.9221491043714365
0.24998636039081612
0.5758618165526529
0.5475659712910459
0.48202639945603265
0.2540241032287647
0.1540737295892538
0.8030446716589635
0.5176246612364381
0.9210156308891693
0.9568353359962124
0.43803320901233644
0.5327531143568696
0.30147201477971397
0.7610462766778158
0.9475353616813793
0.5840133488048233
0.6414021035990564
0.6597646947509231
0.9202621874034539
0.8390049625809903
0.909132944598869
0.1967360806818409
0.31195092167359817
0.26149449555261883
0.385701020255677
0.8341355064714806
0.9815407582798784
0.23205450438230146
0.15264609429839848
0.07315988301861154
0.20338553622732147
0.0035389922045186983
0.770018813123521
0.1378429479344262
0.7070408428750538
0.8526878097292826
0.6378273920248445
0.7417675371396527
0.43348174779072524
0.5053336759034806
0.6045490040724092
0.2619978898863595
0.9830658975023768
0.16756086583356733
0.07986961737434672
0.6741171398500846
0.32698566239512716
0.3160871677832645
0.6894064899603208
0.957816782220706
0.04193882367108526
0.017109488015581542
0.8661330789855963
0.13535160836293747
0.39599622846276505
0.8075012968702362
0.0950609104173945
0.18015380145333082
0.14227048635929052
0.6657929328838497
0.5650448228729283
0.4847976273030047
0.2757207631084633
0.2954451843999393
0.6798395679336865
0.7647237680824494
0.3303345792811184
0.8146645711170657
0.8740760008244217
0.5325051971652853
0.09916491716862874
0.5608141817070807
0.7419171188513648
0.4567220187352188
0.3078188423469742
0.31016044409737553
0.7251597642613595
0.5495815525382747
0.8531358202562409
0.14590462264082094
0.5608151217326266
0.9300833852259089
0.2542089795128426
0.4951221945183344
0.7097787941310847
0.10810629510635372
0.5485268676354088
0.38380680635106657
0.2956007341241512
0.07640326424725608
0.4746037617580514
0.7133768942662538
0.6284862398322559
0.17523886843537928
0.3773967565720139
0.7374141479262682
0.411484957738499
0.562471502838955
0.49759756163555524
0.8614195783866871
0.9305470196462682
0.9030083427830431
0.757019156083466
0.885949030266255
0.38653917673592864
0.370436297000999
0.11370418610749378
0.1582980733094359
0.3400381460397853
0.18090149468448535
0.6108430161690132
0.9379847143075277
0.7320972179526337
0.03588500659952354
0.7657852573984845
0.8039733770647622
0.13614376618218693
0.48587139419545
0.9040261701692113
0.5706559473132141
0.02561721857868926
0.4465594749554743
0.48253122044405594
0.16485986480990344
