1974620
0.4926493283479605
0.6677318462011345
0.04734749766104118
0.9443158342996012
0.7012758201371587
0.9626156542104365
0.41588427430781383
0.6498819208223212
0.5359655778820402
0.9541558308690686
0.34886136347564434
0.6441514641731169
0.8464757037285647
0.7785032492352255
0.30452245704575964
0.7648562573370262
0.1859544621654966
0.7629054317399884
0.7632534857773978
0.25569965008203377
0.8546241176021765
0.7248902368199082
0.28284143981663845
0.10859839196317889
0.6822931734830814
0.12236516586709423
0.011726146065322407
0.5864607840569396
0.1067390239542314
0.2568425336065371
0.12200776588404194
0.926766254012631
0.629654666494566
0.30369873488455246
0.6515485806535799
0.26290584618035795
0.8820983472476935
0.022056771748229842
0.24469972720453737
0.3434222071944065
0.8250328437575017
0.3673764024402969
0.45832100186559765
0.04567732161850191
0.8396572351238214
0.5212407695385136
0.540513917509766
0.903503831575511
0.43787853425311085
0.11257628527805563
0.4748113896723134
0.11068350276766481
0.6880266957144369
0.9775228319097692
0.6094338603783522
0.38243156315012616
0.9250365822125106
0.607868915124468
0.7234276198589976
0.7896529969466389
0.8890199281470114
0.9092800087398503
0.8337571635487534
0.7325461798953132
0.6613753000667352
0.9466420186316364
0.9000377967613862
0.017508057470869365
0.5719066918591519
0.3950415315579572
0.16205125144030785
0.13778067246165748
0.45954299262385156
0.19290645772634174
0.28378585654800403
0.8275034400140662
0.5724104374331197
0.09133609152674194
0.7660412050213624
0.1753927861803244
0.3079814669051578
0.8943852500418348
0.8716954829200833
0.37607333501956786
0.6584513498110676
0.2358734092706537
0.30981986096391445
0.8210205084081681
0.7623329312539591
0.41732040826267536
0.3409518877149401
0.02022969197518676
0.6270936799180512
0.5162888363886029
0.9328273184104342
0.7640911949356916
0.9918992913536776
0.7459727888933736
0.009185522047670314
0.5435736986145934
0.34166915814597365
0.5982125834271719
0.9699075220955724
0.025931679782423278
0.12462687333449685
0.25518966531411935
0.010735517643902792
0.559635278464893
0.9871141358047003
0.03163772840449286
0.1693892232045091
0.8895127572565261
0.4800157498817702
0.2846506740532355
0.8380101090179259
0.5732506651460839
0.5503087177011058
0.9248888950560978
0.266468265213626
0.47444258498540726
0.9428868014308491
0.8310011942509368
0.00628236855876263
0.9823383961317118
0.9936030981207644
0.3048374368238952
0.5749523577687253
0.45054033604255395
0.7079869091035409
0.22092888627186624
0.34612240249627435
0.9458048370049256
0.7421122556780197
0.7136151837458398
0.23936479647928766
0.9773236696902609
0.6614675264898712
0.6364121054956936
0.2548661612420251
0.6361409787678136
0.8076263627538206
0.7445777186456528
0.9262861646670464
0.2419018784118926
0.8852819264045491
0.4468932587143558
0.8753944822572932
0.15760504258203312
0.196445536532183
0.2709358433371396
0.9729694388864784
0.017053884203334868
0.868935386490556
0.431523450993314
0.3496969029951901
0.801566256959491
0.376229708304439
0.4261971140471632
0.5406274773260358
0.6995621036983726
0.5023917905090405
0.3795497874295163
0.5510610292395683
0.9989738966364581
0.9141840601347357
0.40035243449196745
0.30171261566098295
0.4767646157630273
0.29013030583041
0.914329136048725
0.8621628000182845
0.8066599328806064
0.4333299839013288
0.9535926728004378
0.33019765537239465
0.16441962408318012
0.8403051590499059
0.8611336576546721
0.07510756284175946
0.32612271425780703
0.5302909319150146
0.4373056109617307
0.18530733810893618
0.6707711140699384
0.6997107597230762
0.07408158131020937
0.9882197813274496
0.7176665445353066
0.2974488895022559
0.741164126604488
0.3154410240744693
0.609825835348183
0.5855663973129768
0.5816646356373041
0.027054064006372003
0.5920807800416992
0.30167744555639653
0.9552238458793446
0.8671472648568253
0.08769623432937024
0.10435093410205354
0.780139563617747
0.206046441997914
0.43194371153312205
0.8020649792515098
0.15743775748826572
