2905708
0.08153900313382734
0.5458017613358458
0.8990353726188689
0.5115159190457473
0.899578601797905
0.13870906318594567
0.19537009479815803
0.6094148144713968
0.21344153117492992
0.5885036113215747
0.4226805861933469
0.253488825168384
0.2857964139417276
0.07816967773258765
0.8997947173770008
0.6439767793108422
0.6542319449858893
0.49318225969172824
0.47309877990156257
0.6678857604863742
0.097055189464481
0.0073760555738296985
0.5981024707048116
0.3556560180651238
0.32682353557321064
0.9855067997396872
0.5386922949259222
0.26686263578606173
0.5236119307309858
0.09564102388194451
0.12337593944922154
0.3323551189020615
0.9686614478501342
0.5538063264660473
0.4533252269864909
0.784775161432126
0.22073471912304732
0.6386785828702042
0.42848074027323046
0.3941102289082352
0.8973857878824135
0.3748590282117956
0.13940139658170714
0.9252400440789119
0.704728218288324
0.22096168985262776
0.7815519126884377
0.5541563896390501
0.5486328680963551
0.3818758667517004
0.6944595538112088
0.23116160517698592
0.5658956623942863
0.5460167241559172
0.7489511615299211
0.9343857246390511
0.8040673812537074
0.8358926210198095
0.681767834524593
0.45697872642201853
0.8445026343126277
0.6848972555276968
0.8981867661621573
0.6028772603005655
0.09439243980116119
0.9474598920401204
0.9256016255682972
0.2920725503628737
0.7091544506977862
0.315393643369804
0.02733617825341017
0.7078107660791791
0.35182270438921903
0.9523952631485895
0.26230475049181257
0.011995041836000087
0.2297250612095122
0.7664317891232001
0.5415848542880741
0.07213636242317811
0.5265012641390812
0.9722140579859596
0.9116493475695497
0.6943103288766973
0.4405798160167771
0.09994965679569612
0.05362406767860817
0.9077176184317052
0.6426980118613019
0.7359646445805611
0.6417236014130661
0.750419401649136
0.6451013544874545
0.7240617610104738
0.4086129565058282
0.7650886651471318
0.9088609550900609
0.053607004214219045
0.1094333974631756
0.08129538261492242
0.068327500498084
0.4415666563184385
0.19358536828385153
0.0629913126861299
0.0077806669336706324
0.7290002090831477
0.552997789139608
0.6496829939657951
0.29789191104295865
0.7360064297985708
0.8002756366740569
0.3058048682857558
0.33701892671056954
0.8703165849008596
0.8343485445449742
0.25775972123443025
0.6162862537547336
0.6784435291550794
0.21751990403684118
0.5459706929504365
0.810748162808322
0.8506834716356161
0.4895213840143695
0.25217675226880576
0.4120189215591693
0.11370601786973744
0.6136820681521523
0.6226174842361997
0.8617971434373957
0.11010202699522764
0.8556440133096528
0.23561557585875226
0.22383423235776423
0.17074485803303052
0.5613670303346675
0.2912363461320112
0.5107782569924754
0.7652506982690842
0.8306754296978256
0.37452695464257746
0.8693746649803014
0.1903988398138886
0.8563932275884593
0.009119911916341983
0.14689174494813062
0.42987716961198585
0.8517301499080878
0.6372629125180211
0.8455170813977221
0.05404356502220786
0.7517281432795295
0.09081455801697791
0.09534538744497711
0.6151141970005601
0.1001200212469634
0.026051563485251283
0.5535682104313822
0.1190114257685232
0.3824148844707158
0.15685502530072648
0.9009784271623191
0.5272776351397814
0.10151284713331077
0.7121736223550629
0.48692063945410646
0.8166016435309612
0.5177744535428087
0.4314128609572747
0.6640156608147859
0.8720102305767508
0.6190497399080429
0.7020660936339623
0.4753115366599321
0.9827091513217163
0.4759066043904636
0.8849005739753643
0.1539000972281358
0.7488376340229922
0.2640528594947814
0.045286301949166496
0.6252603024451218
0.0034087990187960937
0.4310907392081609
0.2638954253715551
0.7716475924655322
0.8746457961227119
0.8911356360571595
0.009553201364489228
0.1845332238632058
0.13176947861514854
0.15609824166610164
0.945712456629401
0.9093331984516588
0.30978867897615103
0.26592147561498636
0.9205714176393118
0.9766989621113462
0.059099800008293846
0.6068909401210892
0.7703264356114881
0.7318432204518717
0.8470674156021517
0.7598878986709208
0.7746285537706121
0.6328080217589278
0.5823412138795092
0.30632701742612933
0.9544329783997194
0.6067406635030357
0.33570568211060825
0.821357761364082
0.8688101852932123
0.9943764281404153
0.5605033771796027
0.9000041267094089
0.9058495181866927
0.5240291593677862
0.8291467790612805
0.7753410282591721
0.9833666730659799
0.42145444433723167
