1525388
0.05089905841465692
0.11222790233070967
0.3305849579842669
0.8694781119112825
0.4731262493748206
0.011947647632383873
0.37677840643614924
0.6494035131967426
0.07496396617028134
0.8930116546799967
0.450497875963341
0.7745887046421658
0.2030817738206232
0.19191637701616038
0.36354481532965843
0.08857582629897953
0.9687534366686904
0.3906138652862423
0.5734929822552539
0.3778760476066316
0.9391057146005072
0.5739283128855456
0.4533626514297897
0.11280862807021319
0.6068766971169095
0.43043254743867976
0.5839010582900194
0.36997014359088687
0.4839675488644294
0.47578938924910685
0.5278033861434308
0.7189449830181935
0.20022459833717554
0.7522449354494702
0.7237536943859608
0.7241150043383223
0.8355937505314851
0.7053693542312365
0.7164582912155414
0.43710204080751003
0.6878675008175509
0.24191400059811208
0.9189884727992723
0.5065010936110619
0.559373128854159
0.05778781078145856
0.12274406850891961
0.3630674357364303
0.8263452638001888
0.17942424476502483
0.3420502178524114
0.0471674572846672
0.5886270801681166
0.7720299795082434
0.931070099407082
0.8665731481542344
0.007026771169449053
0.9443466404265461
0.1488627993092776
0.21885924698091475
0.988372534780763
0.2302784782431473
0.7919490469217866
0.03839245646168665
0.22363124276372848
0.1766432797555736
0.9793484630580297
0.7419769289903861
0.8402178613189408
0.9504472781882313
0.12462521635100376
0.02473619894386414
0.34345608749009937
0.03890291387242206
0.1848340849996437
0.8037111454188719
0.4663832524713796
0.020361076478809137
0.9843893733296407
0.23626212083273979
0.4134130989507837
0.5506326130717298
0.49515367247980835
0.43883772065579796
0.10920200878234632
0.17773205869830744
8.615789666192031E-4
0.20895923052893417
0.8689996251544649
0.4831931004099539
0.40087233891356333
0.052909016141856946
0.04630364279902477
0.22395845921232027
0.835166911085487
0.4529837880030343
0.49298364458969013
0.005934643257282324
0.20984534372558272
0.5719394763195879
0.8516472394854385
0.5218917812189972
0.06263998650191427
0.05962160030499686
0.38602460853832343
0.7527107989567176
0.12870880384686156
0.6979364674230519
0.6064382468737985
0.32460561734461557
0.7226140577293254
0.7458225660342417
0.14343492062565522
0.2834285061721259
0.697967098267746
0.7865979634677734
0.4099091661795159
0.21916499504849873
0.24395811570165404
0.6806871075382602
0.7098476256734937
0.23065215223069513
0.8487356752479802
0.6169429463504655
0.013418996631718527
0.431727563066314
0.14765787706494615
0.6290771770225915
0.41256852115001597
0.6781138622082428
0.8965669399212581
0.9905176489525654
0.23655973751011938
0.09168785794482459
0.8482035568514003
0.1132994142331133
0.9067740939299802
0.005062370509369751
0.729089446790448
0.05409164324566251
0.5749251840854834
0.4564659693097206
0.1807305070044718
0.8783097867601691
0.9639350850909774
0.6960333743325416
0.18434610893763625
0.22399574786851895
0.5705825933083567
0.009825882254663076
0.7809194398286916
0.44816956057175994
0.6372959621353005
0.6834283040691541
0.30052065975117215
0.5285957332689856
0.9211884867918071
0.040745025712669136
0.8927974258432126
0.7336812462723872
0.18490869670611476
0.6086811012627973
0.9471599028834318
0.647454020976051
0.9454473092678791
0.1422998439273795
0.17968151581245984
0.9115995837950077
0.3862482427596531
0.7149393135231843
0.9953354541042679
0.753806027859039
0.3171278393018916
0.17110781476353598
0.07145407238810941
0.8189733229109427
0.2650447851767169
0.0148683088171927
0.8833876708464224
0.43967900475945365
0.2672143317660707
0.005237590536979142
0.8884243311282997
0.33404582530005844
0.3303256277918084
0.4801096476441574
0.9921073650846812
0.8832295353363636
0.7241206217612236
0.07926113669073198
0.43809137085118144
0.4054780634885806
0.10053538653521288
0.2299036355940104
0.45177471604939534
0.5185852652800863
0.23067203276499837
0.9802048289871979
0.45706125162263456
0.7494392028279623
0.06709335836759656
0.22567444381328083
0.17179859109841644
0.39817708697016396
0.6212133740207614
0.33975079489395876
0.32156687349839796
0.9480412083460851
0.08061649980271335
0.6818341685723656
0.24289714972540632
0.09588452716827023
0.8720327512160654
0.33246462021016787
0.5187207274811763
0.6946765419140288
0.910444955145616
