1686767
0.044520170452521546
0.16979443021850926
0.0014229089659667515
0.7203653318482246
0.9500523499350706
0.619649922608927
0.06819318746753678
0.4525788532232504
0.4164437363573491
0.2965707084135337
0.399771598813939
0.9429840731826132
0.5874706518659416
0.5854980108490854
0.8898751171586076
0.9956827027600073
0.6886466039100646
0.24248709054383988
0.9070241794307184
0.690905160307644
0.5399149069568633
0.39923919423105814
0.6736315708378984
0.06975492326247512
0.9903590354943187
0.6108085759137601
0.9256695877146244
0.27225529315063957
0.027848140824681122
0.49401068664855274
0.5773865367279898
0.3834547390376085
0.7454678990399336
0.3160428722451607
0.3205430479052712
0.5597174394178906
0.9085232935540823
0.4056824824236276
0.02282786733182607
0.8460820006007
0.4561461988290316
0.7168588970067863
0.469371015577142
0.7426156945358771
0.6724373627933664
0.46732888886588375
0.23437143657371984
0.127028088356004
0.6058864155520688
0.14691631476584477
0.2880325284278017
0.5039209824044891
0.9569985102737348
0.9111494769921586
0.07161760731643141
0.03421146000235109
0.4980186650843679
0.3124749410255835
0.9200176115029016
0.6792641781184883
0.5803320217201751
0.1944904878064071
0.5258498600503294
0.08299881814335075
0.18931241901277363
0.13908277374641465
0.5022328542132364
0.10354399490342381
0.5401973118065995
0.47096893672144025
0.3307124906066794
0.9405606643562523
0.07978743741852157
0.31076501674043033
0.9197687708715516
0.8826474879732341
0.4698194598324401
0.20126986366040356
0.8956706617749464
0.8730191675883565
0.7341455459274481
0.5718448569967617
0.7809720370537677
0.9376339140514971
0.43813007754051747
0.5984079023444882
0.23966490434424792
0.6659926362648141
0.437149962542705
0.9726029392890465
0.8806168107062019
0.3777818227681693
0.3322358523618424
0.36199028822707835
0.5363540366915255
0.26631659211791914
0.880045106864864
0.42649457344649444
0.06210162444027134
0.09827779499177502
0.5737344993611987
0.44385663670562137
0.3911455619248114
0.8760581205195626
0.14995711035624582
0.17130936333771019
0.21950034819750674
0.9255946263249688
0.7448624020566308
0.7366125346845459
0.23903188171774714
0.09282181683453594
0.33510626533166854
0.030718335242221118
0.8842793269062857
0.7947075714006715
0.38482544370993577
0.3376528714297491
0.9090079701899934
0.7171992101728152
0.791791192474862
0.3498766228656631
0.5935029204104112
0.08800090892208867
0.06891043208315539
0.5925127112389402
0.02932751673136147
0.8594261442772457
0.3245489892895108
0.35729572362941164
0.3271788581664353
0.9558680552445546
0.7301065524793395
0.4807926168356562
0.47629454292749607
0.1887841304411667
0.6059349485816102
0.240300064885544
0.22418120230614225
0.4712905565682822
0.1082269463666784
0.7649037375729827
0.5401472691928729
0.7516017355471195
0.9076433821825457
0.4915877624195448
0.5628261659665176
0.946089981053402
0.4419185983531484
0.7614683792365562
0.9248448013657605
0.1623279082860134
0.324956973571943
0.9971477152412342
0.19618352408876594
0.9146222869570324
0.6555312598846427
0.09335022869749321
0.4035371369937716
0.5818031974933214
0.9730867094148945
0.9223339079128524
0.8335783140737991
0.4352805074262529
0.2510555478485913
0.37466116522615545
0.9796556178506061
0.24187155004380534
0.8222009318140462
0.9172747730780386
0.4204802786557499
0.5882160913126099
0.6704767695509154
0.7011218340565694
0.5075633264260074
0.5414521668358756
0.3421679054198332
0.7461904081647357
0.888873680184763
0.869808604845239
0.48323278339263354
0.6562056665647739
0.4564756133461927
0.7910268190610567
0.14060698455426712
0.6253669002133573
0.2920171159449869
0.24050459895611187
0.07651602258148615
0.18244618216602637
0.8956798480316743
0.5067404526284623
0.16041183253965163
0.04445676022180445
0.07147874772792462
0.8957749880059681
