1555744
0.08348683673627033
0.9553901572802675
0.2982916302863402
0.9997478618831928
0.5333280517789286
0.412639129823957
0.78575794032677
0.29988772146443277
0.6477338043021016
0.30107310119650477
0.18065807346304952
0.32013817744576667
0.4722878435587814
0.8025053740345156
0.059102588356898855
0.6078996262363535
0.49932292195841754
0.9070946478880789
0.1140911515051487
0.051297115730650655
0.9723567079688605
0.7715366245012426
0.34347629306590255
0.14046934395572142
0.2250224747779621
0.40969020828044467
0.6521644705179073
0.025490811836341276
0.921001076176431
0.9204951897148338
0.5197931896126006
0.6517990020287552
0.4289518330351322
0.6191039384670122
0.38877282224478493
0.5988083300313312
0.9434021538498621
0.6169011762106995
0.281847343026145
0.8883392559854139
0.13226124715511656
0.33669018931894956
0.45966201451170485
0.11852207239264301
0.5322589215736699
0.5024419469391836
0.603680503804253
0.7038930626302279
0.7025071491918178
0.15711518618230624
0.5248553883553997
0.49919186122294024
0.9305160426597812
0.6943673792473808
0.9631943432493807
0.7612248534837686
0.5893719565970211
0.1387316470284622
0.2644486629701749
0.8285723805727769
0.48758493040115314
0.9083566845888993
0.4104835729717491
0.8247393530905848
0.4024692968261173
0.14194192542765782
0.8978936935381855
0.4074136728475227
0.3299473792448637
0.2304346748205075
0.9378166134660075
0.8502418259301074
0.3497567144227234
0.9243368207822562
0.9706428572580019
0.48517325216785967
0.1378317649206523
0.306737132470542
0.6966130631373361
0.07083865271023204
0.2213291306931331
0.8078621257955169
0.5349957148500456
0.9681837435495669
0.6983297409731928
0.695017335555795
0.1982708354837791
0.7039682041845912
0.0419168458621163
0.1653723580757528
0.22919149593545263
0.711972236995437
0.7792048260129913
0.7929938912404914
0.9016241391207976
0.6028727983950735
0.3323000062840773
0.20778596233768432
0.4541420235700647
0.45570767124172773
0.6469338281029657
0.33393410611118957
0.7743645919499814
0.07433872686457954
0.6905269708285923
0.861646651406082
0.6624791975620345
0.7678645961074317
0.712097520473507
0.30120085410440545
0.7967782286120658
0.5869497559262454
0.6050080111005586
0.11986849968285584
0.9780062893099815
0.9223732705552241
0.06209083320715236
0.49893840791060307
0.7744090414731527
0.7956309076573191
0.695133887936311
0.12290662608496172
0.4651837053033838
0.15355410554930604
0.10609196184378744
0.693897534422397
0.7889559230101791
0.6663855045719398
0.41951432984475134
0.4593418967397853
0.745844492157251
0.33854197986508383
0.6843192498659136
0.046110929536737566
0.19970758987239667
0.21422445237604737
0.9515951405368024
0.5672176715029288
0.5193404569617106
0.5617919834324728
0.5023511328920441
0.20757327604293285
0.23832192038782296
0.6935901459405175
0.7362833507243154
0.3641123575856332
0.8481507189354647
0.6147445189691063
0.45738584806678473
0.9530228703595772
0.43381224454687983
0.6637810420905997
0.18636161834540543
0.32716517388496835
0.6612237390273348
0.5409253128014224
0.02177511809561017
0.7906443668075389
0.02363929890566807
0.30239563485884025
0.7890245684833246
0.7739075569910109
0.6105254478570393
0.5045540688323559
0.5212081550394854
0.3929545236034703
0.5373949549618273
0.9244192520518085
0.9516636407519302
0.12753530926480305
0.6077956377219654
0.3237647047875377
0.18717517484411939
0.7122480086466682
0.5142344386361736
0.08272885852423684
0.051425178974594865
0.8818769668510176
0.2461481653098604
0.6880783537833639
0.7613989715593326
0.8800488677589221
0.6090681635901333
0.38691766821484197
0.20271512102893907
0.1327573281054597
0.03418439239103055
0.20134657182126958
0.9406187255379594
0.05978706779882259
0.7220656940414676
0.08050880712143194
0.5647086008975981
0.16425183536324883
0.22104682889622607
0.45256625212549106
0.16060361351291286
0.5550128151623929
0.9933753777490952
0.36710836459862284
0.46546514491880064
0.5432186899196125
0.6511775275093836
0.2176832999348387
0.3628300859840833
