1699897
0.46816076224913283
0.26663011092099653
0.5162741092593778
0.7250468475613303
0.5041367037636717
0.6552155523380935
0.7230433372535304
0.5992174171666875
0.5304626970949012
0.8274970570106797
0.6187923250362863
0.3788034035379625
0.9815007681684873
0.16524577373359728
0.6549902212948111
0.06465190823387057
0.10004284314134437
0.6137941707062206
0.36722347394799837
0.07253285083809846
0.9485391190225738
0.49708141629902414
0.5235448546912825
0.16720816852094045
0.41123268250119327
0.32700355665469405
0.8390403014777073
0.8833913287348534
0.9953436220030655
0.020690310154591662
0.6009280882487866
0.5565140457760445
0.3717861616911855
0.8284492923768023
0.03148596976800655
0.8329488637909895
0.46263110777765615
0.031799780047326975
0.06255699291373262
0.9142301884518033
0.6428647701660833
0.12469458136241052
0.578837179066614
0.3043653011624383
0.7121246960293567
0.7126466324707501
0.21418012396062314
0.17148642351835985
0.9996333310949612
0.6022217508485733
0.33883251492920874
0.3622754553198455
0.1366662499033673
0.6710612624775377
0.37807858193308896
0.8983657384163739
0.018226169062782294
0.030418351145534595
0.18728302963169852
0.9562782695422065
0.7072799179836453
0.28298361667572247
0.07728715419090026
0.962823036614781
0.416903239334801
0.5095854982258867
0.26619031697015905
0.24223400056812905
0.3080381675708961
0.9192564346942842
0.23608002199401057
0.4285931677044761
0.9453108375757708
0.9281836509440793
0.7231729314682201
0.2652491852090979
0.6275524397459429
0.5205958579527774
0.020058917343304228
0.8722259750317192
0.9918694842401571
0.026009060142953566
0.5537026203290045
0.22668354900749177
0.7619078130680762
0.029929986996192426
0.591285257780975
0.7417405835305928
0.6443788688629416
0.7166208408622696
0.6251757278300194
0.24045643553788543
0.20481573179196955
0.8083777294932155
0.09256753261164818
0.11064496641887822
0.6257007451009509
0.7473313415031454
0.48924259920737245
0.7671312785073129
0.41891564676633863
0.11807645184298465
0.48996477368081215
0.118890265384751
0.5121099730949857
0.07093203147788785
0.5167144353787813
0.4142675585909694
0.7664987207779771
0.6207888469684828
0.3735701868455289
0.17090933413751597
0.2007878305705355
0.9507134124320021
0.14953487584303382
0.5005742322387856
0.7477913992749191
0.17944042862174014
0.5099506559590392
0.797471575316123
0.9431744360370874
0.9186191696708935
0.8258681497873205
0.15265384553617356
0.9044897180178219
0.5801019144249363
0.9247238083425001
0.9172477125688088
0.33573744920502147
0.11739114276624285
0.9189887390183831
0.64136608576204
0.7629937513145364
0.9748487773909786
0.339152909003262
0.6853814167299337
0.5228158853007854
0.54633138717321
0.22599383817170082
0.6068798091334224
0.010898559882500214
0.6081795417251912
0.5764705382735484
0.30931505934974324
0.3826300390629517
0.49292842501795486
0.8961606533603963
0.801340846202916
0.820235863449798
0.2521044993315875
0.21066978393246139
0.04657400829554148
0.2485542487476965
0.12924564035986674
0.11251997979372697
0.5660339405425907
0.9848928523315372
0.390440837478091
0.05751925755661269
0.11592288999937983
0.17304226387052746
0.7401793039213029
0.1872971971711621
0.6171491148360911
0.2526521511858989
0.2655792640910104
0.9133773805261189
0.7126614636594258
0.011936211641619954
0.28843948169905753
0.9868052664345964
0.8221629786640823
0.8017658381581473
0.8289149756296829
0.5690627723943439
0.6905957884129731
0.34485820634472075
0.2367667766618503
0.1850576441424987
0.9519315805391889
0.3406671138580245
0.8612990629920597
0.727911108149376
0.7928947068695327
0.267463418952538
0.7470532856205906
0.8835958587395556
0.6384010967421129
0.4352712083997915
0.08793369426038755
0.5697673535086161
0.5573983524797043
0.6905173174817812
0.30458574478205835
0.7264287385109673
0.34204275851483745
0.23597288999496557
