2092834
0.3749097500187476
0.3513802652704109
0.15976393721262072
0.4134575445597697
0.27862814747217757
0.6546991766548643
0.42267084643965047
0.041802057275362015
0.7612544584842579
0.5893207984262753
0.7694822422236385
0.5933873085646612
0.836234455777774
0.5692721545572312
0.3234986916399285
0.6170499054664431
0.03790771417512462
0.27803392997382026
0.698550925409669
0.606844319642406
0.35013347187680743
0.5356814119583677
0.08584686369834604
0.18905023318514558
0.8854780005208164
0.38778800171628036
0.633757716053092
0.37224166503855716
0.2916349374057646
0.6006578904404193
0.11074637910125062
0.18303487674633456
0.3628331409993696
0.07858572231366823
0.9668410346318055
0.9909322508146746
0.931456837281897
0.5791529485273169
0.3557455932044795
0.15890770860879933
0.3489263305436574
0.5866833653714354
0.0279202626768682
0.5353601462148689
0.05888375309948779
0.3757600526571101
0.7944926996797322
0.4250400647589033
0.8362293402033348
0.11367772660403741
0.6446599610166197
0.7571309617351328
0.9364475771735162
0.06469218493335338
0.6568203986396909
0.8687972054724822
0.9983772276513379
0.774982514521578
0.050841027138585404
0.5980443506044112
0.7253025420060542
0.5419838398970174
0.8232818530460237
0.044496191736489665
0.5138006923040142
0.9685700985372344
0.6483257009816208
0.5252908664429716
0.2330943136494792
0.27844014966012254
0.06526717644749203
0.40184259911139664
0.9887977684647637
0.06232211592043413
0.2789919367358217
0.7359709797629568
0.5125712881724309
0.7834323749069015
0.39383156024034527
0.9385313289278139
0.7673195292355839
0.08093406456185692
0.4257649328033697
0.7630069913916959
0.4840270684050626
0.29784991452816034
0.6642155982962481
0.6882484569588787
0.2848424226974988
0.16100436020505582
0.4264983084080949
0.32865697783464565
0.4296469129802112
0.8779216582824655
0.4021920854248803
0.4292570697490121
0.050226440651707116
0.8146751959290902
0.6970349781161503
0.5228782884657565
0.5658852918843978
0.3642565560328431
0.7542144990628841
0.46497634428812273
0.9518928190411446
0.04771794279563846
0.45794961063557493
0.7088288201992378
0.14195610961262195
0.3325296556520103
0.7610515027700459
0.04035282191644607
0.8034858971996677
0.24055255463255587
0.24611936733127182
0.057090356197002534
0.6629489969658564
0.731926388345562
0.7342367598000519
0.42655527221682943
0.4439236412946703
0.8298069930297661
0.9077491385504487
0.02422612520621248
0.8910937149937486
0.2075042785413983
0.5391051654323298
0.9884054800005505
0.47464904323657375
0.3676170177330499
0.6778116948264837
0.4259678030240629
0.9353437814892755
0.7529637678801198
0.15826095272009866
0.04324098622966388
0.010546172448059665
0.26391039517777115
0.946432381044864
0.7818843497075568
0.785625747790205
0.16480298470537091
0.8938309096679757
0.4264760590064275
0.580497133217514
0.36042806724931586
0.1620904895620653
0.5886131175474657
0.08071586778990125
0.20693369238480164
0.0601031215041945
0.1490456903218632
0.8916648436376367
0.8503039364845054
0.03406424987102674
0.030383797608474872
0.03713611197169886
0.04813129454345688
0.40075223419396033
0.4082477651496994
0.7713685720438179
0.5833118099623579
0.04606819534321083
0.5344781481139917
0.23335539151895746
0.6893528683519629
0.618286420352252
0.5470842749418514
0.5205963861716696
0.40078800388819624
0.08867955694909446
0.156921330310558
0.9712117308135993
0.8393406139163269
0.8409875634128947
0.6763430974082255
0.17257063241508153
0.11859640316822351
0.1354943247284357
0.8226417896409822
0.8658821018644538
0.14515730496114188
0.08301487465650925
0.4400653810863916
0.4858074925046447
0.05766377546931978
0.34179399041593117
0.31463823687909975
0.6314542752263843
0.3136198433429441
0.873456875768382
0.5647568948253435
0.8173413195054431
0.8813315673360395
0.6259826493032997
0.5818840768843623
0.82524568235265
0.10610364112701698
0.39160997101550243
0.014135387860620185
0.33158879677035813
0.9583212058523921
0.7445388286455022
0.7439205488864935
0.4789024425301708
0.9733609838357038
0.7705797017848811
0.4757707084688473
