1806131
0.20479038640947844
0.47833550015610693
0.3514424551018589
0.19160899916674068
0.7609564240216896
0.6501307809214377
0.6438901085905729
0.8792964589648342
0.1068701005112962
0.5225196840754028
0.15024830813063428
0.07565213117691172
0.2522330976046463
0.9883770353083337
0.7799638018020911
0.2432178720068351
0.2323183135161757
0.17428869788512635
0.7448926856882718
0.6857859771334361
0.2516907734680168
0.9993576848751736
0.34767375618572727
0.9537223250600915
0.8518679250945935
0.9361559049743823
0.1819201027332017
0.2164817048178569
0.5628655868725928
0.7084877247070163
0.5165160440029385
0.7857659767054563
0.7408056154698396
0.6502671774247836
0.32351704684242577
0.08136087147594406
0.5443904970329486
0.5628147152210395
0.21912468038249844
0.4940129889724144
0.9149985162624882
0.44191900630544856
0.7094439307931532
0.13827221742456375
0.6091023522582685
0.43384868920147435
0.2316352251717022
0.5339224506831336
0.05484850430332755
0.10308925857818485
0.6243957541044941
0.7727226717127502
0.23349812500707567
0.12333750469347826
0.7686088786209583
0.20631938694073482
0.7282086780510356
0.6728612591404325
0.6617953256120128
0.3745295126361262
0.014271526907200238
0.3540376114086268
0.3518945190829669
0.3498190454699258
0.23135562576738156
0.9132867076321922
0.19376387168604603
0.14585257208226998
0.032533822911830046
0.6621790464896948
0.6173886404935822
0.6720619639803437
0.06334877569566089
0.9740028467796489
0.10920496849296002
0.04648544347010819
0.6072563651720906
0.3207795558929728
0.097900135725843
0.926837119003396
0.27903539904585195
0.8515870966555343
0.18845402632749886
0.19506771620691388
0.8531203714035959
0.12982823143778188
0.16639513024438946
0.018167075488923823
0.025817063249419125
0.5697517692789903
0.3063276551635541
0.10339176951090889
0.5146560793172789
0.864366617708088
0.6658426874191081
0.5487673456856704
0.3016098828232373
0.992146322886149
0.8378355978606893
0.8273692639156384
0.1968123620000113
0.6227053875696358
0.5825772333716264
0.1745355570195697
0.36177235803857244
0.08731536944516938
0.10699232140771187
0.9026824742854641
0.1571080626880207
0.7110034310688507
0.9619687218697821
0.2497355796736892
0.5724410162816344
0.5331791284808791
0.24408507810200586
0.8057158138954027
0.9261975787245055
0.5853250036444994
0.23250021138162236
0.18311171899942358
0.9200134006566327
0.8338176492947998
0.02651416274621521
0.2987363877749357
0.673260289273983
0.3179104168254764
0.7265513165664229
0.5558084562274265
0.04285670911397621
0.2024163528929771
0.2553774298964435
0.8733916113659522
0.19347525842513824
0.3334547803527347
0.9118275738518999
0.3721776412002382
0.4105827497495069
0.7984834896966928
0.8446784040599014
0.9959421125639659
0.8215199937678958
0.9562225479696063
0.3097574532096151
0.5852913816371998
0.6458959951834777
0.6183804733990184
0.6369015599866222
0.3621379902747799
0.8524768770881018
0.08286648761379378
0.4677745139079491
0.8924490600140034
0.043394319309355334
0.13217814269912942
0.53390352676891
0.5623838591516871
0.24595956478974135
0.21809262681506147
0.3635022709527881
0.9297104382110746
0.1223939884501718
0.40977666012784475
0.3060883190735746
0.05431452528437031
0.34204981307529847
0.9889725435644894
0.6101176098614564
0.5104834216998816
0.04417494326781435
0.8294175267842512
0.7778418726131242
0.7751415007906288
0.8084656101302782
0.8472276407949403
0.546380885557275
0.6628189528878736
0.5352077314730349
0.5643351432169962
0.5811131935859577
0.13868609827498524
0.6624297095495707
0.23919113276488813
0.2691464276816582
0.8843768441223798
0.5113182832204964
0.9350584390575967
0.8172003377146086
0.2802883388655387
0.8420789262508132
0.5021020198804576
0.2577596615075788
0.9991752958624902
0.2860743699472501
0.08828234366791843
0.7051918772187508
0.203894117399394
0.40391941569300127
0.872552688879396
0.05361116759368889
0.3170943011297832
0.9541218749187138
0.8821784042544776
0.44251075260385453
0.733755661592424
0.6728696569514979
0.029138944437913983
0.023732950602410985
0.28337377449359946
0.8879351029354021
0.7150406848111966
0.4188332368608094
0.08348354612548914
0.5768585732428934
0.9945479536933562
0.7970423829442541
