1591990
0.9244266893390641
0.42017862372555737
0.9424459584506288
0.17597268607874395
0.36795789353770547
0.03331452438298843
0.5669394840959899
0.26596056468693796
0.5923633355520869
0.6488929619901342
0.2799642463529348
0.06774885982489631
0.95832264097413
0.5790658360969491
0.7367026866705942
0.8587758167575967
0.990565996282595
0.07363062695987588
0.6850333220054142
0.9120809776232662
0.3996152869898888
0.027900833415023807
0.6034756409870243
0.2894143981635695
0.7006204197738959
0.6189697894126098
0.10525243105209958
0.3187356495703165
0.44243579713819714
0.5170598739626474
0.35514120708716157
0.9727556759353856
0.482540397238139
0.3422187847689553
0.2170941325289949
0.28434993383655394
0.767468911290088
0.30486571432419707
0.7185172581530416
0.03223787077168061
0.41687092318927477
0.39042653438480124
0.8791206884730655
0.8403321099997167
0.6700736354679832
0.6220993374347477
0.8127557917900853
0.2340550210922947
0.030825500515217374
0.5966792581470154
0.1075401489389104
0.4847417233077711
0.06988067047246849
0.6757247471736287
0.11436582026921971
0.6983255066670904
0.39550190966418686
0.6226113082431878
0.750531022364384
0.7231087122301381
0.10937651193042996
0.5135225149063606
0.8810048189767233
0.18527763562855182
0.49392325260371805
0.6674653295292183
0.7006736930616699
0.02020097190723258
0.01893651220864334
0.3886742221410924
0.8443017464153992
0.8749566944456896
0.2938228857394688
0.06316511420618642
0.6172128789241037
0.033547886784281444
0.6713845638202361
0.3049272862285498
0.9321982386047624
0.5523337447181401
0.5066837184436345
0.4645862218266421
0.30737094025684386
0.12143763858713363
0.7469870455510231
0.005353753559805385
0.019818981621887
0.081940346747982
0.33379681232407876
0.8256218630083104
0.6741571942860733
0.8321781474218363
0.6730999543029658
0.4950210454242313
0.41904213631150633
0.0493301787725583
0.016836025759207063
0.43045112612103154
0.614988063889045
0.812317589809665
0.24997236026516823
0.1356322434540852
0.2192035381522186
0.47378832222722456
0.1410644960371218
0.5188550075781301
0.5085106959954996
0.39001056970971204
0.036189194245954126
0.9704207592144309
0.2965921737371736
0.4965327645481844
0.5207724875488661
0.16873569161246937
0.6337941640655158
0.5798664362037659
0.060282927767301486
0.30532270410815443
0.7851023333581046
0.28857454610488853
0.9341349366007823
0.43691329388498545
0.7977387520500049
0.6698522883291462
0.8967391978530372
0.47404520054597965
0.022359565678699567
0.40204975797965203
0.36052905603305674
0.8304394099378993
0.5305178817627354
0.7228051898937626
0.9840093875683262
0.4662514213970985
0.2079427687272003
0.031543465350425626
0.07441014138969804
0.24863671899797324
0.5244872382867183
0.5162887040372297
0.11921706884514494
0.10698753629660451
0.8811367809568861
0.7804047411205672
0.16123637646742173
0.9571142415236924
0.6491642063696872
0.6501372920496545
0.7918410726670614
0.8667792213678489
0.5540599521564472
0.967383411143951
0.7445553307643884
0.8619671594126358
0.37124500888668976
0.1893252858951351
0.5374732985580208
0.7079120621339037
0.7703309337394175
0.9316717207220551
0.8397387757982537
0.2467166972960313
0.20487899349913807
0.6103888560771477
0.6315987720030285
0.17948131011670387
0.4286011529226018
0.2191021382895446
0.6039332311476552
0.6924725535781376
0.4452585846882937
0.6172358383652826
0.8110217047021235
0.7823390665109481
0.49806387586070366
2.9819837583655584E-4
0.8034084715599541
0.6188295152368964
0.3106241192534438
0.6272062745578363
0.3002458454727145
0.07848088135649967
0.19174329609175123
0.16800713096637543
0.2965783649333501
0.7727548719142828
0.8167402657112118
0.4244457929817651
0.33791326912394404
0.7559497179711404
0.6337724817252745
0.2698875626616615
0.8795483922027305
0.03693212959465875
0.2738160079604123
0.32108437712835747
0.6715960988475439
0.969540245082697
0.18278733978285655
0.6112826344077433
