7528375
0.21622190639994898
0.618765871667802
0.9950429529708507
0.18939883389079537
0.14158823933107412
0.08203871851400324
0.4485189231106196
0.24603071467636184
0.8381396301803824
0.44434980143097946
0.9471646037123084
0.33306653151625976
0.06508458732002997
0.23089343396122097
0.23123648256684215
0.6746642601906943
0.43651933730314707
0.2016946465614522
0.5581084874954535
0.41563861166029425
0.4039055600356499
0.842165630998796
0.7228665767657844
0.6936411762292779
0.30343704062703303
0.7827251210241011
0.031380821044741825
0.06375829798353949
0.5972320181788986
0.763966198762469
0.1599675162561237
0.6854697699666618
0.805452113458284
0.9210846329669038
0.8445428615300736
0.10476214759341451
0.5258626686825635
0.0997566382279701
0.38220900552496206
0.16829255062141812
0.36801359544981027
0.6353811632634893
0.9995019733053057
0.591850444665653
0.591133477311028
0.5285786189170437
0.2440705353809699
0.9719659574392648
0.7279943060228347
0.2320645229085212
0.6903438015231061
0.577365431765375
0.5014176993737987
0.3274929134076112
0.41478425765233407
0.08607617997507977
0.895758227237451
0.2155911333861733
0.8926125912817491
0.5443337213596682
0.3326125809377737
0.5688841611047862
0.1954289282323346
0.2150471840604289
0.5181682906939155
0.7035328056827992
0.6279451449639735
0.6564289953203613
0.67901930818918
0.21528757372803975
0.23208080787609375
0.3254974181963842
0.5839398888301214
0.194285371491417
0.9079654042694393
0.23651165528393037
0.9610221455714585
0.0843938477067141
0.25392806952841696
0.7210010380867722
0.662747193043014
0.785033962654077
0.6113451123480022
0.1339009877748375
0.20597315408550676
0.9068885375002151
0.21525478785078556
0.42941047422891654
0.11948799388016573
0.18763062102637917
0.7979376989975326
0.8905369018400133
0.8686887954570108
0.9497822369914682
0.47020075425361596
0.93789611322179
0.9951134677264352
0.1400409230514995
0.2138907027724687
0.8661867360455573
0.5079645378857915
0.9278875323973235
0.8592035134768106
0.5608594781243863
0.49542924833360347
0.06101565140527976
0.9916438357139261
0.7328539169118864
0.38551380633480115
0.1760995134287513
0.8360287383648461
0.9758763565270576
0.27927382763830055
0.04564381802013007
0.7987182951201987
0.9985444946296282
0.30373743032659883
0.3051353814614203
0.014295182417229824
0.7128257475785701
0.9874806716666961
0.5494431975091679
0.9392040033853764
0.4705477942401035
0.2487300886671311
0.8133900085047228
0.7624006471355372
0.6313613672042651
0.7040303516427484
0.35864490626634316
0.16185068579872075
0.8183874688930185
0.6549295985908442
0.3775634700175796
0.7257548982740564
0.6718814113947257
0.29079878552584415
0.6943278807901662
0.1786693406726555
0.6465993647285628
0.35781567540682346
0.7947166975539333
0.4052261095762837
0.4151532497451099
0.7873079422486867
0.5480598426608531
0.14795018305536212
0.7374920444122796
0.5510641367998554
0.7984116542658698
0.17070686496184417
0.23574915890648251
0.3168852305411338
0.5967007303783788
0.6256032066139088
0.3740466694425465
0.31456314061320756
0.2215922612036667
0.33870602207459877
0.08444934344621524
0.19063785755561935
0.2940251184360213
0.7387280335397693
0.90311228942471
0.5296971545955371
0.22886221667038587
0.19287286303728357
0.1847683910316873
0.15064841643276194
0.9868196261886325
0.5853186978737586
0.9490525306265565
0.2483055524125285
0.5908161526371452
0.07635929143106013
0.17876161060003448
0.9437977570547972
0.1531117698349942
0.1140101587621124
0.9380006931340571
0.8317216610655424
0.2230801289156582
0.934927060138866
0.5072674376810803
0.6676217045992394
0.11018626752407412
0.9877725094157049
0.842878392105303
0.4262984909162014
0.4627180208528835
0.9397055730041078
0.059741975556587223
0.579607702492153
0.7900454073667325
0.18545904498477905
0.3093351920258228
0.591827830275965
0.8046596447821799
0.06850693946978159
0.3788422066002506
0.3113375345915059
0.4299692126912129
0.3451148927286626
