3537884
0.4195995466238669
0.10336459115685159
0.27123147218031507
0.4017070019424025
0.5441096784617834
0.058661830683579774
0.15525382372435204
0.5387969189144688
0.692949988134804
0.03700092459225224
0.5185377548640222
0.5277539515048625
0.719264597350902
0.0031901852573823497
0.03526658903526858
0.35100802555656374
0.3242890696903902
0.40388451758177424
0.9287302544835052
0.27222394335523425
0.4719466314191463
0.7543556434429973
0.9011084664946039
0.3958580953199905
0.7944580778701006
0.27631133649376705
0.10945833220707901
0.3618857707431813
0.2284977434245129
0.9407983763023239
0.6896462243464945
0.31147228072877553
0.7161542420517732
0.21651280922262328
0.19031462161467683
0.09627449430851853
0.1809321491102278
0.8013795855101138
0.42057681574126926
0.07222349040332388
0.1462562197245204
0.6240537844073321
0.6379835094742365
0.7180535905246894
0.3024172521588012
0.44203365631955027
0.7074071045838215
0.7495061376274649
0.04762472992120337
0.43436546318499825
0.8468410847172949
0.36205169101671153
0.529807955322311
0.289458708792671
0.8427132154603536
0.7281371814165488
0.9980344602642833
0.4223199807817648
0.16516308809556768
0.8993796186865886
0.3358902292162108
0.1205517719753032
0.24283603453733604
0.8197910097978377
0.4938935407569274
0.614752812329387
0.26709692188842726
0.24303442868226854
0.16399056904731457
0.2964947200145017
0.2871689897204619
0.964874018385151
0.44640698548466173
0.5658389575035795
0.030554289395956946
0.9313964805181091
0.4476074517312507
0.0803975599766068
0.8371943165924751
0.4642456947293341
0.7178400898856475
0.4992296222647672
0.3311801883113682
0.056025735292872914
0.187720849975333
0.16740493469243
0.9704241544844902
0.9321919199654777
0.7955382667112592
0.5708552256374935
0.41255508847778166
0.8501637140951438
0.3104363404652365
0.8061722441231702
0.7144026717490995
0.41205697786348916
0.9513594796983919
0.7563012933469218
0.7427861298818638
0.5043473040916062
0.27761997449013154
0.14061776266362924
0.8159253932265343
0.3459406310034574
0.48417549730485954
0.1166632525131982
0.517643702002746
0.025540468408469685
0.6731799340546053
0.6508568355013631
0.8306322642483013
0.33986625499351186
0.8930981925845343
0.44678653275992264
0.22039981406342313
0.20619042628109063
0.7376516111986008
0.8222243451838245
0.06813022928878842
0.915826517111487
0.07908737232390972
0.559798129498523
0.8985242671257684
0.019614396834975234
0.0737420814196389
0.4212919561952261
0.1778020607749411
0.6921126871456414
0.9225959070313222
0.7118360123930404
0.06739503012578252
0.008123003586639421
0.995490273642426
0.0077862318376312745
0.4104574024290134
0.6833338507489046
0.8349090397812845
0.9208824528107342
0.4011789574500847
0.4802869620187318
0.24369912800507898
0.5613137512383937
0.8409822932679196
0.6615324036545445
0.13083354864761898
0.18360760110894814
0.6210393321066486
0.5837528865475738
0.04029600665416644
0.3517997156592213
0.08714362092193118
0.7698020002101806
0.32039332035287804
0.844129573828163
0.2408261560239543
0.5700148317869435
0.7042775668614121
0.4325461644784083
0.3097044202189527
0.8298140142030714
0.66718765806825
0.6185974188945799
0.08040558957517296
0.8175474714814813
0.3018953095001947
0.38481604415234993
0.529006547653512
0.03465921442482156
0.6110681582851228
0.029502913428355093
0.7067849610504539
0.42970758216761085
0.05373815375572233
0.192849421891235
0.5431770127651451
0.9684103776723104
0.9027909937825633
0.25362765911837803
0.21318935329316102
0.4738095486708348
0.4713682287552723
0.3782180799044548
0.9831138637459614
0.14381251928124905
0.5483003705566583
0.6375317501346784
0.9962459870574522
0.17778168515717063
0.44616615103598845
0.7724247297965556
0.2894082733805191
0.4995066799560006
0.9102994667447549
0.3844901581643899
0.4414329819977515
0.6508092751121028
0.7630418965802424
0.5566531649256621
0.6463588045941813
0.5481937925298793
0.5647655825354416
0.16678305738829147
0.6769483199667393
0.9443706694793974
0.7616678567110133
0.4475753891395208
0.15823438995437578
0.11714460467246945
0.7600650267863462
0.6672465543588186
0.8061556287853137
0.5200726816092829
