4262163
0.11789001521394071
0.1581222557679296
0.8029418330375748
0.872462158826433
0.5763245363958158
0.3039897252216016
0.27876278252449793
0.4406916107977643
0.9679734559988937
0.5121237819465736
0.9482545522709318
0.06850291714905876
0.13271520863597275
0.6421846115059362
0.31088967569243087
0.8508260809125081
0.8483389060775135
0.8417252027644527
0.46575853162358416
0.21386272726721867
0.4403054072170848
0.2468349949698584
0.5141814281367337
0.5635678396225512
0.17344594947486613
0.5464851761790835
0.7276718187769502
0.5953342009087185
0.7481386148401625
0.9804306697804545
0.14412329609900298
0.8195970251022379
0.22447963920340352
0.9430624639619805
0.021693855523991945
0.8512413361402634
0.4801927004583024
0.999393054866818
0.6277133301648884
0.5351078743632819
0.8714965079958202
0.7843971792436342
0.16904063084948728
0.03555791802212205
0.11087681987284814
0.953218559252482
0.28064942062495124
0.6049713130301345
0.5016863696488757
0.07729288866758843
0.38082250023482556
0.8642158487846722
0.5767220975099246
0.14022605729479964
0.3741865400217662
0.07754061677939239
0.8764059936311571
0.07730589069083127
0.6379201922527928
0.08500963686311125
0.07192241976212466
0.623814536460811
0.9618208010467199
0.267506323488105
0.889641082059756
0.5898478611825556
0.1295157193359926
0.16250341196235008
0.32538167400541773
0.563137237314169
0.12595635562880447
0.12320684708203533
0.4505527136552181
0.956408091000956
0.53543440668836
0.7193465390261794
0.7069234134987731
0.26209865381646613
0.5547114032015743
0.4148006666549311
0.9627644528117432
0.3548016631623102
0.18745407822058546
0.4254042206344719
0.7603195132445657
0.6905803783414064
0.6090198033771403
0.5597068920271475
0.12304648955767061
0.2923497123256247
0.3947378891503849
0.2761092277577335
0.010793804467837287
0.48180230106619704
0.2901840618244693
0.15171989305016276
0.012053015993805705
0.4208980918553511
0.46854683669785147
0.45144126015147457
0.14465721553957678
0.6597254089089251
0.7680364602523457
0.5102046075608142
0.6997689740166266
0.05258061353719612
0.2313883267581197
0.1969397261424285
0.9087303697491923
0.6004020156734592
0.37986428555877894
0.8157786846783724
0.8383225959807629
0.005233282067077183
0.04575719306002468
0.4181566442547634
0.32721004109146656
0.9811804210792807
0.2602553553525061
0.6488875642582207
0.9648200146688164
0.6563655329260558
0.6476249729982801
0.9299557470009581
0.08363585805742313
0.7216694801604987
0.012020443108886059
0.997679118581835
0.4868579097375011
0.3345948883107197
0.3198341868251475
0.5520638410849755
0.16561309780085254
0.17036980503996868
0.07834831587809588
0.051583532413737476
0.5733706979761686
0.4274513154033266
0.19055350634550705
0.49228116744407857
0.11994831084721103
0.040877833071410796
0.7263501740724402
0.3470052933742782
0.4234685400205018
0.8344573663750561
0.6919504182402697
0.7087563757926666
0.5158537006730295
0.8515686265386794
0.8021493925151996
0.08153311031994936
0.6359221567673834
0.6443904514619061
0.46423711169984994
0.19273289434737884
0.46387658854061264
0.8726642712044289
0.6676729275947346
0.6630741324911876
0.6519510336075222
0.1656336150792247
0.24024645626295849
0.3631727340799398
0.28821023809345203
0.8345933738188804
0.9793006547847212
0.810318786308268
0.4939709684689456
0.6885207565324797
0.4956937622895319
0.014663815272993763
0.7000422881407483
0.9015488015524147
0.21852885981320147
0.7709424461130528
0.2729573704245859
0.6085828813570953
0.9002810782043494
0.5100174741235971
0.0695970308835635
0.664148857988891
0.13480417009306855
0.4739500694726829
0.18708064483667652
0.7896013769990224
0.8547997690942191
0.15896202110277458
0.6445278063627383
0.15510929941374096
0.510684037937961
0.68257030391562
0.9842695875034508
0.2953748020113228
0.6493880935423783
0.9743386884408446
0.8123156535235496
0.14183136368199278
0.9094802782430208
0.46410496474812857
0.11135945905698486
0.8691050856208877
