4165873
0.5033529425200572
0.20799658024298984
0.5208852602543277
0.2008834226911541
0.6819038951251662
0.7205564640222162
0.5255444482517816
0.5164128280522535
0.008943319961034812
0.14634648917861137
0.4827570471565621
0.02267421333644304
0.23019328770036895
0.31092724187213916
0.737229225356263
0.036068084428010794
0.09423976298464853
0.4904719135571619
0.4440945797308681
0.07424027937786282
0.9398812874182906
0.383630144233403
0.773378352015014
0.44074676590118833
0.015458083767978192
0.8109547098267896
0.06960185599998403
0.2581218661140674
0.7931314229606845
0.9568629384695911
0.8667038126682054
0.9210600869630559
0.8858097336002275
0.6653941068660273
0.2688075983330913
0.528335640446682
0.3003947380895724
0.028562591033671425
0.09896408948828883
0.9702481933186805
0.668247124996501
0.26489613285117786
0.39085216031171455
0.9977973633195311
0.7822480763242661
0.6757869551414393
0.2525199147843059
0.7804518141926974
0.2395592134570219
0.288573608609638
0.8666013225198027
0.17129426642085954
0.24016077136410852
0.6478093554254295
0.4080450011543164
0.14148638757987797
0.6234732557493503
0.09996246088960137
0.9582427795828707
0.6204125410583184
0.038845743953521694
0.8318332628244415
0.07354760572753594
0.2835249399308417
0.7404192911652143
0.8692608428587787
0.5265219887737221
0.6668270197718267
0.8728513672391097
0.22023251325325555
0.8798594591153147
0.3550958862792537
0.2716134339928695
0.3552971952421856
0.9757732793671783
0.8903587044632406
0.7400502279752736
0.2582237492176217
0.12774826558983687
0.47780196524563046
0.4851162777874395
0.3511336981587334
0.7869027365991434
0.5282067075178812
0.8946812275844745
0.7008773649335444
0.7218099102289
0.5691666611886121
0.12152259653769881
0.04721112040680364
0.2984788413688184
0.08176068437994444
0.0026009492629246456
0.35837285180498446
0.2762968254148126
0.3750142906859182
0.6869386805646572
0.8159413895986698
0.6460874614957764
0.6974001228911689
0.971401040611646
0.3584052196997719
0.42803846616125696
0.4027900832641045
0.7509035444044673
0.17165432947820514
0.020107108615491587
0.13768684352626825
0.1780473368180029
0.8046485324388805
0.6416104584148615
0.6972263516029519
0.09691017314766259
0.909804463138643
0.6520609447663214
0.40935644253515246
0.06669727270197079
0.9601825847383482
0.04190846666287984
0.649761297200442
0.8231831860482802
0.6793444104312167
0.1897016241148891
0.364515710128278
0.3393518227423069
0.3347895860334411
0.05928317363036539
0.28311625615150615
0.7413690317208091
0.49217109865641173
0.3709852974106769
0.8414516737587663
0.21199803310914866
0.3050264090377651
0.9223924556511424
0.7024380278840509
0.6707950415844547
0.923550815639755
0.15709115518941397
0.16145862063479532
0.45889872009433297
0.14597909710356938
0.2839271092430592
0.6544124714850581
0.47595367193949856
0.007429704263486436
0.7346424424353026
0.048089665937317005
0.21768516799796034
0.6036058066341381
0.5143664285386627
0.38575531955626596
0.9448679260591166
0.08053560089616729
0.047285551689665084
0.2852386471818995
0.777909542423531
0.38657417080935497
0.4489197134302959
0.2424869381246123
0.8559945623529169
0.07917767523053787
0.7667831198654711
0.6804590527607791
0.8257127849849523
0.20649984947120537
0.6228101794441123
0.7013967366777883
0.8313209533256899
0.042650213555935124
0.8637777283047502
0.14992583215914446
0.8672645936190325
0.24549190125301235
0.2800573268502684
0.7751041729169202
0.8233122237393744
0.8271464143797161
0.188382004678479
0.9914466394195471
0.8036317536956625
0.17991173534859073
0.6909140835615928
0.9821217359217619
0.3333646742627636
0.28408887370012337
0.72075191253046
0.6619286330199429
0.8797306865118221
0.13925162918240463
0.5631150549994784
0.32332700878260734
0.7094216794326988
0.4067827108014257
0.40179898981188167
0.625706973957323
0.4800208454400585
0.2290390850891706
0.5820919645112951
0.9562493657576621
0.12040866970830333
0.19929782560925624
0.7041981359435607
0.09014161458902137
0.49359517649486573
0.49667340714476804
0.3653127441779398
