791501
0.2184446725402539
0.7422910706915727
0.44172648318201824
0.7978073247613745
0.7277444991189134
0.8984977546659203
0.1414309106230911
0.32810887178469217
0.038293438922393785
0.3453759938862505
0.6310558752782727
0.3962024352741894
0.5469142162184882
0.6605369957819734
0.4492863874302414
0.31768168988739776
0.8700494186539733
0.10517190204447979
0.5060813684260681
0.09311569337560166
0.30811665195240623
0.3176845512508647
0.30177451354924745
0.49966578219511393
0.6920436578823397
0.5175946295251066
0.01604163478577192
0.3765816018607565
0.9176783722069914
0.8957665044353942
0.1557298470083488
0.2772141331057765
0.24818249856618657
0.6804968838436399
0.36558274404601554
0.23928547450754412
0.7701808912934719
0.9637197570714661
0.9521852451612248
0.28550602343226417
0.22635432044833304
0.7475646736011623
0.6489907812219128
0.4082320931419743
0.8153255505958845
0.8287301073640114
0.1590820674425948
0.21470794936224924
0.44910432977966275
0.07661092935365399
0.05235648530155379
0.11353792009878705
0.3890197919345857
0.38084521543215355
0.6651157008360703
0.9083861511782869
0.14298358874024564
0.0449220759744513
0.7525782340032791
0.931502837902887
9.065637558558493E-5
0.6847191031380708
0.7786228171357991
0.3975270010978602
0.6029787514498559
0.7543143320668074
0.8921097483350138
0.48711837519911927
0.5140321625050798
0.6661441536058876
0.8354159105413759
0.7803215778241906
0.818428529150557
0.0985555769356633
0.25835859634900804
0.051167787258947994
0.42519246195462335
0.4910269966947287
0.16947233678084395
0.10787071442043561
0.8768331641890499
0.9158092552017921
0.5466418772338426
0.31707494264097236
0.15880735914109556
0.4844643872932962
0.45038335014720254
0.6859666310312452
0.21196343457035682
0.19875647994239154
0.3356052917969169
0.8926578388192593
0.5942860408528344
0.6875756638657826
0.6414695624311157
0.45310743161371725
0.01267495462047663
0.58505260327561
0.1540117495112805
0.29194321406868895
0.25115578891060697
0.3997475439391909
0.0824694153705885
0.34490097108249773
0.3588344946952563
0.6007745121306295
0.2678059491480219
0.4621985478078684
0.8290713352702769
0.3039478961159384
0.45070642749863143
0.8050138132375184
0.9007642568364729
0.3795149702748555
0.06636113532214205
0.13133735789526546
0.043295655147578715
0.022764714688393917
0.6046418293614209
0.8528221956610521
0.14861053873972518
0.8297800035695148
0.17681401348770864
0.5108544968610523
0.9470580735986976
0.20282612432593927
0.5637186236594601
0.3679205952927084
0.6880428942984816
0.4733459699001795
0.6853945547014406
0.13944739282321228
0.18219604155280766
0.47525833381520044
0.12840346821740878
0.5016447140115003
0.8886901709348226
0.4272322436982896
0.09465651622832849
0.9024796166954326
0.8494869559191678
0.8898372545653305
0.8943324853903127
0.37576464929696085
0.921719554332963
0.2519457914217452
0.8955151634392778
0.5124428778975334
0.9400760891922869
0.6704902185712507
0.6644674330648048
0.4785048979350849
0.15296503803899764
0.6386542012099921
0.8829982947458649
0.9855739568358204
0.5194069808260137
0.3898040703402764
0.5131682142031373
0.4180471888090731
0.22801129208076198
0.1579428991892856
0.5946170475716104
0.8997825646054068
0.10506055696573724
0.9101959259140041
0.006088331451971296
0.9436724574645292
0.4156394896322828
0.5428133764138803
0.5002623263345412
0.46904655622550406
0.9299091147427221
0.6894025978194019
0.32979922651088156
0.3946982937652105
0.02604116273425816
0.22857815146824767
0.8225336955188927
0.7194305847172727
0.03199159418195019
0.2979453739617529
0.33504987981450063
0.9873680188667935
0.970206340621237
0.12230906174807143
0.11640630313924138
0.3018846744893009
0.36251622177343223
0.24622585872075153
0.7475679156970685
0.599847670670689
0.7768922875360995
0.8244950480293788
0.9871427149278234
0.7269786895815897
0.35339679229616994
0.46890966111994703
0.050308581142729625
0.9654870912382711
