811310
0.6335790116261182
0.7755656006604618
0.5753555002198081
0.05672922738717856
0.6357291274301435
0.0642537798918682
0.7910574931130552
0.4345015815920711
0.2678179288564292
0.04993626295394715
0.6881269059749034
0.33867489105054804
0.8506133742484822
0.1360341797363801
0.3192938727324205
0.7142300715151382
0.7353797566776451
0.7702321738491519
0.7050919590989579
0.3173564935136739
0.7437290919071221
0.8357295650567965
0.2062201985756198
0.24812620271989572
0.43160805863634155
0.3643463955993731
0.638391326053357
0.2083581687606132
0.9850687672723687
0.9526179572300116
0.8518644683471245
0.1436387274831098
0.8923844178076011
0.13798861367347592
0.9753997558258181
0.5700659506820759
0.40523640232986313
0.6494419699364641
0.03316173880384565
0.8091370772259145
0.20111199551447456
0.8853810812863
0.18313696424160364
0.5582996386486699
0.5897173282054307
0.19129921724284227
0.39692073833003805
0.7100388086093171
0.06812305833276966
0.5107576267152452
0.003266659028886565
0.09897465177530618
0.022525270243122675
0.7654141587452781
0.15158194634472055
0.90429483377819
0.89891737140706
0.8833222307391082
0.9165903624516105
0.763949802724158
0.2206334075667945
0.7394473172770376
0.4616736566565717
0.2673888666526907
0.4176371677361953
0.39832320842336943
0.40594197679274124
0.3852174620606643
0.5505950268874396
0.9559986428750339
0.29887169624035503
0.5670072526704397
0.6621853455850433
0.9668995547420633
0.8963895930390559
0.6925921557686808
0.6687606406424912
0.9109607126400098
0.7535698008375721
0.79753542761388
0.4173929538580343
0.40735525729243605
0.5016506594137227
0.5100539253782358
0.7764974150984707
0.913378488030653
0.06086610278856197
0.43453743369646947
0.4026421035011779
0.46051833675819687
0.9556266301282069
0.2959029328962499
0.13181735382010173
0.5744714309851985
0.8448726803446783
0.5193743734636816
0.7803509235616668
0.9018404407293115
0.35796372508981567
0.061881051397810305
0.5088203131052665
0.2234747823671691
0.3352538995392482
0.7341184308481423
0.8017264541025774
0.47289350566498256
0.6125456303637749
0.956417273645647
0.5463584065476323
0.09795558806197091
0.5599002072932977
0.8769185261993911
0.6561917593256554
0.6049194988722799
0.6878247477744095
0.0471526423424965
0.17732762945716607
0.4062603730785418
0.7676431738899739
0.3979738546479853
0.8408938609048537
0.15708988194693863
0.0778978755983849
0.08790145242761649
0.5799932677509442
0.6097502501484472
0.584918555252361
0.906271590691274
0.6166982756947097
0.642130531877302
0.09323287658051393
0.3052046003854898
0.3427553765298924
0.522479849086558
0.6602831955103565
0.8072449711076547
0.3670766758598424
0.6619687687085101
0.8599525803035396
0.48963149570185294
0.7837601553463845
0.07597653140854155
0.800692234817504
0.4815081657465119
0.9262938951739137
0.5260586655521664
0.15658181304072438
0.9269867447112163
0.6167641237765236
0.8467757176757545
0.8534427483772539
0.6648239322338121
0.19330050896168882
0.2750406565392315
0.467164271509231
0.9545779400146241
0.4046566486305512
0.6943689783272834
0.8376903188924479
0.9394603225795232
0.5977371592784767
0.5823920282833087
0.8796552007083547
0.17770063905195088
0.4920476295576639
0.10722090173423571
0.07944439272602033
0.4970932200377962
0.2344569943616176
0.2567243030014923
0.7084961824786569
0.6314969618650293
0.35832636376525717
0.10451106986106484
0.35394904864657994
0.5834100130811793
0.7329725057070062
0.3173838529907812
0.970278315341026
0.4233438543830058
0.5825977335072025
0.7912574458416719
0.2893552008102189
0.28457154991825195
0.1782327369245471
0.8660120153775502
0.09140002519649126
0.6409276186295699
0.8619021468431138
0.9144772132824246
0.5355905742795719
0.5656880603955586
0.6491374681004957
0.2267208754747293
0.4766258097975543
0.561160406006167
0.7741254721807543
0.018041557864353797
0.4523337206006288
0.7214656746231706
0.19119447648045185
0.07754114412637347
0.817451970307354
0.445095535821161
0.2270051214320573
0.04388063222234051
