1269105
0.3199981360668429
0.6491793071211402
0.2897259333085769
0.5457980664062766
0.2691859234300672
0.4539973873731208
0.7846384999431724
0.47719471038581807
0.32763310036832616
0.6041287816953362
0.16003061133150465
0.4900719584136656
0.8756449164608672
0.47172254149368276
0.31290034310745884
0.3833279590233155
0.8416471417934818
0.34773389878469985
0.4209077169333598
0.44139943619249733
0.8703808057940644
0.8685679571110639
0.635174733138743
0.9339611968538165
0.7092605157128655
0.8484249405087977
0.9679488500469999
0.9263715684389463
0.733336892601106
0.4917428810914233
0.139808561782921
0.2702796000806825
0.6005929526899146
0.9454849782593876
0.11300437519447115
0.14478527779392625
0.13184311113861202
0.4176204929859806
0.5306922249946455
0.8007718071675011
0.6432928617826613
0.635999844765521
0.3062301778105726
0.2245042745392981
0.12485588377308565
0.25092549865335123
0.16237417379614327
0.2813167160877348
0.8536144912502263
0.8950725601589896
0.007121394676323889
0.5261855569219627
0.2593488562260925
0.006014113969264101
0.6511153085105795
0.2752138834751473
0.11784868833582784
0.18945787280396897
0.5209391000668102
0.7205280673982974
0.4377607451701593
0.8554025557355712
0.7032895500143743
0.8408143179957839
0.7280144234417758
0.09477366716475988
0.8669363948791694
0.6106995166713927
0.6854065936355718
0.28070026493387823
0.35253699988397813
0.5444074060051269
0.7257163105862503
0.676445249652768
0.9947900070050655
0.9225974954269672
0.19675852479729206
0.4111042551071892
0.04707553879377435
0.1460205457443683
0.5580753714137233
0.5445386761307591
0.9156437384547026
0.5356016381490629
0.289502684482948
0.5846106992561839
0.27857765502022747
0.5557875485143843
0.7996383417040486
0.7426396163032657
0.564169979255435
0.8764725044359786
0.14527787437524486
0.41709997667016674
0.6940182108479115
0.9085423011249675
0.9441725366840773
0.8809338963194412
0.45805545226867206
0.449053815537673
0.46600300583400933
0.9144516879600798
0.8818998269738286
0.8542934425840979
0.5202522073861782
0.17364579013414483
0.47131769952077684
0.7224340021077431
0.42469880925599024
0.4128454946351666
0.2742618683771363
0.4122370783160294
0.03454242833145915
0.29099059583432463
0.28785818361901483
0.8502237083417842
0.5397107128307881
0.3824044181505518
0.8558794360792092
0.985963009201493
0.4966872608953564
0.18579767923518864
0.35165864150812154
0.9436051116376927
0.3512386608871657
0.37933659632835437
0.6220584004152189
0.3875111485515028
0.529707927159582
0.30495999196201207
0.380026586490286
0.8708094570805591
0.029080420609661983
0.6817317520999865
0.976433141012478
0.9679343121132242
0.31981779076215955
0.8458666561040022
0.7562965436100564
0.8056791501754483
0.29049442299124306
0.39416888656232063
0.5101726938206067
0.20202368914094204
0.909559663482704
0.9679746599089711
0.36839292177754535
0.9979705165580733
0.2570885452408823
0.05629108621692602
0.8540020225428296
0.32485296356374804
0.5881725544496392
0.11967595113143503
0.7096611151820194
0.48805353485375613
0.12964108167747912
0.040503874428669095
0.5444444202872681
0.8677976689544701
0.3830934030582501
0.8906162034708869
0.3083728342268006
0.7386648674815189
0.8097599005470749
0.27395355576642655
0.09569140861024661
0.1916858580901699
0.906500413297366
0.04962149055879872
0.8023119977672437
0.40637020500105614
0.8472865031813542
0.0699412456547247
0.7185061472210578
0.36473642493957303
0.06080404466363043
0.6783890907770361
0.22484749235651913
0.7253924648662685
0.34235060295477915
0.10392953318795395
0.3775670716974965
0.9829411375160158
0.3569922103059301
0.5610988287295923
0.3188989589176129
0.22646198684297858
0.6809823055367931
0.81929743228307
0.12865746700779868
0.7805469503992696
0.849735491709778
0.24010081157187835
0.9452018603922111
0.7633447816667703
0.23318712791683294
0.7980002337463025
0.927107627133072
0.1282944541991553
0.9431590323229319
0.3978364205048929
0.9012783111598429
