1007212
0.06970550418979604
0.39239113886426136
0.8812904424210066
0.34889562896082105
0.7670691574241741
0.571187090795399
0.47514819957166776
0.7175193629844059
0.31896085741520386
0.5851616594666338
0.07565577869282536
0.9158131099733301
0.374621376071683
0.5063665958601394
0.6861351965895117
0.24678572747034866
0.4097801806244149
0.13011023271370703
0.5291309724116843
0.9661022194625404
0.8130114338534219
0.8010760635072318
0.839710106160604
0.11393257763156994
0.9498892781731937
0.07488382976182484
0.1131392018469144
0.2619699614318297
0.15443610483511194
0.6150258683005244
0.628014166097431
0.34166505837801997
0.16083350455425993
0.39015096459318643
0.3950196151623817
0.7753862851808465
0.8330926065231624
0.932956385951729
0.29184629876665025
0.7191304539968689
0.1763567807005748
0.14948837923082736
0.03639706269940313
0.34357207467858075
0.5207365445637813
0.9264400809573663
0.8232625902489059
0.7296536200814867
0.457052549676471
0.5740750531802044
0.9025505148072275
0.13558344487488827
0.5735899159218517
0.9636938403466826
0.11550253176295422
0.10402157583103344
0.2939428028383745
0.07109948983086067
0.4179360476397038
0.12139826508765228
0.1482554152426765
0.5213078285116235
0.7203980789987204
0.3157236779093906
0.6236418030104769
0.6447866535094484
0.9530211175270743
0.9849115634849581
0.33429342693543607
0.5017972014198874
0.1234219314559043
0.5845537262716497
0.6277603600856245
0.3089509047983585
0.2775859094839659
0.1722458594593359
0.9011177912192684
0.710882560301372
0.6965311991914634
0.20498004316727592
0.8392071440357528
0.37998086822698074
0.3656483240003281
0.016782489317578198
0.5068666596155906
0.49840596739677645
0.7389626728080781
0.2656897788706173
0.7280432856229022
0.779162796016678
0.08716870805135235
0.13232062028370195
0.4669047739967318
0.8167882026929948
0.26613615465956975
0.07671408884490527
0.9895462357050834
0.7232485333498551
0.5716906784062864
0.5157699064798508
0.4296132835088198
0.20093398737651702
0.45682180633505365
0.8705397280852589
0.007139602814606016
0.4321744178762049
0.2790741655239206
0.05078290818800091
0.5571234707318944
0.42349106899631106
0.9187279182437376
0.5936140277218068
0.21284485794675245
0.7328371667724495
0.06247704846639934
0.3537338762577805
0.05865043433996464
0.8293696183959167
0.18266540653943342
0.8546490305964354
0.3179111866521547
0.6878333150366568
0.758741471866234
0.15344998571036095
0.17408328588849808
0.603428123978873
0.08544522713985392
0.34613123680421654
0.6362799212631398
0.6280681763770638
0.09134137184036106
0.6461011212148307
0.9554878558379937
0.47523198749804607
0.9516649152222169
0.3054431754972803
0.9735396470828874
0.21814068921081198
0.9210471007204478
0.5166547678735877
0.4441782801766133
0.6147912677033018
0.734540432499648
0.8320030378753467
0.8040283185101168
0.4334104097051671
0.1294637445485125
0.5683019386298068
0.0910136341138772
0.7231835152677707
0.5259398510348685
0.12682856530893993
0.708738545983372
0.5776529324202448
0.670599090262288
0.15126065448061632
0.5175759767578154
0.5719681825800478
0.09577489943346829
0.9709316137840167
0.2966823524647202
0.7202098589247812
0.575617739661848
0.8323630950735537
0.9658859508958414
0.4952987678894182
0.3709065648971218
0.00894949175648141
0.08237171680912359
0.18153963219687275
0.9459374388406331
0.9968326601984532
0.034312264538835846
0.5886390656327384
0.013721261266788076
0.6544192765384833
0.04207110588175311
0.9460756477538699
0.2198239637102044
0.32365723111568934
0.5473312356016099
0.6179894812643869
0.5105335255682532
0.6831016011857414
