2223940
0.2480151848806753
0.15623126385626251
0.6478750739911758
0.8635687358968007
0.4204876923779396
0.0791047285300629
0.1073353502814478
0.9441385935251784
0.6936713003372669
0.9803436588709888
0.536495593115876
0.7452530986996558
0.1934411146688242
0.5064207385047154
0.8642431645158177
0.0454004207730353
0.1418224888088322
0.674766982807237
0.36382578141252364
0.06797783451063011
0.5274685008831684
0.3842317577442702
0.2160641301567715
0.13053840158451113
0.5356753679041297
0.09350477858859874
0.6914925661645328
0.7370393840008326
0.5780539629818456
0.5830579922027499
0.9131280363619014
0.04476371605324381
0.8254522298792556
0.8812044653765079
0.9906695634361455
0.1932493735565075
0.9924504563570841
0.6311599113087536
0.4272815605223935
0.06947618197147898
0.7477270321838018
0.40353235798236464
0.09171634664758632
0.7017233975218101
0.5318197278782797
0.7174536113590553
0.7213822867418799
0.6239252610007794
0.7522834228554217
0.8236059755816686
0.8760662204868638
0.23301609480717989
0.2959723135700112
0.6236864497032206
0.4973693957756503
0.37367057026835937
0.04915081263526255
0.4533895328589882
0.7455189935244494
0.12800848470398107
0.6483639796369697
0.8397792097891678
0.5830673949992289
0.062247858641777176
0.9984751501519449
0.7589592852982723
0.6540945760701017
0.9879540967154948
0.1890046317467814
0.3662409416555997
0.3678787838634535
0.6324467980902001
0.31588013637506573
0.64854456959327
0.7376039487921279
0.48109013491641406
0.372936138439499
0.9575629391069076
0.4475223437800274
0.4536068548587817
0.815975691148101
0.9222510991338533
0.8260937235191241
0.007219563450414412
0.6219352798392548
0.8104978416942809
0.8879729702464245
0.7213375089079785
0.6666693707487779
0.012372556708683313
0.37432032765442524
0.41167092737265865
0.027098021667692374
0.9511302854857198
0.7687593859768288
0.3460690043879584
0.3769376163420194
0.3931968730166656
0.5954103241959474
0.19004171349042065
0.9899613331852497
0.824645321716686
0.9157761669380505
0.8968398772481869
0.9907122715032123
0.2892132703805339
0.832863144660816
0.87513162582443
0.3998189651267492
0.8417008261384097
0.9837659953740063
0.4167277184238266
0.20953950944721755
0.5606267061241692
0.4560520838057872
0.5474721838411541
0.19488719019052747
0.8853102299142975
0.2986286983775741
0.1763289493124558
0.4166666602949435
0.8950852660157721
0.8143802730271121
0.6608586082966847
0.4049769892027887
0.03214156391346312
0.11971312765444375
0.6816945373693215
0.8252136692309652
0.6845276712297151
0.03524763779304396
0.624290514601154
0.023328827077444547
0.9921394825279494
0.23224831237790333
0.5031271677643122
0.22308526447987642
0.2160562182611977
0.7009851462107036
0.8317274605007358
0.3052662409228031
0.02037616200511716
0.030069769415827174
0.7412467616759594
0.037280081667123044
0.05574224819130191
0.6899125850485047
0.08106583073325113
0.34132452597640095
0.3050375531572549
0.49879787221538396
0.1967302222441062
0.6902529650530305
0.7542695913964447
0.7166761032606253
0.5737429340910831
0.0025107938734070245
0.08545087598930401
0.7596236485366706
0.5601315611490716
0.4709868337668087
0.253323046846919
0.35702184129111547
0.936374981811933
0.605351606973504
0.004060305493329808
0.08385921379459316
0.18818917345803876
0.39343016216589444
0.621627409143747
0.5921617744454205
0.9558349940944767
0.8943845154057393
0.4462562071594124
0.5384082176507821
0.283025944319919
0.7649565444037959
0.9995438565693784
0.15788815566213033
0.9691767448659097
0.18974957389638414
0.8719650279137799
0.6723132498445425
0.5406487390825838
0.4375023997823856
0.8811294889729354
0.2335927232256414
0.09981133549082233
0.7975373662049662
0.39290528299024385
0.904535977785397
0.5851534447014534
0.9640391921142568
0.11256680641380035
0.2563469469938314
0.7813423361850399
0.030549457771322563
0.09941672209401753
0.5231264180038391
0.7550418681441746
0.13303634633095762
0.2358687162185693
0.895199501033175
0.2604659293616768
0.4371278565529041
0.8907681377157202
0.4559378664914957
0.05805669691328175
0.6035711685074957
0.05676592643039202
0.4708473777964318
0.020342194838715466
0.08570941010575583
0.8128506828878092
0.22304319712332
0.3609406411270558
0.6137419003848616
0.5656826336806888
0.3558367050754654
