1276926
0.3158439338824569
0.0027617263389874136
0.15716248161620838
0.7310091947540449
0.13052640186473208
0.9850404455289629
0.5907068046687193
0.14044964361142098
0.26208901555396025
0.11175653854557721
0.8249912279160235
0.819185086666935
0.292563220137822
0.8953405927339125
0.8114613839620876
0.5994335383535299
0.16766287330081642
0.27083700528177435
0.7107005790358518
0.7181614248770058
0.024686599039634882
0.14315831106096655
0.012782630446111276
0.7447285745888986
0.053936993700343105
0.25683503706129895
0.10802688233738489
0.8305556543301029
0.5499373036120553
0.8758402773971811
0.7071117884752692
0.49935037270487015
0.5518899880436421
0.7932950882825394
0.3932924362955853
0.4942805716540717
0.24723601491482072
0.00433693525360257
0.504506437615685
0.7775833928267067
0.6178373345357668
0.9701604542008816
0.48944150471116865
0.6384519722505095
0.6452196608799721
0.7772160594225456
0.8591776748777985
0.00664182896133958
0.7594759422171845
0.6527783847045006
0.8648052473477684
0.4920916829327505
0.11584589729426853
0.23657354989686596
0.0714595105810858
0.3749538564393561
0.7136500639660376
0.7278803750807146
0.07050197235003142
0.7557822257445083
0.334171932855591
0.5284973477143974
0.6741165348924302
0.3422258601319045
0.7672445979276792
0.28419384867368325
0.07037897051256803
0.8964295113305044
0.8207138214688414
0.2907407118427209
0.5818962585317484
0.19644248488294458
0.16261199925718228
0.07534124144326404
0.867401926974073
0.47528957652551096
0.132792736102325
0.5902614128691076
0.6332323560498269
0.6929592324910732
0.27893926620439247
0.8626831578112226
0.18039841627569986
0.6694156825767458
0.5212740716986404
0.13328274733467727
0.40300505870978
0.06084321571335416
0.5309610510638691
0.48576142154009816
0.17506176693064757
0.3966823027561105
0.11910604792325885
0.7205329061258728
0.4152647689148943
0.9116191736049915
0.17642509924896466
0.7579987133826598
0.5031212575516618
0.7045417420825055
0.978063905113978
0.17031865291635528
0.13482555299620091
0.8355761127981162
0.4737166705094149
0.535310552192031
0.1535851169479201
0.33267016377987046
0.520105686211593
0.18208988332532394
0.3666343235322206
0.7207914182632049
0.8810476165604681
0.5552863037798371
0.8699625659094884
0.6096588024440872
0.2197464058401315
0.8631510580382682
0.9418221966508703
0.08002852086271772
0.23861676169234503
0.8945952051804499
0.1373711421228193
0.09390704168684694
0.5838562044362222
0.8911758793904806
0.8193442303667461
0.9206642723364781
0.1251477449157944
0.1422737086290765
0.9934354341767695
0.6188732330871652
0.7452893556511672
0.5351814803308191
0.9821138580404187
0.9428023757987042
0.8302105306282852
0.6365506022983425
0.16688359276247766
0.6528398075587776
0.23674994099212776
0.007618323902694568
0.7565380963530859
0.10072911924376193
0.6337328581153053
0.3628656980110556
0.2977479014887723
0.13334869752512968
0.7613005309347698
0.8702320002033843
0.4343599387407654
0.8128676781841603
0.3341078890253727
0.36073886334876504
0.24307561895426
0.18646346454800256
0.025920364476613278
0.46635330522316387
0.3257141403412439
0.35538709335683083
0.21630424117684477
0.7371452852313521
0.7220561584309233
0.3910143817694862
0.9545190012849828
0.6022728406794209
0.6223025446276431
0.22462242058921034
0.901384854099643
0.6340532879018494
0.8044712414834746
0.49798251563605256
0.8468116925396437
0.950356303180406
0.6995954483544636
0.5034620172001341
0.7688406437019832
0.7477811362841075
0.9963739205159425
0.7651794809475364
0.2994630034175657
0.8965565900750773
0.7369649389231288
0.5168585737857702
0.8931454287181305
0.2478288570748649
0.9269028457994133
0.3173785635224857
0.9559046278460944
0.8049794640183963
0.7846566784411481
0.31161962479760486
0.6859382874929443
0.19284135207564645
0.8901381413589834
0.19205399628140174
0.40123378691094
0.9221583448149903
0.6565063591545663
0.7456344522365113
0.6852395669889129
0.7913592459079781
0.7459049448988809
0.9808842246003581
0.7685985166237147
0.39369503762576186
0.2773068947458833
0.22169295940771905
