1640151
0.48921075346956466
0.836065031572863
0.1561194275031198
0.24557583801050642
0.39788374204881527
0.5660919329949219
0.27043680986556995
0.38307342410891465
0.5348313400709329
0.8135875785817281
0.8692467920554855
0.37097790379380247
0.06151309818425499
0.24930095462668822
0.9767618208258895
0.1664206966266617
0.9408586626520756
0.6082668532253568
0.3198320312559064
0.24602808192769698
0.5642547918916924
0.7976882362490822
0.5217508797415562
0.2856767448448806
0.9873971285658263
0.6294684999478762
0.9883149347253352
0.6973362709224661
0.30335763012823824
0.2323558753166034
0.9602894175593042
0.6370431936595304
0.5806324673015901
0.13713884819510447
0.24646995265859006
0.8021520057715353
0.22459944787155017
0.748057627598202
0.22282048476676397
0.3213604635551198
0.5827277779517931
0.41457358268324596
0.7857060957158115
0.3076083677166517
0.10704762031788118
0.5998652841889295
0.08102856150380688
0.19179992899110487
0.41180005043708257
0.7058956992707897
0.9961115006992691
0.7844017898028833
0.11985322171468127
0.9596225239972296
0.5974713390485064
0.12232049260440547
0.47838348109617523
0.3908993767042599
0.9251488010135103
0.5500641696332949
0.342485071339906
0.339842717378973
0.8130653974715182
0.15704542970698698
0.2747858771692109
0.11991569787918088
0.694907712853032
0.6469835703479763
0.18981016418521113
0.43270668347746744
0.6763321401116401
0.9507159126257045
0.18374453783573086
0.881356664622391
0.5068209090602424
0.4103296604669536
0.9334262276662864
0.4618168843911259
0.46831023004131633
0.16037738973831972
0.32278739224608055
0.2245935811980997
0.612749569246151
0.411040210874563
0.7606533266006047
0.39436431949834716
0.22704085192194723
0.6984552958081137
0.9907061919892866
0.11082633250020735
0.8813448643810697
0.8090248368377169
0.06259013111596623
0.6113640591689077
0.9255318432520924
0.007375992799525055
0.5325477247007235
0.11459949057225194
0.8385914440727982
0.40174234058855096
0.8926415536632769
0.8836159568628998
0.4071072642775858
0.7658894252278157
0.6895292278544308
0.9486216487576319
0.31143941570757216
0.9033078349132959
0.7869236603695858
0.7510468290238045
0.3320482643021394
0.6872497692048039
0.7502846325450679
0.5345443418045625
0.05343089112183197
0.23928575740870528
0.3879524511461113
0.653090068072027
0.6394318360191922
0.3194101047482525
0.06984722770850138
0.09235654144648353
0.9812274335178951
0.8923254252344609
0.5630225255459881
0.40775913436767697
0.27807360617622645
0.007387621484948537
0.7727757843679447
0.9710512720468892
0.9009446218526217
0.5837948749444363
0.9586817892022108
0.8870712575273708
0.21048068049760282
0.42795532025983685
0.7068297527063866
0.19322031347755653
0.8532000132580935
0.826569674478145
0.18270880643637466
0.9864773533795801
0.9437212946741613
0.3568169219469214
0.9636001170668115
0.9362334687639189
0.4557807132728139
0.13413263815976795
0.05499881230765513
0.23595461360317704
0.09111690936603323
0.5784205808958467
0.5325020506721707
0.4226585499310753
0.8728368418930302
0.9211408859169254
0.6187644756025672
0.6504179158947314
0.7186635382798111
0.09856824096974282
0.9045356049893204
0.9425782541103761
0.28950709777210504
0.38061649794155694
0.8534581785435863
0.6671062956423714
0.48008816333336
0.06997658178553556
0.6922207915957213
0.9804603292092378
0.020882805435086804
0.872916796223139
0.2808213757259499
0.26760090262324576
0.7944468546060651
0.09094587902224305
0.5821131499120857
0.6692372384570292
0.6342163721649224
0.6116408245515702
0.9054679396217514
0.6321303484262728
0.5701703969337314
0.7872930318822655
0.18630619591266917
0.044251477260522365
0.7132808896047514
0.6816279913647301
0.18140728612864543
0.9238200990852128
0.2294641526046418
0.8377050145159634
0.609326897330457
0.8197229379462656
0.14378668007285456
0.6742053799828125
0.9459137330168591
0.05054182607432778
0.03696796946657066
0.8526688778346614
0.7968304140067495
0.6603944236693066
0.04876126186437402
0.4748396682527012
