1395070
0.691850742801833
0.8881448877844881
0.4447009327294966
0.8374868924253129
0.5254907450155446
0.054640050337355195
0.15616679377369191
0.02375936480446894
0.9112476266259657
0.2690166331276381
0.7184517608301774
0.4093060620158011
0.6392723511490292
0.36433691600663975
0.4399510024187464
0.06804958480581846
0.02306018960811962
0.29831649091827117
0.1016760809864643
0.102650703693001
0.07850904315808316
0.03130883062559675
0.9735903974354676
0.8655261902920374
0.724035817671397
0.5240799949498322
0.07150005458794118
0.26097572972114813
0.13630309197014456
0.4364583761401921
0.24657233898762554
0.9990538996188986
0.506459116899653
0.19485929646627065
0.3255293421390535
0.8993622086888047
0.8333968056724033
0.7148473632592731
0.926791846193527
0.6017252756413338
0.06338817607964142
0.21431394827290384
0.7663242383736873
0.33075442771592733
0.8395523942843324
0.23351169298801433
0.23665879719063843
0.6825909192102302
0.3599675072227797
0.19010095492300205
0.7935530543249684
0.7546600467534833
0.3598369142581631
0.5405283721281792
0.21696162376986872
0.3230564012151036
0.03097382401927895
0.8934705995757954
0.1264798960584803
0.18722010609708528
0.7709680447407611
0.22674139636921709
0.22614331687422518
0.24785180953767605
0.014751045420097975
0.6959737273818615
0.6294432915256191
0.3615548174963784
0.042877285820683064
0.39155239875563985
0.2726465017550125
0.5244802827449914
0.5836906023430812
0.7996875547851385
0.8629816587830885
0.47729147529855753
0.23064666607000228
0.6541826802971471
0.02798358534480372
0.39505190607599117
0.18141360606209367
0.3273653493213974
0.3332620297823501
0.9281807830861959
0.5719751249215856
0.9018125279575282
0.6181880864398378
0.4944090807798679
0.7268107253075129
0.5889169673460288
0.6624684327569668
0.3867077608844094
0.9753311116768267
0.21600435483242253
0.5413038739573941
0.9584495262932802
0.29509627848282816
0.09062610836104146
0.15280558000185152
0.8746036401562481
0.9339473059141998
0.6688156199060284
0.30856790977073467
0.17655349570132128
0.336032827609963
0.10351065497593759
0.466775001679839
0.6981646806933388
0.15081400854421612
0.9300081441532321
0.6569432735412309
0.19202101379204184
0.8394823408238121
0.8572322477450053
0.3963791457897222
0.37728465189679794
0.409827145534052
0.8767596686185352
0.43065855033800293
0.0044258597104464
0.10844024728151636
0.6759615905755636
0.9439098622248528
0.9471066666862804
0.47824754530614
0.6472842339853502
0.47940979967114306
0.2777920662688633
0.049708726978447304
0.6226054198828627
0.18697788629179612
0.26120107327927833
0.07562727537179836
0.8297674582350425
0.17088126868524023
0.20849959086438175
0.1423654177753919
0.4678016257355947
0.6504390616153056
0.1751753836511789
0.19435960234664373
0.7280229864354808
0.36524126930495127
0.5568251908305747
0.49418366606207365
0.0500886146299101
0.1578739401508471
0.7396226384443922
0.30700883029543824
0.8952764202264751
0.9492695087392061
0.09602482289807857
0.6461607939341437
0.34365539468531414
0.38527670039661666
0.781314418105057
0.24557599295725063
0.37748296378896184
0.2777718833538605
0.982863651745309
0.03531050185819751
0.800078227031179
0.5896099097675721
0.5015445796406665
0.7878569453712254
0.35758484799615287
0.11993907747344768
0.8035003523923336
0.2758756785362735
0.7804505849475675
0.23488128829025856
0.970530323657897
0.236049016718353
0.14211522401892718
0.958305506113064
0.2986313667360885
0.6691178487030992
0.14431230178200427
0.4883985152932109
0.6467765593152726
0.5227623452164426
0.681554223005231
0.7379642353958844
0.021801851134021666
0.6018395678204447
0.31178432883092966
0.8098586907371287
0.30030983657381827
0.6295923772586568
0.06584385075402366
0.41369491884624243
0.43478931061047854
0.743795972050106
0.36531524497778867
0.10592844070554275
0.9686881933599489
0.3534094504671309
0.6864678684889521
0.8926602119504152
