1108290
0.19396621700865668
0.20415166581000854
0.007445946727071329
0.17297100302868662
0.8246932689801323
0.7055221589188764
0.0065026804517785974
0.22032747220705273
0.6315480015432166
0.05713940116411387
0.44099854866755106
0.40057655823277494
0.08461056201499384
0.47887035316026383
0.13004587860964534
0.1072718701610631
0.685632324195604
0.897076574888425
0.48809590065229214
0.958551970424047
0.33600445970388604
0.7684041677934819
0.6124283236351677
0.1445168916284456
0.7829363605844596
0.3328958559027445
0.5144179230920276
0.9400263150584873
0.9138941182132648
0.4798054135390052
0.20261625599124922
0.305068811091303
0.4281378820932994
0.5823463339889298
0.9751009803849644
0.18332839545948432
0.20423651532609144
0.11170748068830838
0.45920947274180113
0.5793013474385208
0.503726713425651
0.5760212566161376
0.6486866205394878
0.7452924089675013
0.003622777297344948
0.3465699343886679
0.4314422054812914
0.8418464636331554
0.5342726339424726
0.23136866283741853
0.8755257892541103
0.24864807634273078
0.31409424297389377
0.23536429885157406
0.8465923550246965
0.2976478865604698
0.41901609088519964
0.8068412418484734
0.36704498807217134
0.5761516113716424
0.20198429986858668
0.011227024662082807
0.49520593431761595
0.10483356940797806
0.38668779828983024
0.496341509106094
0.40228040291924483
0.6341136282315584
0.5996924776385544
0.8172359649172752
0.7555425465714783
0.022062965026281578
0.17646377595990703
0.6741187244546489
0.47808634598089084
0.15798008789268547
0.17929682620700005
0.8834668088565691
0.4486484446097948
0.17800596592140872
0.698961716039292
0.45027369731220135
0.7294243576036751
0.7826229995099272
0.6769109522197609
0.9384852995231526
0.4654630356832904
0.31060928246989183
0.6811851793985289
0.4470277320012648
0.6861390057032867
0.8499966279066143
0.2966918975381142
0.8904319597907655
0.8573656683125127
0.07380657111491196
0.04932179994833019
0.9559120296391385
0.18262687092370966
0.6768158262449341
0.07340522600852495
0.06285519054800093
0.33156834934891155
0.25932894095151304
0.0533017383236668
0.8860336283094734
0.4868046730748933
0.2549124461508687
0.3224534202544267
0.5204492791098393
0.3427609372403455
0.031271502258702344
0.3870226599095409
0.1635744736014938
0.9647832282585511
0.6069263177285548
0.5562739025766656
0.26985333811077716
0.22241519729948778
0.5210727269474729
0.8081473817943741
0.49267941066588206
0.8476529463403745
0.26998698269987353
0.49601302757685883
0.37066766079520175
0.03715355715593127
0.38056256015404477
0.011380620084285309
0.6378897420278143
0.9167875805300332
0.630042233519926
0.0573821147211393
0.2418434161018248
0.11758922386194748
0.14073571767123505
0.7591309449112849
0.6382783583729942
0.17407224420105272
0.07949011109078319
0.43960183120563434
0.6986023259200181
0.4490437168995348
0.47390611589783393
0.5234642628099518
0.6134429002826554
0.8134618628195575
0.22077019785732643
0.6963413286172765
0.5050422702666073
0.3655479793698124
0.7068992042750225
0.14325503065316836
0.07151295068280084
0.060276754116802445
0.5885706130384085
0.41755812337632847
0.47758520199064514
0.2385336059001345
0.18293788611939144
0.2504414835685761
0.8793275893237791
0.6946409455809406
0.6133072098788251
0.4011452511140915
0.42442360732736417
0.10162017818662539
0.319878656260561
0.4692910884769075
0.30493989765133167
0.3254699298535265
0.7985306887713292
0.4432916179169526
0.4561217076443148
0.4029049114313852
0.46245417038418757
0.6425825727290827
0.7926040375800565
0.7314141302078784
0.33491844650914593
0.6264621307443059
0.4525277206572751
0.32616126569373927
0.8761781964855208
0.5886106277245176
0.3804016489926134
0.8351639198780288
0.6235069723757679
0.7339036566113702
0.7211535180199709
0.3723523156328471
0.48056951351158395
0.1429196742404346
0.920663703565678
0.12752289209848178
0.4308213058586825
0.6695831469752832
0.13217758778325794
0.14286522718724126
0.16935105777443316
0.4886728266075251
0.5133439115454578
0.6076554555915044
0.6485576721676175
0.012464014168393156
0.2652279590027712
0.5158734765842184
