1440483
0.8152801744084069
0.029562449912337585
0.8125000500417752
0.5559148190628188
0.8804756538817623
0.08402728258164516
0.3531011683540476
0.6572324524194968
0.3072665948287897
0.3091683505041901
0.1160395702338527
0.7056579684336481
0.32915596275248926
0.15794357909024181
0.05757332253709724
0.5573151730576084
0.2174342582351224
0.730670046141047
0.39888544227487166
0.6304537078205592
0.7052803562505447
0.6908021948518305
0.3624599845299422
0.03519415497421441
0.9457832330381323
0.08081931251435015
0.6997188113552777
0.4130898837033191
0.132089621323204
0.702803603344364
0.11908055749348867
0.40157566510191134
0.4401079084075812
0.11207917681576252
0.5214544609648064
0.912786243271818
0.2676761177962965
0.6873215252128536
0.029283916738990445
0.22189280258264665
0.8388278831833577
0.6868356817456864
0.1556055003510105
0.1970191730521459
0.11776701995343197
0.6782409769462289
0.10119123923195461
0.8709633375145109
0.6343877148965298
0.23758865768173654
0.09069342867645414
0.95436444842791
0.2616544730558509
0.3539783268982941
0.8628123265583298
0.8206189383605379
0.20488157616307734
0.5470277444506445
0.9148598066078416
0.9547642178051376
0.4639291535125194
0.30708986272922334
0.8686918104110817
0.8517116187497314
0.8115595101882386
0.10189995257584217
0.37283606781885514
0.8736248065222696
0.894673069484282
0.8583748416275192
0.2847413055550003
0.6319041470966608
0.409871161280839
0.524574953290132
0.48742709764294134
0.046150945855397696
0.4307682172915599
0.04437957954294136
0.5864139067784223
0.3506501082088114
0.8717033219382495
0.8362142605258235
0.9056656105467218
0.9683234667056682
0.760977220982054
0.6572084986362661
0.6553772214495847
0.35277036775861403
0.4664676119855936
0.5554509337559995
0.8797929909131682
0.6109260111649417
0.26745208614020055
0.465548681725802
0.8098411181194533
0.9620319342631417
0.698694549373469
0.8864855253150364
0.5432230104070312
0.8630275705786316
0.9063276348790944
0.9958140690033606
0.5536966137567432
0.9361353957536935
0.8497901716556066
0.5005048787202989
0.3916448538214622
0.6713265299616812
0.5600553582158548
0.5023153466107062
0.07962193849594346
0.24451746967063814
0.8216115050036372
0.6643299561085503
0.12942142709406135
0.6917630944418295
0.5841345284426321
0.00536225094505316
0.8113122079346409
0.1103746270988969
0.12951710683561513
0.7201989213293896
0.29143934213839207
0.5198058148390267
0.5208964194529394
0.5262039881073438
0.5199888834219899
0.5083141883184107
0.1425490459706913
0.17059166425983574
0.3005669619611244
0.8158187527790214
0.20299788903963845
0.8977143806031685
0.8003452343077844
0.5590391115552891
0.9184024197267189
0.8720021195422408
0.8708763121149808
0.891915471836562
0.7192809087317454
0.7797280442070889
0.9410840496492034
0.512472760149278
0.23083866011447207
0.09156461746371691
0.9167857113442269
0.5767061641382327
0.9656539152067741
0.7579333651846166
0.47520399960920334
0.2607298029680195
0.6371990638213882
0.43044041901358165
0.3782788902199741
0.42434382324888476
0.753651397482428
0.6552292140819633
0.9451906779767891
0.5723395407343193
0.6836745671705184
0.8678707994968785
0.6223570110377842
0.5842763613675513
0.6993279739039705
0.43445099491445616
0.668268688790235
0.4891280589660555
0.5959881932970117
0.42980292959802346
0.3308799463707095
0.8981102910841642
0.3651432166688907
0.3213727349957378
0.5368711437696155
0.5771651351164971
0.05314627468420685
0.23599461279882994
0.03495289427413073
0.0399925046445091
0.37749344065229284
0.02689132832870822
0.1394824641531367
0.9731824570768555
0.8919148261475942
0.9295045080245753
0.7060146502826232
0.7669164340764127
0.4925466770217224
0.19729898959981174
0.7370111889197579
0.4178693115968357
0.8396772533651052
0.7424735909485535
0.06378387496553695
0.5953587451449877
0.8330371303612433
0.4715505606888518
