943092
0.8798487202454958
0.7174517856949534
0.623329645382123
0.7021045796863277
0.5112193866088741
0.47065288574283015
0.7686754366510289
0.7744314361632928
0.7007703132951287
0.3249621537044417
0.05186993304722076
0.730745279475803
0.8566509742523448
0.24550557462777312
0.16283076005195785
0.724532891230262
0.16883469568211207
0.9826042769596772
0.9203371394552777
0.6439821324900766
0.2332368277044099
0.03406278208208713
0.9581412321059948
0.2859406307692768
0.8394384523350652
0.6166214578009525
0.8327569223975931
0.3006504265680867
0.8759038785985132
0.7579311468446996
0.32370876385126424
0.04254287353233044
0.8856813003333228
0.9260731634983896
0.2917498658636478
0.4086670541292451
0.6659273651801522
0.4505612691316172
0.8365346823085344
0.7238646171488103
0.4461989333422941
0.3569263688688282
0.6524584449226505
0.7405924464204295
0.6033055945130225
0.13639904016295867
0.4198522888932459
0.8613337498213677
0.5746191057257047
0.4028684770788642
0.7884491731835828
0.7628276563179068
0.6170867139827845
0.351211336253074
0.011012575142961833
0.703885617097311
0.32579770302069266
0.4242472768352309
0.5672461179322013
0.9323530136668849
0.3738030560047557
0.6199922155304153
0.18157952859050475
0.7718123429009934
0.7639907594254745
0.4265449774120863
0.48315194196642197
0.1649144977446224
0.9941698305611745
0.4588559825965377
0.18229109280929934
0.6777628054066074
0.9281187145001368
0.48979189147510316
0.04501285839422264
0.22856409436759828
0.8382041839597539
0.7173232368391556
0.13554217720828643
0.09379994691647009
0.03927942852381616
0.7903265016781253
0.7665836797672291
0.06646042378970152
0.7689209290525945
0.3274064112696625
0.3480456837453789
0.9934213853794363
0.48566564521179023
0.40630780136725175
0.8571491466484449
0.30283597396717066
0.5547611664728505
0.7759006866320409
0.9663283112152713
0.5474495969325898
0.37004377141303557
0.34838645910359345
0.9600579330541292
0.4360368751599538
0.32091002017183246
0.86628676530183
0.44771682860909745
0.3026980766851064
0.6549498040528032
0.5069409134064075
0.5368254915165385
0.472541841017863
0.20965990797961664
0.5866518591086549
0.5694713770360655
0.5223195608629225
0.19075884925767417
0.45728456744823887
0.7444618893383781
0.005866383484544824
0.6599753693061667
0.15003478700511652
0.9487221846085645
0.8167426355767181
0.16178436940145235
0.314250495577579
0.9036811489629685
0.9942583678741003
0.9664158185519756
0.523601797485869
0.2958654416675859
0.4441030462998449
0.7355635210529665
0.0775598835547393
0.9056481173710997
0.7410914699387902
0.02757249221439284
0.013059063833747109
0.8740751305318842
0.9090757427460655
0.950484771718207
0.15938026419915563
0.1549191166582592
0.831862608733238
0.44417578689528947
0.7187084000415439
0.8875867583134017
0.739014204201735
0.12691401679683567
0.03548010560995296
0.8962327806828182
0.031699581817443145
0.3770292487456479
0.9295522125415278
0.7714093026946374
0.5663030874528675
0.3369754666018805
0.21138576150391974
0.022807247982473355
0.39728525227549605
0.8249264786079523
0.7718539748209783
0.6051215948819697
0.8958304070855946
0.7181436813248478
0.944947080062401
0.7137998848815303
0.10710447683940527
0.2327071910402252
0.6785605902331179
0.12340951668583833
0.18648575968703707
0.6658027630247411
0.4167180459097095
0.49858586544852035
0.76391999793506
0.5896087734389738
0.49599284812533173
0.04600012418308563
0.12559061546057904
0.189929134677284
0.2895585206465635
0.5955119684912498
0.17338371990773405
0.4280692779710864
0.29421003312024796
0.6996489780548151
0.2251668833087629
0.9710541016273526
0.8488635087152177
0.6227814488621961
0.8526892718691894
0.38313857251155203
0.1974553471569893
0.15483693461609815
0.11895027208669473
0.9006624839198809
0.16482606617385742
0.029126857351413515
