1725001
0.7731725381941085
0.22265357584646417
0.8010879582590059
0.3498326701803073
0.18905442311117837
0.1411834775993429
0.968140122694731
0.8419264801753432
0.09076608145965315
0.5083337743469594
0.9914081046678024
0.9247773045331151
0.40119218016627756
0.9907300111013342
0.18054955043042842
0.5804208625567617
0.868213788678591
0.29795359357406315
0.23478168670716149
0.7384469714758432
0.47736032226781
0.08774306030015999
0.2916497277110379
0.4316858250117406
0.042952224413333684
0.5487475314474501
0.6524703056305949
0.29035018650093924
0.7848937752501864
0.740696838158664
0.023347536335818653
0.03701799725459465
0.144564358519653
0.1322045444817056
0.44757309986023996
0.5208156285912681
0.5707958584060968
0.4180212703901418
0.9733867333261155
0.4863891367756622
0.5157127407032875
0.6204077501852872
0.5004866433437382
0.7117271489530921
0.42025057479187455
0.6833981126628279
0.17934401750496431
0.36862569658714817
0.040457603373690865
0.25407594457635363
0.19928932349253659
0.4605618546424244
0.06822325555988351
0.11158681528299574
0.794502992540436
0.974969573915748
0.6338665551961999
0.7524628563496301
0.8214560685473793
0.9503876850138597
0.9430559767126908
0.9699363046226456
0.3170114883791979
0.003676586293669404
0.9968222036436448
0.8752706142967327
0.033309968494297904
0.9884767536346598
0.07096360415495173
0.7007392417132342
0.06372898822192441
0.36330874838780025
0.3899334227249418
0.8967337592960573
0.32361709896112545
0.5361907171310056
0.22033720581273808
0.48958468140226374
0.8301702264640641
0.9223766054459981
0.43045725239220356
0.4020296739776241
0.43773035461036214
0.7027940636295833
0.41476079845494496
0.4548655658343117
0.9279511459600511
0.30298800217405275
0.16613704894635917
0.06617215625975659
0.12868921985660653
0.4258523943746998
0.1936475644894773
0.24359725132480248
0.04114373451988307
0.06615934175662186
0.9298634929632097
0.3255439875112438
0.7916810673575462
0.3108709131812637
0.24940213966820213
0.06870325651894338
0.5929455341153824
0.8864458404955606
0.7290645732488097
0.10222500546902735
0.798270681138719
0.3528301749520817
0.3200149207088552
0.4729247065756057
0.5640706034753844
0.5635466614155923
0.17373087767461914
0.9912717934353841
0.5968039449783292
0.5122750604284493
0.4659947478987263
0.3545093557947707
0.9542677498989106
0.9685416632787397
0.1969822423460924
0.5711052649166444
0.895392340758266
0.3686130374752662
0.11054638107488912
0.03983683479167466
0.32837249059060514
0.2724154918952698
0.0720823805277887
0.7471625308989024
0.4938839664396082
0.3232783540724875
0.4718985503510956
0.43813599718569207
0.13829901383290777
0.05452574272199362
0.47980728200835276
0.28896894894314606
0.581227904633279
0.07541806685195163
0.2666894097680319
0.5634510342588328
0.7623783097266008
0.13867098869089678
0.6300740415813513
0.9707870467690684
0.5646377184793604
0.3427563044822345
0.8133152869957668
0.9590120909908618
0.45344865885781505
0.2544153948083633
0.6917361084909915
0.97599827166405
0.7469604662214738
0.05029313912714761
0.9141489537680592
0.8091671338823014
0.6371049242946131
0.871325795424355
0.03445128024257971
0.47537389330812885
0.4186578829076688
0.459493995893955
0.14553395837786842
0.7740311243472935
0.25151267880904493
0.8037775608310358
0.036528753001710434
0.5393912870229264
0.18080508497352166
0.9606261299591162
0.4344609245387694
0.8320084806777791
0.07019370958534144
0.43398574748839513
0.4626613955198551
0.7947519920905711
0.5655141390428817
0.5008983173544692
0.050832395194516766
0.665345575264966
0.19918867153981834
0.6509174040509416
0.6654495364585952
0.48525754118259334
0.27018779854790453
0.871060058133661
0.39422205852623726
0.37386916812315885
0.19000375188812302
0.8527416243505684
0.11462245440191332
0.8471995524023762
0.5720102354137456
0.3231163261430323
0.20403515080633083
0.5520671732246321
0.45974696062320397
0.6104733312683734
