1149979
0.007863957286333934
0.9594201172340425
0.7390808527205195
0.24181460370101737
0.07197574668868822
0.014667785350490292
0.9598609765948614
0.8404672708918235
0.967148203285423
0.4781990876600697
0.5045972828815778
0.8425598405294946
0.38572757512211553
0.7058736694400026
0.2848579924909037
0.5834182381429495
0.07449193381160313
0.9171238710574194
0.9204940968349672
0.11841403798824779
0.08275437695037635
0.5774069942741932
0.6624637491810899
0.7375239909222223
0.7510295463432751
0.38209889492801874
0.15694330643537946
0.5088364928367406
0.843126181615421
0.4705217666070177
0.5165760015582066
0.3434669559101795
0.23331715538845932
0.9216499551926067
0.06412279066268267
0.012821096100565144
0.6002777648963737
0.28713977657112855
0.544444628689202
0.2688710862139061
0.6507719277319161
0.9026806473566881
0.5626591972209223
0.7190867585196672
0.49860528512123714
0.985266275195431
0.49947886137872266
0.3898899814510216
0.9581528030240594
0.07183648915837815
0.17915139798981816
0.9759773656062889
0.6768079036762679
0.18384168741085538
0.12108837057139832
0.6175827124146613
0.22698920623358498
0.2126332560040468
0.29318065502187474
0.6737274306472814
0.5058798582587595
0.4121856080414146
0.9029642484887674
0.36673340875804084
0.04986346814135523
0.5585057263974127
0.912213940625579
0.3617497518211793
0.16066001076502634
0.289189376706393
0.6412061714417682
0.31477098478686516
0.061453731760818586
0.3719330382930296
0.040806605480707026
0.1736012641164315
0.6538445841284825
0.16741339717434933
0.9537020369850119
0.5484452182603652
0.830243276929342
0.3497971143501385
0.9605104136431176
0.7822833251659544
0.7113696406130303
0.027245489644198373
0.21216623769389287
0.4459153561235476
0.6248025864703156
0.7651300217416976
0.9868937418820869
0.8585328566524013
0.118069321350461
0.6562765383516032
0.578242961088298
0.8919076781382755
0.8085504065453772
0.5054069405614042
0.520079448117496
0.7547602898266695
0.4125163027695311
0.3990496559207153
0.08508055132410086
0.6735981252805427
0.8669001469483556
0.4175406437364214
0.4552073628621204
0.3872908783550725
0.05995063126644884
0.01233923861820485
0.955783463737236
0.15487613329891525
0.3206976727946035
0.6197340209275929
0.26922725861362284
0.5395653344882773
0.48220310119179255
0.41111585825813746
0.6001478255097937
0.5766463668973696
0.029856930214869237
0.6903466163800859
0.3504285134940165
0.058956359218014676
0.5735196578785592
0.3403536256849564
0.9810868727726134
0.5808239212427964
0.6410995096614404
0.893931720656822
0.3871129871828738
0.669857059667568
0.5811927598183669
0.2578359641325507
0.2921528064050354
0.8056799917342014
0.18370455218280524
0.8546000085693828
0.8818171689798572
0.37569751890824077
0.47990626366689815
0.9631162709244737
0.1375607780527458
0.6501936010856175
0.06717507992282545
0.33686616638119804
0.10748991487716997
0.6725459361309041
0.21869986304315137
0.7577895324731607
0.6561218242958573
0.5550660940871137
0.9847271189477605
0.04413464215873719
0.07203196013737112
0.046950475704954586
0.46945939893443156
0.17223124438334403
0.28049066165383385
0.3980544435813307
0.47650779251468656
0.5949808207844801
0.30760345720193183
0.4806781163939131
0.7558393185408059
0.5439599027831873
0.07313454196121538
0.8512795639298719
0.15644873053290786
0.08738377985912771
0.5511059563939722
0.9350066020070916
0.0915236227226961
0.9827792473249843
0.8304298333093898
0.798166144893552
0.8566609062766785
0.9110671440736696
0.6322448482725582
0.03722594121875089
0.5067311542022409
0.5078565145283637
0.3962919374925008
0.157669911628192
0.19327728335373495
0.7181039037061223
0.13557866275025698
0.4420057291975311
0.09187212547564394
0.39189306817236014
0.876745514626543
0.7134488162693818
0.3076494510431833
0.7119417073729761
0.6529615046016499
0.5902842693910006
0.4372614182121761
0.9975434493424559
0.6968406035279928
0.7956343722817014
0.7868045192485323
0.665004919373259
0.6927845361867636
0.8383360139772621
