1406664
0.5977956499545932
0.6412392947953389
0.6913213179483815
0.9128591676592478
0.017068458629995287
0.3250293482582255
0.5624234501187904
0.17967342798833463
0.9614994430390928
0.26957424820386966
0.6704532660447042
0.6821972077372114
0.4747623136240483
0.12028646595580339
0.7902973733134819
0.03243966895738015
0.6508479884071171
0.9834062011862925
0.15241578458620464
0.6546729523379955
0.7078773025510103
0.32385270370783825
0.9039460184897178
0.8149481498415871
0.3357714062823519
0.6948329961327642
0.20366554505936185
0.8839954372413026
0.012635254870375534
0.0870806366986897
0.6305312174626254
0.2820252653140739
0.5872476015044564
0.45219800968962387
0.5786773624012971
0.3361738289894195
0.058840481741051165
0.0024279789093459847
0.8361687954819882
0.844812848365525
0.1503899276061591
0.21828162225460535
0.6004689497879427
0.4876704975433205
0.9679294181875212
0.1058007455901937
0.7704974946520221
0.346686033811891
0.7659353664980354
0.13683520841025287
0.47331547255893447
0.7097481271641739
0.5976243937994097
0.4785669146685433
0.43289080882770903
0.01794325211106096
0.4190402158504366
0.5726134375819051
0.9690602200224719
0.28666652535277837
0.03709743068120952
0.8593965347021121
0.1267182517592551
0.5819245292737371
0.14428878987120852
0.4600614229899608
0.678427956027267
0.16538623881737968
0.5665507161522948
0.9260850800811458
0.5180620326385683
0.7352140637627794
0.7658221479204134
0.74581300737169
0.2687467380536036
0.7844344947413652
0.5851197606726892
0.1575155466049626
0.765295787479195
0.47458365104702394
0.20149230450662692
0.9601561945510819
0.4394847433588851
0.57959001752774
0.2610055979220658
0.4359163638070823
0.5359310648121284
0.9933330682648708
0.20994888295196112
0.20262218669534848
0.5170083762174316
0.014043021602844985
0.9077422386731292
0.7995706693087895
0.9771384450969255
0.11968365438752027
0.7095639419418678
0.07685422260108721
0.8799676508975215
0.23068649087196735
0.34050553422117613
0.00613370120032708
0.9563490593857715
0.5198813846016694
0.04810154236609876
0.35991238627608113
0.6567154745927263
0.6741950826622047
0.7163699217813088
0.8167141294010527
0.1383427980440619
0.1386656668509637
0.8520381338441687
0.441170812127738
0.38616662378485567
0.2805478636027815
0.6124191256587082
0.16087608944833298
0.7152299659923598
0.5997600623984709
0.3344401569783416
0.8159632548584681
0.5835031500142742
0.08165114822295416
0.34561708543776737
0.5927175385008323
0.8557318035553679
0.5390412850093417
0.19030488857342331
0.16913360684119827
0.4021320606889687
0.3227176849706067
0.7883453712600076
0.6981818385670042
0.19016697956006368
0.0930427178688249
0.45827100782276564
0.8336473832293835
0.8333017799401274
0.4400585125857368
0.183513528799927
0.36375828360198836
0.8975495428238595
0.01544851226216204
0.9776050522607989
0.6594204371997495
0.13478346612361247
0.49694342605812947
0.7131480850174872
0.06672812530643235
0.2112052375092608
0.1442347679018472
0.3193699956123367
0.5775213800675434
0.4300237282279872
0.9251868891934805
0.8243671564852849
0.5971121942500541
0.4093119590585297
0.19211391108284215
0.3206820641849055
0.39490355889059214
0.6691744080065469
0.6701150424446223
0.5666464286220171
0.8714766339005591
0.6067707867982461
0.08293852468207352
0.6009624486174386
0.6048232674676246
0.39340646928291634
0.0865703375583109
0.44428279942977467
0.748752389695312
0.9148139585231433
0.3067209920519598
0.6890896774542963
0.24810011040237878
0.9939135494889507
0.1836101107958995
0.5379620744649641
0.008225633838052637
0.784755753762531
0.01592487354817118
0.640359137994601
0.1103759800721158
0.4070118051025742
0.06555520159526274
0.8993371034979394
0.8998543730772794
0.602292777698554
0.8356849067325894
0.27215612928403665
0.7905287524365759
0.4367421350355126
0.6670449209817173
0.47252214209411214
0.9270682487852405
0.8487598434075979
0.6106109752969656
0.3972483888067182
0.42539715407541656
0.14638130187984533
0.12975458835401177
0.04641008934194868
0.7722074396958287
0.39574753461215595
0.5608333177278553
0.6836045447995058
0.10597267542217104
0.0102676103802406
0.4184320229095173
0.9917187798413903
0.5247569241116764
