1283689
0.7494880116929199
0.569944283505423
0.019644726319013595
0.2702152582542484
0.7673481920320206
0.023908917762049398
0.7866724372857208
0.622532391918362
0.3114150164885361
0.5774936023828933
0.5138294924110431
0.6076486994622402
0.16785345831437304
0.8507438927983857
0.5852247434219019
0.16597416007356813
0.971304452368277
0.2986929141234944
0.5074934540737228
0.26089191056218497
0.0545053169734383
0.637152774347298
0.3317294881613698
0.5157052105457511
0.5994018303811957
0.7439862187678676
0.22982981741931063
0.35928280198850504
0.46966542166974734
0.5048829796635513
0.17596542598966503
0.3335095479079696
0.25394277170249735
0.2611421065674979
0.9739317970428447
0.16975035793655946
0.7298294012042262
0.4866879491814594
0.19242117778701795
0.476887360639879
0.17047271561966593
0.07252437550307367
0.9227978358077574
0.40009173784775187
0.6588738527273038
0.12905784143877674
0.6577468851646535
0.4073430119801891
0.8493724330610112
0.5301970370843625
0.004206006361932468
0.43981035028574944
0.42146160556108325
0.517862903012093
0.39027837447254576
0.022562143216912856
0.8079950851272425
0.5615199681732246
0.4033646572541876
0.573671072195078
0.64801236041408
0.32456567621044796
0.9055404407258402
0.07263429523731535
0.813821553288604
0.027891813023376733
0.6122449099326642
0.45312922239232123
0.7926442031679055
0.7206582557026537
0.3916354183876084
0.5704772045650205
0.6650399222692092
0.9692957003745343
0.14450176402130155
0.3607892164120323
0.9154927329369517
0.2579809877930431
0.7584231798685721
0.8566187997265732
0.8349557156212406
0.9573048342799604
0.29488964812387164
0.053049206083778166
0.330813743164708
0.06257866705893833
0.2643989447483026
0.228493583166139
0.546638757560069
0.029203501153306832
0.572078957484921
0.2160880556455197
0.8122760091932532
0.9397506166139763
0.47517500332562657
0.2944094021988952
0.09421328341470214
0.9258802462399742
0.68377964672509
0.8203508907145252
0.296850158322457
0.237950937678586
0.5574728641626145
0.4623406907247676
0.477197149912876
0.6061491717808053
0.20307833702376898
0.9086894303599853
0.2786999448274331
0.5691949496433029
0.16253171316304893
0.22370489299822394
0.6642968347104214
0.2601557747972135
0.29489484950437317
0.6033132119386595
0.3344823753373587
0.7336283670765369
0.40283977580612984
0.14227778609732922
0.05306409873596307
0.29452335872194924
0.13146479555854484
0.3667082989173307
0.4714626270645892
0.4459153019177059
0.6760945371315442
0.7084044049371921
0.9418208144960679
0.01189671247608437
0.8757542178209535
0.8016793801777227
0.23985013723196047
0.7111013169323837
0.3402983887449137
0.4686615174390074
0.08025799037409254
0.9575386218298422
0.36171256235371585
0.5256717392689496
0.8007623500795891
0.94760780493489
0.4938956648903271
0.09112813763298633
0.61511553132075
0.1556362419239803
0.8502704451386807
0.9045292330711486
0.3912218515985506
0.20501409121832603
0.36485745059445895
0.27641991254766896
0.9973486393097751
0.7079728883387713
0.48998806875350864
0.6808445124662048
0.8775937732535202
0.07428319842135467
0.06262035489697637
0.6746443698528133
0.6671874014072888
0.4776219999158091
0.36126098329779044
0.7820578256448978
0.3388690383795607
0.13808797674553475
0.6967856694246423
0.2184323927217764
0.5834956401915954
0.830319151094649
0.23298906979687406
0.8434606589981203
0.8712003399657251
0.05889321837754191
0.11648488925697553
0.5322028120230329
0.9138353434040141
0.6561687403096408
0.41061523898396957
0.23126023584653088
0.05509669918213855
0.6524506750969237
0.7743180833961048
0.32781619011190477
0.45164288912851036
0.1443412396595427
0.3044399993596838
0.6008614930347418
0.7766828749650383
0.5443628586940409
0.4687711886462237
0.9467739338235083
0.5769234653371147
0.0334174908342455
0.5971180819557487
0.27552256309498435
0.34443018182159535
0.2573718353736877
0.9690186024565738
0.4591190419059875
0.8268695052181222
