1257322
0.19329313468892584
0.8467064740601843
0.07031378104170993
0.7973062025251062
0.8977165649169451
0.23250132808668988
0.8229392056554519
0.4417260222716801
0.5929077453265003
0.12155049077000035
0.35146119429505907
0.5028528590263426
0.5269680619784866
0.18271975197164914
0.9154605798159164
0.8546980423335268
0.46412171425464355
0.8236519276442374
0.12095724235093108
0.7464750282195993
0.18213078963828744
0.9894964403082959
0.22252841992857952
0.13545227750019107
0.21205906392945306
0.8208471939360297
0.2150321414134534
0.3175055225180854
0.9483445866048513
0.18483486952486405
0.8824468471566208
0.2721490648748084
0.844055568020914
0.21929731706915112
0.6988772030797898
0.030425307763192744
0.5243675721736093
0.9371768723051935
0.23556509010985383
0.5468847842029281
0.3007146219342237
0.6267717406460196
0.5177841503590969
0.010989670472425273
0.7487306804307753
0.2531934500225288
0.5967850958333522
0.26862579330039305
0.7250119468075048
0.3173602311095184
0.45449772648404196
0.04100915515051251
0.44089457147577227
0.661081986145058
0.24248575221642266
0.9261254281906336
0.9858563379361777
0.5202693407900597
0.7716879404038425
0.7469414409296837
0.9988152905595444
0.7230259749311315
0.1157698664078518
0.6709800081119947
0.02251180965440913
0.3053595211667356
0.1684482816719114
0.6674506434547514
0.4443249156509036
0.974473592073653
0.003939987943996748
0.2909803406239724
0.8262881315570744
0.7880792372164328
0.9297258984397774
0.4850901293225913
0.8577332588544194
0.1378914525795807
0.1921096607599032
0.0839148681386579
0.12590554767690076
0.6264523480431108
0.3975903171395272
0.957264963913221
0.39305715276464626
0.7086495919713875
0.8468560661301504
0.2919806605336197
0.09293999549739795
0.03277490349544343
0.14324673481934058
0.33163063871560783
0.3152833350261307
0.2606942172620954
0.6338205140497347
0.006958730448648587
0.6337552497155937
0.7726776890202497
0.4687001423393985
0.2810838339069581
0.7510713206229631
0.06966404772389345
0.32316282705808097
0.7063095257453093
0.08432809156834142
0.874210675910493
0.11697665957002557
0.643501914442685
0.0943024614318303
0.9011070377711169
0.38677615597287707
0.8303453066997216
0.3743728317786722
0.01960588055862833
0.31980810983134644
0.5013871612849647
0.25788141119897956
0.06145326472469148
0.8411679958653404
0.060635284759256836
0.9771713102876985
0.8423744694991137
0.5616864307831559
0.3865718772335338
0.2131963072337607
0.05940043850269494
0.8399143217232217
0.20980004416905607
0.21151478278492986
0.6023946958072484
0.6891938223444117
0.6451410767917943
0.5086439242320586
0.47536835989652315
0.7695924258686393
0.8828511307496382
0.7121638693565697
0.9616468389142824
0.24451498298189045
0.24772838544181908
0.7086259550600907
0.8866783150907346
0.8530992201148592
0.32023270911111523
0.1352328486047858
0.8332512938217062
0.15203789374095977
0.5803420440258372
0.9444228154729132
0.9461139789552215
0.5142608902029138
0.08272068829754176
0.4149043607988142
0.5264662127426601
0.13694904687259124
8.766212560519238E-4
0.01835104564172385
0.9615198073172
0.007640434534181617
0.4883363289056265
0.1378812131928201
0.6603007929993125
0.5047297050894383
0.19646735240211144
0.7526106980137247
0.5740932597736688
0.06744904179504319
0.9614301265521044
0.8519809114871225
0.5684005620500783
0.16045920006380932
0.6268426401228602
0.5242289259396633
0.3830273026384068
0.5794678916437981
0.7040922918300017
0.3752798117333813
0.1678609099377204
0.9968316103312048
0.5888317323492386
0.17750606573526895
0.6141590045929375
0.5298864001111888
0.3500463443344104
0.42221264332022346
0.5146250188665328
0.029792102883728022
0.6871831206355393
0.7553702552483484
0.1802809205046887
0.7349631884109067
0.511181671511426
0.1130339024591357
0.5181227307722849
0.9106991817594903
0.7468503833132459
0.7410471423680782
0.7307711877404854
0.10541601287826508
0.37688156246028515
0.1830473659960007
0.5378060034042315
0.6939189714501295
0.45190153095472096
0.7514507041965158
0.5381989335810569
0.4494471358990927
0.7763029474219679
0.9580098449884931
0.8342380247740883
0.9887579497959152
0.2462081090943934
