1101635
0.5774687158927487
0.5742377653992523
0.6616995536398703
0.6442458672694836
0.5504658720099236
0.07849698911276481
0.7736427833030537
0.0425622436041625
0.6275931978424453
0.8327810318562985
0.6272591354859425
0.908718624374688
0.9488424687367214
0.6897940301893162
0.9804131418504894
0.32296494808901366
0.8330475167788585
0.10644835804332697
0.7807947019494125
0.5841712721312107
0.29018655003659344
0.6173367455901532
0.6560586224045233
0.6191332750502291
0.5076770517471384
0.9978106766139445
0.2057305091544237
0.09932166931899145
0.6754394506784615
0.24633489542172637
0.6632689463483522
0.024139772914387403
0.05454547747047711
0.7198884444828493
0.4273380316102058
0.7494791185040147
0.7655559871278309
0.24153462482899724
0.42325790590289447
0.44134020621334646
0.37519170553966263
0.7658838048317597
0.2487660032507808
0.7165115284690842
0.9937703380600628
0.23602429301925887
0.5826343874181247
0.7957773166658694
0.26088136333112966
0.5945987142887037
0.39035407390991694
0.8398499352392549
0.2930598277960542
0.5220539977240649
0.04801020253323296
0.2642005173625718
0.3947593072793657
0.36669532748122424
0.6236364409527714
0.7361872150008933
0.09271261195993374
0.9040257969676238
0.20475118564724026
0.24635739409090518
0.8438091940176656
0.01695489018586005
0.34144173010398615
0.11552655933992506
0.5879056856161777
0.12381057575285903
0.386277304611258
0.050213383300507064
0.16952644955089857
0.197691604637811
0.7554951946210343
0.3912365386476584
0.5361993100433016
0.5185477027167231
0.9103186677671191
0.5137561489461462
0.53621075683183
0.8784773233423769
0.16292972291941732
0.9317685848900639
0.08485433055559788
0.8210839533571889
0.24853297307789057
0.03604043911272403
0.4457846030703384
0.6373335871061417
0.9731117759525765
0.5516935035220626
0.38287838467252433
0.2632077182236361
0.1458914091348663
0.7401300415171108
0.9780438506848756
0.9285472436091023
0.43618837937466937
0.08971292769908923
0.9817073761896685
0.3918350695306039
0.756238591039454
0.7405930285732092
0.6652466869609973
0.8622658269595886
0.2647617909779735
0.1713021383029658
0.2784284901223745
0.25830354812443523
0.11043320566842574
0.7382061884087051
0.3799472068989538
0.28102895690491425
0.5900976480581033
0.5036406025186094
0.5054509676137632
0.8909302070098806
0.4834753889052025
0.4145255850285414
0.8649799321611062
0.16839202009599197
0.9442731183412547
0.3004862894001613
0.02053086362416978
0.21099004903766816
0.47702726347648305
0.3489787789351222
0.7845013641389633
0.6747984591340789
0.20967135831556338
0.6846499736020266
0.9010559543396652
0.802271074585145
0.8837326972297906
0.4311353459264794
0.4249950156116351
0.29585670082988536
0.7272281991037625
0.1657260401988303
0.09649742689861807
0.19436235250247524
0.6497427030406645
0.9908119778910524
0.4251459668614377
0.9881782803712131
0.004837758599997244
0.5407358900110699
0.6429340191850627
0.569831158793147
0.501852562536815
0.11866815511979656
0.1634913683666993
0.2579330959718077
0.717322758446952
0.8153400634796975
0.69355535404654
0.0554454845425677
0.05565717678435511
0.8999489198234332
0.6827531669055035
0.5072784326539778
0.9393762669278881
0.9932755326837014
0.3690503964554983
0.0075983822465883755
0.4711305249577481
0.5340307180238153
0.2797589034957132
0.17381741406618423
0.80288068360265
0.8316743615003049
0.681787591707404
0.9520899975683257
0.9720359204031032
0.5624269363647686
0.1398574933043597
0.4482438860665998
0.020010515398886874
0.9099199972373387
0.03769254611942463
0.08842398664311757
0.7955728035554254
0.6779089147468675
0.6447356794895521
0.6053292345116514
0.9635251250659952
0.6096972670775339
0.06972989027922183
0.5187740840035943
0.38866690268048254
0.8373991730902137
0.23254172093069958
0.23340801432067493
0.24565756211877277
0.8538926034346125
