616895
0.3574789331779231
0.5996922757629566
0.43214730123565237
0.9787874494894878
0.007457805461092759
0.2436190383838891
0.5136791415733643
0.9118663282675712
0.04114998359492883
0.7696941844379863
0.2425252191473023
0.6763360119952818
0.9740241894923438
0.4027680029391264
0.13392548269915105
0.22623302043284932
0.6837174053281331
0.8956557621011524
0.43875706423298255
0.43190280655523106
0.563867552569329
0.18079335134438845
0.993484756619924
0.8858001806917366
0.16985997024496713
0.9721580317682821
0.5261520094288
0.05590888748778611
0.2693600877465533
0.1221719626569927
0.9919292020387713
0.20917394956072033
0.9771059528149615
0.5314707370716973
0.29396233323993715
0.16112979073462053
0.7012862955708843
0.9338333064408326
0.3087426026804463
0.5729459607592841
0.9579309453565598
0.9342330297584246
0.4799428949590341
0.21340145612015649
0.7200923377063762
0.26488454662800054
0.3706446073780558
0.3308378848070779
0.8601979744300096
0.34232448159105844
0.47110433891088
0.03893011795700485
0.4168058932191405
0.8579786499892234
0.24768679676382044
0.4101532158226284
0.8710960950928845
0.3153319943364682
0.8883163879105148
0.7921123905396366
0.3537827631566891
0.13873185707190794
0.4507772683955841
0.7144424330709979
0.7197338967798231
0.22201927303759084
0.15241745573668353
0.6377721364217538
0.7254361002524343
0.5595966834747854
0.35328951749824544
0.7112877768412224
0.12354389635736229
0.9082050099482063
0.3794870058629698
0.6517196809180014
0.3491050830844791
0.2645967720650486
0.7094120647768235
0.8341138074538411
0.613654259566034
0.3124559600382004
0.20293653607126372
0.6935404152109075
0.6462189487722856
0.8913298161610355
0.9918950927680686
0.5769302924531505
0.024384146775567106
0.9710012119114014
0.37007587696021116
0.25551834405311147
0.0239124808340343
0.5766447923299669
0.5218503112193333
0.4109132853106915
0.18201874428575127
0.6032739169998845
0.21081067652271712
0.5416013447742841
0.3172496784015505
0.4823996706697262
0.6132602459063874
0.9017309183428605
0.5780203739563542
0.21948674362392617
0.32612760234296134
0.28031408846357353
0.20221144264528712
0.40770613179683357
0.20485326823644134
0.6565201233464433
0.06183179455271426
0.4416471921216326
0.09402324534570483
0.025525024958529485
0.7396036415277918
0.3040671529357979
0.7020006569056088
0.9794203481695432
0.8384282440525898
0.9794191195938116
0.8405333237035715
0.9489734793688884
0.4600419773340162
0.7598140742883838
0.0012917481867512626
0.3645707285908627
0.30577412023405093
0.4522368116337858
0.7735180143728925
0.37846347783301026
0.6501695785126375
0.7702490304297219
0.9204437119860966
0.20547696998932719
0.5173405731185148
0.9990775994104325
0.026860092820181536
0.5856301192673483
0.7502639116401051
0.35989948456966725
0.5062019580905097
0.349653943691591
0.3048407634054756
0.3672995159363365
0.4127317009592504
0.5771851033561654
0.0233890468002923
0.8732905492606582
0.9428875532816139
0.3774504834474135
0.3463382185574244
0.4219501165492133
0.7295864313116123
0.8935473283994231
0.9062495518164989
6.417345329341462E-4
0.034247810200834006
0.7339626774930897
0.71488527163951
0.2669526519646862
0.7235325995642469
0.6687652661236063
0.7019023093990053
0.8548943807330696
0.48126640628981965
0.09294153815589445
0.6928474541566887
0.41957615851282526
0.05074419237169858
0.45563682590773413
0.5244825698978289
0.6664756794392038
0.42858920114089805
0.5816017989451394
0.887070075484275
0.7295952292334428
0.838565668050386
0.5699333335729312
0.6561002580523992
0.9122059346096958
0.0022220286256282584
0.7452377136322239
0.9300435530386365
0.9845461571024202
0.6929667319336451
0.9576338214755503
0.7260631071981241
0.9447550641961303
0.8111566991913342
0.3805522272856673
0.302223256397368
0.3924854152297379
0.2500036738173168
0.8390757260609987
0.3725826169698222
0.439054688903601
0.6355815259465887
0.6166058035454349
0.06066063068136329
0.38365690453116275
0.6189431135929204
0.63392834608045
0.2971191620928343
0.2220720690995186
0.7743324981668177
0.872291225948485
0.5091014294633446
0.42247409017645576
0.31470467544299596
0.920895433299077
0.8715225537755917
0.30235199068470797
0.7742414530939004
0.569240307412557
0.09470762134959465
