583908
0.771223360458509
0.5272788017741085
0.43605278461024877
0.7081242248322638
0.16573313659952527
0.5140375410242872
0.7290691758674179
0.06655894206047908
0.39689479644149805
0.8257757578755185
0.3637276469685812
0.8529373624010035
0.6536449181188896
0.8654579992833863
0.833868122294653
0.6810906338047651
0.4625466636807176
0.6447624780632665
0.4238256326929327
0.5121211668369937
0.990391101443283
0.4042248951591869
0.5788422693832811
0.9896233363227419
0.09460985162508939
0.15054299882387323
0.5095117255842344
0.47186547868942696
0.7758265837192249
0.8935435479190689
0.39600954625118423
0.49314155963444084
0.3675384453351408
0.3350391669703041
0.879151589499307
0.6218522727165862
0.009833423028274835
0.512779461346118
0.8778617282507303
0.19947700834176574
0.6972127966884737
0.4349276290947217
0.1564192904389784
0.24244971695577722
0.46500249882981237
0.05396951417180018
0.4798955115963167
0.8680528373435402
0.08450125735378022
0.023689499758031585
0.6424778300561669
0.9657957651888567
0.9739268850449065
0.5588239194663505
0.13091909125957224
0.47734522057099604
0.9003869183536836
0.37422866254668086
0.6941386984997927
0.5709268094567519
0.44751337932174806
0.11887528895959232
0.6300411150123953
0.20021849886722065
0.15406542163991255
0.9397154367128411
0.1719065986310232
0.02310832371081606
0.6907183228240218
0.8114307396588428
0.9592478918454999
0.4222901470570576
0.43542031516095825
0.05031142196740479
0.21181576559455162
0.4175231370131216
0.3321139827193378
0.9939836246057752
0.8904752880583917
0.5884815804618198
0.9732820093951406
0.1734319933716053
0.8249639667261889
0.7374740215043757
0.43369175836897045
0.42974077298483004
0.5160814947222516
0.9129114804895612
0.5008768440821376
0.33520263887629964
0.07865058342772735
0.5872567029381401
0.5973084163407969
0.9669220523930488
0.5816268390413254
0.23728754779656192
0.8698721368613868
0.5507653953878877
0.863024867440936
0.3098594053053322
0.6341817270053937
0.7444877585043062
0.7498671436892638
0.5729530124734817
0.604423715099835
0.36109165786629327
0.4971507657010653
0.14964546203078244
0.11384153647382955
0.14695078649884763
0.1748666054803374
0.11174421953376934
0.8366323763121499
0.8239574459706266
0.6783944583557869
0.3701749041001503
0.35894284780278896
0.9809293204591092
0.015136481385131018
0.7408155670037208
0.31481493654026205
0.5567378125398866
0.5290408774700731
0.4873217140611672
0.7023466695540829
0.5960966747277583
0.7647060822418645
0.3465877945168061
0.42599669207496127
0.6786760537412292
0.7440455968721041
0.02784244019066906
0.0728756154161132
0.9231841202864797
0.5310319821933353
0.4429762945924308
0.42403133386602687
0.7502843232167727
0.0938280551869024
0.4735529864312583
0.22614957339009245
0.6516934866136394
0.6386520112558544
0.9090551837314302
0.3047543874949764
0.05753209237242907
0.7860126887772964
0.3012693096419611
0.18690856980961756
0.019975185814835816
0.18748991669842952
0.8713139768718158
0.019576717245809117
0.8384780831136748
0.4400239589906556
0.2786688919207835
0.7192285862806529
0.940328486737373
0.4447174320019205
0.015662520380686162
0.9689242640053805
0.30000259945948804
0.6784417237711291
0.42622833956392203
0.891036568191431
0.4317797082144076
0.19907945281190587
0.864340855762468
0.9669301308456871
0.522295996098075
0.589023005091054
0.3053944905095931
0.04933118009145132
0.5831951815015451
0.4565889617974388
0.8028900343378491
0.11878532758073179
0.5987599495452924
0.5612965799095248
0.5431441955667223
0.772515330522246
0.5193847777115091
0.10649794572181248
0.8923403986113744
0.3021546383275342
0.6089773817280958
0.25163663237630585
0.7530897752968481
0.6162466118171607
