1035670
0.3379846521955059
0.11966207813059326
0.47467690344968105
0.6179574428097157
0.39646281318901433
0.634501500373111
0.6155576789042232
0.3280220230217459
0.13801784935437
0.7908615977873723
0.4307474077181803
0.8305174811779842
0.6685799269537859
0.9953590945758757
0.30840035401023747
0.50593840825934
0.16218413957766642
0.6444866631589846
0.1305501590365823
0.7573677662471422
0.5592394379579653
0.19878505958083958
0.6297578563427801
0.6648918109457246
0.269795730950678
0.5772375073460364
0.1371259669504057
0.630418214640294
0.3012734145770375
0.7437423330051155
0.21975568102739818
0.38914851516642013
0.5201581584772369
0.31162269331253223
0.3863893825001481
0.7336827771657172
0.07845374345634415
0.22748269587949965
0.2518930265439825
0.04771088931141976
0.38822361311778697
0.11232195209820872
0.2943988572606877
0.2784710890959543
0.41134203233255984
0.6356706357355889
0.6133415760654315
0.2906335199906034
0.44661398434307875
0.3776103687449768
0.9022857047789401
0.6389927684500532
0.04271234569555449
0.9938964441339478
0.18735623637524212
0.6733297563476761
0.14291990421309897
0.14099943327764397
0.7502479559103092
0.5460305697291548
0.07645290670069671
0.5407348203447808
0.05420374146269691
0.13152541797786
0.5511816525824546
0.7682520573274683
0.4220154565995027
0.08633858937975925
0.3738530514785545
0.8325048840888297
0.677015657468378
0.2795156485194761
0.22645871063071188
0.3849269917823249
0.9511922623533472
0.6054218421935763
0.46118172571424376
0.43988841294233527
0.38897197175015985
0.7543812583427115
0.5413937552636849
0.8196096193921693
0.5308830579307857
0.8613534719735171
0.4524636829835077
0.14656199124694647
0.748221497268605
0.07882082897835307
0.1336776208138547
0.09798469927460884
0.21800905300066253
0.02728575921254206
0.7413596821683603
0.8099996700615777
0.5769452825124965
0.7652547215441053
0.34332138566436043
0.7729079552928798
0.5737204473709273
0.3903111965655003
0.4660571042096979
0.2946022943836756
0.7509693997244634
0.6338573586688238
0.7686418196521028
0.625632241713235
0.43131122201367034
0.8443300705321586
0.0010766969238421575
0.13730974699960885
0.05633332399917235
0.5671739445240203
0.31986644673194675
0.5233448428379102
0.23304252247517176
0.5245803656461395
0.9799025610444181
0.8558522726422205
0.6792200152437231
0.17397794030890945
0.399264496010469
0.46817196039564346
0.6272810837993734
0.1814868393698984
0.6023407062369169
0.05979728827745201
0.14565417634304145
0.08502548215009509
0.08671001798297662
0.1228069379353316
0.26735885179524677
0.14148497223174938
0.2305131784886395
0.7745478804509793
0.7773748218716476
0.8533630811139042
0.4595833571258574
0.34791801523447885
0.0035600486107906226
0.9524762912277845
0.5273934676009803
0.638449119845288
0.9802882954184691
0.6818446656326016
0.4259172204250856
0.5364922141220863
0.9096418299935501
0.061571359620561594
0.6417898162071379
0.8831585653414832
0.9319082498456842
0.45051452210932685
0.699693629850489
0.7802717373235029
0.8352949684649056
0.12277661078243796
0.19368244451601602
0.2574372740007753
0.48418860188839663
0.7665120375407952
0.797198080312991
0.1534384311950242
0.42595079174441053
0.7822811925555583
0.06382106633624007
0.30451730928032583
0.34815590836090204
0.009154866977830411
0.18333701975107697
0.6487034762667213
0.8013403859683323
0.03900030525017695
0.24148894154905454
0.6532022799652331
0.8767470934199585
0.5928562582994154
0.9468249207296361
0.5509579086153494
0.33421265811712497
0.5280309389830014
0.23433959471486465
0.23285698408772804
0.012259294525790332
0.9205335370999406
0.6331472315607807
0.28364041327950307
0.2206172448442444
0.3246766350382694
0.7942126014443791
0.572442548754329
0.2148174510774301
0.7501630594822418
0.11420563279198792
0.012978730346344558
0.7831586311530379
0.11669730361311637
0.9628346392743454
0.5937530581956387
0.43826654492416084
0.947138866524106
0.6235514325857481
0.5452607796459458
0.6986277566867622
