644111
0.8424403128480132
0.691311973710835
0.5590102770263695
0.4698940496744385
0.8450904897718663
0.33611366839709667
0.30229192663895843
0.5914172421104623
0.14250923168111806
0.5373208369503885
0.08297239397505451
0.20038950545463563
0.6878165827352231
0.12132820295863067
0.4101943538726186
0.6841265953061519
0.22262643397674275
0.19390157936933805
0.3697133260158071
0.6404470517104703
0.8749905653443889
0.34857377848235727
0.18670514685531803
0.44676359691525414
0.9753458645103901
0.8537633120619378
0.08422847090868124
0.7504171417994641
0.9842943975501504
0.8738216225617816
0.5621290512741666
0.43594817279567744
0.45827185388559755
0.6630049279681965
0.5190235598397043
0.39941403937709463
0.7926369446994276
0.5864044430237098
0.21910236884474665
0.7655248858722622
0.07644097586903886
0.7681588845959205
0.9658426248270071
0.02028499995002364
0.7691129540093741
0.14481162128001046
0.4863239710692263
0.8999904220031973
0.06652243933834778
0.7104640605609538
0.4526912929998651
0.7768475811368696
0.7623590526185369
0.7804162253619774
0.27141005465422363
0.7121422097917207
0.13049358364602004
0.1712737485751562
0.25631181729784813
0.3098011712744225
0.8549629728026317
0.29804062983579194
0.5680285061058814
0.99635458621861
0.31644696052107923
0.32250522376597957
0.8502660333451507
0.37771923206383584
0.6075822434701009
0.6522665947497249
0.3224693874948342
0.8788885213649048
0.49418472939625413
0.2860371064193722
0.1987824061781419
0.959528248037142
0.16542866528371802
0.7283963896459041
0.6948077759869776
0.8166414109579149
0.023257035546867866
0.4559606674572302
0.5565235577468803
0.6348797518787582
0.9497745179507625
0.2069708669413497
0.9998149103391761
0.12574295746053554
0.46110055241460346
0.6875913627963514
0.18443035691224807
0.30882170895497363
0.907137375821573
0.640751093062844
0.86277439104588
0.23140355157937842
0.4089332391041559
0.6071469609669469
0.6417990895193203
0.5971755183273727
0.5387990705570718
0.12306944909092066
0.3753592755770805
0.08042131647276995
0.8430617700974186
0.5459983489719904
0.5647475443994633
0.4390245783270601
0.18331552054287414
0.17645672734115314
0.2867263758093166
0.4077541445777374
0.5292577403272765
0.853399343512557
0.09122680855325926
0.7527212923638334
0.274673524604121
0.7404513070013784
0.5149843366976433
0.7985628371829726
0.3678591101062373
0.591601853330752
0.3427344211022372
0.20181808306755566
0.5487507405097486
0.38749671918620177
0.51419125939789
0.7371317735244406
0.7672528514909385
0.8672623994204182
0.6228856569097662
0.3873291190725212
0.4207351469860098
0.1458337962861268
0.28203850004118325
0.08407321208004115
0.3933952680283438
0.3030465102205725
0.2429988800317321
0.03272885153329097
0.006160246980862816
0.5582937830278806
0.0433766681403841
0.6732215688836066
0.8930261506303442
0.4033370357946656
0.13485129831310072
0.9780935654938886
0.5082123034484624
0.8558985072657306
0.8947402099612541
0.969623857491028
0.43823298075225303
0.8179527863519066
0.6607614243694371
0.049792274166832184
0.9439656046250486
0.37517398046978445
0.9450268467071594
0.980032613067052
0.19002160439223437
0.7577836061689692
0.2811543731038064
0.12213316869447455
0.4322023853415936
0.5980835929862931
0.737487843068195
0.8573074628738003
0.028549342217992213
0.06624825101542287
0.9897664425591605
0.9373719439985464
0.5154734833008897
0.44348717717840014
0.9881857708643103
0.8901316134754867
0.1476770859976314
0.7004812769987482
0.6766449815967618
0.5004881164328266
0.23905573846624806
0.6890322301822295
0.926075706080413
0.8194496777107072
0.3614964136962424
0.6261551673712527
0.8290999539478489
0.11513564639425278
0.9594629669981338
0.6523835470350116
0.7698662036480715
