944265
0.673032731767167
0.22048805734828303
0.37984388286300286
0.230763507602898
0.37717422747655893
0.10516597399352079
0.5106973696456252
0.12681636825139708
0.559577241477057
0.28496806154111565
0.8028343228534078
0.5689134449956234
0.692187294551429
0.3621788313450651
0.8872465482334156
0.34862519414837645
0.11374377051968432
0.15347760154132106
0.7002916668787368
0.11021750644310147
0.13339317941648055
0.007166519896430468
0.5841027089469562
0.12956930602072148
0.5335421171001521
0.09377308947179286
0.42968500183181624
0.8550539227149027
0.7063554142410032
0.3607313186730581
0.5897819168380336
0.8820457581312423
0.4014685757238553
0.37407255992297517
0.6723795247261557
0.830565082137395
0.3368988871202466
0.5835333607396788
0.7407599098589118
0.6746755693163963
0.7308021718012621
0.642214553624313
0.8923013613022992
0.4326003865042889
0.14863754449538003
0.28790197105405824
0.6657631471889937
0.7681248075552113
0.9284656476591361
0.9503860642539861
0.23558147661316453
0.9767043290863041
0.8465203074970141
0.6875941073885281
0.8917421275385459
0.03379896869746235
0.6158577720211865
0.2730753423299005
0.8750848892295234
0.8683064278045735
0.27280123224553443
0.25835579698247146
0.24043300466877016
0.7905673662347485
0.4990630123046218
0.6159062628210402
0.053731225618128264
0.052269009607760375
0.45184032039581523
0.13194329977925123
0.8944137397090471
0.8446733437525793
0.7298449257287569
0.06301007277389514
0.3305132659178931
0.6519490842367328
0.6901410174101458
0.6962597344485587
0.7615614061065049
0.7679869747930498
0.4488294501431812
0.36059121814248607
0.7831192121928319
0.9579307131987046
0.548030931506806
0.12426387569592456
0.016816283291709255
0.6997561288214403
0.45228448782454
0.8843431182707695
0.17106545704702958
0.17658400037597777
0.7493917735152213
0.8043071645341779
0.9501595858636254
0.20701241156412875
0.17390180668724353
0.08837025193981318
0.3132456954390602
0.5986069834313257
0.3458448196171352
0.8945550216204052
0.4997107251479713
0.9887881489837909
0.4229877192123841
0.783273026925555
0.18380289681080553
0.09770675360082681
0.7017983069866613
0.47414904922557666
0.09885043584204922
0.45930060278431484
0.5704686752988806
0.8410512828894767
0.4802301964349249
0.11957589677167568
0.1167628929453024
0.013766159786330223
0.716276014777464
0.4952597282724359
0.12411802817545736
0.17448307091135462
0.6676071113372235
0.57132059088636
0.15134123746750627
0.1382308813299521
0.2178950417667186
0.8824558189307075
0.8844102660396698
0.08863462654164767
0.7528771918522303
0.2714967133410503
0.9732983984463932
0.9038372428004934
0.4294636433005794
0.24678298345036798
0.12240896111200017
0.3521580828251363
0.29307350671765564
0.8709101220562404
0.2901189281918708
0.06303619900441904
0.5288756616116222
0.5048551348548462
0.471094587210208
0.5860329370309196
0.3913980653154574
0.4043370392043889
0.6844570103934822
0.03914527387521105
0.6470088569260762
0.11937037040723819
0.47153855438950354
0.8174076014735479
0.6850614483053148
0.883321617694013
0.4188859805056214
0.5837362104119674
0.8060347363873746
0.6943801164586939
0.9653297682159225
0.2961974321400068
0.5787891600401744
0.5902059115898294
0.026353352720621892
0.33935716443038777
0.5740977127904366
0.6956195055269153
0.7746597567446676
0.9220951855277226
0.22790048972192578
0.9835493380189749
0.252747703937935
0.7802456849666041
0.06527034307228219
0.3310547264623518
0.361472799430661
0.8796504091670113
0.02486640213745228
0.3750933956352823
0.16798366455477387
0.2536886235914757
0.16369064027064562
0.8768042545755501
0.40708724260410867
0.32907399190462316
0.5932529229359512
0.7884280938922954
0.5120110312103122
0.09468520802522551
0.10078772460845098
