958990
0.5979025174026963
0.8121407642227563
0.19038045197262154
0.4934614492370506
0.5054055378560013
0.8266088327837539
0.6766948597878651
0.2917891864483203
0.36280274122040224
0.8225102719462191
0.22712027717527494
0.10409237794034498
0.9288122714551906
0.6136441406803743
0.9610599713169653
0.32435291060385874
0.23157631902992082
0.6594497147642622
0.869292022789641
0.7850880000621955
0.5801038720698637
0.24791360572830667
0.4489823124346023
0.7542151040026805
0.39653071339676016
0.15576510369757712
0.3118732340038791
0.44596344265902477
0.9827522371290167
0.41245525946143247
0.3757867489493355
0.06344079459647178
0.14846165565664238
0.7094537805259662
0.8286804962761951
0.696128251026759
0.22235261594272582
0.9426877224885113
0.9148486824423697
0.23248993848266253
0.3442217392715379
0.3534839176587913
0.7344599649263907
0.8160480912133028
0.09293342388548653
0.7421674187748495
0.6704767253382585
0.27268895333051657
0.44368554116179615
0.26850601463931234
0.7611013961059385
0.3676278230322326
0.767741158132989
0.4244809841137068
0.32124717013771653
0.7123767812144025
0.08876841537508218
0.8674027463477403
0.3831319936988803
0.6352219680230223
0.0921567490623969
0.9351791884620106
0.07394623395135402
0.35313141030465645
0.4471544829515486
0.8305836260012534
0.8776461520125531
0.33867892835395197
0.8463994318317521
0.6576586359355919
0.8382765251344371
0.8624831611207683
0.7933904184535705
0.7209302792222593
0.15382772918540855
0.3098250332670762
0.5756745244026383
0.75689748018213
0.2824839441294844
0.01952122559084779
0.050001205219984746
0.05729909774695341
0.6372206107959619
0.07379488082011376
0.8354211890711422
0.7649513965752759
0.18006115984299942
0.6797993101366848
0.26128416924051645
0.9754870466937167
0.7439041762483961
0.5266140142717327
0.9493167053322797
0.6621159371894323
0.7076840897299856
0.7759469678859092
0.2224373370504652
0.8555673120070146
0.7297298222996293
0.15044046792031485
0.6276932193842165
0.957661815472466
0.6045374876596421
0.9203927469020453
0.7366787330151376
0.544500688656212
0.9497747316202748
0.4578709758735172
0.04402335653641676
0.5240491050147971
0.3531859559771775
0.4266053595543565
0.2230124304361012
0.05292909073116081
0.8131691376118519
0.6067187287360012
0.21713101200533902
0.18852672796879022
0.7921466124950087
0.8152592010839518
0.6472979643981642
0.8550575981040361
0.9684535192418362
0.37666824072464766
0.7967833561845266
0.3360233441767595
0.8203196766742196
0.12173034053166154
0.999279241164123
0.17053092161037842
0.5046215524358123
0.9492141004399216
0.6003205710383841
0.027236128320222153
0.10343318337780416
0.571329528150994
0.7882289783414761
0.8572108578810087
0.20300575097721785
0.182289547782314
0.49797936115707053
0.38582353869813324
0.9426581704129559
0.4386781115036794
0.27986535452052774
0.7937609063504192
0.12516121367201105
0.32099146397800893
0.49456655495612456
0.25860819986828565
0.7155504960898618
0.15763321809659814
0.44719671634356906
0.8809441948902106
0.07190446288281227
0.3358074564323842
0.10513907052624805
0.40269645724502445
0.5494754616509119
0.9981687449581136
0.8579508652423634
0.04054107285769504
0.6986632158729466
0.32975190104697427
0.37234652436396487
0.7034205843264286
0.1376718790855208
0.8766178648120923
0.9712449282658177
0.8407925105576546
0.32229341096326525
0.705816899389987
0.1230926308287078
0.17701005908307876
0.858111170588603
0.11568385001795423
0.5661524022902932
0.6272757905672441
0.7045197844275898
0.03614429064968416
0.3121716929087919
0.7618979870391103
0.6053084009482211
0.2206250058914221
0.2748232642757268
0.28811836915170763
0.34715628287675215
0.8243252345542614
0.5505364439005395
0.15256919933637947
0.9952411792977376
0.9880204326179244
0.44281355059550254
0.032456549683090086
0.08426245059488324
0.6022334083299933
0.16585359273707534
