781932
0.1798559170479288
0.8535326088116686
0.5135222509111314
0.7892807823909808
0.8110449282460002
0.006392143633148772
0.0527982221225648
0.39300304199841707
0.49158757708680234
0.14705474977179533
0.9150012266954138
0.589701230196696
0.2579229478688003
0.0020907324763254076
0.10012413320626234
0.5421773325050534
0.5375007780316241
0.7691087373298278
0.8374915268222519
0.3537655065458366
0.2820449909508592
0.4517971227356756
0.15836250065884727
0.242237365483022
0.11231585925860343
0.838337728820532
0.056341071712807445
0.22110854685724302
0.6877798620365027
0.8593068227387392
0.9807420235738805
0.1069808295428123
0.9608861089542822
0.4215290976230993
0.7449737757302303
0.5475303704559916
0.45318642578242463
0.4559523055131124
0.8001642417412266
0.42197924189906877
0.19932613675043198
0.8404620111717648
0.22366968668849652
0.4043638086886693
0.5449710511035202
0.06265681207844831
0.7027700897134399
0.6996404408553564
0.5560252649943821
0.972956653651261
0.2557696803797983
0.9636454057208916
0.39903376790493184
0.7450180298082608
0.4258840353428264
0.20015207390251444
0.6864526308583809
0.20828137253914625
0.20771050546044556
0.9917458354403632
0.4455087650335292
0.04657783002867233
0.021741756453980465
0.7659628812019561
0.06566002466462506
0.9670739573765278
0.6392967973243965
0.9241160922070948
0.30720602409790554
0.8354342229442039
0.0784079537918152
0.5674578179913394
0.21238855313252847
0.9459333969844459
0.14061602766773085
0.24380549340027324
0.5503598444499802
0.04935179601413364
0.4392901421511768
0.6074831823846184
0.2486858160265425
0.49683821174873044
0.4820028817133133
0.13640808677952698
0.11659088261393802
0.8745270993433292
0.6126550699821269
0.08237820188583256
0.04893930493148513
0.8015477593446588
0.3934591415576679
0.6440934186536919
0.8149878414352036
0.1431650132430775
0.3125536317287234
0.9471691333299312
0.48223288399704656
0.751142692480614
0.5399354409494439
0.7913780547091489
0.5032149628486049
0.9850222113485347
0.8225609902506095
0.2825822327124483
0.5019319198173977
0.6908607509652348
0.5088809625109106
0.4052941000634799
0.8365516458029393
0.01807446225347198
0.12373760222188868
0.31153185078699597
0.0864039426393084
0.44038435724989966
0.8764676140752161
0.6026108943296745
0.713770514604449
0.6134634881681691
0.9782178266036925
0.16273986933136297
0.284780681736187
0.2497359667830381
0.6688946433921394
0.166766195311862
0.7987600729519059
0.019879937296620076
0.40983238277962264
0.7291426371036397
0.8716679175571914
0.6009377242844977
0.785180175721006
0.2871630941730243
0.7467982465740688
0.3825387472324425
0.27317033262209567
0.2187419854676017
0.3647091648521763
0.015591399628200997
0.1978457006187211
0.3834889533439234
0.014383001896278613
0.9419027333633405
0.8524876800932183
0.2455560580256828
0.408909949756594
0.27853505758377517
0.9978999700898497
0.9877124386503467
0.3815264107021803
0.9473114022898295
0.681868165790672
0.558326705602122
0.7816282405516961
0.7377326064687411
0.6005284014619239
0.9064151231924159
0.5654184301737221
0.07067036976265595
0.028042910457981463
0.7546393075744854
0.5221378323370557
0.5905525980055564
0.6778943800976783
0.13611386111293466
0.5543662541853612
0.3553583905952027
0.7272747605411263
0.5781116740385994
0.9396706551126924
0.31659223717058826
0.6354584882521718
0.2542299394019434
0.5409161534361376
0.9855077004302762
0.3177141164707422
0.6463077482440658
0.503844410627047
0.6672033096054338
0.6982222414510095
0.2583616603598722
0.5830634740310296
0.41081432664028017
0.6586319998943222
0.7070329351487484
0.8713816192467951
0.8718758140143111
