4248501
0.9233021575319482
0.07651634051471767
0.37245734701680555
0.6120342247023631
0.477936894668504
0.770666857485788
0.5530264747541694
0.9716357910511025
0.7052408812871295
0.22095787942673684
0.7385062478703608
0.5423219643827712
0.5393815127166269
0.7161899256072802
0.9745657298888099
0.4396136949133169
0.5904611972988044
0.30832657708007727
0.7672906678721123
0.029567665609800065
0.3708657289890006
0.21856023030333094
0.9358597944729727
0.49893927015533013
0.4672694676412805
0.4186869286117434
0.6641892375281158
0.6748889158201575
0.7452419781921004
0.09509651156127064
0.7217902316842166
0.7981193767957189
0.4478145282076299
0.5161600229232547
0.7391243926101236
0.5324337039342592
0.3550293947770341
0.4185239583329047
0.36903033350329617
0.35405507640833467
0.00840857288330743
0.4037965943003601
0.14333399003247516
0.6056505737540449
0.3724428025889812
0.9943386593298051
0.8425443127008687
0.9228539230830328
0.2046158581595442
0.9353471077170055
0.23657498648677655
0.4451822182033537
0.8361428878220117
0.05014725874884396
0.12572196375409828
0.20859421152995994
0.02751600327782433
0.4565850536087881
0.7136655348992016
0.3835392014921837
0.056113996957114165
0.23463801692758535
0.47805484414682553
0.5701967909371854
0.21754762164076058
0.6988396763299034
0.8692717680935604
0.1917093675232019
0.4780753345342953
0.2738392710381917
0.36426010573806744
0.13656130861429194
0.10233890211848606
0.5973944387386865
0.6298452596465179
0.19285961417124986
0.6988323377127058
0.8823219801071996
0.8087583480274821
0.4901227677031905
0.2749312261631661
0.7574075141809808
0.2316179305070114
0.11828632936168804
0.5739742334376551
0.7770021632053048
0.1794118390694004
0.3289846892940711
0.17880205938113525
0.540010377348437
0.6735599964854753
0.24077056508129813
0.609323772857506
0.8911998480392889
0.6544290660821253
0.7677852922189753
0.916093508949069
0.9912410609524563
0.3242078220424707
0.5704940887853922
0.07754606523072682
0.136610480351256
0.8763422222744239
0.18745272009058034
0.8454525247533753
0.08646794852520534
0.31126744684568197
0.14867294712839407
0.551321991876028
0.31084534430208843
0.5469635099795251
0.794005870419715
0.7858893815083721
0.012960573430870204
0.5729003599522354
0.7240644058100585
0.7944930255483158
0.9981968026832576
0.9672268442668047
0.2965565499053907
0.8930603377760533
0.46326382338979755
0.69959766806491
0.3475037887058847
0.20258340517996698
0.5612852722123477
0.775821008484827
0.3646699205128
0.5243808632738473
0.16203129789237292
0.9455487782337816
0.6696272365360842
0.23410602198357733
0.5712434372826253
0.39052054043212003
0.7752388337731976
0.6593757550762637
0.09897470209302361
0.03841107672799671
0.9769368560875922
0.5240582425271741
0.27409456526794795
0.9061206911819947
0.40902871244731076
0.6916722435241923
0.19058503201177635
0.666386657393991
0.25136428769406505
0.6210139428216546
0.9409807024248257
0.45288254899327185
0.5070490165704495
0.6590424755029722
0.3432819652471796
0.7715124694661409
0.7884891992412569
0.5392179566797011
0.1998974272284153
0.2693947224872921
0.8469076326459979
0.22790151315589924
0.1406479049320153
0.02807009460835419
0.15956874185329672
0.5670892049353548
0.6965910966464525
0.9937577574794568
0.7493045582815829
0.9986672282437097
0.627402532342068
0.13502142629504288
0.5525341998557762
0.023538850344527518
0.6822748971094538
0.92699759968929
0.0748207218457041
0.9483881482603213
0.9127744723515651
0.8013763048477895
0.777111399162396
0.9035094839853157
0.3758200603642863
0.27261424046436733
0.6211587043198897
0.07704568666943301
0.5659260985089115
0.5533988804250508
0.46922068199798195
0.604141978551037
0.19807845911188948
0.6061718949950038
0.5809913146828736
0.5739369698344581
0.026087895661819016
0.7425582133888265
0.2798130046540408
0.1729757535845331
0.22599269674708866
0.07883706622188302
0.9705742719117957
0.07054443223607076
0.5000584739606759
0.3831300408078293
0.08329837597160084
