787488
0.19298755310859206
0.38766772684559003
0.48113329364228785
0.17313813207569506
0.32255920631836255
0.014269821159211493
0.4612616681160173
0.3767945000139462
0.6557484247374088
0.7619199387030131
0.7262600360817488
0.5104666471050359
0.2721021321536323
0.29613391595835803
0.513127449365195
0.8214533717385031
0.38656470310782187
0.8570053217490915
0.03329453444162389
0.5009277671776607
0.4576095209895078
0.6169891427823875
0.6533794423325919
0.5865020923948476
0.20991438524701278
0.2987265469602193
0.08584033797569723
0.23837449897699559
0.2527640953836864
0.4052364518847017
0.5368202147947693
0.9332774207704493
0.6404019013976645
0.7439005383737421
0.8141443381874163
0.46517463730439823
0.41684069792531
0.5360209548067255
0.9853446017975578
0.767629649207936
0.9151842416211592
0.2953297873849918
0.29374901449081814
0.47999519796163725
0.34029742398237184
0.8316831443423393
0.6900890050457176
0.8680502435229946
0.953703718379998
0.19027220823688662
0.5177405965857499
0.17943698827555699
8.770871730940932E-4
0.07203653869652715
0.6016302372994323
0.765227438839187
0.3736345695304567
0.2975658641555554
0.2339998236437889
0.3311754705610611
0.8841251137184273
0.17462835682582634
0.3246395730071465
0.49568649239084583
0.9419488366436041
0.20856468869447542
0.28886129867314525
0.4262643308635842
0.3722302784825009
0.45513935883629253
0.08339907083869902
0.7021704636054784
0.0900083282049241
0.9570413901795509
0.16858790209211583
0.7082578263207977
0.3550942521983049
0.12807906354579635
0.07458558347910305
0.8034182299674222
0.37158858689840835
0.6532140586983937
0.6800662703299509
0.2268081819236879
0.06753664835691442
0.45793263354855673
0.27372927447776485
0.20599546741315067
0.992741350150395
0.5670524474593942
0.9621297662318027
0.013394400589395561
0.4065414125976671
0.2209156771416304
0.011752690812841693
0.7808352516059085
0.7924015796012108
0.44602032130397684
0.2689151780546125
0.7268387498753738
0.2324510717142505
0.38749325000068313
0.8879965627650216
0.07714438881968388
0.30264531771189607
0.1024101496714297
0.2166593428626079
0.3662668347618391
0.4080148415763044
0.18581910479908414
0.8361387299377109
0.9963316186901375
0.7675047973513568
0.5554260972154491
0.43534186405404407
0.8991681382302593
0.5791971334332335
0.9562518814395835
0.40941244697430035
0.8986141030363003
0.24924681670206328
0.2631722375723008
0.8165804243016604
0.9022125292829227
0.9516524653504181
0.4571039210141643
0.6015301176322073
0.36495842496704345
0.20102076807673752
0.2297012952792249
0.7991847369786201
0.5624796722853951
0.5667732213869717
0.531779388710749
0.7697189417323629
0.08701219210117139
0.13478268316143582
0.022281087212148165
0.3837753169774376
0.6367570831460682
0.8312163621227774
0.29745784326776803
0.47627460560022883
0.6076828182924267
0.26340109468160233
0.9840342591139726
0.8178736578860426
0.2165634458396417
0.3038152981759561
0.265479349599402
0.31503928445017504
0.8850192126098068
0.245851680503529
0.1771078850854758
0.14286969095468494
0.39655309125093563
0.9937834550015928
0.05358759256747314
0.039210213989173126
0.9020533001417741
0.41440612508934604
0.8415290993047985
0.044272956355633886
0.19395825929645327
0.6741154798425508
0.6001870810722157
0.5568850773398948
0.7952570065172077
0.11272227607668972
0.4049030074725881
0.6966537570501475
0.31672505375067317
0.9640924328586868
0.04077083338267451
0.6107504422074288
0.22427132523787463
0.0237410085494294
0.3281091888098071
0.5446805544013146
0.6279996138769443
0.18479726348258485
0.6566746552307048
0.20831957634609233
0.9555634945960423
0.6162968524188579
0.3221528051372735
0.21165964487924327
0.40462058365331455
0.24154686187405683
0.5563144090399029
0.11912573468951804
0.8826689107225881
0.08934790724043629
0.7213270078435552
0.9769836824710048
0.7372741270216855
0.03714672575120859
0.9990623336593766
0.005277328156879646
0.9556734086584577
0.44273195832446655
0.04784244320344755
