1092562
0.513895063790065
0.6699679052267495
0.1698747187348313
0.5219188651277471
0.0017811643559869639
0.7425928285674721
0.5533544451256528
0.05308028608333337
0.8289704946284518
0.9264800933097501
0.9201000871437894
0.27913614449716506
0.8130399392281107
0.5953056107420407
0.3857150095054097
0.7706251910915258
0.5947331349260015
0.32143965065784386
0.7794439506078451
0.2549492534607971
0.6419304008232704
0.6426948969355294
0.7156785356221996
0.3662341814279554
0.31679818641451574
0.20369434735719982
0.02638756009545684
0.25957181829898224
0.517868177986329
0.08365644046638288
0.9963971184711142
0.8198977974360795
0.026958655187299452
0.5296226196895832
0.10223450147009205
0.868611970733451
0.8402658963083037
0.5026283630434948
0.24528923790643042
0.725149890189826
0.4436171609024926
0.4140453616397872
0.7913333244371067
0.7160648666205508
0.20379034315523814
0.18029930662708737
0.08098216538642466
0.7407821511504467
0.7909703237049874
0.25639423984372134
0.45946642481744093
0.8010382353606106
0.8218254009865931
0.6221508320100767
0.2891241261433344
0.48011956206041906
0.7183516527294115
0.7897925568881329
0.8543118760770236
0.7183670044921935
0.11454677154582305
0.7774907092917328
0.5459722365671702
0.8730133403970113
0.011139549225352874
0.6507049151156449
0.22188425411497137
0.9732734052931461
0.27801460663806554
0.6716332126989337
0.17866268735220414
0.2857072292765196
0.03463643012369355
0.3168119666164061
0.7428605626436068
0.7902287007147425
0.9006907311792841
0.4238823571216652
0.09106916984309388
0.9337336996812148
0.10232524980910374
0.5107666878245514
0.542697832154605
0.07617281481095928
0.9437861048452159
0.873975030733671
0.23415608318469627
0.37299614486800425
0.20990982079833131
0.4174879950141921
0.7794484029467459
0.4482481763525342
0.651845453873622
0.28963949167833003
0.24973243775614162
0.10419335915936367
0.8265449801213424
0.31264839988345383
0.5631791299334529
0.4862038099186847
0.20997460758948472
0.8779260118273111
0.16651313405425328
0.5757424629319333
0.6846630095555273
0.4500116183788304
0.7109010635979793
0.6196263820369118
0.21411749355839016
0.07296569438562461
0.27739331644004817
0.12035684167481364
0.7598024086640931
0.30527670528850026
0.5909153754278473
0.3101538705853152
0.27078840789412717
0.8228137789640464
0.5768426075732722
0.6104348809533442
0.8818454958440803
0.5240845905039712
0.5604822535597526
0.4388285277749415
0.2926663283612274
0.34803367695937015
0.38732512411438114
0.8674161024033055
0.6690708692799017
0.1718436565339263
0.7507186040217648
0.058745229609687866
0.3064570879641516
0.0946779391047533
0.053651595231184346
0.11026084766977495
0.72642695713868
0.13303018101557096
0.20263121624881375
0.9231515617663142
0.8394301245097843
0.8543224799870001
0.8341699389749767
0.9782096609301617
0.2994332774991494
0.757620410467225
0.6081912357088697
0.44915562303337975
0.20103549717507085
0.2738103135471115
0.36770034239189453
0.9129788074882944
0.8251151530626601
0.10230996236758949
0.16035653526058247
0.02719818682429964
0.22600790791820224
0.22736092319526924
0.3451214015999965
0.9355480120238603
0.07137838937934027
0.3641772398490467
0.26594799944314396
0.8364452093539168
0.2953638136459509
0.7737016025129693
0.2645132112356139
0.10269677202768446
0.8062302800361449
0.35444686156422467
0.1252861866592656
0.5762569152118536
0.7016977634785369
0.6708771658449548
0.3987639073454069
0.17844538216121109
0.18825297815326858
0.11000960474867227
0.43249422698984463
0.7738898885062937
0.6751842481903023
0.6713939698728939
0.35454587350263467
0.3055571070270625
0.3197354560746202
0.9903545883673944
0.7003738452843035
0.5785883779597147
0.6366915463448621
0.0703547125286742
0.8515678087502746
0.7122576008361349
0.6538706513923814
0.8575707680627961
0.9637600915936955
0.20222078964480783
0.4944135040257215
0.22924022601074345
0.6010088746000777
0.7393277059843008
0.1974234922001239
0.18707316431798426
0.8652614376225621
0.4166181047333277
0.05042565072463989
0.04799451419453282
0.41204123144890314
0.7227263474223685
0.7002766604848285
0.20671053047452526
0.3772914247636626
0.7677700096815915
0.8335719235648597
0.6080690947381956
0.9053472784989697
0.5168991705446295
0.2732598834098299
0.411910783538858
