509104
0.6642979188945336
0.4170353048620179
0.9250881118488373
0.45908338046243946
0.4625377212788495
0.6939296022267394
0.12566911221012844
0.054520047599693866
0.8390965672819318
0.7695226398347476
0.593368539976753
0.2717566909191068
0.29037675850010014
0.7036884521248427
0.3638821160595729
0.45299193826440676
0.6172143265086047
0.2997979848065404
0.8042818846585992
0.8297686808813455
0.7287205943027504
0.5301382495789478
0.042476262035488155
0.22158318380590514
0.12314958971321299
0.23507498332854027
0.9234426519167068
0.5832042907600856
0.18107573898788443
0.6289486343981385
0.9092551799036054
0.7662117569425716
0.35245510243281775
0.00604439461442674
0.17684448547298948
0.23623920846754032
0.29668304352022246
0.18157907882701474
0.535590239311062
0.6446339780212116
0.043549711051019124
0.6254990760043485
0.6862614669393157
0.0917224767236694
0.28303393834952295
0.9509850429041116
0.7734833220434899
0.6385965772610829
0.9631656174288938
0.404910557493966
0.14582379547212732
0.12531233218387128
0.4777249782958942
0.274103996973882
0.7307569137915088
0.6356202587853328
0.8593369080503392
0.6691134725894813
0.45617404456261756
0.011821336689136097
0.5585570820914575
0.9762774806182185
0.7057780502367067
0.6680707615484955
0.5858359791049078
0.37925426248643435
0.8826101377544253
0.5764274309093084
0.020785694983317504
0.24276538589993768
0.7731220301437149
0.7071737587207009
0.15196391641237983
0.8241601719639828
0.5536215315328036
0.3934069483289515
0.800427912812994
0.732508880053363
0.9615824526202027
0.05962989611105163
0.7016010865337118
0.7902850657511532
0.3662246205173497
0.5050456014482725
0.1725331312533992
0.4692979096452725
0.21593361789126664
0.4644862143332713
0.675424348149895
0.8703879123934274
0.6145036669377384
0.483384290261883
0.30332335547606093
0.29550005151863146
0.583851647584367
0.23792005413040584
0.660196909085364
0.8211007698499563
0.9077637091088004
0.30745540961173035
0.08510916023496973
0.923506332167412
0.3194005799381213
0.06359192052967755
0.6790371859034245
0.12954172496899397
0.19470137090477946
0.7786661851020072
0.13288811364258635
0.8700507883055025
0.8444895947654306
0.2762233828925337
0.9265730416276287
0.1991300010514533
0.9600000493008507
0.44698525806475886
0.07153122994129191
0.8085597702576166
0.7597077055406386
0.7360563747722797
0.20288739343811912
0.8147585738914678
0.909755737257859
0.2705886245809006
0.49246434650220394
0.12468717233933757
0.3459421255952593
0.6418500376995641
0.5501615584462876
0.7974811454254124
0.7121395343352686
0.48162157372845915
0.20875014681683468
0.7101921357465935
0.24818665324255584
0.8800713461482343
0.8459228285856695
0.008869463578778158
0.6097033332762803
0.38073224577501386
0.6874775980536423
0.2803151026478927
0.28294615615563723
0.7579361271884103
0.3568019796207491
0.1151973382534558
0.9697347424006874
0.03303367155298498
0.7883643386804386
0.74980881915368
0.5606435072699338
0.21795598937297467
0.5067075107854
0.7716075879139799
0.08906756068607202
0.08815017450506868
0.18747916470431336
0.4527801733067236
0.3644352537003952
0.8816482288497436
0.36332258082295377
0.1364180059449701
0.8197542751548499
0.19700452725188722
0.11499005317249
0.24149959242776153
0.47684224428440236
0.5200643837077118
0.5968309079484043
0.8757229463167707
0.8320063386542161
0.7480020645441207
0.28584447660500456
0.7493336847946457
0.8956013705808665
0.7987938861514421
0.9147779794843481
0.06844638676352344
0.5808089137133385
0.8952679879889945
0.15228806540080797
0.3529578723409502
0.13014481829986013
0.3950992360206368
0.22697375673478049
0.6720030019554527
0.2926161609398188
0.10159429538138876
0.8571278876004474
0.6190049750237646
0.5201129169380274
0.8348384672461258
0.04434298988035135
