649372
0.3250809357912158
0.22325542934561837
0.21921848351910345
0.018513986159301776
0.48082721556988606
0.2363892504228149
0.21382250482265897
0.9918774135727184
0.08844704992603913
0.8893216276029661
0.649634360857832
0.3479661001597659
0.3150797941784165
0.09246966129412071
0.8343020770993702
0.7760669022964898
0.5968022590136566
0.54296591019699
0.8499784533960861
0.6828590524937548
0.7417054242634676
0.11163379142470542
0.03004410253442913
0.3466704587612519
0.21063028693267427
0.6912903546191298
0.8737585946417882
0.15038645106635729
0.006501260856138891
0.9580674433575622
0.1544855903230592
0.6889399307576862
0.3229228372773122
0.5687306978257834
0.9624892723729145
0.5092257975066019
0.6036809154599732
0.41951549156199786
0.6899008822386625
0.7334467734319262
0.9470176431265361
0.7257872286562349
0.5133058225315171
0.8413119430846151
0.8520243556952072
0.8468734214522825
0.7585034070824461
0.4421729444384075
0.1492243555046362
0.976703239980623
0.6423426868939335
0.955097299877876
0.5833936071955188
0.048429514864803846
0.27813968831601155
0.733042034554066
0.9238940309486129
0.45999765082516453
0.5040323191530236
0.31670517622123695
0.6662703851137309
0.5176642419495188
0.04773188590159272
0.1842963713518465
0.35858895089850695
0.8157578760053305
0.7764803740992559
0.5753823409797627
0.3369719204286713
0.12351321454053088
0.2976251421987519
0.7101266270183144
0.18700865998590266
0.7335990543252932
0.9730741594172506
0.999657252734282
0.561201309575322
0.6419994190459816
0.48999588628234914
0.6489601671022326
0.0773285908582908
0.3751962567667233
0.49048014124679506
0.39061002116580246
0.8985885855352348
0.7581416278144647
0.4044775527951109
0.9558142465958045
0.25360760219877854
0.42529543554796656
0.5531867156151387
0.28866042496997324
0.5928787420517958
0.4170448187768616
0.7941597430397416
0.44012052110344135
0.29792059641315394
0.7751098323342286
0.46474880429938203
0.5402804484685184
0.860422916557898
0.6530789733295862
0.14711715776403567
0.24042685283988507
0.23087244678624652
0.09200786725011778
0.8258903605659004
0.5410370577517958
0.5996292093497654
0.27605252184238926
0.3386246497188974
0.9773829015642882
0.2181495719429436
0.7793986383793075
0.629620888860197
0.7213720435978553
0.9940291136264852
0.04328663539335997
0.20921446467240568
0.2764157111600787
0.5007653054594187
0.08072161219621099
0.39352253328070474
0.09152485316782655
0.7316158029609987
0.19649667036717644
0.3537321456197029
0.6015013125806342
0.3966554357128341
0.33144638874527366
0.7393637867558682
0.9120046789294651
0.8131109884295823
0.49238707627795075
0.6565470422119734
0.5914389487513665
0.4712799967598482
0.6129891294633535
0.08019598087725355
0.8060182408987485
0.17181580965460685
0.10586576797891811
0.3580740268041598
0.3400338154883683
0.2248878119920601
0.3124517028241499
0.3250891820027211
0.8802592996833526
0.5777028370660587
0.03478444398366798
0.6877623963975883
0.3115950059806113
0.8940995956872403
0.34208965141241254
0.7616632139981561
0.6704662097580304
0.5484048209999619
0.8851111426338096
0.3487083607114738
0.8331542921255259
0.21546658359105775
0.022415713609724053
0.5265706343974688
0.978153841028365
0.23975666144215724
0.16544101864887173
0.38904720741818355
0.3548126910352738
0.2486600580638959
0.8828446980257852
0.3240873172941302
0.9149261259588568
0.538547031247702
0.46975177335435736
0.24528174594190855
0.9196204574541221
0.606948820883855
0.8837859297669335
0.3029674771945392
0.72077523994685
0.8301354784438337
0.17731008620220556
0.9927027110736881
0.534397234337395
0.6926202400108548
0.8140901172076888
0.25171889890519517
