385927
0.17277403729670737
0.1635917161182434
0.5486350710976476
0.08805800347391735
0.3828981736957652
0.7850017222372582
0.8677560760460954
0.5224549469136488
0.6505677281239974
0.7870130372593117
0.3464251274984482
0.13962645576586485
0.07273270780129393
0.07873812627122134
0.653804226363877
0.3434793801055305
0.1750710832679755
0.2756761234657972
0.3603543662627168
0.48985287463146054
0.3574418797165352
0.019982139541543598
0.14322263474830288
0.43076050802472154
0.9867775027194113
0.7256797287850142
0.4646451068711458
0.6457001593715894
0.025140667373947823
0.5381532897324168
0.3068922415252985
0.05845051335329354
0.4800861824879801
0.7357343213324744
0.08732223111909054
0.8418751504846023
0.895131441134932
0.020922055543301732
0.44839721652405407
0.998606603478152
0.5600534844482706
0.14975475417009754
0.22005612087234694
0.27208400127470045
0.11389499650631552
0.13007555979561514
0.48562689715814766
0.9902700467890069
0.7379750346612729
0.7829126813953143
0.34750021085119953
0.7734739421107423
0.19186511567908848
0.8059204674658509
0.6850754534091126
0.6480593616938343
0.5322044535447198
0.603804470543203
0.9250292507372473
0.9994169695768068
0.4723931666224396
0.05788013056036023
0.6027454876283083
0.9704338406563229
0.9906153104443721
0.09539127509991796
0.28378492596576776
0.3657923077833215
0.974308834958924
0.3889414906527062
0.23556201921682562
0.8577838635059849
0.40111231773833145
0.7673671299882605
0.09193468562896845
0.3059235987631822
0.7994834750020717
0.9516086096354663
0.6372028907359343
0.3005040258632302
0.5065980813549856
0.04261172637306965
0.7510502256872087
0.6193270210211628
0.546801780301498
0.7830186449811993
0.5022519337490936
0.14720546987486083
0.7908017432116391
0.990383736097864
0.35651201980592506
0.9494268817569067
0.42394884867269
0.7168766557767127
0.4725811321137108
0.6132235548609918
0.6513755567829499
0.6289112154405427
0.10084566801251027
0.6753946061583181
0.998418036582726
0.8198655550142485
0.1698680688696036
0.9395774115310476
0.5266659324719016
0.7700352043687343
0.24889695467977635
0.7532674979222899
0.7791465959127176
0.45018752734849676
0.20815493169525356
0.8625369883786205
0.29256500144301356
0.6285627604099606
0.06375127427154548
0.29150372339080854
0.07018468913390519
0.28589272861415316
0.6903550576050042
0.803954737409865
0.49584880990742186
0.6689857742852022
0.3123041151913213
0.8961292452588631
0.7878046194560041
0.9206522196122838
0.9426137612448663
0.9425173764518628
0.2404089748304985
0.4122217542669683
0.22938853584106678
0.0706336872334179
0.18245608805157099
0.8746306449864081
0.49042919649208694
0.5760744356113776
0.7927832201476464
0.17503274014594106
0.06936616676885021
0.20577065443420184
0.6569738455284094
0.11811557244365856
0.5304398988585968
0.43519964352862195
0.2233918107234496
0.9647787945376213
0.6240876506606412
0.9444193046510584
0.12244430226242342
0.4555591298017996
0.40178488506336074
0.8581416747319429
0.6498855937124637
0.0021622100613019057
0.33612916581372887
0.9566630454258979
0.5831367718589441
0.3676887731610776
0.8109429200208462
0.9873199784619201
0.8990122249725668
0.5946186044513129
0.8862109373964636
0.41024190620483525
0.891906024113646
0.1593429056380714
0.8139570436774703
0.397522620052716
0.6534067148722521
0.3330113923101544
0.38370418096611725
0.6715346318919098
0.8674723954357846
0.5106880831029658
0.8099503793473714
0.815961713678141
0.3997124017562055
0.8342854702873346
0.5391326582210462
0.022226726675003916
0.21498542529971554
0.7794735487091612
0.04984000888336371
0.8443432359892422
0.7444389120936407
0.5027369694719758
0.4475751627990817
0.42682099364425696
0.9412774529519402
0.6519798550083828
0.41415464576177796
0.8431071794304883
0.913963074012707
0.03255462121036479
0.8618750043396234
0.6361463892916598
0.20621350801808902
0.9903174271989116
0.46386257104207795
0.3879943504736205
