675880
0.2130294586032988
0.7532086213824106
0.4395477399796889
0.07876414201734516
0.9353746178310098
0.8076624855574089
0.8255173103460818
0.8297627850151958
0.1721683261110991
0.7018554299782465
0.9603477137331096
0.12389115179515942
0.9732687322994137
0.8725500567552362
0.5719631693627178
0.4309696908743771
0.332763298986416
0.14891443255474524
0.40459537902652754
0.5458093338337525
0.19386442074788213
0.987107559911114
0.07678357478436548
0.3452621968026761
0.6767447084231858
0.838609180568424
0.3677732590275471
0.22883656516233664
0.004927979339062527
0.1701467181627614
0.009981581228002745
0.22606093254375903
0.3177671153489382
0.9040482510793316
0.9177351277571485
0.7703832683968916
0.7997025230145451
0.08007819090317603
0.6662757509315678
0.4372436974325854
0.33141055605424996
0.35328729757431176
0.9500688761880477
0.5230600330844931
0.17361427688002817
0.5371368539304735
0.6957376195953983
0.20221706947708096
0.031243320252369644
0.7771318571751294
0.4824853496003091
0.14075248534116214
0.2137938429800028
0.09742605751999445
0.9316583366247079
0.8682834865990435
0.507153196847807
0.001337056489076116
0.7671391201035551
0.9138197017090779
0.8028186121935926
0.5264369692860392
0.3195503635887035
0.6964601052733509
0.4923526512030093
0.6558605707012231
0.3497878623149877
0.4285723625761627
0.12808259901660324
0.269699142228206
0.20119089329762252
0.8369054028031248
0.8754648766324985
0.8838251197269733
0.454696273750826
0.3361869634356237
0.8381999211154803
0.2682189587220771
0.4576128658627123
0.40010997003095095
0.4240964148815911
0.6628465654514345
0.3241907832372779
0.2662124059883292
0.5378484174850688
0.7163616214626506
0.26495004297475644
0.7840079152092273
0.53630299774643
0.46138415464458626
0.391771502988714
0.16982495208947734
0.5624591875116176
0.6098333793731653
0.4670423371411351
0.6671645733210987
0.08635466967090055
0.2027687108084426
0.41768755590045104
0.6279880637081114
0.22415880554324152
0.18142017357777807
0.8187076261490241
0.32819744076394897
0.6812064932998712
0.7595656101178261
0.9658819431311706
0.9096733279677778
0.9703700156210273
0.5721386687444221
0.6035863314511097
0.20158617124794398
0.8940809499783953
0.4509282627545699
0.8512123889961846
0.8152985657537846
0.1464776535224166
0.33545642859101277
0.3804650577966455
0.8300278301152746
0.291568612847798
0.26559868892760063
0.4358542611913474
0.5905394645163906
0.3039653847032122
0.6222368357828804
0.8619853269350717
0.6234940699470415
0.3206529735602842
0.7832111865502039
0.9037918618077968
0.4456711690315085
0.24543023625784166
0.14406568637794748
0.17964406779347086
0.0851460148814972
0.3720658736031214
0.016555672416343925
0.8923044032241573
0.4655956566581896
0.24788062324293247
0.2626151857074035
0.03899156067895326
0.41426341965304037
0.5863798012336455
0.647456507582822
0.10935277807187604
0.9457116065259581
0.15572436319609362
0.8027018660664612
0.5189336245671182
0.64634418134832
0.21924319954233895
0.3789234707555358
0.8157735342178729
0.43878270094997107
0.2848528187792141
0.43669454798371665
0.5190440057980021
0.7405304495138788
0.6321651286016136
0.3762309213546188
0.3011862310153979
0.04796073323094319
0.3292276996310751
0.7379287536849903
0.10879310904015038
0.2745178670971118
0.22525543466812958
0.019581361571307854
0.7325202971946354
0.7511197656116181
0.7113761790708485
0.25078356786030165
0.28259972174821835
0.6571036886660665
0.8783268662538318
0.44100978926860646
0.004068021129365995
0.7916575103810506
0.06820143043198379
0.17507748100972265
0.8746116420067404
0.01853058406134489
0.716765059065534
0.5681850435880079
0.4679693244646458
0.42092037906415614
0.8135138735896069
0.5124392626308291
0.6371214512035388
0.18878177706808474
0.2685730009915879
0.6477642445417069
0.6740352702167808
0.5274081417197927
0.9686901992080301
0.772310183456655
0.7365239300212788
0.4239844688223132
0.32899604069649746
0.4709569233333333
0.4978159190776532
0.937914797747026
0.7028659902627192
0.5852339096783548
