1010538
0.17072126233309448
0.7910771433855842
0.09913362631892297
0.7739546243116702
0.28581923916551755
0.42576156296993883
0.27406821115119306
0.8210900828876705
0.8618820412030523
0.37089738482722767
0.41494418801122235
0.5358826721579395
0.8967870629339331
0.711278552048894
0.31269395764190666
0.05992815454257028
0.4284607505685999
0.6898463322393454
0.13304932846423123
0.14693007147563064
0.7679344761059853
0.9896910982415146
0.6387416411180469
0.5130575557463818
0.8903836250470569
0.04028606674775337
0.9897435339897557
0.6693139418108132
0.3850587292030121
0.7715672672095493
0.054200843903099094
0.7420503315595278
0.8113073006729761
0.5998261985050373
0.49961574166783207
0.6637345521294566
0.7854241533925326
0.07098245474082243
0.8020072202907876
0.7733127751196083
0.6318564048775904
0.5096557018597615
0.7101889825818067
0.3039774695384073
0.9723291935763374
0.22655772193998436
0.6329683298889638
0.4558820492279029
0.19774658047356042
0.3220766764699312
0.8789843248895828
0.7523188788259636
0.37026169026615097
0.8905278099113249
0.6720672323854582
0.16010427852397324
0.7366987566801113
0.47739568767397544
0.3894153591058287
0.018390326838381044
0.6995489627520779
0.9709951671124013
0.5255495589821183
0.16485007755469883
0.7880513929197731
0.7203295948553494
0.4719195462010428
0.7741592388408893
0.8994086239455703
0.5625263560848378
0.3202005841312445
0.33092405001348946
0.8389766350816822
0.6160815434657678
0.5467326038370427
0.8476814385278127
0.9783066570503847
0.15024689706956285
0.6162185120095427
0.9083243809181994
0.6712067002007258
0.5762437984751657
0.254712139586066
0.36828178786237675
0.9205287216961676
0.622590937564587
0.3850901958900048
0.5750086919250396
0.6721768241282589
0.05468328117791488
0.4926171162349837
0.7858194242799512
0.027871227138722476
0.8778619915971009
0.49387549739625525
0.0548225572184915
0.6144909465826431
0.823566509475136
0.019248709821300225
0.23669356987428436
0.3253582817226237
0.05976096640464046
0.3873066900642864
0.9122468725262648
0.657616341495469
0.4896797812108895
0.448859644691342
0.9792465167603441
0.9098905421201733
0.7070375638349106
0.9091088981292862
0.3716203182371072
0.5757135831085468
0.6612010399117666
0.6982375438755658
0.8712196514746161
0.37073283895216547
0.3524216988421043
0.453948220831641
0.25849310171992756
0.46550800358346256
0.4250796871907566
0.20386908849874763
0.11191902574892343
0.6607459988074256
0.35599083612479543
0.8914132127848492
0.41076842098771993
0.4381088761165933
0.045180550196914804
0.4755907256856573
0.7217465972889411
0.047269955333428704
0.008129566908277819
0.9534366761732349
0.1572876634413929
0.04868251657428191
0.04134827582228506
0.8031327410317214
0.48175365534405
0.02156362156902547
0.18723788570997002
0.026563323563487673
0.7115157594852506
0.46788591762067344
0.05954829299237874
0.1819624127475401
0.30587208531312526
0.2957084150259064
0.10734397500070059
0.5404700659322405
0.5779828463102621
0.6489665346582087
0.19324080101617758
0.7748328027764375
0.2684804863618042
0.2658812131636358
0.9407783673824253
0.394144968981453
0.319138639285124
0.9944350536201156
0.6661438731678977
0.4754434607874557
0.7599607739440867
0.5709034295992108
0.35106512183183536
0.11113110335258791
0.2802754203820913
0.2762171101121794
0.03654193231080771
0.3906190375494295
0.49290187142188113
0.6249719067395899
0.22118665266241233
0.6652416074828299
0.12017645085951578
0.8131902460507509
0.33329596340681833
0.3074122698530649
0.33160654735844197
0.2534784269368556
0.11237828733864286
0.1681521812637553
0.24514536745077886
0.1600123787680776
0.7837115632599455
0.46153768366394665
0.16755778661247467
0.8108238135259371
0.23860902043159427
0.8602773068939595
0.4940734810402665
0.8111480165778528
0.04342116998562218
