3498731
0.5935073499223628
0.10311166545465356
0.7771329128484291
0.2215165577701741
0.7339699546151148
0.18859335549447853
0.15707516882686845
0.6872289273212302
0.15527258957242596
0.4102502758203096
0.9771134774388993
0.7867972171376408
0.9639275389839221
0.7056047958083899
0.48627343980723303
0.9659764231452983
0.8947268411104599
0.4072488248173093
0.8700283544612556
0.3014494394642191
0.9002846642047377
0.8105719519905591
0.18342970418599913
0.7315138967989914
0.868895607704242
0.7034314203012125
0.8589192173371392
0.8123855624554167
0.11075391029981851
0.5781311691049076
0.5680273124346831
0.5823024295885053
0.13246188659196034
0.13377274914330906
0.9241714514439578
0.956433118449563
0.005888148210130173
0.7209862754656264
0.628025083317467
0.5726646973333644
0.3298193349471946
0.5812446179012832
0.17743598830259066
0.16166413959011738
0.38148175613986257
0.08940971899910477
0.1906308325319932
0.32417882090827976
0.5598919841428752
0.7208546664220054
0.7244498366456251
0.06436150944247576
0.6341288400611482
0.13345137444155653
0.7086143785578339
0.5499751192266096
0.627001101943609
0.5799079903445942
0.7625368719517367
0.3486539324197735
0.3882191342768231
0.847386116831005
0.21294141034695713
0.8239669504623708
0.0410605956425919
0.05902330626686092
0.08857016663504658
0.4658505447645036
0.5226533643502902
0.9659311710706092
0.23250948600650856
0.6770469651434926
0.3803824571927541
0.80843477552289
0.4431767742745544
0.9405063733719999
0.835558919663679
0.43176513023411733
0.7317670777216518
0.3522797110441034
0.8803732782699076
0.10411054664015995
0.3669666151509321
0.22025023989731107
0.8352874614511682
0.40387915320152723
0.3669974610600103
0.8011223679939571
0.36140300104141354
0.6182196018105391
0.4945664733333237
0.276405847044935
0.39597533592040557
0.3262921374381952
0.6120482372455813
0.7527043960705981
0.8591274466682025
0.2284780643011054
0.46224047691195413
0.41243783074745755
0.2659483810559927
0.8266606978804373
0.5542879214652173
0.938197391004633
0.5705455712468257
0.2609058592351301
0.8548780790697726
0.9872535523854662
0.6672520488720293
0.4643157700926056
0.41157088498444594
0.8023068913886022
0.9790729986699526
0.8105255626720097
0.8681312170627388
0.010392243391428746
0.47458851366407184
0.5972562737779131
0.07099183826656197
0.2839166641100225
0.27191269815560526
0.034534309064743085
0.61148145073514
0.8161325669625519
0.7119414272571827
0.887632019886438
0.20021101621189408
0.49791716044502665
0.4130044825834157
0.5624799736255491
0.22801860117735462
0.2735498292456988
0.35517026747190417
0.21524618564387332
0.7321315879873059
0.400249481346456
0.48483423264109893
0.41797317768105613
0.2567121158355431
0.23955425489666893
0.6788549035519315
0.018609414084580167
0.7737102066936753
0.7681957322495487
0.16238429195143
0.09646605787617635
0.9129561963929452
0.21194131350775847
0.635672078906159
0.33307630199676896
0.23968219898966792
0.07794715808314301
0.4325062287555612
0.6936292206482263
0.21317031061303549
0.3894857427739047
0.006584785086163003
0.04559556545356369
0.7619825408875491
0.11148169131817787
0.9219972081572906
0.22885815810653276
0.11923598290318249
0.5961100090221724
0.31012587717450624
0.1356053546429289
0.6756438441678685
0.37478137241883613
0.4476612077570217
0.5584401965617991
0.12855129852455172
0.7761589031289486
0.709057224879893
0.9216048209057016
0.13195270079443444
0.6594218194204977
0.6516363132294455
0.5229133805003396
0.9854843812853458
0.017811288121087676
0.4026855781512062
0.582933146924388
0.6396455576223516
0.3295641240434578
0.8352694682347152
0.22314851970964966
0.44000695926815503
0.3116603165057612
0.24311640435355397
0.476287388841123
0.5849253719229913
0.1663810455927769
0.35481983326075706
0.5696856756905496
0.2292894497918676
0.5014932900874486
0.5637270173793868
0.016510289093390806
0.5310803466785342
0.8519485878583725
0.1922718223126868
0.4998562182048233
0.7080386111036865
0.13430263677901377
