2131556
0.8482437340661424
0.5198498415974493
0.045612339574829464
0.4016724477382596
0.682211206111223
0.23244791351599214
0.07393519220984579
0.16352010544712414
0.7150840802183687
0.6196228003429928
0.9017320855617825
0.7951286033179981
0.9987528310402627
0.4612567125797339
0.1308432309265063
0.19911825296113284
0.9497959636480399
0.8037160470046993
0.7134188160807585
0.6959832919795454
0.007649130117072023
0.4182165242403698
0.4324439110848902
0.06052346639267847
0.6619502027764071
0.11299097326018359
0.7664082028016017
0.30412217520479534
0.16146874634934227
0.4677717250137017
0.22250156563686518
0.07851224264456069
0.48753611369200467
0.4624200829955827
0.571349549294087
0.6831156976302114
0.8516501318036905
0.031105032583920278
0.6711851594974225
0.9207385690549154
0.05993647837071214
0.789254662215097
0.7304869853533855
0.46534791451586643
0.5764062865298947
0.05257291305060996
0.925495553729496
0.9808531386984359
0.012457583001968309
0.7957357498770191
0.2626534324203559
0.9612587798022049
0.07182564035371186
0.3829500948079261
0.4558967220851171
0.15025186969956583
0.6881958321273899
0.74338001454836
0.3748590777022339
0.44223166449073315
0.20694951222357316
0.161514467985151
0.3124315715863599
0.3669851276274809
0.9830218668780543
0.005871415338573938
0.9187550254409838
0.6166571188509107
0.6936082842541145
0.529003458388033
0.1536039464268133
0.5863587855470705
0.9974637153684417
0.33759019985042504
0.020253989594754218
0.5687040297912571
0.9117969114163519
0.2534733113323062
0.16130810017638486
0.06775834943238401
0.4232700897978108
0.06481016976256071
0.6205887336326031
0.6793297754928169
0.4013712260146278
0.10109241156169868
0.20508667167779127
0.12222778270564938
0.8404351571513263
0.6565959828486739
0.917089905641099
0.29906008905873915
0.8208464551122598
0.03389997778427922
0.8689984570681184
0.7153335945066585
0.3504658756999721
0.38243104206820777
0.9419642799167665
0.1920705089495981
0.42407883635131216
0.5665613697781576
0.20437758700851327
0.5698461160282695
0.221673365752599
0.013607852292194189
0.7673547626703402
0.021100135408792187
0.35561186208713014
0.8641510411265872
0.32176463414558953
0.6627687008861739
0.4722693845073975
0.7754117156741444
0.07496346358943973
0.39272928007500263
0.31546849176847624
0.41299484492005945
0.18529177397766916
0.26124652798951786
0.5670493064009223
0.007129161941846096
0.0785187364002109
0.23255198875637206
0.39417008017294297
0.34660249451744174
0.22280248689653925
0.8918858695403983
0.6534426564502154
0.23691230499494975
0.03736812347389784
0.5097749873104801
0.12876387551854296
0.7587215961311062
0.6149874998947529
0.888015361067791
0.012712709744862605
0.6285305295347785
0.8494776680346378
0.5807741423634857
0.08064000642450653
0.585544643923965
0.37681816351430975
0.40942038199308806
0.6520861673316289
0.007040438340925825
0.46211941725573036
0.6711395025247742
0.4859191933439958
0.8890999547991076
0.5945582249192656
0.07908180796132458
0.21359426518631497
0.9204056799879097
0.08852806408841507
0.2657405855251851
0.7791926026306668
0.6238580453286631
0.43163576636281287
0.631450489304428
0.6254066319892829
0.44409760996819103
0.46880820093312014
0.4263428055718047
0.04139490749843422
0.21858452486012991
0.7666559197540938
0.21678851570489566
0.1714390214312972
0.6857082932561168
0.6633731106454736
0.3063065200828845
0.6725920410915968
0.5554708656857672
0.5768362681563186
0.25610868848145907
0.9050161677109027
0.19660677892735168
0.11719679895503876
0.38189962734877214
0.8404645792648057
0.1785741317638685
0.43014558217435406
0.991243387225009
0.5823711507203054
0.747670296429391
0.9831600522280349
0.16975555936086684
0.5052683202464222
0.8135973025489941
0.6994276754034843
0.12457405104066699
0.5417624525257551
0.17612119235901091
0.9427720681898104
0.4500071021655836
0.07205302113648948
0.531040848736891
0.3617910939527347
0.19295260268530567
