2035928
0.8848356709203389
0.4430802382072374
0.10070268465709153
0.02085734193536104
0.3362699886766398
0.8911536688080052
0.8619042643776106
0.4779523687447512
0.35386218205724373
0.5014234203698348
0.4599438242774685
0.5675285273419408
0.016503412642807413
0.0934430556830409
0.4366588504878611
0.44621294807774015
0.08814417940376418
0.949213353010351
0.5818690442339818
0.8910671904025727
0.3350167836131943
0.6486602515209278
0.41968752674818943
0.7568247947399724
0.002057669084185254
0.17235248573225703
0.8882880011795228
0.9925595821892929
0.17060564494444352
0.6051072568455301
0.3868639452715932
0.22574868506543821
0.22433569776022844
0.28682841174175455
0.6965246419406377
0.38751630660489467
0.06152002292316461
0.9258659058114322
0.0211300278142883
0.9749140856378321
0.009091404578447704
0.01538174762679645
0.5395743066728799
0.324413320773302
0.6176165711004751
0.8746516913839447
0.41278627560966363
0.7053563179124257
0.6461697817002774
0.774928589327101
0.1467221528790137
0.13293284893195279
0.5822302552247409
0.9034374597227113
0.5768838115884887
0.547318929818215
0.984109331539989
0.36926843672549736
0.5104043948204513
0.40893523729830195
0.7820462919232574
0.061378583317635016
0.2384998301923409
0.8193526762041312
0.4289947529564596
0.9316092131731326
0.7150933052346354
0.9931929450206229
0.45325387757277236
0.194570451290756
0.1866776270730205
0.2784424392125878
0.532482030788521
0.011440190422489671
0.4539874813393272
0.9509179594555374
0.6822629495008157
0.4561698342587365
0.7478124592018263
0.693193050859893
0.5322772174419863
0.9502845570394555
0.40928856790567403
0.009114076751612021
0.9492652402862531
0.8964112825445484
0.17926435552739706
0.8221056543806063
0.45834990093851413
0.9408624482189715
0.9218455295990841
0.15878495600184273
0.01292063633303131
0.15204970535108908
0.0339792702670223
0.12897541015317748
0.6681629387070478
0.41419592920634296
0.6259480453493893
0.3790295146042324
0.6244504665639813
0.50476055045564
0.7968998405311593
0.8174422945226537
0.9241995185832163
0.6491871749318352
0.9750498859813308
0.6900556699508342
0.80941865045226
0.8280287990931197
0.34394684979341483
0.016725745183729934
0.37706879102130797
0.7492009282787
0.8342038106139401
0.9921439578315607
0.7054821896762663
0.19205777090395226
0.024352860071408466
0.20057480458237897
0.0674713947545239
0.38018277016490387
0.5649891485336568
0.3975918464086162
0.1943920145719975
0.14622942300107833
0.4171289727697409
0.17146477576965957
0.8103061124575409
0.9148440528907017
0.27871322207014704
0.012670566720497711
0.8165257218227464
0.9486470858778685
0.06244636731499953
0.19207167708748907
0.5741988370860612
0.8774452609003275
0.1836681124557875
0.37662510720806597
0.7062331326037202
0.26229192533069245
0.7187134210718346
0.0960558602972642
0.7197352121072486
0.8337084790465915
0.20222364852629948
0.014749155968729832
0.5362763193801879
0.08732451270215935
0.9461300522194558
0.46018587736544503
0.7096781188451446
0.12039072505607384
0.2835382320022052
0.8125658244957614
0.7096448294110627
0.9490625467496241
0.06750023063861321
0.16983405737453028
0.15445120279161628
0.05904908705402645
0.08766847606613892
0.16814566093730132
0.28702792451987913
0.6111662510060047
0.8070840973227384
0.9598746925090247
0.30616988777840615
0.5485289832624172
0.966859114513494
0.129593151710521
0.3882245428333313
0.8335623632776364
0.15827091303479024
0.7630166000586314
0.3645009432009668
0.1807068647098382
0.4197942252466623
0.9747328395258937
0.05577285420339395
0.944638323102594
0.2808540904589657
0.9476007284202718
0.2076318818263012
0.27401853650568253
0.44459132224789366
0.9400264429215522
0.8190798244405493
