1190317
0.2472375514624664
0.47868929960082485
0.7768945665905848
0.4116314843434835
0.46930436636324513
0.46631908412955314
0.0557522320225563
0.4473330102514331
0.527987436021595
0.55851744457737
0.6719142113950227
0.6714827654419876
0.7825026974851833
0.7648205341671226
0.2944777550524068
0.6294750223601601
0.18949090873618002
0.12073321097798617
0.10980569548300434
0.9870694615096617
0.2587225631326424
0.5786224920677875
0.48985738637846443
0.5695222752096156
0.7749131322497178
0.5828807658709484
0.23981648248930376
0.22739739198837705
0.6222271168490252
0.31071277710383105
0.7327857384645456
0.7355093473410669
0.9044945022921393
0.9866577492206537
0.5488886355335919
0.9363319756448668
0.5668588831102938
0.5119662287328343
0.20193834145712986
0.2503399673513489
0.8935210727171804
0.8892087290083529
0.15890478152514376
0.4931331122337512
0.5814383243291688
0.5680010764879695
0.635730714734837
0.6628260016800435
0.5712837966598682
0.889489579196506
0.5876182358835961
0.9910685990515549
0.4546665533136327
0.265246494292387
0.902727286301672
0.0871957944020354
0.07055777240504157
0.590483930477794
0.05529829838406353
0.4473875089255527
0.8540638435692939
0.6620031466524636
0.377531023583376
0.9493527509901235
0.6071327905912415
0.04805266866117197
0.6691223008043313
0.2079346618833442
0.6234751018221448
0.9402773905205606
0.0791855667835073
0.8281659558073253
0.5189263489891475
0.007198338441152141
0.06734540963185343
0.6596873264743507
0.6936732175437939
0.16417069441289955
0.7791205718963987
0.13007357373252348
0.0842105432376059
0.4765250623242545
0.3552794441333097
0.6144958268815202
0.75059217656202
0.12060564637835969
0.5356718831702619
0.5852805053041258
0.8884837688084273
0.44167567599661983
0.4151121973321872
0.9773085882974024
0.05572050336144285
0.6681694642032933
0.36220768170183926
0.8038316641835771
0.7595189629579634
0.7685270847874944
0.9215981849210154
0.5621638405952659
0.06318670309031926
0.269856521009195
0.985891760569296
0.3798418620356565
0.5401191058698039
0.5969252072364546
0.645652317104298
0.169228058284002
0.7280679458810945
0.635491015695159
0.904115274350432
0.28216370688029846
0.21811171719718614
0.7757407115847565
0.8778775152563213
0.28616360264664653
0.6504529864978833
0.649611085315121
0.19562825499393433
0.5197747905855189
0.18311320877048642
0.1400267547364874
0.05405789504975056
0.027105815414618872
0.4497908971946367
0.010595496292401418
0.7934020258239122
0.3201652809835387
0.6295945689080665
0.6810601753790616
0.914648306971196
0.17253144128164133
0.014056495038461625
0.2568145170353493
0.1762538727006645
0.30900739544536115
0.37577958927313293
0.9100469857302907
0.780291863330242
0.4232993215134352
0.5182640788347499
0.10558562456886689
0.686265126469661
0.4293876702302223
0.6179068042410759
0.9662739190753741
0.7753964289426326
0.23214469206477018
0.3568604984696171
0.28071596812057853
0.9290239337652987
0.5888835993027166
0.38938649528097913
0.2704868701104579
0.08180154813191787
0.8259084233407389
0.38452886633250327
0.25441216032003633
0.9637240416647725
0.2727657431985324
0.7443839824698306
0.7742776797823074
0.5545668075819952
0.2817823785516378
0.10993420930591646
0.5793393860049545
0.2401508062033939
0.6116065761577947
0.9353603246751261
0.10626046671918632
0.28191329394936304
0.7708519372256832
0.7369421102148515
0.736610347138798
0.4895855639821811
0.6415772689644976
0.10410195599820138
0.165818830282619
0.9213487955902355
0.33221741962249085
0.19784201720247518
0.6754858028657199
0.026659807847055128
0.7457137576674119
0.2557702086506318
0.9652049410706166
0.8940086382793326
0.7909751531377396
0.5731059644508065
0.47056778200071814
0.16919025371639917
0.5144333477750118
0.5355021231961622
0.7707721195735224
0.7692428862318808
0.6833397599797585
0.5422141964484664
0.7722666979897829
0.7330261277776081
0.5135828837248424
0.07709389121127963
0.8441218219555093
