1217242
0.9065081931471459
0.3680699072706902
0.9103679717716682
0.7553275758788899
0.3648410547459626
0.8487918872773662
0.7835474587507489
0.8114806671870953
0.07688958265141554
0.7869477452224498
0.8031095240344387
0.6369732928195255
0.45482652342952745
0.45278013296005004
0.1611887708574361
0.396532487310733
0.06106655311474152
0.0876679926748758
0.6262630397187977
0.5043710508570242
0.3044659762674663
0.21347028782674393
0.3816816484947251
0.23962124493118253
0.008376023022568901
0.4323225909373424
0.9208161355780543
0.2607445972900395
0.7506050980737539
0.3632790087445108
0.6357050585617238
0.2810337110793866
0.5130398733093466
0.820200623218793
0.3268840414323998
0.7034541286728585
0.9726210249580798
0.19954843664998645
0.10916341662285411
0.4554572433154692
0.715564386939061
0.31724717263609725
0.0914354943554001
0.6130285782470938
0.7631637402485044
0.6105443396983616
0.76816437780153
0.6581176607158624
0.06020657899432269
0.7037959504445942
0.27603058687122206
0.37472944070813796
0.9959800450907563
0.8263688442145953
0.5412746537485075
0.4563394630650306
0.6030386002769919
0.46635728587875114
0.8716021554282499
0.8709277191750532
0.8103513779967678
0.9455687506509896
0.7310848775690847
0.9098097276633721
0.015141624666030529
0.30924241706506994
0.27731182230288165
0.6325750018125734
0.2816765080205904
0.03822113583511877
0.7371146317255873
0.11282687187655371
0.6754603808838234
0.6118055626364607
0.8505121356381309
0.48805014121518264
0.5977306068022861
0.8762772312616639
0.4220893089998258
0.321815428573342
0.4978494930474977
0.5070847954665992
0.48484574940747005
0.19766264085949503
0.010131865718968402
0.5919456901162766
0.7036196607616398
0.7813882386440238
0.3868430365256419
0.5076231907029111
0.42351315506376475
0.812093931162257
0.08054670889817128
0.8148967766774079
0.20331539715441393
0.6122373642086736
0.4666784958286967
0.8542513365719208
0.7647400780270905
0.7430580492321298
0.9911652377192978
0.08906864293829142
0.03536425223722173
0.3741346722219433
0.4781063298877416
0.01361258327806314
0.3664758794079277
0.7844626291810899
0.9389778457996182
0.6198568163130804
0.06660748381371218
0.1673236081504681
0.9875164283074978
2.1218552491952813E-4
0.10735408357010445
0.5723517394353481
0.8833842601109595
0.6524682346326853
0.23014331784494435
0.3855835192114997
0.3029127161023354
0.4487715724189453
0.7109464985898567
0.22191182408891452
0.1666666103252269
0.032221198163469356
0.7244894040338289
0.4842471751309274
0.24126724265516974
0.6126691610549733
0.5903418788520193
0.1298215024287439
0.7768571487355503
0.7475722395782207
0.18033568071967687
0.3764536133191022
0.14178473673655334
0.7142487016743959
0.4200806340926203
0.18022731068903697
0.2725326922377753
0.5066513486677875
0.1269187082199318
0.32091678505926957
0.7696092091930061
0.32277665265170274
0.3924768247015371
0.8426258942944737
0.639066118146444
0.6480867687896282
0.3400489209116494
0.4144916602204486
0.00450368199944029
0.6858297147613037
0.3653583738997791
0.8999342354610514
0.5958669927805703
0.9369005559725057
0.9038219838496736
0.05281900469704337
0.4590341857004664
0.18989380691347724
0.3582572953986004
0.7950292067252687
0.12414199986948016
0.04625622943228569
0.06804533913562005
0.9723298994911549
0.42078957332201417
0.3759555606573127
0.1040806212858496
0.8340375211802648
0.23470674852511975
0.7758396969674887
0.23341153761655176
0.7368914764102018
0.7631681363158632
0.18586801052025526
0.6132936573834032
0.7346574668472047
0.2453800823165222
0.3076546722308451
0.6464492548629422
0.7823749765487217
0.7192623396505173
0.3652712520083179
0.9576466904053476
0.25779366732387443
0.08749210411438257
0.05001407281930803
0.6362833709379734
0.38242742026244536
0.6633730117883062
0.19884957297321626
