1217906
0.2542448722890035
0.6761542725606363
0.0015855585125214011
0.5315073388890141
0.600606837537963
0.313600845379966
0.6366665400885295
0.18784355724345458
0.4766020942460353
0.4673594367759456
0.3358230503508346
0.27225389239577
0.25189423678706657
0.2048647420084866
0.6264892882581262
0.45060622219219515
0.4413692096626678
0.3748606629951211
0.4105241064657542
0.7127593424107911
0.6500007461175672
0.6111265978572423
0.3325482443755645
0.9289765039767919
0.852490610732643
0.5115016223843942
0.3167510735462524
0.3773673636530598
0.46340304854349323
0.4833257342222419
0.10532718580239198
0.6148252023351228
0.8224573051001947
0.9856754348412045
0.25377344163272864
0.8813093397621204
0.04483801943231647
0.5442786006513561
0.31659771946253745
0.950955641569083
0.6678286934555306
0.9667515880531627
0.8915604624349248
0.9733801588965776
0.16276785991745146
0.6438089783867329
0.781390713459164
0.38467454211852337
0.17527428478612372
0.6863547728794798
0.7789889909282623
0.40997420173542065
0.3068812442214537
0.9188708404099455
0.4854484922486929
0.028113128654664532
0.3576667949197586
0.4262771165467226
0.12979804149935403
0.523762192192079
0.2121610939234847
0.4344451428281336
0.5751892587030757
0.913580204847978
0.9697576306857394
0.7938048369400639
0.5683210320960946
0.6002905385507205
0.49605066881350623
0.23099179626235788
0.8172152101166814
0.58222801971999
0.30296615317613984
0.8352407920313075
0.6670271405978593
0.42578430472127593
0.5532489375440578
0.9542380994270072
0.9843950589802362
0.9943125439752921
0.028814176918917744
0.7884041190882078
0.3579031417419841
0.6194348805291546
0.102666671852922
0.4930847420004487
0.8755526714473421
0.9993291525865652
0.11053639063961829
0.5248880428255952
0.549706634731997
0.6134540644308416
0.03107439893088515
0.3014108899437572
0.9257928993944623
0.8543050265550982
0.05239858110658269
0.9828573526166291
0.5331221118201593
0.3941751283824424
0.42797348434454185
0.32955930390552324
0.6144957900086769
0.5285295159887679
0.006254532000901647
0.14116660557295035
0.005851366585655549
0.36748285392384594
0.9562216365505475
0.7412829517155108
0.12801065858602756
0.7830039487833136
0.5048728758090002
0.33558042895218254
0.7996688204830584
0.961853176260799
0.9529440532571992
0.8419343114743245
0.9840809328032756
0.262891627859974
0.8415653294726411
0.9678770904602639
0.6414738549782769
0.8322840603291113
0.9052614485156877
0.8936785505703735
0.5750313659046001
0.09124973221331933
0.3656473459250701
0.9086166726541572
0.530370616087904
0.7783987895156692
0.19536626275328572
0.7435118888900034
0.8367485643189624
0.7023242596031155
0.2132626644021578
0.14435493805603083
0.5628071327700122
0.7400026875234509
0.2594781530697845
0.43986644331079183
0.5004863451932777
0.9026890779435434
0.243102709700873
0.4700843627454909
0.2878047449735358
0.48337490854063325
0.5552103416809272
0.2635827201828448
0.6345270258193135
0.3985104988950914
0.19655239032916683
0.277683462293862
0.92430894518681
0.8415761299364714
0.9818775994551827
0.8490309113270615
0.43272979536100553
0.27721867168044256
0.3517933872806367
0.7411555227286436
0.02269324769059422
0.6220538944027496
0.6482775988898033
0.3211626147406206
0.4569976955432037
0.1818668902547098
0.1913961779042418
0.9494383446798814
0.4024470775974399
0.5448262345978077
0.1324764954288954
0.6242738151636879
0.7906943234556392
0.16646008949959645
0.8529321771750851
0.7875658526262599
0.44807892880428424
0.8245253793660059
0.6281302852049324
0.46826045512495673
0.8100412690430607
0.4705339588479658
0.3821369353627273
0.6169631550409111
0.09526613311741428
0.25958252476692123
0.6218729396674688
0.5681481990298235
0.5305280784381659
0.7012657329415574
0.058156139481496893
0.05565606381694144
0.08928255673191088
