1150288
0.941834984699399
0.9963027981252616
0.10267710251061768
0.735365375728667
0.16139793126614044
0.31040515635358734
0.40917636820002545
0.34773523104858894
0.9498368459157825
0.703098241017297
0.5677229013613992
0.3430128821610522
0.31125636713716565
0.9965736933060508
0.5529443558958088
0.5096414947808641
0.639154628475963
0.4007941323895119
0.45033583344241845
0.7208133453519907
0.6031437203319455
0.0613067390155726
0.3169093624894096
0.002877423366564713
0.39292903918366584
0.7017500171398041
0.39917849180991405
0.9017636481233661
0.17638962866297603
0.845092995443687
0.6732301622197215
0.21202944301208493
0.945983924173845
0.9228415689586994
0.8171438534243431
0.9114544299068532
0.15133909197732875
0.5628920006292241
0.27777588438826484
0.578679838328671
0.6457640967894719
0.48440643099046565
0.051934542108463266
0.6622092593660224
0.5105598533040855
0.7220315034579321
0.16622921629122211
0.7161575069958539
0.2633827669369744
0.35197558006358987
0.6103851481111947
0.12145502645801476
0.8055502898644201
0.49890583569065106
0.6555726887131141
0.8707854974262673
0.2180603300150029
0.16532178119850338
0.07230799984700953
0.7113543020101274
0.17722923117494271
0.3440069690298524
0.7517397378155276
0.31165631778841474
0.3282353384633273
0.949356002471151
0.6296445454429037
0.1467313255827739
0.428488588758398
0.3348192930785626
0.6142113618110911
0.4809661723820118
0.4526290787504106
0.5514033196873849
0.4267028812237297
0.16832249635402707
0.1370902072417517
0.046109421991875954
0.878339984299727
0.986939747021822
0.634545210145819
0.19938948642058407
0.12726304087556062
0.8783830948524358
0.04718839505046435
0.9571422668407502
0.8861815140207252
0.7713764684566116
0.6126852995001442
0.8254692890855477
0.3843312753218613
0.635680983613453
0.2277589558831169
0.6653546144330643
0.12661702663315544
0.03384958380765846
0.8117618201373058
0.04962819787719086
0.13832439315975265
0.716908843222811
0.7362164250443506
0.4260175315680196
0.4355451551357098
0.744589350131893
0.17618976945687848
0.9677882469825725
0.9194655630544977
0.20154617610992265
0.7755003243697007
0.7874186492043489
0.7569266964948789
0.8280815683353945
0.4601380933716984
0.13894970704885312
0.5801728789074959
0.7872020906622598
0.582912162172032
0.34109596589337854
0.5154623050257167
0.3494126695859351
0.837222303146393
0.4158995801732571
0.13322172411746325
0.4924705972126866
0.5389839397890895
0.856653815175477
0.9016849216551279
0.2853926853078431
0.9431193610033802
0.5140182196273152
0.6214624071134391
0.45432898888644535
0.23465970489735766
0.32069300136938417
0.6202478766671597
0.7124871673468458
0.714386272216045
0.46271538025294745
0.19487418643568444
0.27711124002544785
0.4850715017676095
0.6493856664965673
0.9021901734991983
0.4935896650596454
0.6367635271108647
0.3340269197862724
0.8207369116739518
0.6400871516387621
0.5281905806245031
0.09422648298816516
0.831959898639134
0.7956655353432461
0.2662445103232244
0.8929034197938017
0.30270170401299634
0.12067888602430532
0.8966354472536074
0.6104914874253081
0.2899772875441382
0.020298789216333102
0.13619250501643487
0.06372181981703551
0.5345417611337772
0.44034574667050264
0.7009180397013067
0.7079355464633456
0.06151872690724047
0.9791728776275906
0.4137861784406943
0.35755157927927705
0.16436456865918758
0.5901688828358239
0.312408801097682
0.5532598819494776
0.9127024259802259
0.3965169040364236
0.9190749008700232
0.6547064682012617
0.09506674445379304
0.5431667972667024
0.6843025985494912
0.34388092205580567
0.6843578493923274
0.07054833780432468
0.36992523877933237
0.9871132256079393
0.4968130140332543
0.51037313528607
0.7988662049792831
0.22253159996349348
0.704559308897105
0.27594367868944625
0.9661398476397826
0.21502834313519525
0.25732005910517586
0.9477078646810116
0.979248705261899
0.25222641907411725
0.07060567982711707
0.2393680198227497
0.6760298742265958
0.7426342201694295
0.04572701316853778
0.77067327246771
0.054136355647681045
0.22112165215305735
0.6012268259532892
0.770095130821646
0.8387222502796711
0.6670460895898133
0.4158335920626116
0.4839057762034721
0.6135326990300987
0.29680162830255874
0.5097987059791694
