1347089
0.7761856449448252
0.12462448693540595
0.26148426146420245
0.6942198452686806
0.6040099865380794
0.7307543037701568
0.718099764398186
0.7489646002782927
0.8674442133083339
0.9386926260489343
0.628958250242857
0.5185396049515959
0.4418385866979131
0.3313950807851529
0.2216313755699708
0.9110709004826526
0.4377011906999865
0.23207737367753978
0.23357223200167954
0.9324178825911054
0.11027482053619642
0.664531820190939
0.5932707927973182
0.9026909796161882
0.31706960930887473
0.6148861201054019
0.4447289669239547
0.6202841579343814
0.10162868274308912
0.7045759300705835
0.056912451752143545
0.9879786506497696
0.6976247802736794
0.045435818215177504
0.07878039291089511
0.6049328232647287
0.6194561685677148
0.6151960770037507
0.6756906132228652
0.22388082222655203
0.5338301818941145
0.9653054464919593
0.3144224678018217
0.7746198968862378
0.2913935446524393
0.45288273045798555
0.3517551979396041
0.862875143562628
0.838288119084857
0.47473309574597244
0.1254849061764841
0.2678869134683902
0.7245821241721573
0.3737477391625105
0.9469583314660952
0.9825753057175868
0.579846226247558
0.7866382883966249
0.25064730107895217
0.7668928915971991
0.2357145458110217
0.20683998230346945
0.16898274863367635
0.017985184566265966
0.1410913513978178
0.4475511859670992
0.9696126627918035
3.6131970941877256E-5
0.3377337833517595
0.5072583060176187
0.11744343423543502
0.1221833572549832
0.5422617223593688
0.06372967361171256
0.2052698426482984
0.004646545421391313
0.8152163995000701
0.45234307859604006
0.6344935227960125
0.5312188123950865
0.8886089105106053
0.5207457612583952
0.7213758814618467
0.9505302716491842
0.4704710844547346
0.1942277462382319
0.8544659309926884
0.3589994975358203
0.748240738764865
0.9348224466507071
0.4352896089994258
0.5751473698106196
0.8723837320756114
0.5320313576897027
0.5970818125984743
0.49795475513734355
0.41747634379579524
0.8242022936072269
0.11528797366251131
0.531204215184655
0.6900403251281454
0.01697349175748708
0.49875736167690177
0.5512528361004793
0.28074488936649866
0.23882899744260466
0.9819957209970214
0.19744170343235934
0.44315902401759644
0.8536928168070316
0.026539599413818005
0.9723550710652571
0.7220586266837297
0.8366232728244987
0.9834606378033163
0.7534003825875295
0.7513624846224557
0.2110505150691916
0.7692033334175473
0.8376874489505707
0.29509231272589576
0.14463414974617128
0.7634046004881427
0.5689439793691781
0.4143217474861908
0.8056998083113683
0.6500395299919589
0.9282112649033984
0.10889954090510667
0.4933469756360632
0.5921823240546001
0.209322521910986
0.9048030592529156
0.871702810250947
0.955867191356254
0.04567393730719893
0.6362976746370572
0.3624295147579243
0.7799790114969152
0.606556085914173
0.10664872273696602
0.8794760987272578
0.3267993433944586
0.7393212909394784
0.40195246717021094
0.12619722685598433
0.3417777494642352
0.19792076119964996
0.3797231949509453
0.6173460169433829
0.1012949055334722
0.868852294169434
0.2571935590591693
0.4370789448353861
0.9336283640502925
0.08231788801764905
0.2838558945606702
0.4989951936515775
0.6610273240041399
0.6793980762768913
0.19859231661330456
0.7353645028189437
0.3297487539364995
0.4953077652099239
0.5438118114317119
0.21008135864885746
0.6701013154011028
0.31430586260615323
0.9373329866387035
0.6235151692919985
0.959990034765719
0.15358927446348636
0.08732108916331871
0.057309831697808566
0.3531491754906029
0.9415093183598516
0.6764086829585646
0.0933183398188866
0.27719653432601077
0.269706376881814
0.23819918736447643
0.633240828294397
0.20683750099309384
0.9192667657608632
0.8026732917888043
0.8441678581328551
0.9739923076977239
0.2877631868828141
0.39658826557667015
0.6601128337379668
0.7893160251589969
0.6770482065938391
0.450780446375566
0.18075086128939188
0.31852493627175715
0.6409282592745141
0.7883517606765531
