695474
0.12596352420132828
0.48213946701851684
0.23735248819453703
0.14604123166609384
0.2284228082574511
0.12869825744061192
0.08151002548576203
0.11565283691599038
0.07632907647419329
0.3691937896500488
0.5542358801746342
0.9832313447365699
0.4545516844960886
0.15442504964038262
0.3843839626488419
0.19074815144145885
0.6748034419354069
0.6271581473277077
0.09433357131356257
0.048379304693152436
0.734112542702088
0.8874309991703438
0.47455331975258086
0.8850283818600734
0.39573882130800353
0.07203368592450798
0.3361546610010486
0.040566981662196744
0.44781403537776343
0.06814115973279244
0.2796242006296886
0.9753363849995146
0.4623682824531875
0.7562704987834686
0.1134328028624132
0.3007733456819006
0.3510378088318785
0.40918022366922346
0.8579765821277455
0.7195945302866779
0.8936322420450029
0.761024043994203
0.9783128737846353
0.7047931148932899
0.20187206408557967
0.30501777858259715
0.6034123130967424
0.24377244197076453
0.772989641623085
0.5780720198134623
0.010155550303753591
0.12726130070033326
0.38652075779330897
0.5472898757723547
0.5770614266734261
0.07222610501977023
0.6024952631937769
0.7259233841468054
0.7457407392663173
0.4338149940209731
0.03036944317679391
0.3153280618201978
0.2673280275621922
0.38344006810499176
0.8554244693624168
0.4946503136641849
0.15665120083307493
0.20842344245292954
0.33298908252104453
0.9614272370061946
0.32865697503407054
0.8232035122379902
0.09072652259444103
0.9639746767079148
0.8496175864090945
0.6729181424556714
0.11535925591355134
0.36038345464032195
0.09990254138715615
0.9572517769136024
0.2425877015328789
0.6891401210396138
0.915606147612118
0.5057535865904802
0.8175915538832311
0.8428331069453948
0.9530805124591943
0.695404417797243
0.9483856893448508
0.6991010004073014
0.10343034631392511
0.5170303675682594
0.43543509271037284
0.9819244998177831
0.773284693868833
0.26923111213860496
0.028316176353166078
0.7015594868484014
0.24366774852637618
0.38681173363242904
0.13384466439265164
0.7528533142559304
0.12054934173031429
0.5952766275110334
0.47997308487040413
0.6393822044685364
0.09866315649543012
0.923764842541145
0.5258933929832361
0.8347929791348184
0.8744385336721852
0.10587617750926381
0.6011637831746698
0.9929271877194878
0.06439966724861146
0.5511579353360505
0.8553106849575391
0.07475143076464719
0.41214390204725027
0.3795922533449242
0.10424031656479671
0.4728130736109084
0.4000183660900606
0.9772446995135421
0.5709270249496721
0.38288530626361894
0.6208720059346667
0.15330442633584918
0.335227955378964
0.9976613085274206
0.9107684848496751
0.2570672737537556
0.03130682919824568
0.5788028450174187
0.2953022497313442
0.5479830835687366
0.9610324678941105
0.10134264578633823
0.2601687408310549
0.7027086646343553
0.3278502300397451
0.9583870891476632
0.7208970794189659
0.5901786587864162
0.7380072466267575
0.16425940751163803
0.3371615000002459
0.34902637766161926
0.46464580100124475
0.6006699345555928
0.49384552076598554
0.361257283526361
0.22516133087417678
0.11319464539838964
0.3540408752407649
0.9318980702988053
0.3833545817406291
0.6842890928498557
0.8784209337341492
0.356414353506485
0.5552902512286354
0.48425942807410916
0.6009358295221954
0.5860108132574573
0.5714074645401503
0.33305855297756404
0.25253497867147023
0.8854972258575005
0.6273099118892114
0.9934694417853093
0.03262990889789863
0.7192249837984701
0.24179647296484197
0.7601842526901796
0.4422683928897235
0.5976681175147844
0.33307586118700505
0.009482348182549227
0.11349862302506408
0.7705440569336081
0.322741852830588
0.7306558392360546
0.9961601038218116
0.4619387258428326
0.6819682779069461
0.5730269741735484
0.5963455244279388
0.8087217876608735
0.7455156476543984
0.6113461325536373
0.7000358808540966
0.7856075449477022
0.936524599138931
0.857555710562441
0.16091878650842206
0.17853756583668123
0.7687034030602082
