695622
0.5283491778077475
0.8831578955668558
0.10263137639878128
0.12240055682574402
0.2156511571918317
0.0878889962487378
0.6517718167978457
0.32718508209468466
0.4010884930923513
0.31647622111460405
0.013962149376315014
0.5259412879701755
0.20571863717489258
0.3940697008400511
0.7899120579729824
0.6441164261444249
0.8727264214939828
0.7537636330288602
0.3118802285910621
0.042643293119372205
0.2434954167684813
0.1046618190625116
0.4756213281341397
0.5941920743770278
0.4064061560863389
0.4164150625500629
0.9703556900709633
0.48978901984754264
0.7729080523088474
0.5883033299907211
0.8200000987171604
0.5564717732549737
0.06685738430309662
0.972692684791606
0.8334686463036433
0.24653488310795213
0.10080940856606246
0.13070526789372094
0.9026727505622395
0.7450506239663404
0.7568971426112221
0.8121982685141806
0.083919765553503
0.8347342533061748
0.29012594292429394
0.17265554766220614
0.051730075680465615
0.25585494519045227
0.9283566714696286
0.6663536431535221
0.8236625511299637
0.30377646983469553
0.7559471946248322
0.8881714633675456
0.6205590736623275
0.3178449300104912
0.036966077562288535
0.87567078321988
0.3486884285680705
0.5327232842609572
0.4590882299411806
0.028582689759121704
0.4685910925520398
0.4869051901034229
0.26072754113659347
0.8545927307907594
0.9499957520126003
0.8130239175688184
0.8416565280377033
0.20832542813889066
0.6029996508588948
0.7707044777779791
0.25130871897387475
0.5546865209391227
0.322774336560427
0.32508990467751864
0.8991546022735241
0.05822938485864659
0.6883794152125896
0.9228060738718203
0.9379872521862324
0.9769694276761501
0.9158365458959021
0.3720111565072738
0.03364932761310924
0.9220786485619854
0.38143709663902736
0.39430984150597714
0.6536779176078751
0.034149747404810915
0.8033260278839442
0.4836942861557305
0.5825396637859993
0.022227655227549326
0.6977260752396711
0.681307158036211
0.10257348843731251
0.31356338530927863
0.910735775656104
0.7547046518061445
0.1674535436914475
0.2700537169174826
0.8674555386026894
0.05643028399293759
0.9389306715352493
0.5415874989293488
0.6772663460839786
0.029093170382089695
0.2578055198328807
0.1470271766278095
0.38740566805748955
0.9227770162709064
0.9765321795839392
0.8003124717954686
0.4865558014165371
0.7954892726131789
0.5935462586529076
0.33218034476969815
0.22598005298165103
0.2784922514155025
0.2983565364808505
0.797253374515992
0.44781234753675536
0.9057412695934391
0.3616352594869514
0.0017568980765109155
0.38842644258876013
0.030287403124412804
0.7859864432043995
0.7388822830498171
0.3593810632507721
0.4803852705288246
0.2707678954568141
0.9768224270790291
0.2992573804846065
0.14417920295397657
0.8382872503705413
0.6087625892042758
0.9367761634515444
0.6142239590084119
0.9188880412635381
0.14461786509781405
0.7089016153534069
0.8717288059972172
0.29888678940106783
0.9010666805420168
0.6372095721720188
0.7452965835625992
0.09801782478512922
0.8294366711596093
0.0816179150179035
0.5400627826769431
0.8619875348276956
0.11025813218732838
0.662647494238961
0.8005211941713725
0.9309351937438018
0.03880729862107024
0.6717020654762905
0.6439570897842656
0.4760427147312446
0.5277197057592575
0.9734259776092964
0.4812904730353773
0.9842311994267573
0.7607620826770448
0.7450188833254966
0.22826516232166771
0.5148272896859235
0.14610837987835934
0.39445690923094345
0.302302601054794
0.7522776663734148
0.7379738326675329
0.6528899859208708
0.7989715992605829
0.7354353650539616
0.7222187298261729
0.1460555482687016
0.24690811344798402
0.1566369637485927
0.39454115060184014
0.7153688422079953
0.2511525773220338
0.2927349495500199
0.2991357988478722
0.3814207936680175
0.15225404439387147
0.9554447484802341
0.8412042162994678
0.12093419875396261
0.5521242349222965
0.32981158766771956
0.738458815930092
0.562799714580284
0.18750682822009035
0.20729719471549868
0.13477179979593668
0.29963335175977446
0.16806027215084474
0.9139320396580412
0.0633769695996006
0.7583672649510123
0.038435100558669166
0.1841739000487811
0.2175410402474076
0.476706277624814
0.4723600461754456
0.33755911196883814
0.6633783914091446
0.19185264373930933
0.6616333081977375
0.37792761799702734
0.21249105745610197
0.36372196618517927
0.6240485197003682
0.05394914711134624
0.6613738492287813
0.6269434977414814
0.7216681278677957
0.49487210403345894
