435381
3.1868195161655066E-5
0.1942582746706325
0.6544889469918063
0.7668631194007378
0.9940160581398633
0.4184991528157127
0.07442810350213269
0.5829994556230726
0.2520895914985608
0.5611564453362775
0.7506900648784091
0.44392292749299156
0.005996250611022047
0.3126042418439956
0.9099583904512228
0.6863580920099964
0.3493094821499382
0.7623815526596578
0.973488606185795
0.27314388231918885
0.6090988168957678
0.32749384817303484
0.4180614855772654
0.6711224636274246
0.8571577392830584
0.6125202093238987
0.8988886273414621
0.8321746013598973
0.30679567968279553
0.29738159992552826
0.0899454070256035
0.11788619567375802
0.4867035622725434
0.9269467447235247
0.9208387879839336
0.9897758964566213
0.635161370400803
0.911221602955548
0.019200463369505982
0.42470925653677305
0.7158626914002291
0.13568904365254364
0.20372884334455532
0.30906947122220607
0.820890240240917
0.32843605762135597
0.8153857555500854
0.5154511759844089
0.4968834360892085
0.734025311065492
0.5228867629072651
0.9720880226977573
0.7071968403537564
0.7036390820709308
0.9935070653978949
0.7979208069464518
0.7258568826763332
0.5268430921320651
0.4813573263328178
0.4951577942859615
0.24838100114177564
0.2023887138734085
0.952666819672561
0.2663744546400282
0.40003211315188236
0.8737918656300914
0.8412440497370413
0.7546449734426918
0.12383857804869303
0.3399977095492618
0.9071678951657053
0.8928933213486
0.6387178064622017
0.3922600407085727
0.9578950176381256
0.09259697370620434
0.27229940121722773
0.725434897765584
0.38335209536454184
0.7021715616161561
0.9935517169056993
0.8252082338590953
0.5552144066072945
0.5218101361068421
0.39707334426288576
0.5423478771126558
0.1454549077592121
0.1742462761459007
0.7239188573256147
0.03088957417094873
0.3303807751267622
0.29985486718480836
0.7430861016890823
0.34923882167874076
0.6637575287534359
0.8697007019122276
0.9632999933886551
0.30148845922283785
0.1262530935760382
0.39158953259208973
0.6964856721477285
0.030824177888707505
0.48831748959005694
0.4218716958072879
0.9523315672255644
0.4677091280847169
0.6597462966556413
0.5896944140787344
0.007600935904892525
0.9826097401519435
0.1415592055271927
0.29059288108964554
0.7643581426326511
0.49634507890185764
0.04445722041057698
0.31275699668550105
0.6880335248813405
0.8607122836659287
0.39300565501669105
0.922004770023165
0.19925903400272715
0.5378608092933922
0.5958221622702531
0.350439558666958
0.8826642022642125
0.47895910035990275
0.029432295053769986
0.20896291159866265
0.7713298610071982
0.6310168399822135
0.6570876340723472
0.0752607854524634
0.26735513632415364
0.6852966386767364
0.48372472492334784
0.39657556399097826
0.9670006688460114
0.5215696265483462
0.4343751963100122
0.8905222535092361
0.7731291289719651
0.29953919829666886
0.9357211523578722
0.8274019033910971
0.19817170626449043
0.3020773867778975
0.07912181691006215
0.9339112297434669
0.6876072060408344
0.4444896926143067
0.7483209731664832
0.1708421720084311
0.12694807647067163
0.8298430089154427
0.5061770674646199
0.30631095267864394
0.4344856968834363
0.8524628116743572
0.3521407791206379
0.031250992949724776
0.2875546586259744
0.13002552277737311
0.6858381010349685
0.3453497739918181
0.5818342326217057
0.9792423972118144
0.9419988145833885
0.0793049790982151
