660032
0.18121232877830384
0.2409513660892867
0.3981041342320203
0.7132201850859496
0.8799956043740584
0.007504293824645791
0.5985095021412455
0.10115621387679807
0.26975694496564495
0.20865638411256437
0.6874311914276316
0.31829923393893245
0.37986917156818223
0.07173563110793058
0.6980689608682719
0.6099022467310914
0.5437822818214392
0.18769021960630738
0.5062686624378223
0.34010137925918005
0.9323585604984976
0.28668191253620456
0.724512846908694
0.9139046804050471
0.5910880739359986
0.8552141131461646
0.28565888601754374
0.8770952201331417
0.6197653357858318
0.4113533204083797
0.845728013702384
0.7864868214816498
0.3412144799651162
0.59542333126197
0.4211809603307697
0.9869150662382491
0.9199097201745295
0.2306212773658669
0.86849873294363
0.13154209128174277
0.9118442534000013
0.16132569690113685
0.9125200150872921
0.13849895817001412
0.6537594865310011
0.986436502434916
0.43486932377483656
0.2895843316951926
0.23285386493447036
0.7709071789094047
0.6449431837628999
0.34568412530852
0.017348551964348258
0.4407001310950237
0.5733038791515113
0.8787712932555003
0.3737948101894587
0.8447160522887934
0.05096371176000114
0.5017912300027062
0.24876625637203476
0.40181868283900746
0.9679249145284339
0.3154324176803278
0.7505861912685926
0.8418966827819038
0.14047407384691335
0.6847285717622033
0.7309987733748579
0.7969744531771765
0.5591115011434947
0.4086323437500802
0.6372001709833335
0.9017043208825506
0.13762985710785247
0.45214765238918286
0.5814037626040571
0.6221425382342913
0.33873885061013254
0.6733013009010755
0.6581212764627273
0.2475321003829012
0.2127651262796506
0.3961812682893988
0.028599629348428968
0.35188561440632826
0.4533401142605318
0.25646358843744566
0.187360845512466
0.5604814998972296
0.04762088614619964
0.477295195618757
0.12755052287602664
0.6409578078856083
0.9784717604534823
0.6210955655086183
0.8298078979120956
0.7795073954172401
0.22216787195671617
0.9067851485946513
0.6136284319877336
0.39974899258814545
0.9775638818849286
0.38214411878852805
0.41069774736682485
0.03516926781287133
0.6613046492394715
0.5974498158580818
0.9464335314690302
0.5756004713121639
0.7085366247517584
0.9392372341690809
0.14897953944521747
0.6740194772666976
0.6297125594508872
0.4519715434570851
0.8441542348547899
0.22202371393776377
0.09146389064117999
0.8006174978429891
0.940363830053545
0.580660071698292
0.013148708898476857
0.008535595997362644
0.8592477271938164
0.6878530553426238
0.8005657935688828
0.7428301307367595
0.9258317548565373
0.25449915292537606
0.8744579785839904
0.21321976569631085
0.7962229324168559
0.008363721369913701
0.5938108367738162
0.20069664243927254
0.7713868073377548
0.34823845388263597
0.5225858111987869
0.338684880906732
0.022306517631441536
0.8303864357005932
0.7434093289456815
0.5321053286071248
0.33483051513900075
0.6251229047758693
0.582872521949792
0.31869808070397465
0.9717735089676959
0.45344995361452956
0.680479011943555
0.05215001836713751
0.6453433229446425
0.5419836999313131
0.8069106584800683
0.018019801983555572
0.3947237844001209
0.8189825594257727
0.21716448673696243
0.9811480498280463
0.37165193429735366
0.9151061871101988
0.6102466259489336
0.20718572726482254
0.15108550407943933
0.5296039853351285
0.9594913872760799
0.7010690962886083
0.20456424924779526
0.37595356205716224
0.5762077672595268
0.2617150643308018
0.6006269447651933
0.23053876613362745
0.7742366133508982
0.9649056796931137
0.8296532619834558
0.573777876317072
0.4141362560597873
0.8552763239434071
0.8897577914425842
0.9351826886657059
0.4230960862360914
0.953517001372117
0.41587119690019814
0.33214945284760977
0.11031083604255787
0.1663418699066026
0.6859013303625174
0.1268530450118932
