934554
0.7274310029052944
0.3244770532792455
0.7958749715902546
0.21643600139533103
0.25983789083064457
0.36786248967308344
0.1602186040389163
0.7187543706515619
0.8768739855563078
0.6474584534973853
0.7638444216724065
0.219262729328215
0.8177930940393808
0.4194932225141669
0.26946587558472146
0.204190786347468
0.7450763779024182
0.8706830809838113
0.16657433868519023
0.5209846579360454
0.7578945352066642
0.431901715800195
0.637766753493283
0.5790559917132893
0.32587776459638196
0.7129709458769814
0.7136218379252506
0.5322023132317617
0.37698914487771695
0.12269036876288619
0.5890799591681126
0.8686326178017527
0.6531793154195538
0.1259184522909469
0.6822900105941344
0.6753522620354412
0.23363311336886416
0.13346346723171099
0.13114421496757311
0.34073165139843553
0.817801874140512
0.2207372142486178
0.9432293696850695
0.6124034910107018
0.9590478955295806
0.2275706059686312
0.941681525640116
0.7372036160070864
0.9446100882018595
0.3042848275489949
0.9824380812259197
0.875691017478795
0.42873301011716203
0.6380575797415377
0.6576398019254217
0.1058524680807118
0.24318410263657986
0.9188188401759945
0.8454425275627659
0.10891802025282393
0.03301672691437385
0.08535619622291724
0.018256538781308507
0.0647836476151159
0.4953196747883707
0.030005018570170683
0.17943918684972515
0.3753575738435534
0.03482606627126594
0.23424385657795743
0.6627242511426056
0.5812174577259739
0.5926382257867571
0.7577112641296729
0.7991792040661005
0.24028547544491918
0.252957122245124
0.6096046921047457
0.633239536134048
0.5967990409627754
0.987588065331014
0.2941185976367088
0.4523769879037648
0.5846750766873523
0.5591274841970333
0.2405229612297427
0.884216412489325
0.08143601522200694
0.17111788105060777
0.9036799326764966
0.7104237543604527
0.3571858405350249
0.9270912241266395
0.5522403983636361
0.3484455751303417
0.347695491498329
0.5403038556560565
0.14945871884665374
0.16018786547192598
0.7214763043471315
0.02209838106577755
0.2755084796910757
0.3609807744523692
0.7077912010599876
0.2692117192147552
0.740377721338589
0.3226823699286264
0.3058733110403461
0.5689799090014528
0.3928670515302384
0.4915333249697934
0.8051922382203789
0.046274883698828706
0.643910144348712
0.974381914384744
0.5124281670208278
0.9871392671402033
0.39138036829210887
0.0861563179465864
0.20288470508555412
0.7914698702820124
0.35874359586902915
0.796969543964027
0.09239143236072056
0.030732028766262243
0.34136194842252154
0.06899949051214593
0.060317399371129676
0.7165704373029416
0.4919486021260385
0.5312950466801983
0.44513739676829234
0.4223148737700644
0.570619496522526
0.8049163780406924
0.9810628093166514
0.3417615970201091
0.035182653505231976
0.061325978674495074
0.34756941783543827
0.718244812108291
0.9537510690621236
0.07370441172222408
0.3632246983519082
0.3318945192939402
0.9844612592621178
0.10387252579929585
0.07103754019014019
0.89411038325161
0.0860236201242277
0.45675999788515487
0.8346235807961466
0.265664188324077
0.19802710461578166
0.4298676439241562
0.09279965399399492
0.38847568633188523
0.8613656037827954
0.6869289653271503
0.604791259485973
0.7009902666849388
0.6368485863602232
0.7929836111414762
0.8590571718281479
0.5932187252746906
0.22400434486888898
0.7623344097637075
0.8158055701507013
0.1498831445463591
0.38227896215051704
0.9913661138731544
0.30659672827690543
0.028745184399224355
0.11327978767339042
0.8749626867294449
0.2239968983117071
0.8260758741915265
0.07540745665426118
0.7382675141455134
0.10006927613313221
0.6923590815185562
0.8711656696162532
0.4547888444341659
0.7945574123588672
0.2787035877394174
0.6726334777689742
0.26736005495540116
0.791937316124906
0.31807119795546435
0.6320297070792732
0.8802231494289157
0.041084422118454866
0.2753115526693667
0.6619952786453249
0.8485106286430133
0.3621221183752772
0.5361269187713117
