1269199
0.46416347535381397
0.6556594079882284
0.1920889630277609
0.5474729489649021
0.13478421126627482
0.6397981557669821
0.8443816501428603
0.17053444967844256
0.282613741263821
0.10690668390972069
0.5165012610999709
0.26229788755293726
0.35697581046446836
0.5515549386269574
0.9964510308022039
0.16287493217484006
0.8028464147033004
0.8952855403203198
0.39020356039638093
0.3331148060095138
0.7350092192064018
0.04821313378677272
0.2209760572483116
0.8606752669093335
0.05477394632602106
0.9011701454199643
0.9356224971807022
0.9326053365250935
0.32044575444144974
0.0637377151940024
0.1942717622452932
0.6586255020922226
0.2266781199375788
0.277757332499162
0.31641148012079545
0.8216741769813621
0.24803837021344044
0.4564270796995836
0.9099367947726765
0.23092147029973775
0.8585588060572599
0.7258440808211117
0.01925485093065371
0.3573350079784825
0.7517428843880836
0.6788625250122775
0.09435489198536384
0.8430142697168825
0.6544404687376509
0.29039439594606653
0.7048247840068744
0.29289380040024293
0.6532022116038807
0.5887880275631263
0.20111511845985675
0.48104768294901
0.4331672677809152
0.22967716784735315
0.4599222300658602
0.7337107426205528
0.4672353703200751
0.5767013342478419
0.44138150904337914
0.7872649282810024
0.9872182727681973
0.7577558587368545
0.5328333317225689
0.8618219456742188
0.5188617093571456
0.43593777317054194
0.5572437388244607
0.03966578436034385
0.8690739216137227
0.7111117554115639
0.8839322658397624
0.2927023864634489
0.716392322969079
0.6510280134236066
0.29508019414908815
0.6641954757323723
0.3746650388943772
0.4401815858849524
0.13356203744612405
0.17745116536663452
0.8751195096248573
0.03011094805907255
0.7859642113842188
0.017746606073161475
0.24343556901807328
0.476590914739793
0.7392242769097412
0.4136803222540173
0.7361356102390452
0.857183042045046
0.2901452671346961
0.4302553402838041
0.8445502724264645
0.7768647502655337
0.48410940870312913
0.5783886076517583
0.07481247590968254
0.9899653566154567
0.012635953670587452
0.7441729658293545
0.8687789198749241
0.5933963233314463
0.6089983999084886
0.44610126679450257
0.5434728934527904
0.579169435344439
0.9469362625006625
0.8395942505530396
0.7955876741918055
0.2734555083115464
0.16956731523833823
0.20555734506666268
0.14278515173646766
0.33494349432166204
0.953926240817031
0.8833238689100252
0.6549696043418337
0.5370178981665762
0.451125983577764
0.7382253267033563
0.4664119355428561
0.5162799303965431
0.5329585213949173
0.29016188916825725
0.8535448647334507
0.034196115757753165
0.5228219953728457
0.5719290548354764
0.11344490132430485
0.0691654781089529
0.9921815597045903
0.6346899436979492
0.08446241753974015
0.23305427664002842
0.2633412688162772
0.37286429026441337
0.9131561588349141
0.5892554390562837
0.9751253097874275
0.001839037644332464
0.5906341513477212
0.9385871034531741
0.440136411605322
0.08928798371077662
0.8565979310474047
0.034852979038361376
0.5505801950048697
0.5145202828291175
0.3008327896178957
0.993644748719471
0.6742142428829893
0.11016108830921267
0.8795814896766204
0.36597479007019884
0.32280093384889386
0.026600011364177556
0.6081847775449659
0.9625848038145758
0.37251363508234725
0.05202605577109409
0.8915668547864493
0.5352846415953001
0.2690660992745043
0.21950029505258495
0.8105895482521885
0.8484324093593094
0.9599048391191846
0.03740071470510453
0.6949943185485661
0.5066756038994462
0.26162520271086276
0.590706183499482
0.4825961855469294
0.14433014596461846
0.9928417730279001
0.577969309439045
0.6895892443768804
0.2272826543221892
0.481063920441241
0.07246100738287764
0.2982689363239449
0.7700585237199064
0.9866982959248004
0.4258521966672124
0.5061709705380939
0.7287065610246953
0.17811923115667483
0.2689308437400172
0.07457268670150607
0.6944086375982763
0.03881986543730054
0.006235551961379149
0.9644976941453446
0.7832305239431626
0.4909754176496268
0.5501195418734817
