881911
0.054809817723988075
0.2941881126426865
0.5793218314512046
0.29464189056573076
0.9996780677777939
0.7908107582590996
0.27507230657176784
0.4908153694797587
0.7016393535503619
0.750641585731595
0.831665294927985
0.25212329840617276
0.45168090034539665
0.8226221796407235
0.15245697489366594
0.39285078936315154
0.5192101681395024
0.03406695954680283
0.8150425222517141
0.18165800637101137
0.8624744618515101
0.9969405330489576
0.237710125627138
0.8789564486895101
0.6739390068895554
0.27740871279497725
0.9706021658547352
0.619031943023098
0.6753261652743929
0.6131422659233169
0.24747845830560222
0.7964904813607167
0.4334648582742803
0.5896096140642703
0.7435464976485628
0.6214864128905021
0.4807942965836046
0.7196032565731646
0.9506442591349277
0.919324838763763
0.6933108119132194
0.6095018178937114
0.7031311816805799
0.5674131257138705
0.20394297589428767
0.041277780546013276
0.166163350045603
0.1861693396934173
0.1107846624471307
0.35101887670130527
0.03259929335412526
0.8303777461492803
0.37731123846438164
0.44273871403964504
0.7656028972302055
0.4636151323505745
0.6156496415246947
0.14050981851186595
0.47108062572259735
0.9407534649762243
0.8941680518371021
0.3524607967139811
0.38741003213247394
0.07217854978793437
0.3170963808097368
0.6969363845462619
0.039487520808590304
0.09824557504502085
0.8865840609761854
0.8241273643736061
0.8199427780213895
0.5636268207371018
0.07654718284117534
0.6557350161973619
0.1324386464382994
0.14858842635341896
0.6228514977166202
0.16074264954835948
0.2602944064799192
0.48786657993584914
0.26582447006473575
0.08712448428867736
0.8082417553765362
0.3876960191581704
0.5687835306661094
0.27733018710277213
0.9059424114680228
0.13767676654950622
0.48021387047045117
0.8096406234811218
0.3589668249008484
0.8065474679503092
0.007424186406176703
0.22799916213143612
0.5862536946761554
0.5095670261685723
0.22595375800092754
0.5496794000000099
0.49264072535879255
0.6400885430458465
0.8617002894915121
0.5731594980414091
0.39087656123299885
0.9690427057876141
0.851682339463743
0.2478294849750733
0.7095948530997593
0.33343054497236235
0.6145464403377682
0.5126672464072585
0.5020515739690713
0.35855799683180045
0.24337338340664216
0.06277561371968077
0.7049966602585607
0.2886279493712014
0.47103435183652653
0.9606812776655224
0.6878718727505274
0.5364381591739453
0.05229207756966603
0.8735540895065528
0.879596658343211
0.005315697616143256
0.15703803317422416
0.9880127820801297
0.16352449299474014
0.5850524184613114
0.47550208802113714
0.3309414662970013
0.29072195476398144
0.4784877571327688
0.9989655829002166
0.30774854279265096
0.7775439529836456
0.1765184771456283
0.8584552097340936
0.7587578658385297
0.6255476384858388
0.9666979830815874
0.17908934049108716
0.7299295872464739
0.7301092343045121
0.834219955864094
0.639194674259509
0.4558660902476951
0.028677140996572703
0.4939646148165018
0.31100541922669867
0.7610660521389008
0.2804155218916631
0.07841826435835986
0.40370364581392404
0.19964769492042578
0.8660631495430436
0.6986596548485128
0.7297537363257491
0.7742698607396834
0.15015182054823129
0.6942398087973335
0.07192980007447425
0.0017375181628207503
0.7572998933540528
0.8926642476594044
0.1411300772463877
0.42578624889566974
0.5801158963778634
0.610319937833252
0.4840175393506808
0.4167976014166267
0.45831835745052196
0.4440715817667922
0.5247213026490692
0.24370559699904426
0.24699754824674303
0.12638501854460182
0.9062789395916635
0.9551120486264838
0.42651556513645106
0.8467183206265669
0.4351947804417926
0.5646364775789675
0.49736165025526835
0.47805359010991644
0.2264347668313078
0.3997838256783609
0.15034920809986052
0.08982588460844199
0.09637375490192457
0.24412157695977243
0.6058622609123993
0.9771380236189345
0.8576566212771407
0.07931493669756162
0.5754287875689263
0.1910328951044381
0.9326292957105018
0.8165774080961044
0.014718681198462868
0.2157280754494042
