1124949
0.6209418521192513
0.39635108989443235
0.2091347168158697
0.006099901840338928
0.43212065065192107
0.030539331467129505
0.7614851371890432
0.07233723362479294
0.12535193618656415
0.16337222269092744
0.7357963472881324
0.6785678609121459
0.48641478637594104
0.9349927936896195
0.5521452599983884
0.5083934308457053
0.415646149791313
0.546110050970226
0.22446049531927015
0.34265131325420806
0.6010167696115537
0.942572516798874
0.18656230110747984
0.3933551353689748
0.9068412790430885
0.6654739004238491
0.26128137954503206
0.9426477981162833
0.6213418253837101
0.5454103317904503
0.29331671032061546
0.8467343710754913
0.8752291160169225
0.15876611149833886
0.5885635385264745
0.28214454811375456
0.8686608363811708
0.6094134266245665
0.5809620963720371
0.8353074469327335
0.02538235939690925
0.2509682833665311
0.08248873556312974
0.6663039184718694
0.8305497996514972
0.42275387364950134
0.06273093665613239
0.013795222864546486
0.9026809724536328
0.1368794174574839
0.15155823393355972
0.7505085150718412
0.8003754294545499
0.9243509011720495
0.9617212572684188
0.047293625178911225
0.17088940091006366
0.7248876357520257
0.8877816358108301
0.4586475111725825
0.11034728088947776
0.7881269752970352
0.25359544866516337
0.9037360374005694
0.024316591795483622
0.0431561096948927
0.552643615936174
0.08432542288971356
0.8526682031469545
0.2888192834238127
0.053822639294521135
0.854668614935376
0.2540896554263584
0.859005105898416
0.22987961663850487
0.9382743341167176
0.23331405579519104
0.12512743965259332
0.30649563604485497
0.17261988864292432
0.7380725826224935
0.312270821741634
0.7270919768440856
0.15525105703672093
0.9529742510823191
0.6259789066309845
0.48175396562182804
0.7633457877006998
0.37396120947468237
0.6134227754787556
0.05823759891691194
0.5237004647789315
0.2596840035096126
0.01569340857899415
0.23884410765631692
0.22123148408921278
0.7250857002111489
0.10722047611491559
0.08901849931424755
0.4514661023886022
0.56767984220756
0.6638274798455978
0.2618479991693218
0.0461311518284625
0.8984518671388662
0.2526911302125694
0.17720636924961308
0.4308293797197771
0.7870094834360923
0.49548046098802534
0.7251115046929497
0.009927050745762056
0.42455239704137504
0.32020925244749543
0.8899324540947611
0.6161588323993005
0.7584273430694974
0.9878430643751247
0.09540374540913266
0.9110889459488924
0.15847948927370026
0.8564596465051123
0.12997418318674436
0.3774501956777988
0.4381069130471956
0.42877006717511557
0.22783846751509362
0.20551545904912805
0.4718697886714731
0.2180648839063989
0.253069329780388
0.9430390827899211
0.7267013934096154
0.36315800785993235
0.9625891850928316
0.2519382207470714
0.25521342398866165
0.7246586653977378
0.008289661803493886
0.4947671840029021
0.08728351332770301
0.40290937703124663
0.6794287487004174
0.16017047297990383
0.500057669902571
0.23218612543874595
0.38350443847199467
0.32888330858915593
0.3466962829225916
0.8262644245695232
0.5171250377094634
0.48048090828660295
0.48063725936734736
0.17721257618111919
0.6879659741927067
0.9459606403873801
0.3248453634148022
0.6422820515594618
0.21472377778385332
0.22237447654612053
0.80446194631104
0.39302160991152735
0.45404764716264023
0.18311114920826876
0.18646477504776282
0.04625061842053457
0.7817498462479644
0.9410610138002962
0.8513929207743574
0.24828416811029153
0.9901662239152296
0.7517788789266013
0.659886816589534
0.4418105176755803
0.45435832750978866
0.8798932370519869
0.3707392650820389
0.9090796674622359
0.6669194360159847
0.7943929278559362
0.5173478786046196
0.4555690224112018
0.6444663758133847
0.4070551162123791
0.25590570296769344
0.7750502619802243
0.2684700915620608
0.3231615367738716
0.9613609125410459
0.6199894302262807
0.8388974827621897
0.2347820702304163
0.766122807891281
0.390469815865509
0.9912081419759861
0.6542886738888087
0.8116861558682016
0.6503351552833856
0.6555690951289159
0.15939411033701734
0.7147910044264759
0.38100858430902074
0.921721740878884
0.2008940925319237
0.6374312552902284
0.49145033377397385
0.513754874919757
0.3104231762713425
0.3939695364076705
0.21697508000017451
0.07610855907123903
0.23791828811818616
0.2288120380931704
0.5601580647987402
0.625453106002173
