776163
0.14711612369791038
0.25454187727488653
0.8538159958874532
0.3326589362989236
0.5022936654362599
0.05310509600241353
0.8590576061048505
0.2648921145808846
0.6905941839987265
0.6115884210302278
0.5506558929253413
0.8399416048413144
0.7416629330291882
0.5893236178731356
0.8875018031436086
0.5232042152819271
0.7299507793323222
0.8944981304098174
0.4176576947152242
0.7323235432474744
0.5749261176820877
0.6861475685350741
0.5255357356141679
0.005299489713649463
0.9905681043619323
0.2113501520482055
0.49298501977199016
0.23495538816122286
0.27789764046184506
0.3376395085533035
0.3165783144422507
0.17597023126167477
0.5029347226231576
0.24709657605029278
0.4001480415244649
0.4902530759419791
0.35735421402569223
0.5212773086885174
0.8246276270949722
0.312257981384896
0.6602443728665047
0.7650779681459444
0.8865137950227052
0.6879075667052971
0.026755352820941436
0.9928350463679296
0.9917714885092502
0.2691136111899147
0.7030582705980529
0.2314024122580831
0.7937623149864756
0.3304536130626189
0.9469173229479803
0.182643241092741
0.6717844351191548
0.5153824555073824
0.6193111970111859
0.33171980341814733
0.2610697551359369
0.7164287332801693
0.8449220178350052
0.5877597533461884
0.7655924180939985
0.14714521401797154
0.6979434295646422
0.3999221512114439
0.2117999255929306
0.9731539695347087
0.8745420409820092
0.3045826007856721
0.6343864109207833
0.8354461274625387
0.22443918637943072
0.028301656038021594
0.4244852716340213
0.22116728551226195
0.8314629529312786
0.5964359343265895
0.7161661054864177
0.9154395085626543
0.0565531395209663
0.3786974003279846
0.7388787529354206
0.7023411467746384
0.5865843735038504
0.6406603161426633
0.5214951874647996
0.07398621764244828
0.06850618342903292
0.9641621413253872
0.19785762423921305
0.9537154138113413
0.3506806505900235
0.8497387433560687
0.43424913419618416
0.34273079749949653
0.7019317080881228
0.9206803083499517
0.17596076284552487
0.35907686023368435
0.6337029727978882
0.41098949238692195
0.9931371227214755
0.3536910139778914
0.11185343654089341
0.038468504886234434
0.7953402532874093
0.6603164087758105
0.012003555291585921
0.9393572053836919
0.5797788943013179
0.06439086696850782
0.6459765755261861
0.07238989408096452
0.17990898635180075
0.2605955838239459
0.06676364946338897
0.38783322664887343
0.6891181556320416
0.40956805087980663
0.6455728694577725
0.10101353703018334
0.3484652435736313
0.401353161379873
0.10690628144279524
0.6100367669436766
0.20795374306795045
0.5864877712197961
0.8062412990746923
0.953849920875875
0.7975755400787234
0.5451835524328627
0.5397752093164083
0.21948773222271445
0.37736954146614
0.9308934716493962
0.5868256333775383
0.9762941409744887
0.07499712158564698
0.5466179080966271
0.0028610860181835784
0.6401029362434781
0.36484470433829774
0.5906260577728637
0.4047697193647821
0.6518077729913698
0.8944211127706707
0.44283929622101836
0.6198564742260022
0.492446555953321
0.6218252339809006
0.45394292453416196
0.6061921577677521
0.8508708321282697
0.5923178394658679
0.9463633178146452
0.9943204394538345
0.7102662287237764
0.45253825220142285
0.039567889197193895
0.44896152496984154
0.7262348329862143
0.977665463455537
0.9717152075143306
0.8042345539399686
0.03184617932615319
0.46983023637880816
0.3055033591305243
0.5870530964045587
0.524008637843543
0.8753430425590648
0.7781347491846768
0.1107310002676627
0.7607083063316544
0.8638103652113029
0.5836358438250913
0.7944688947196739
0.8301078311799144
0.9139695049426805
0.5603404606655936
0.7442744508565055
0.9401928467979644
0.659080330846292
0.09716634153120873
0.917001697627107
0.021599241170867534
0.3589696130953245
0.5693837752540301
0.3815787475369674
0.3364494818703221
0.38633184370161966
0.7678965683823279
0.2901245977578133
0.942471696161021
0.04164824994888905
