4347624
0.09562518802782471
0.1765397518726265
0.8743705692142516
0.8440930004085234
0.27040246353431163
0.11128745724646794
0.07336431646553532
0.6850543037437306
0.8958628934322398
0.05846545749777332
0.4209973276550658
0.8764049125490153
0.5401260499463998
0.5049010670542419
0.7147835263654655
0.17741528295403364
0.896645830083029
0.06088478728894431
0.0609305034791211
0.3422096697602921
0.19241710668436107
0.26829089764685765
0.9533401537018575
0.5939239453245079
0.2558016815583466
0.2942162634956377
0.25827664924574234
0.7022310572307504
0.5595557845260721
0.5369009902658924
0.4305377795824731
0.017658407609124738
0.1142118459908964
0.425577802285404
0.5496613881026059
0.8991291086107677
0.3027873599797004
0.8570298083552933
0.18364354914380232
0.46041656557795785
0.6198639455843681
0.7790187239710197
0.6628406528924657
0.45671001122037547
0.8064004755615674
0.4043789932618447
0.07817283685024878
0.43424650694967304
0.05621358339175597
0.4194555954533853
0.20544150401201144
0.9739721689055004
0.8108801881037399
0.3366964190884574
0.6015189102179217
0.9744538883767617
0.1568863133603804
0.8335928098833415
0.3183634035520331
0.43977018529406164
0.9921668227611379
0.518794647281212
0.03725873957575776
0.16486765366725842
0.9387513745190116
0.07110925930572232
0.9383715869325838
0.04387765475998573
0.44405206624691473
0.10822616837844623
0.28966659694030916
0.4661452059310709
0.6353980286520493
0.4593924597742569
0.5644134468152205
0.4102301587679782
0.27074361734086394
0.7398966581626881
0.8779661073291818
0.3978985523956916
0.5630460895890586
0.255101223930318
0.6721892799333674
0.428129630578596
0.7466294631211604
0.2978974344780496
0.8698526116562958
0.375422273809098
9.218783353865945E-4
0.8458382181823854
0.17150879591062396
0.1071915530416836
0.7502731213159314
0.5128383792067847
0.7738164821822118
0.7518050979449347
0.41813058867513553
0.365213581435611
0.5509645077400626
0.1318158171815923
0.4296710289836726
0.8729626979321409
0.6597993763225654
0.3662056534562995
0.6290565880448562
0.8345810542670613
0.6044531273228541
0.04096305647953147
0.30580357438119987
0.5873245210108898
0.027713779215209122
0.1490743698577427
0.7093227947714308
0.19472756452802564
0.8840764806200407
0.20901721750124735
0.27151060205086175
0.5893109048471776
0.19335796241013659
0.5851021669370268
0.7543402764929009
0.8407976810160633
0.27395310306869625
0.05351583159808937
0.19272308915138026
0.8187891402335346
0.21125698475426913
0.08467763860593469
0.812479695143446
0.5237343803870791
0.32947159023203654
0.14552921771623817
0.06908183051462591
0.2711610234082331
0.6039613338439581
0.5646336799654799
0.5748952590335297
0.7315168758484238
0.2765171996108493
0.14846995438228328
0.9609747633974687
0.5516048700349626
0.4173342438992166
0.789064882615193
0.6540329191651298
0.91347728807944
0.8152028307398691
0.7611136199319274
0.14002382156507465
0.9227869799080737
0.37135908726685507
0.2709971014672572
0.5328540142054519
0.1609771378884458
0.12263555912150093
0.09061235511684418
0.17005292732304989
0.08432338474342571
0.12599803186873004
0.7856902722260071
0.5168052295411101
0.20772482265438752
0.699250260902452
0.13128223970588138
0.8755680632888634
0.1722736092098318
0.931633205340087
0.7963556667267243
0.270566559123919
0.8630156446580233
0.9532411536683854
0.2749458658522871
0.40478083135427545
0.7169471210989428
0.18362166993291407
0.3430692091866303
0.7716084559052425
0.24117532238286565
0.6676228871197045
0.028611450020436857
0.8442067312018476
0.5473042082391432
0.6504952924670969
0.1956614519661405
0.7625889282474678
0.4004884113297189
0.7444522399715803
0.3652694564618063
0.09186939446390496
0.8802322784262684
0.39533710397693467
0.32136633308218143
0.03462268453096684
0.2548928112941954
0.8707416917628799
0.38358826029818327
0.9461420590410917
0.08297895489826723
0.6598648682573558
0.9680090533013146
0.12345286727827465
0.8717217046946614
5.960972804630593E-4
0.20228994986173265
0.6172573781078606
0.8470230604841642
0.2307538041346855
0.9135150087899516
0.25055672650520655
0.5187739911412869
