941025
0.7981039036468598
0.2649874908761053
0.11851710909235724
0.7616649151085116
0.05772896459946286
0.6825206908441134
0.5912170029664421
0.07399470439468303
0.43551386210631104
0.48126471720665154
0.244232650498168
0.5256171366392343
0.1429591356697737
0.7808679000801472
0.20158955889201258
0.6610464843553805
0.3912286522054462
0.8797801248947723
0.09142777068971997
0.2848770344839284
0.9712830933987268
0.2487624622803396
0.1867990492339624
0.624053403968117
0.14214676528435055
0.6991758224457593
0.33233483178492573
0.83516230001258
7.997615195687313E-4
0.08337884542890261
0.9420934615922644
0.2047984546501892
0.8948836402912007
0.09257309837289518
0.6947158155239591
0.6771905393193798
0.9833532795054238
0.331691768274721
0.5490892656851942
0.5356558038633176
0.7504035552984167
0.8714353554701378
0.3570390891793065
0.1630845982707596
0.13444442667960377
0.9043160583953093
0.6591379632803417
0.8115393296039591
0.9465933198875703
0.9645802378946082
0.21554355365210465
0.22218453082613376
0.4220994643075372
0.4111361555721704
0.4458453845706922
0.7541483144635173
0.07330918982461221
0.5181218867957214
0.2302212533809429
0.4045474676744718
0.4942278934603309
0.5695064215944566
0.45877539362988695
0.7317919008909302
0.4044281311490454
0.812124457668184
0.30674945690878974
0.2304168396702162
0.014000093723461782
0.9858033319261578
0.4603685070154865
0.14807340637592514
0.741434743339898
0.4197484684650492
0.4214041147486658
0.08394213115528593
0.4227762883865497
0.36111119464145724
0.578107468133956
0.9627156158976822
0.41307508044083063
0.2846711041974723
0.9459850700943758
0.13943016316526013
0.40011804705686804
0.4218223305024511
0.3539604229972311
0.45780858994144935
0.3256085829496842
0.6425615627696163
0.3797850854791114
0.05840953609190125
0.5404135105622229
0.12593290509845123
0.5231332109933575
0.6127610234714641
0.20818953071815927
0.9623928583479976
0.9456333365997199
0.4457893286576603
0.01564770554804884
0.9458161292320321
0.6041621390073822
0.7012364780958892
0.44790887948964164
0.3333714277840415
0.7570449670228755
0.30339313888193786
0.24384902187564406
0.27825340007285315
0.6323780596109935
0.9733556941754701
0.1590283011027992
0.9732654572002335
0.5135079286856506
0.9691500034789996
0.8327433319851019
0.28250534513357495
0.6187736357471494
0.5364463125622019
0.38093714842793447
0.7839136691394136
0.9309380686073753
0.28022322921325704
0.31814680297811904
0.6972033192371596
0.5663043369567105
0.7976211754668101
0.5493639191945568
0.12969509250682432
0.36433411140837624
0.9483584863872958
0.4666287241220458
0.4368432494746488
0.125654952715766
0.08146651378959313
0.6353733197567701
0.264742069794521
0.3296635353053856
0.3857323842528768
0.16197563149835592
0.018662653994191203
0.22250278632886178
0.2861212872709765
0.5966802272834564
0.08467670344279132
0.8820106111996014
0.4695828114650693
0.14498801524399973
0.12068209632106253
0.2383083985254042
0.6910287240260066
0.03581183768436835
0.12865272015670826
0.05701795270447729
0.983902209215675
0.126140570733852
0.821692713162735
0.5766656677014772
0.2796417206999061
0.20964914129691692
0.007483722442267138
0.83265280947632
0.726475142122489
0.04063782304510122
0.3239705186051933
0.6972420732072491
0.19036287413743558
0.7848791105023151
0.6836391728808777
0.31832919092445344
0.5195412972576556
0.4653956762698601
0.20949920461094373
0.9493406631484023
0.1590007983526044
0.9838887189441219
0.27888910275840617
0.12841728363202332
0.6123653136445653
0.46748069466510056
0.5304823716929078
0.7871146801569886
0.06602363925250554
0.015632198869591107
0.3353792407448247
0.14717142092755753
0.21399447574900377
0.40353806208696563
0.2849266340031682
0.19846649286465723
0.951891448352398
0.9360025445081587
