666267
0.7059173818773099
0.14210747934248813
0.1444857701515494
0.439739602015469
0.07807671897527269
0.4296615755656584
0.11374809696781396
0.3322387797661803
0.4992526105864612
0.9328615489906155
0.842883286772863
0.8117830653869519
0.02048392380267483
0.3376893998694105
0.14675460818765085
0.4759001397132885
0.7561282352713841
0.0725606110436926
0.2202275308940912
0.09447389717695698
0.16348908614492452
0.9524019435771284
0.04334465516925079
0.8389382594563843
0.7818900705150504
0.24873674896414233
0.09587763479461231
4.2080070959849003E-4
0.022901319585473923
0.08046124099804408
0.7136837379809793
0.11739889985624308
0.3114310958090344
0.8608160215498568
0.20542774467669767
0.4773763627901495
0.9916539618053571
0.033127432448361804
0.5406132122163982
0.15728422172636292
0.9322537618005873
0.4812133232864163
0.01849896658009098
0.12375388727357495
0.6922185166100329
0.8099183869711871
0.8323604953410312
0.42710705601265075
0.4414311889979875
0.15706448672154827
0.8546880799008548
0.1918516778139875
0.5695585816660285
0.3201718866339952
0.2862965420394291
0.9316681890441533
0.06224871621164296
0.7596267809938076
0.03595424575529138
0.6983163867943328
0.2754040736981006
0.47454231815980985
0.8270219666775988
0.7115880880016852
0.696306618983789
0.8383790835820419
0.06372476234109603
0.41137594847496517
0.6446279441692246
0.22846231635627134
0.4320630308083723
0.32312442097069094
0.6368657607580627
0.6868531550791058
0.05900162352777305
0.734374167845833
0.31450595796445
0.9096012380435424
0.808458791878393
0.9428061783270026
0.4192169448877332
0.5772269736814208
0.9537495230465382
0.7551375949796476
0.28764103519693784
0.4113512909248398
0.03352051930558786
0.991416219208406
0.733855558870516
0.37071161135190955
0.17184706796231863
0.9807062869841754
0.9893335258693421
0.08437292042905664
0.5230448007456704
0.42185305727125855
0.5782427184930028
0.9607627946124161
0.7878820598649138
0.5269595120341211
0.6201783736164672
0.4082303460244927
0.9402615117717715
0.06540329970314152
0.07293388487444963
0.2561483264493365
0.40207239139508677
0.7826677964150655
0.8546706649222321
0.775148872384896
0.9087977961142598
0.6809560677808466
0.6178566165783682
0.6609029816751489
0.219593602807168
0.8175024063128297
0.1866007212025519
0.9679248445550912
0.6429395649609732
0.6016904776685544
0.3145182882206329
0.2582015232383449
0.07259447482058601
0.05353370253363232
0.4720200438826506
0.16401980544217565
0.8584715209038954
0.12376750229492695
0.829925489896613
0.15518160828664385
0.3731817695171321
0.9697493928331836
0.4705591581017088
0.547869940846393
0.5773769989656612
0.03155758357660976
0.12799582709733226
0.6957477455660532
0.2356556668997275
0.8591242168976337
0.43587892594367816
0.86344216919199
0.6896790549750144
0.9039350550565496
0.7442438875912307
0.49838721614388914
0.2562766586922124
0.907771932192326
0.05603629287078149
0.4890679239192647
0.3857037435473193
0.09617069207055695
0.5295221768979179
0.5260296182272174
0.6888456630627616
0.11571130708462463
0.2945458966975003
0.866586171962624
0.8220472618084073
0.5419537400831618
0.03859869197294241
0.6449811194281853
0.004378218707995818
0.8287769075003827
0.9329187635518871
0.366826664121797
0.6345275956440539
0.7700745073381956
0.9893519570817111
0.3799645631576434
0.07315432081471462
0.901206331366255
0.8654591550835556
0.9234648340911508
0.16140266498833455
0.7802988948168882
0.46836515422867897
0.8222968775769747
0.45742483929270883
0.7584349080654201
0.44710109683899213
0.01727943881180294
0.4901355229767679
0.6729660912099442
0.8087003136809738
0.8982348816354683
0.5530560296415143
0.8796291222781447
0.4450657191187646
0.8428444388678644
0.6909884341141411
0.17684051532374445
0.31563402558922415
