1123960
0.4545208844690901
0.5683932333067546
0.4694900700073983
0.39512056025766373
0.7396859657223471
0.8507264682393127
0.46974971791487596
0.2661357202011395
0.868159135435084
0.5786250916244228
0.3388582434138532
0.4132222095115118
0.21993615018555102
0.7697126515037238
0.9365387814807522
0.857870000022355
0.137454528508838
0.1439294819674578
0.26365072129248035
0.763323551250382
0.17451462165856413
0.435675095079077
0.7588731609685254
0.03350404906834692
0.6613447449773173
0.2296824778412231
0.3416623374865583
0.7321267119704828
0.08986901296043326
0.6374279267440764
0.48142083920618073
0.3561014759020602
0.16405720090259768
0.41701147448701736
0.11676159859749935
0.6115630835831583
0.3573060476914409
0.3318271091673608
0.9489450471140167
0.361383906173699
0.4721217821241239
0.6419738636966141
0.49001307974850516
0.8397817703624191
0.006943926542857359
0.6272421728243989
0.2588389663927865
0.06264142058699973
0.10077091953773998
0.951642421748699
0.6872572411238095
0.6014274381286833
0.44831785027592186
0.4968255955659918
0.6236335529879958
0.5340732061625025
0.8567580693765068
0.015378742016137426
0.8026790438642291
0.43798899500652877
0.04966922441707222
0.5848605662035095
0.28800974256443845
0.7483396284808485
0.9146259202633507
0.3795757643962353
0.6878965390087827
0.669000343104456
0.6379506441624938
0.7194687225674705
0.8948463476538192
0.09410696611674874
0.07345553332159305
0.7041509789820828
0.20610090492064626
0.6748745037945935
0.2515771821872669
0.9949589366807239
0.9448347214450309
0.24936612670536384
0.15112772966282262
0.46907124436843395
0.12077866730294629
0.3421521249723475
0.7279554296516726
0.5370985810406468
0.24419175865025589
0.3363064293895426
0.7231278346806125
0.8891905968445394
0.13854807643156253
0.22194594864540806
0.9578219828410881
0.31458825179407
0.48500213705310435
0.5335259146506939
0.6629252946352207
0.025682326143508627
0.875640189445926
0.20236222488037214
0.8884218944094576
0.6100214647557315
0.3527212584132522
0.5713593333269658
0.19095910359442225
0.33234658224191205
0.7675563566535016
0.7456805386976884
0.6075589232238016
0.01361042671383994
0.8053700531041097
0.7861049107430533
0.3892604742592246
0.12507467712049003
0.1914333525929357
0.9910729986902783
0.0905484668581994
0.05295919680787231
0.41895304010276035
0.6589315220430512
0.3887441005215463
0.7127513087267738
0.3206469492913072
0.2736444998257016
0.4421047201620647
0.8221653776750912
0.9436306055430245
0.015247069176866801
0.6861987970821021
0.17787614672197227
0.481185835562135
0.8605747037334127
0.7151930855121799
0.22353183741542015
0.4651770628142399
0.3103097179833516
0.29800952707724393
0.04518586569189409
0.029326642526677382
0.9551436650038151
0.6388791770076325
0.6851692816961956
0.8162555840764846
0.6768629124805375
0.7076412826680364
0.3265578344362614
0.02014152471975994
0.2694217393500814
0.8372056453827987
0.46777157192720975
0.13204115639290182
0.6605756832451031
0.8139166432758028
0.6804768971934746
0.18636943694227737
0.7164053966856382
0.371128113743448
0.9238441543421416
0.6947232111433965
0.8190692340466827
0.33711785639702907
0.6743463585576345
0.9971826381779936
0.022380178465313372
0.6855414434505361
0.3226679056987256
0.461418521126819
0.6103114204766928
0.38994507941734646
0.38792446638385114
0.816379197658335
0.3102917145378895
0.29342753830037605
0.10427858907040222
0.9200262747862252
0.24615996317625366
0.17036164970922396
0.8461675863950316
0.42953317595383356
0.9549065529481204
0.7791560031832971
0.6757440689796047
0.16755627214161828
0.43683589764417363
0.9833579245755423
0.01976140003908
0.45963362125436324
0.260543621078407
0.9529689622270329
0.11301984442387913
0.35546135465263595
0.20210846830802487
0.048664774390516974
0.3816214012660861
0.4407434204174755
0.7621578107978698
0.2386810620343044
0.38166468396653974
0.8965055723891346
0.17497270806895393
0.8014480693344689
0.2576437033994742
0.569209584531234
0.20055682638397798
0.6266261512853537
0.9396971524110557
0.0776993720954875
0.07360088865151693
