1143729
0.6430153250302932
0.459987826651457
0.40195589681214405
0.4725326016199598
0.7738818485794084
0.8358746716698422
0.9738326613260345
0.26734925433253376
0.3485658102252239
0.9411722762910899
0.021389524936317295
0.10668856639418345
0.08380297569577311
0.666676151215809
0.8061375016240819
0.6126009636099327
0.5890154680902603
0.4572644255530808
0.4364524436680849
0.06574380843441319
0.8468956120409104
0.005269435846568471
0.14061130827362867
0.9842270164640288
0.27392763390588437
0.4784459379787418
0.2393492773347763
0.9260957755815796
0.7750625015930477
0.1657448669199777
0.5705320935293807
0.17844581610072208
0.6725810720697932
0.8352348334953072
0.7874826091775539
0.7354222736633239
0.5112514265496422
0.4158962569449812
0.7776965787001668
0.11286315027964489
0.520206397151658
0.8386456191895177
0.4301270318508952
0.09910447242718312
0.9465375397595598
0.0018305066312025442
0.11691307706976606
0.4994733230731263
0.5664222901719257
0.8625686263345984
0.549373261772094
0.2962518161547043
0.42667118818891514
0.5976869482144134
0.11827963775413242
0.41640331901655303
0.2729025673790978
0.6266498479666615
0.4348735245381463
0.47611033534951985
0.18012215244720187
0.04374797943745756
0.5517794642377372
0.45418046972567394
0.6173055648565619
0.6679525005260468
0.26191945215500556
0.23563547218750824
0.549651886776725
0.48622187083808044
0.9487240902374346
0.36230572100826297
0.2104968738816696
0.7396815368044053
0.6923836322413509
0.12901065535175105
0.8594446472790628
0.28197933307498346
0.7245762297790216
0.37191302269975457
0.18409686801639813
0.12525250507639363
0.8680565193384254
0.9098930573153775
0.9998291300344704
0.2815249132080698
0.297683223719152
0.6202964847648482
0.5553841090063489
0.10598581029343024
0.8159090661771298
0.5571674791223625
0.06162163354782446
0.3534844862892348
0.848452232187978
0.3530865296998521
0.02658609481916474
0.07070774986663986
0.5348135077402437
0.38498990748808026
0.602121957395089
0.26389009744418135
0.6134988327926559
0.8298561408853812
0.4255882506346036
0.005539446971661421
0.2832523355959963
0.787901905336514
0.37479355069279907
0.27354342825219546
0.8592996748681876
0.10893850397940419
0.24509287198650986
0.35215518056231776
0.837547738878664
0.42179686650586645
0.6046588167907407
0.0667391351537826
0.9298811401883809
0.13723750607870266
0.9872587942090516
0.47279112326711203
0.7401420187789958
0.8715197949283685
0.141441199569031
0.8746293411436772
0.013074548664690155
0.8208118905498385
0.27085344523339916
0.21028575538755034
0.807460723928922
0.10588151235616083
0.07248487578339069
0.9065103720169367
0.5198698817974621
0.0020148079291741894
0.9079482719540528
0.2814333610530292
0.4168893190171492
0.270868664366405
0.6274837160927172
0.452313264294792
0.2213985102532825
0.5189697023540737
0.4071889215395117
0.49193174809141493
0.34239521597648714
0.6218307937959453
0.45705051057610147
0.26957894983344743
0.5380768610800488
0.7731638939452186
0.6106712200605555
0.011205381603217268
0.15832568950686332
0.645425769382293
0.6171577115914664
0.11819980070469871
0.6254418611107503
0.48094102757016366
0.4214546948892809
0.1953853484699668
0.48091364783590596
0.6721046524967388
0.8414811144660637
0.556208253087046
0.1512095034717129
0.5346738601667782
0.8287441393497814
0.6967273055317944
0.5670219071409185
0.5299175058132015
0.9336775873099743
0.35989424591023245
0.9080879474410001
0.14939822178056894
0.6877712417450929
0.8477485529933408
0.039657709566128685
0.040421100138750776
0.3616280990794968
0.18153251336685294
0.6568759546803379
0.7206898981660124
0.9614069039011653
0.5583657359702837
0.7597883046223906
0.4074700605023137
0.3856773434460836
0.3080007890311305
0.8443786606821269
0.06956529245763632
0.38053599568100016
0.21431423377922187
0.11398925194683296
0.7996724598815655
0.30290121504828926
0.6335707579106253
0.09067107467297553
1.8730828717106185E-4
0.7302253419730673
0.31513044931056045
0.23745628756137693
0.6772912899058091
0.6394333537260047
0.21015212126698113
0.5902412397600906
0.3461576769309621
0.21871662155191662
0.839978512572556
0.941912374354713
0.6643729137723883
0.37288200586386233
0.9882720054122454
0.8215439755531833
0.9311768951924813
0.6362750711726447
0.5796023052723589
0.3679409800923341
0.01688386365921435
0.5168685302017914
0.612070161273252
0.20949636763842394
0.1198531679674808
0.2609254582302949
0.9226843428739524
0.6312767938972845
0.987637199629662
0.6497186407774195
0.38159165693938457
0.6354466935469077
