861344
0.8844414551414045
0.7181065655231406
0.8348925774610211
0.9825853491893152
0.6387896060478966
0.21933779631468509
0.7456581730878791
0.9391474355040993
0.563294039118341
0.2512751969655107
0.018896426876647943
0.25026248835362097
0.9026906436665671
0.706301925580903
0.9385991341154071
0.8072641366579475
0.736803675378229
0.11049147678033244
0.493633354238194
0.5857853531936905
0.9418651918438937
0.9771946521574909
0.6241240009369365
0.6929511161505866
0.8966206604052148
0.016015907124665052
0.08110719154055102
0.781145545866799
0.10891047670034326
0.4102225583238842
0.6596168316207397
0.6610252409377684
0.8339251550553544
0.9039503068556878
0.5389993302804444
0.6778964796328013
0.05708899534340428
0.6251391523109497
0.3441346220850614
0.3032691795028777
0.9225359412443649
0.41095320814912606
0.3273742931899434
0.43734530334443755
0.8023982774852374
0.8995096672192905
0.7633902871561576
0.1183953577214143
0.7226367488579453
0.805061200378227
0.24776071315430748
0.6914215009661914
0.7878992043636461
0.6033469460768203
0.09500196557656959
0.0012015428338957301
0.5809015617333675
0.31964769948552085
0.44288910674245574
0.8437526916109461
0.2510837145324346
0.2341505934850655
0.9872895614174091
0.735449998489382
0.1528001513735664
0.09754993935148348
0.4953675354804137
0.04047942590767639
0.4450632811554709
0.8843798196919243
0.37489991491087715
0.6350005780240305
0.022864941768627522
0.20239577515104712
0.6135766391535721
0.580339854366705
0.5143596087687113
0.22339195637466625
0.34454191003756207
0.727729795794431
0.8487006700527356
0.404161460280522
0.1430650374105653
0.7835557729831208
0.07607850946141193
0.3258772562354172
0.9141126213120965
0.12676662370973846
0.7045178197116149
0.6959915174592994
0.891726606306343
0.5890510484047599
0.8072482499785871
0.9288217992307198
0.838495784749978
0.48357656849461694
0.5499713581237482
0.7493122902719919
0.007040514298536804
0.39953403966405043
0.589103948094134
0.9490293038019283
0.8053140307352593
0.6674249183880407
8.588181027702202E-5
0.7642699157757713
0.3936557851050153
0.9439747580298056
0.009098736061975643
0.343233271047258
0.6339158284957854
0.06575088617332192
0.8220483360984192
0.4225244758019161
0.9096011601780188
0.17700850863813467
0.27142348556147766
0.6428308189957931
0.34087867676323214
0.1499834999915065
0.834649762750595
0.8994312836431613
0.8294016631243211
0.48479698642655444
0.8168158640985577
0.7452692847469827
0.18530949777520356
0.20133064845854254
0.13615726461584032
0.14264059436928833
0.3123833913354461
0.7168781453473774
0.20244033101422598
0.7941168547783831
0.057223776647224556
0.3410726158261027
0.8363972012714429
0.87414707544216
0.8644472293522334
0.8135360145501345
0.04262013363462025
0.22984863646130305
0.8222845299317538
0.2598910741222068
0.7188313039002785
0.022820199212761905
0.031593314701582664
0.04822193697130339
0.06120256153698456
0.34337921502027136
0.4861823995228953
0.2907652181888174
0.5084065073049469
0.5444468120150753
0.8134770922907029
0.15455815815193763
0.5563389292475888
0.91437317603121
0.29193800787799906
0.7199658391891992
0.6709601053477994
0.8363172724073383
0.535278423018249
0.8574553226778551
0.8284600610582995
0.76636448123204
0.11340814638630792
0.48067886604002197
0.919961243784792
0.20338621210984265
0.1661648732603117
0.5778749029205306
0.3722291431585706
0.32071642360976105
0.7582764783704278
0.623789565221771
0.85637012581426
0.08303920043111779
0.32263058383541987
0.33076794610999505
0.8832526199120161
0.481453042087153
0.04381082773967693
0.21035865275096155
0.4173961752765448
0.9854967606124185
0.44499176315013567
0.08572132088007933
0.38033082811097996
0.43299331199120805
0.758667310097997
0.520321471514819
0.05993627205524965
0.35688675811204795
0.8853202850857858
0.1098427077562748
0.9940293068085874
0.18281958022230727
0.8740235784911594
0.7219416144117906
0.8544745206828914
0.8220163931925937
0.8950964139761685
0.062415671188739696
0.22235224559369182
0.9311111813266403
0.6173214629476889
0.3965502582572601
0.915224629448821
0.5138754511319611
0.7508620999838782
0.8608559309408541
0.7042991653703962
0.5993747257426236
0.2719011195360481
