1035151
0.5631022387205429
0.8422962939569566
0.44690140912193144
0.5061559938849542
0.5875002225899171
0.8120861678476928
0.10010213798484935
0.8158073033686304
0.0970803920228539
0.10166662517829761
0.14103819473615653
0.108011408502661
0.9567588574998073
0.6128130489665752
0.179487883882253
0.7630493224815592
0.6882792607175509
0.5187380979021506
0.9536197240225441
0.8662985769657814
0.11216343907742654
3.573218975229109E-4
0.9152364720846139
0.8205958607155492
0.7319994434131859
0.3112642458955497
0.8261090976805308
0.5141923977793277
0.7728405252977821
0.04827676521068047
0.20149145288724002
0.22438595085534396
0.798183797519378
0.3374240506835806
0.40272538059031815
0.34804678591505267
0.9989432978065551
0.8845012065755027
0.8029174838756896
0.8676371743942766
0.5730268270300999
0.4848267345478299
0.7279884929772861
0.18495727439508236
0.09557154329727191
0.6385954630659916
0.8099662011526414
0.5847327193587565
0.4175885165784612
0.37622791210624884
0.9802141310280732
0.12629254599179862
0.4247119553178631
0.2623740515707512
0.5773575774074757
0.2039680074807796
0.937943683007257
0.8177383118827537
0.9479893570002493
0.36547674068296643
0.14472951668914102
0.27464929981134134
0.47780788557028897
0.2324386488131347
0.21139835155852293
0.6653066257268792
0.2066605605752344
0.5283032557381403
0.14694156090804933
0.7308940898663456
0.053035420319680115
0.2863507107468858
0.5633041310688218
0.03525728770987502
0.20186485617947947
0.2840617425143115
0.7088054589827303
0.9686002612076066
0.394075237747065
0.6300345156334197
0.039002192131047164
0.03466495642440115
0.6971361784393109
0.21575912859553958
0.6332514481158764
0.9291141212128822
0.8329344901299491
0.43694343825837667
0.9654276363449542
0.4373463905554996
0.29261723735200174
0.1877164066074336
0.8936915859363148
0.10673032112937231
0.2776190126198873
0.635918686401756
0.2469059872770758
0.9812514991005794
0.9719089008122739
0.698821817175549
0.054236413750516355
0.4258251803739228
0.7725629548643984
0.4560015282809331
0.28967268810978075
0.21303433806248273
0.8840878158995086
0.9597223387219211
0.9846502305575927
0.5968108736065464
0.1164924496446903
0.03307415127655655
0.6996470460274866
0.0555857828393006
0.817923844015449
0.6822342084263484
0.6395764495407624
0.7516916156171329
0.6197545676560786
0.6916102357584504
0.14799179889243064
0.5243086108821042
0.07532844165263763
0.8192540219681955
0.9215641846480098
0.41000328081373094
0.3331429155914054
0.7648168381934229
0.048989587795817524
0.26791677599832653
0.7010652117060852
0.743451575959587
0.8974274570185318
0.07591736138427208
0.33025099999446994
0.06644854069223904
0.9447676078942943
0.8595396163225378
0.27575395827408833
0.6030256058049888
0.8874680720101474
0.017290872283477143
0.8753847810990033
0.3775751557038509
0.7414015646553795
0.013912620870158765
0.7291994475089532
0.8428039330753357
0.19709353423252463
0.027443323183650614
0.5590654124603298
0.5615844124007221
0.19093037928515122
0.15643592137894913
0.8810761106059923
0.1289688547567388
0.5103612525070745
0.22044192595684664
0.7331536278481474
0.17070068249534087
0.2638126885054324
0.019881515955625928
0.6659998840409729
0.1656895939357319
0.21498023079501327
0.16067634409163123
0.8276271064837007
0.6573011198776962
0.3063566197066834
0.19453086061902547
0.25001865411238067
0.14194239841193423
0.17830163857547476
0.8775042494694681
0.38104158518578046
0.5533103388690345
0.12765378978629216
0.8075238874112288
0.49555228483184166
0.7968001142506687
0.7438292108460138
0.5657490152556962
0.8667076669070121
0.2309550427345738
0.41054907575369515
0.7572004220663914
0.4818136440650025
0.3414721560425378
0.9677811021953809
0.02283059426328915
0.6466139675650002
0.10815967509643254
0.09117729167653632
0.17821594652778738
0.03774188263769007
0.7263762761994043
0.3652341376703283
0.12331103820423484
0.6351281855713404
0.4118644835377039
0.601597865563881
