1092744
0.06321218011390972
0.4944790460335293
0.9915231519113266
0.685381868819491
0.8816357295384668
0.5045072798554477
0.8625472543034496
0.12005910524610708
0.2168242979642656
0.11442157887164028
0.6884955273700215
0.4854377278133911
0.9038517589834436
0.5142478415973147
0.8932298168169015
0.22342294568181553
0.9678057299522865
0.9038775857237575
0.6123024306945054
0.5227142782416746
0.27908448314140544
0.29630827014924366
0.26625065887302934
0.5862816698938338
0.3150519340128992
0.7663614010088138
0.33139056824293545
0.23441017586159651
0.2115538070661125
0.1782335775903413
0.20108499709692507
0.621297741833814
0.4333042435343675
0.20355675620742175
0.2540933039875919
0.824635785744799
0.9439110995662255
0.8762143504374378
0.37649335295651765
0.2052981316187925
0.7143153690264675
0.0209792701198529
0.21979918507599483
0.7282087934249148
0.7726782488142285
0.6401111623427941
0.42028012047809904
0.8856541298781769
0.7692572439326744
0.7453702880174242
0.8531207863335414
0.4707512109784585
0.20656999702605328
0.1824752733982632
0.749943093997791
0.21147814341324178
0.06815314497570779
0.7108527879603124
0.1693453505429211
0.1946187803654107
0.5684807712076616
0.9735975133733001
0.8774954644491739
0.08416862536978709
0.14211472475005305
0.020880657425386806
0.16944843683995003
0.37019424201718354
0.591917484009874
0.7346159982419689
0.5417414089823991
0.2718344309603661
0.5241655516746788
0.8430127365199176
0.4129516740814698
0.46207549335011244
0.8126591715104103
0.21071424205021605
0.2812865216446866
0.48212974448615753
0.8544324283189153
0.7435429234741675
0.8069062115045638
0.5696901722473908
0.8064250537231403
0.5564409020744249
0.3115643961820439
0.6380309804535952
0.8254854797176887
0.01901726930214631
0.0992828070705436
0.3118676678358486
0.5733321752261539
0.9151822946394268
0.8191604969333981
0.2510867672829282
0.8936084838547526
0.23166981180895552
0.8150497956356704
0.4748998775336545
0.6199236678162655
0.024819076009176766
0.0367147704380093
0.036672349348600086
0.9317806817992672
0.4058077852613544
0.6232204808390915
0.19362210757611464
0.5395493811774293
0.931598099058398
0.7116839623640037
0.16577962760732812
0.2501511745959235
0.5921780974610102
0.3731509469807984
0.6850450709171995
0.14187945408409974
0.14425107110640145
0.8322451743352807
0.7978741522020292
0.6597872710538297
0.7573458073946105
0.288369544207443
0.8040695510773234
0.43233262428108243
0.8103908075545502
0.7236217519245022
0.7893501010329592
0.5054780499965505
0.20511614502301034
0.05621942325842744
0.9408147826925563
0.992200467959097
0.7472167737637961
0.8781127180144538
0.7221148929603387
0.8433742701505187
0.9870312608690118
0.8015952911337201
0.02909181186199039
0.5602483611392161
0.4085607917701479
0.13210714826928927
0.6468342386618346
0.18924613710336802
0.008972807381691261
0.18305574158406956
0.6855531776210818
0.8665750318882375
0.12030452231811106
0.05336468056620702
0.18536909154465286
0.5131397103321208
0.79090188991416
0.09959211571823168
0.7490500807801428
0.01951151802989448
0.1661994870512491
0.6518432943587489
0.8869359946396106
0.4062137205030978
0.08676739243512699
0.7463355670028481
0.7397284187087078
0.9963409447885462
0.5561215319125508
0.777355723185624
0.9825214886648168
0.5955377514068391
0.8216139997443114
0.007483293400172064
0.00739460643578993
0.03862043621915179
0.5587903401315583
0.8173358374619231
0.9320823379566521
0.23263296813403567
0.0529211671812333
0.42472515643386344
0.588683017132167
0.002886179979399106
0.3309856052783017
0.5579959956881781
0.40906264923760804
0.63153708346324
0.9132043968503328
0.22945216401810786
0.042555552562779764
0.9675231902657898
0.2252911060603403
0.322156887478647
0.6167591556309391
0.38217409586584306
0.7409098105816264
0.17702799958738213
0.7836653032352532
0.6465807810189722
0.6083978686598663
0.7470308292913744
0.0810657781445907
0.014810781671729445
0.8566335947166869
0.17140448576625256
0.6831150696029439
0.41131509305444647
0.2719974571214938
0.8152401331189577
0.3141289382000313
0.6413806759667735
0.6916972845874139
0.9183629176251663
0.9561421601561408
0.9702399926977373
0.7682971065789092
0.0023514270661810777
0.9934447408790336
0.24945708518133514
0.22611032221635086
0.09566192279362795
0.6062607518498839
0.008467409908679557
0.2521875982699786
0.6542073320066113
0.5509293161995176
0.574656216118203
0.9429509966670468
