579014
0.8656609733632733
0.4479577809965747
0.9859278610564324
0.41377221601946934
0.5696382640179315
0.9868721234271319
0.8584179081655994
0.46874775655105794
0.575198684082355
0.6063908461045383
0.16723094589343146
0.7336436517003296
0.4366555679179547
0.47828761256449415
0.33614305383702814
0.5912045574948667
0.056582261119960564
0.8071117734829694
0.7278215003280993
0.7078537191377177
0.9015967760776851
0.8339104000312892
7.251252239618422E-4
0.1106634611395847
0.5662118801202864
0.43417817740112974
0.0830672266005994
0.7360712063988745
0.5384187551426234
0.3358225294523326
0.4871381833462416
0.03716346057764097
0.048992808060781656
0.4565638468892661
0.9187302795881321
0.03810802390735124
0.5710803319925395
0.24007420284359893
0.5241021928664448
0.43232289506427857
0.8774454425664182
0.15629004724471918
0.6608665878928998
0.9352272867536253
0.5598263733039694
0.7237175931898516
0.7793788821152161
0.12292906898267142
0.5681712821863635
0.5101823502599665
0.8576511258553231
0.41495980017515166
0.6370933819886723
0.5733568640915252
0.8455096247088056
0.6921768745603619
0.4327060227432319
0.7135340378741762
0.7426610775920672
0.2802101204986215
0.8750680757017686
0.7284954579462476
0.26052636184902433
0.6743375477889539
0.36979120210780003
0.583957753523913
0.49914740737225116
0.4334333824636536
0.6169298053909631
0.0429622244951583
0.7081669010454993
0.12863883973589763
0.25609555125645733
0.8337062000254172
0.994826725277334
0.09666411737475378
0.8538085696532194
0.8776971010221226
0.7921259307254054
0.01813793386597773
0.6424172131939555
0.4487432825926142
0.0067242530306952375
0.018178528672249228
0.9794894605185467
0.3881781172016725
0.02887290020604305
0.06936822019798561
0.7123982781713738
0.662847218529593
0.20559932445698748
0.9665710991917473
0.5048948866453329
0.6197707413575799
0.9535680374402096
0.038541264364768346
0.7107826850231522
0.2650264087046841
0.41948488855894983
0.0630272276708228
0.5643761471543635
0.7742807525320259
0.48360778066960575
0.5600852090620061
0.29824889980020775
0.22852970410358253
0.9458715779538305
0.7525727464207398
0.29584494957732077
0.26099205000804226
0.934330799538679
0.0033008639975241616
0.5398485034793733
0.899732033932002
0.93206856316575
0.46508186125972284
0.42677682512651327
0.3954705623334479
0.33141602336517384
0.012916684573586412
0.48408203287094664
0.2351768721031119
0.09327146494350769
0.266824492285452
0.6481172359273049
0.8594155259279246
0.9145036509541145
0.6593239475680427
0.5396432139551721
0.8250566054377916
0.28786941844029257
0.05333457893503746
0.6081218431322555
0.2848392878708753
0.9765707310148466
0.37427336129967936
0.10686299882466654
0.6914122729623733
0.7195218370962846
0.08438036516305292
0.6081619615264422
0.575857163722029
0.4335922503149585
0.09781438129074105
0.17088440390258008
0.09933364277435908
0.7855367539937703
0.9118179525144006
0.33252676640051926
0.8313681994986304
0.7690191919708376
0.3122583273509445
0.8135997319768591
0.8694410735090432
0.8410813704821443
0.001109412594068826
0.1942532112457599
0.9819084357164062
0.24760468727319962
0.8889468338662704
0.8513811384674971
0.9299304323513288
0.3987566078860336
0.5972868137657806
0.12901514009125392
0.5039576790803368
0.5431096563921197
0.9236066621616298
0.05563598290611016
0.09646219625070396
0.533066567765401
0.6361430885031465
0.9191025604880829
0.8249813126771997
0.17441894960119353
0.9860720714445651
0.6632179632976266
0.31817604553657053
0.5093143165612508
0.7514314613037657
0.3795227174228396
0.282487993793722
0.39459948122290656
0.4601563955972713
0.1337257649160679
0.8781121138447928
0.9064551906684386
0.6788541028195718
0.9882537926042833
0.7503848670698561
