769645
0.42743150949587017
0.899453463530551
0.3607198710269268
0.2863204941253027
0.7534387471965645
0.6076219610818642
0.7926828470537546
0.2959113134743686
0.19594429379568157
0.5748507562361507
0.7938891851317293
0.8539396058480839
0.44857092153889955
0.28036632371561
0.6742589879053339
0.480432736152386
0.9374873345641312
0.6395349457016725
0.17919870082315503
0.18652535845349882
0.4814273158446517
0.8921838757569478
0.3033931165760475
0.1673751130594472
0.34986867324767446
0.5872715821646367
0.8740492504481144
0.08491185772531196
0.22684912736045282
0.0895961720469225
0.36663569369752114
0.9505822570159571
0.16309109252143983
0.9297399101460178
0.9444807400305076
0.5918852995597296
0.33055267798927956
0.6202050578473868
0.8981632446700333
0.5663765503494972
0.2812179250676923
0.26870402094628376
0.5014501773225497
0.1729518648640359
0.45588409128559093
0.4338250088061616
0.7976055702215914
0.9026044465583757
0.8888994378448924
0.18880173182619586
0.9832155055556123
0.2694812675087255
0.4112502644994098
0.28587384196100485
0.8662442293707925
0.46794834807947794
0.16709109033433545
0.6467324368082987
0.3408568105297888
0.7125069851335493
0.9277572870073617
0.14380297007515774
0.9436140878127337
0.43478551929445197
0.5124948944708356
0.7826251479580062
0.3339658763602289
0.7354645192575702
0.6065875197986209
0.9473484051248555
0.9765387896993798
0.6188758748252863
0.4052553163054684
0.329367741112215
0.39353541165029193
0.5741488411535146
0.805647016345001
0.5233839440018968
0.10263161055752812
0.009159503418992077
0.31944062673187024
0.045679213510215866
0.7590793907961406
0.8921722879801306
0.4850139109272732
0.7061574218766893
0.08029292929538445
0.7109453278881918
0.3208413573909481
0.8487056469198724
0.8470154820155368
0.5202043562054822
0.2807193876917231
0.9636918313633168
0.647235546072894
0.4157721860904182
0.24661670203027064
0.5719213335365458
0.057340895046753326
0.24727433643992291
0.32639256431418595
0.08113194706288651
0.639568957326972
0.761223398136802
0.6113204374766074
0.5241164958552167
0.47563310439810014
0.6524181994587781
0.5923002404438991
0.7018181269668285
0.9534740754970968
0.1939763059786268
0.633837480169371
0.2752525288020592
0.17740634150972578
0.2149510724142485
0.7613130012666033
0.7768685039911155
0.681499527094152
0.1993679176176545
0.02976227243381724
0.344966232578822
0.09185537876341565
0.19164632013579364
0.9113287083156175
0.22405053131791608
0.00551075588766059
0.01075786641721832
0.463750360310917
0.7195041209684643
0.6320178637804998
0.9991027120795394
0.523685039233675
0.34672351949874447
0.6783231319095241
0.1619700338268235
0.8063743645733379
0.3728684598199138
0.5483861085454004
0.08958080158467618
0.5870917137334706
0.8136330917427171
0.1760505836220494
0.49609394913970617
0.5900155949857383
0.21795547225988654
0.7130001207861528
0.5585897670293947
0.816614179218418
0.2503389792771401
0.8532006186722522
0.4939274263547979
0.30832257649403805
0.16346802845130626
0.791052700193048
0.9725060129076784
0.25723984779698306
0.7430574035790061
0.6825473176354451
0.035341484707322346
0.45376762564315987
0.20238305528058775
0.007037947322471205
0.15450475806775932
0.7915579503469348
0.8056992214954636
0.4118132779288066
0.9568488713784389
0.43783296197474164
0.7077556485171947
0.46247455165946905
0.9170858867818129
0.3210845538482965
0.6108851322059006
0.21919199544039314
0.01865750861964277
0.7883573660444455
0.3616407859294103
0.7122350800262512
0.9794752526347956
0.6407637554872747
0.5357191741977713
0.19974181751648135
0.14449001243898318
0.26857477195281443
0.3929139011934124
0.5565123412375135
0.5581826587479393
0.27617644328775603
0.3231017888570654
0.2646826642800605
0.04745058273306524
0.812375992293818
0.049771686466169696
0.2554543536635949
0.36899800979860686
0.8029878379383251
0.40936368629612907
0.28562688289135973
0.6052204641659638
