664732
0.42032480695284513
0.48269436110750874
0.6234988649424843
0.028706524075899242
0.41816495970223544
0.2190017229645118
0.5657754242726514
0.5978633745365607
0.4109598148239624
0.46365055835503055
0.7104389579522697
0.09480453828662005
0.7824955107497659
0.4772981384242577
0.9701106398529874
0.6715219881767261
0.6719129744043894
0.6173261195912922
0.026250863648400458
0.2314969200108573
0.4039391603382043
0.8416043235824114
0.29661676119524116
0.64128668485734
0.8053764931063331
0.09015814917260578
0.5167150901942598
0.24025774718166093
0.08134267102482706
0.40207038580577203
0.7205596953372384
0.4965181360323121
0.31244901359587285
0.8329554033920347
0.7468623987713525
0.9432348001014957
0.1780499650968228
0.8526016906612447
0.3938569677413508
0.7219045291156658
0.2108924366240723
0.9228864187000045
0.9992757429481856
0.1577799947565266
0.744938532150627
0.3828238617736607
0.5315692743209834
0.7975350239735846
0.7308306639361375
0.6006165794149768
0.24427921770640582
0.25038622098502994
0.7624133738621659
0.5918372024775793
0.5675449885283885
0.9912705925037741
0.982921503866249
0.9483752245737983
0.18904578320378684
0.008312289577893872
0.020889611208990244
0.9745419686008767
0.21124857088217752
0.8066933511963017
0.7435329114451792
0.3847343592326251
0.8626544144918565
0.8171772192773017
0.4092952407584435
0.7813156721234734
0.4878044578869617
0.6999158877255521
0.7514549471893529
0.4018799581093244
0.4441283603113704
0.3828047407371151
0.6311250088206519
0.30182373329029666
0.09328744477871853
0.92853165421456
0.16067855934323816
0.22115718100909332
0.2904855570641942
0.4855999264138875
0.6175770018391886
0.8737445342619584
0.6472909229814772
0.6459876674510365
0.04377256629314308
0.2926708082991628
0.3718324564017077
0.5057383540654445
0.15730283986181492
0.16719060166417854
0.6748042623804016
0.604660938873638
0.09039001097953314
0.8147220147086516
0.570532737211386
0.7074499288928005
0.5123029150019568
0.5456063825235675
0.39943040872422253
0.08091959893631351
0.8954351522672348
0.698862946181629
0.5514816910550926
0.5206779284645392
0.03949803111989769
0.553924735831568
0.6799751427242889
0.8854503845384365
0.48142237685934763
0.6563501659053882
0.16051811691919093
0.30839485156704627
0.08750835764312292
0.8347627010817185
0.6724391680207366
0.5721331784570778
0.9495581700543632
0.3317781883728287
0.5580044323736217
0.3578563578260372
0.6881713145251193
0.023438226437784593
0.049444243615047956
0.20874445573363964
0.4040777195049534
0.6596746071852057
0.5446066358343752
0.08407420123993481
0.812329427921933
0.42258887236333453
0.8591247142040156
0.3227703781052699
0.5443667314843849
0.8698377597826619
0.7863051623026348
0.6837900181652475
0.20941945321082478
0.5071738380941795
0.3555155124533498
0.8856111455641189
0.5694006671183699
0.8171983379512521
0.8956679767023766
0.7282304631125668
0.10039393159019783
0.5606405130487705
0.3824681282069766
0.448457592004018
0.2890316577133454
0.5619863417792931
0.5764170440472491
0.4329256348497239
0.24350670785313067
0.9930368633050684
0.14312552181271843
0.7931215222789303
0.5866551650779616
0.3759841377112363
0.2883197217241942
0.5928715171387217
0.1424933148033749
0.14185087759072135
0.43698752871446633
0.7111007850833366
0.6277870408495404
0.6006475175607964
0.13943574373805456
0.42131813073382207
0.4166776401474389
0.6063582562551951
0.696597665436313
0.774160541726003
0.4590826111380316
0.03287546697746824
0.9627518711958547
0.7804641731214697
0.6025361911135484
0.416259694330563
0.4058828915593331
0.20971189657064504
0.8923288800834815
0.7642102347543632
0.784234528697708
0.5423399096846568
0.9062510820584657
0.5853890092048223
0.7321774687844826
0.24426907354345573
0.8179410986599317
0.6492487169452987
0.13933255306710424
