524944
0.06815907042066871
0.6767829485542467
0.8512731585406437
0.45396203209804475
0.5282665503501704
0.3424949934874393
0.829046635420364
0.94496063485785
0.04442135943262249
0.618995352800172
0.6513257938441902
0.5163493792115444
0.5055172081427654
0.3948259243368779
0.9852965620808012
0.88399500537571
0.16404671130334714
0.016361488971162852
0.6364551345465898
0.7963479517315301
0.8405929306302052
0.695226168231662
0.2510611417025512
0.5093127766664698
0.39082250669124974
0.482784790600819
0.27286784525560404
0.909934566385205
0.26740873272507915
0.23227154667699057
0.9538427955973042
0.5244057048975025
0.795444948311937
0.013064479578386856
0.3328497829964623
0.14296728780092272
0.47229191977576457
0.6418087205806235
0.6167708790807931
0.9476001049595273
0.20143607041556022
0.3515374725932824
0.3253051257360495
0.8379700831259154
0.8748170520021534
0.13263449605565558
0.8936881486318754
0.11691390278247993
0.1292174115602991
0.948427677155895
0.16683515879135014
0.8188201276285272
0.4196886249665157
0.8533980409862071
0.3639170423455652
0.7425821732125722
0.7766216524285972
0.023434249490490777
0.64413764182047
0.6853693047097729
0.7429520842353391
0.8452577653284311
0.3624875923106565
0.46428233620897486
0.024123509256887665
0.5060895707574566
0.46850839807558686
0.06003101534065547
0.3258149137003681
0.9748236085655617
0.2716078971981952
0.6200903666577817
0.7030711920760014
0.8724189087814781
0.9732261454737005
0.11836354977741936
0.49935864668267826
0.4919163457283722
0.9491586831187951
0.18419918311110983
0.6151994873649964
0.1474321715656035
0.7546018609872427
0.9856812781322019
0.41342341262814053
0.10667509498402361
0.219992784177511
0.08043044408912314
0.04170582646966681
0.5929797570206891
0.8074739884830633
0.8317249648053268
0.3329459653756588
0.7305440198064823
0.605821316653421
0.328571192924315
0.7301707346645976
0.8505032255651448
0.9559306548519834
0.7454224261037983
0.8750326493443404
0.27566987811806554
0.7194674154855346
0.7305663488178399
0.5976036422304103
0.5582123306378973
0.6300402716126532
0.7217707242935302
0.050048480588985145
0.1572414188658725
0.9992687332974755
0.05359832862503722
0.6378954449744868
0.7122195435614226
0.28937147076507286
0.34287113976161043
0.22000349359624605
0.39330171962911686
0.709410487063964
0.9170853558334814
0.7719591010406219
0.29116334702744395
0.044084161859444526
0.9851483902076184
0.3375178660469741
0.446565307636725
0.3819695597475571
0.8406293016664473
0.6288394353690533
0.9138515901043401
0.2743724429888751
0.6347850479676511
0.07864674144910189
0.20277059899767125
0.1264515090638948
0.15994444341177028
0.4960734312017375
0.5494560374778283
0.2990406981861854
0.643402572236012
0.7328463140206436
0.7300992675554153
0.48260140048584255
0.7677986182083397
0.9275822917530335
0.5497894579780312
0.39399456015707734
0.0060201829597013035
0.9633621329800676
0.7141939945903276
0.7422698472582023
0.8869977029047921
0.747376394978466
0.5231965415666845
0.7114274375305659
0.9933228367084659
0.8013211384695562
0.7133053241623761
0.9161154800071856
0.33244481626625355
0.43735464062856877
0.8195898184742403
0.9004841439978966
0.22026946424032767
0.4868084682247953
0.6280993062859584
0.7709250722541297
0.969305434914018
0.14747920076177334
0.6461617430007547
0.48018281280859165
0.4830728716263749
0.020210465260420474
0.030657092313409184
0.6133325965717126
0.3243098416257557
0.8166068823306953
0.08330443604527793
0.26537652223613983
0.9465824125006729
0.5371050076411507
0.24719748671623099
0.7457184898462142
0.5572239856224264
0.1422588059197839
0.520268181822411
0.3965353758977155
0.5141008109473378
0.8699803745408978
0.33905410392831803
