486463
0.7700702757242075
0.24951988289684934
0.38760891634468897
0.28008977794997636
0.7741310968397929
0.46166623514004834
0.9100641645406559
0.37643799287919033
0.1655859940705816
0.717277239707135
0.2639733495662765
0.4533223782588498
0.9484044694921107
0.6688309937954585
0.6325431301901673
0.6495173257274421
0.8158012949436384
0.8053471516184454
0.3770812982895191
0.21009774124438518
0.7652976660501072
0.027968097116817026
0.8984554671359157
0.7113450208730027
0.4110221312019001
0.3698091961378397
0.9754089164124518
0.11005224783899714
0.31933212666441113
0.8641368233212601
0.39653671241308397
0.3971659936159634
0.9018433633559898
0.9057533301192184
0.9888575826982535
0.17964796650378534
0.01421378412834795
0.44753864418578937
0.3383005741371877
0.21463483748534118
0.42953547155054117
0.027417753520928012
0.5960574901409412
0.7764199281530858
0.7819462204856584
0.9305948369699191
0.7696356907308354
0.7494756072537914
0.40907999376330284
0.7577138601203973
0.8085780080576048
0.5096810602731879
0.7612336878104243
0.29167674126923093
0.6121998877904798
0.9811145439145439
0.6906351027954336
0.8341698167479776
0.8103261633572806
0.7372156968799436
0.985954796648231
0.11752021912581945
0.7978931318942909
0.6528173455813487
0.9752127681545989
0.48832366067635957
0.04041418883049286
0.4074932701386994
0.8844882008735364
0.30635550791786703
0.10969007145318077
0.09086198104989895
0.9103484609194467
0.4055976131899307
0.2577776711740747
0.26693324185230927
0.6406717306527876
0.023783435758460203
0.592114027007782
0.11727850842048493
0.5415448104341735
0.8226842382001261
0.07582535835400706
0.7017523963529188
0.7171759967944482
0.4934296881147894
0.6446330305007685
0.950686902970928
0.04527047639556092
0.969476374899136
0.7054020472621779
0.7339262012037927
0.09207368720748221
0.4544080581249412
0.16125975357557676
0.23976440883361294
0.9192954291143558
0.31257170428601744
0.8943456485227055
0.940794828255654
0.009386137542999773
0.36762401914613463
0.32963606599195083
0.6238734410174085
0.0561438344581513
0.3073830664442937
0.30191970784269284
0.31784583203644634
0.29438809126680743
0.7029499766947057
0.9528838630436891
0.46538138096494097
0.3754460268302824
0.6158863644311436
0.7964027415333805
0.3542039513591221
0.5344518810602795
0.889303158332083
0.4075032383451451
0.6482036721656218
0.9409705208227357
0.9970365234567524
0.4141155538378566
0.8403600385769466
0.6762126695036116
0.7596577892296993
0.6005991714852837
0.5871010896283155
0.7381174331388772
0.3268834380714757
0.9681676776244507
0.17766976863543527
0.8398355562557787
0.5730225492199856
0.539718186895453
0.8422627759985643
0.5376547348105752
0.4554187709201588
0.5452045307650681
0.20915367786499905
0.4011660332230663
0.945414474778656
0.37857602676980473
0.9837061490922545
0.5214782210177835
0.8571849322842359
0.3784360050744956
0.8411297732592803
0.642544960008946
0.27186087544013215
0.0519578316374264
0.6000249830579976
0.5961768793054835
0.2826776329621701
0.8352283558014151
0.9752098971048075
0.5230694889831004
0.47146021202448063
0.8630718043698923
0.5960168200941741
0.5701844764508238
0.8675729448280926
0.5075400861954189
0.5201910653552078
0.3690807918874023
0.13753342422132586
0.6366377543657482
0.17372109688930204
0.6202989479178099
0.40681055219184126
0.6434834641727618
0.5033730614731523
0.5356603227904587
0.4248966474585296
0.30099180316944263
0.1413991352610956
0.7233507007250238
0.7505640463438704
0.40829271578243087
0.5508337052989527
0.3399154469567818
0.25628699286561574
0.012488417298219923
0.4449872396018443
