856045
0.9788010187829554
0.5291297005390756
0.7129802270214659
0.25619263908472545
0.8168360288811654
0.6799721886986991
0.18548113149087586
0.06655423686999584
0.9980520168025535
0.6637650620907405
0.598961999866787
0.2073953557268483
0.09850296551652393
0.4605757942898021
0.04116297168969674
0.6842946942849885
0.7862491753693835
0.37050831454091193
0.416933522709107
0.6910484230943348
0.4674300567800944
0.23514873273325076
0.538548171937482
0.738588874793737
0.792357702119326
0.6140100073487326
0.28827745751837974
0.3438371302969493
0.3848204303342576
0.8165188459214555
0.8008761423469085
0.7986611050500727
0.05329444451419607
0.21840821782174447
0.5872843262781027
0.27055711328771903
0.044518666857718325
0.4759495087154114
0.40071903645497453
0.37436723599592936
0.6078957274352903
0.09227828824627693
0.4324673382476031
0.3982907460594094
0.2534402674863968
0.2871384321675151
0.11707431470403784
0.5676429527419645
0.6065032657763341
0.27468876173547696
0.4252527864587885
0.08626001129181149
0.6892590210439022
0.8635882513755821
0.02772330218489827
0.20814394911253387
0.7919488307276398
0.7593942052656796
0.12432720716055268
0.26088682297392296
0.8361342182147461
0.07137982671998111
0.050137085229374545
0.3676091647591626
0.2777190078196654
0.30419683399231945
0.9939224400446742
0.5955920454712935
0.14925859065513114
0.5493796230947725
0.29421113986859737
0.39747849508820443
0.7990816567403577
0.6825075880631768
0.8143199096262722
0.5048645913445503
0.2490082143893173
0.11891246096321795
0.8401097908753091
0.8842961048516059
0.8629547478927956
0.08413825564519617
0.7928556455922624
0.9721319094445973
0.1954758589834289
0.4149308622875152
0.8045016187349091
0.16743070349240308
0.47229925276274465
0.6223558372750514
0.8637065801799186
0.4809627315004451
0.1441687014697388
0.32071211379977205
0.8084675018594034
0.31364378643399704
0.35081735165850525
0.15423030566544216
0.9147403780064615
0.5691337538036142
0.9336520876789695
0.038114605940199886
0.21036212081635464
0.6930375356809642
0.8437367194712505
0.8713071125394887
0.92970900113565
0.7750914127777092
0.40592007368913186
0.8754243687638658
0.7169102170062173
0.5509131678536081
0.9204628608233952
0.3676356338781096
0.2840681381424325
0.9963397232319533
0.5102745418071524
0.08482314707514504
0.23581927447576345
0.22007119205601167
0.9548801285933206
0.14218479339404455
0.6827031991505276
0.5292857776715342
0.49149355673658035
0.33150952468708084
0.08318919459466656
0.8680849542956641
0.20908301720438538
0.742677241881919
0.4778432679965148
0.3100740468269043
0.7130708532051776
0.6265038067654427
0.9090009228555894
0.9240784018631968
0.19631881915196536
0.007873175795820364
0.35544437659698014
0.12594053588250342
0.9163070834527774
0.8051685650354605
0.9539646943823942
0.5795395263466926
0.34892307969425895
0.11533498643927032
0.6283233064077784
0.8166183463489797
0.9660346040945054
0.8834755026569635
0.5010094625260473
0.007700917877998759
0.6670287817184084
0.3917044266160874
0.624322946775832
0.7353257651146018
0.3837566468265883
0.8740503721825458
0.6346947955310273
0.1960180771722263
0.27383091177451147
0.09252295713580416
0.9077908397556226
0.9888679910356828
0.21898231721371553
0.8940267598666807
0.6718262617594252
0.5362774469490866
0.053187346739652974
0.6086268929669089
0.3226518741355695
0.22638406018596502
0.05953876521407919
0.6467403877840203
0.8765557002142531
0.5668650253640848
0.7953373470260845
0.8061485106204731
0.0953564229703241
0.9962699385637547
0.23164147249215772
0.6092948140800252
0.32324762781715155
0.5117266215179709
0.5265191396880615
0.45715440128131035
0.485985326948429
0.9408090230017877
0.4905042758468511
0.5080302200650658
0.020393053522137383
0.5105517407101363
0.9482676314723086
0.9679522238186463
0.7257927869233742
0.3480416821802924
0.752269989848646
0.9139259782106257
0.6588517495549107
0.6847113175887496
0.16217334028585217
0.8620971347428644
0.22946851578343386
0.8304046389039729
0.6680433150686448
0.039968831319777354
0.5977046149378094
