480663
0.43348150093015636
0.10588438233830988
0.7251292951094683
0.3204003843516682
0.1496715647730572
0.09080678323442659
0.07251736947998211
0.9509969357207707
0.6050841924880774
0.3761320148365148
0.568073470666502
0.9572187699304461
0.45772636641197106
0.7360015523554454
0.6186946872244493
0.8886541994301301
0.4370756123225539
0.3645616087414637
0.8167321326971523
0.1999040135452247
0.47270015440616886
0.5865537211965465
0.10183972124558904
0.5148512905073585
0.41061452437174695
0.8821499016427545
0.38380327701944883
0.40373791883045784
0.36000318784616725
0.8431278196801146
0.18704936715363296
0.9371168360082776
0.41314085078416096
0.6979900252808954
0.5308541376267875
0.3793809295803716
0.3377831209054424
0.4703886735866557
0.5688416595571202
0.3894533867738228
0.8539963162249754
0.6682253440371609
0.47718228810267693
0.007355926358057374
0.2763408965052978
0.6400526966372984
0.7029722853216754
0.5227551958923131
0.6275181859501807
0.3809136063719626
0.962594897511498
0.04521998861297749
0.8110351292056266
0.621510009493694
0.31443491544945257
0.22580440632416643
0.06813747809188575
0.49260243808082604
0.22113796917480488
0.11570562149387886
0.7382068215635744
0.9207986548256362
0.7636767835200642
0.5901272530468281
0.29201266179442453
0.18239749308442776
0.07280639609018258
0.11411211580437552
0.7136551145379951
0.7187121068162059
0.6030611509753625
0.8819913225588508
0.5697304675137906
0.3993045811944279
0.09026628142257842
0.5232289649712896
0.5231956852137093
0.9088212771995344
0.9056072899767684
0.6348251547259257
0.6246046199543526
0.8286269470105185
0.047620663298928
0.3740720894293973
0.44483284260074174
0.28619235776202334
0.19803978057970573
0.22534152038044652
0.0011041274059571116
0.7531990119398458
0.10825004018192741
0.8407142931037708
0.472076659111069
0.6875817386550177
0.08017796902067587
0.5466454584917332
0.8979421093187269
0.2352377758459665
0.4587586795915817
0.7074914400008407
0.41793647904069686
0.13388920088873757
0.8626971379923695
0.6416085776818463
0.11035663941646934
0.2945929891528193
0.3460583523195384
0.1968649634760855
0.16912176167998505
0.2756506298060465
0.805292421966866
0.40979050473844547
0.9761145638342604
0.00917780600093454
0.7246203184426465
0.8962227996865
0.6099818164468797
0.6923515745657326
0.7872768619801248
0.7511892754722665
0.469769898240989
0.7133606940052369
0.9709272594348121
0.771899186432397
0.9857155143258387
0.8463428631809772
0.49264472979536544
0.7601011109864135
0.8397077410806851
0.7200998418250839
0.37215584112255873
0.5086952475333396
0.7243823318414366
0.7421395161862985
0.44163155311144586
0.8323719036962635
0.4325050908265803
0.24260192043008277
0.34612178804788263
0.6631811243177232
0.9872457894976907
0.5918840865222623
0.4508017556669973
0.7993204463852484
0.5991399141636558
0.441285597356723
0.5995183253471594
0.3690611496877131
0.46698078247312547
0.03775604869085458
0.35369566428139054
0.45161582549285884
0.8275794432116937
0.7718317119934288
0.6814791311022167
0.5828833106267922
0.20327587295320093
0.7321080145935206
0.06406662531993923
0.06638924288813175
0.49627929457374853
0.06010109978493616
0.6394976312983873
0.10837406992853338
0.4353618854279264
0.32611036185186415
0.3137397367552539
0.8008622477407131
0.8931243212668252
0.979701235786121
0.7347330874416607
0.8876801282899773
0.7609979264903506
0.1676853425956517
0.647123526908021
0.06577217173397976
0.3943427083632973
0.8579832144474046
0.42373545053077843
0.29779799638255255
0.12144635672826432
0.25951211695708687
0.5044056315537038
0.24187623514224854
0.9479244692690119
0.9862500050938643
0.0636197667125199
0.4404728462852123
0.38196756057332515
0.2778836674972891
0.475463733423213
0.35281552679849226
0.25607553309164577
