777311
0.8599575074307568
0.047721624028284726
0.6638478918723333
0.5273661683598093
0.7031971654638121
0.056523314972945826
0.5576200498031072
0.3012387066851321
0.024689428493967602
0.3287646416470531
0.8041454918695689
0.7421196733147494
0.3628587674568793
0.4915928998563719
0.5761361775611827
0.11021287318707607
0.4536873489159021
0.5365717219608334
0.885661292225429
0.8946209561706308
0.9373843314467839
0.5307087437544997
0.4106576598447542
0.9009015541727848
0.6327173501026203
0.14735062735341853
0.2673524301484246
0.19506565267182407
0.23047709777535608
0.18701953823869266
0.9770416501273597
0.006222010978315762
0.7780541157073134
0.411585922393529
0.47430143683251247
0.046515899017670725
0.25386368252291447
0.8247429467621351
0.5085905735124161
0.21970643699926296
0.8633641099639229
0.9975676868009711
0.20233679416545614
0.35867163638255695
0.42766963003928005
0.16002482702606335
0.845981641778862
0.4573260663403974
0.3812688729258712
0.5575890920909505
0.23409140246322813
0.8438805848727978
0.4471158198662054
0.00673253413396635
0.9765247976126797
0.8800699219862347
0.015369699897577527
0.6738434037073656
0.2547804435162879
0.0649182543251855
0.6163167587829605
0.8492136579687712
0.4360305890739392
0.8718089320100971
0.6485151548856591
0.8910520917682849
0.8059795905170603
0.25406930347269585
0.6999624778855219
0.5740512092266097
0.436569195952233
0.5169772785527774
0.38309224577323886
0.7928550667198504
0.8656850268027053
0.17304136901304945
0.5936645960445274
0.9428468236090145
0.8334016694758868
0.4726014771203705
0.49912306122154615
0.3289943877456848
0.7929364708516644
0.5332425792480737
0.3637485155216059
0.6380627974414681
0.29436503171091133
0.3792092819003785
0.525947644848168
0.8503227657018494
0.6252843490931073
0.7459542836114933
0.4572724824525961
0.9639546806823461
0.2849919310366309
0.20514893699740044
0.8532745416076875
0.5586678731483011
0.9673825598369244
0.021929862575809644
0.1330549936895239
0.5346253076454003
0.7326467310019505
0.1688503700986087
0.5573804997292241
0.32858399931373594
0.9589879475316503
0.08995112690415352
0.414491781898755
0.5312318051353109
0.48295867679513504
0.13355964568244827
0.3682399957268122
0.10802199550953995
0.06064766988763581
0.05387353581622123
0.11494356983454757
0.3603764210665493
0.9118339346746746
0.6190777303883785
0.9533664458167399
0.35494922019308917
0.6453559719536327
0.15769136305456766
0.7364758629383241
0.7957130485412083
0.306327200748174
0.8250349249139944
0.9441460618304305
0.2169500492165104
0.6344613336172678
0.4781541819813985
0.29273211274391975
0.9348000276857186
0.8776547713043894
0.3102320970137362
0.3804454922506706
0.4108389361326239
0.666105318353054
0.8144657614392314
0.3567213339746115
0.5532308692541118
0.5196296295243163
0.22258027113119805
0.49927476525331016
0.009316759457535961
0.5344745739761587
0.2945970191770514
0.88430158976857
0.6880741901029054
0.6758004333258729
0.2241693739631191
0.043286666931659834
0.591701882968056
0.8881469034436399
0.4677435210783
0.6141405843807332
0.5326537818389504
0.9285751603337598
0.5059978330480983
0.5148937363095828
0.46576720982579123
0.42581287881311325
0.9024597466870317
0.09493429351000437
0.9747003635156396
0.1736109594529106
0.5368938351286975
0.051784151881538176
0.9177144405392549
0.0776542963801724
0.56000052731219
0.6406655198002847
0.3599061706468146
0.4927514046213738
0.4411600233363606
0.8496178775500883
0.6973167932040999
0.9106604171133029
0.46240143762207964
0.7646830279927611
0.3129136408411278
0.0887922308344582
0.1494723132879432
0.3076842458415795
0.1952613885822333
0.7461636405848976
0.42482912070369583
0.8933826629902211
0.6977693259744534
0.8953570981932729
0.7175645251868928
0.3233021302036698
0.01972264041630989
0.7278755341653755
0.8717328581124074
