1058133
0.4102719621275851
0.04987453707226486
0.7251643225084639
0.45722983239284143
0.41074405562876903
0.9291978460897798
0.3287046794144962
0.006328819372072303
0.3311992402263315
0.061463680456220304
0.06996603625588749
0.7741703882765235
0.570465540968095
0.3286361764679573
0.5346374437013844
0.8529478628668278
0.161528368154363
0.9526418136786119
0.9154409940865107
0.8572263478906162
0.0844209253228626
0.7858925208006056
0.19396310173445652
0.9417785535526297
0.7360408418671796
0.8100123574471806
0.18432218121346844
0.61351553451471
0.6632466366011851
0.27553702044305695
0.7701242585705705
0.6555362768803659
0.09234583366068261
0.22492664852614663
0.67104055063728
0.49401491545093756
0.6210936538161018
0.1070521570582953
0.9864742297525886
0.5075900025999092
0.6785801280852829
0.8133859792433107
0.5811661443897024
0.10411539789879387
0.0038899498499591623
0.7444479682866986
0.10122218858364296
0.8710777641014488
0.4461785820975688
0.44962806935939825
0.03892779809735114
0.7436808783176758
0.8468145097983661
0.9743272341941279
0.8008477734401986
0.9285421908966294
0.6284968405358566
0.2954286233800846
0.17609276600195456
0.2711428996434794
0.9867638531799842
0.12943140865073643
0.9502660172862663
0.8616171673464159
0.2560671625627168
0.9571495688895809
0.6654873837819836
0.9361624383636538
0.10559272218059468
0.3246989079831851
0.6880240315205363
0.5502973203166643
0.7092690380067311
0.35256514307628384
0.8124401286642668
0.07538954251769725
0.9299096481508696
0.9128668365264454
0.6048108204088536
0.30132093948173755
0.8591953225867077
0.11949699834627314
0.5674283357313638
0.8158525735954925
0.7632092149884808
0.6166473069324571
0.9935611590448997
0.3751980404077272
0.5974956827093161
0.6482896953608364
0.07320968404414452
0.18050795966498245
0.7761218284815183
0.04450981484143257
0.40943499304788866
0.33141486703961787
0.8059781309774323
0.0701577469432243
0.609719853046383
0.24048198173358548
0.730562519671214
0.5471008928283025
0.027953777227885057
0.46134562730253803
0.06675030153912809
0.7834354843332683
0.05001758953068036
0.20853550812543087
0.06355976267429253
0.6213319742388697
0.5395744440177462
0.8284031682233697
0.6636813283709789
0.3497611104007401
0.19055830996104284
0.6182834000444899
0.5065459616828154
0.3191672506217118
0.5689829329923589
0.6849597046578263
0.6759660426808478
0.8422258462176353
0.5690775305854977
0.9836992423353633
0.665890386416165
0.3681422969082081
0.8573880393293984
0.28556865982875657
0.21457207685234303
0.9775199602833556
0.6333656003113568
0.5834372194693472
0.2404561734901326
0.9606450021775694
0.6960970580468646
0.36601915644388106
0.10235197109571303
0.6141064303407772
0.3742145295876126
0.2645020515378591
0.8019624039457524
0.41898984092956804
0.3496543767523921
0.8077542240492988
0.5486007137651838
0.44845369180105543
0.7858186659385581
0.40979823658614145
0.31393270303949483
0.19331704505359015
0.4568244117832042
0.2571840900236152
0.618840520934863
0.9913588262121805
0.7669100913495027
0.4640901473686736
0.8150114842961705
0.899347510251029
0.6476998244048722
0.7194256422207722
0.5506139194925612
0.15639223400720148
0.3259102313783532
0.6629037445714712
0.9424290380569942
0.3530250343525452
0.8652166876192271
0.3959994232158518
0.21606626134082474
0.042495256725841646
0.20337872255728673
0.8589017153530256
0.22139693670145255
0.809077086365662
0.12935756260133147
0.2860155049322528
0.282099172548784
0.7427616513843932
0.27504096090305974
0.5902628066996422
0.29621474070858744
0.8605250554937108
0.7323238051385694
0.3203792832295471
0.8688759532854011
0.2614346727602551
0.34867550476004827
0.7855968718742861
0.5288694553845931
0.7061756781504924
0.10295827715859696
0.04854853377983648
0.7574603355201764
0.8711505694084566
0.21814262813469576
0.7499268241377903
0.640908923588019
0.7431245698599294
0.8287000444895363
0.14737302958223397
0.44736975588292704
0.4924599735050461
0.08783507108559163
0.3262687701523739
0.32437026900334853
0.6913032247889472
0.5733517516514133
0.27154796458574504
0.6148244985146322
0.9276582958084937
0.7308326931097909
