831786
0.37734139058645355
0.9975449701750154
0.707100715276666
0.8789414559879003
0.015212297505658778
0.7724737535422509
0.030956553679923005
0.9940417110111485
0.9819361458045043
0.13136138927998786
0.19309137215175032
0.08995987270768424
0.00422343166707384
0.18138017697750508
0.14702378070622235
0.5136001601360515
0.9904792624022399
0.822166432708527
0.26089965584925967
0.8882543586591033
0.3886394120158999
0.3160437518033734
0.3999321105907251
0.7538308341570331
0.8343169369098395
0.5366872344864763
0.05423352147059035
0.1768608769800195
0.2549398539652802
0.43324667760932056
0.6645361532420866
0.7330225450775232
0.7332547645775561
0.20495429373953034
0.38911742074262123
0.3010552778971475
0.7275169565811291
0.045500215198876814
0.30231756946153265
0.049321606838732435
0.6958831499413953
0.08696739681709209
0.41835628127256097
0.8449048621453267
0.7789677179171859
0.3498747441440171
0.9937262907957528
0.07001416813509065
0.9572192227954657
0.08888533059307369
0.2772617476156408
0.49160200186521186
0.01871869755269351
0.9129945930093019
0.24904949212129035
0.3974809625431047
0.7481971727308792
0.4545208144187999
0.9176718531887931
0.6858604203714193
0.9795145708029775
0.16297840103133165
0.4298397709782814
0.9751057348694103
0.541537890946252
0.007921888213365369
0.5872953553933993
0.08665597270483039
0.6713016631938404
0.48910678704331434
0.36293351455952694
0.44641857654675654
0.16852915448685135
0.3728209680997676
0.6614120892447608
0.048592714625604105
0.42203777672526954
0.9999981216831982
0.8790909903291348
0.6307551235098899
0.4512479345214331
0.8447327698192656
0.7839604303103447
0.6201758411902785
0.27495953376828
0.24107394770717505
0.8582891337261364
0.2287134528771091
0.24475563913072185
0.8414825273991219
0.5250433936178132
0.7972726327468014
0.4618384830651644
0.4220951946242899
0.6136985465755712
0.12068937109913336
0.03379780516135367
0.10794549123934016
0.011884258169210016
0.02004240089500453
0.7217572458310344
0.9555504419013219
0.6963757467176728
0.8717715648226078
0.4785395339069708
0.1007792001487835
0.24026323627173474
0.15161730985383814
0.4849368644705383
0.3566774142065747
0.45270199621313123
0.30627801493504503
0.5538676859813892
0.22892966795847647
0.02346627848715299
0.4268145814951424
0.19114684797448045
0.8058991641074162
0.9165999498007416
0.2652146607507868
0.17679131641004409
0.8756927035709939
0.7857775408608538
0.10916186262772509
0.26222869653061287
0.9244558947222091
0.868559562724126
0.9099376477495612
0.46647141745869547
0.37811173604173953
0.6575462401541536
0.8445168662885514
0.4982646899859692
0.5640139596978566
0.14350401531609647
0.18530057051031223
0.03141141297269967
0.38949322198998415
0.5788597441158241
0.9495623429184947
0.9169229387618498
0.6610331941792836
0.5195275032392803
0.30556766427226656
0.9283394791964077
0.30082096968256467
0.36885367467050556
0.1234579327637112
0.3055097144490252
0.4566735404473691
0.7695356880244779
0.3763745132281069
0.18731394958147984
0.646850822166563
0.96769066989431
0.32092996283066766
0.005260870797551664
0.6330228147956466
0.7078203364304098
0.5160172960364438
0.0475833032367744
0.6726665197038039
0.30823863480933733
0.7750804342620812
0.6974030817561243
0.16642627384848496
0.3135992040366423
0.08935186098697045
0.29873158474666583
0.4864784148514908
0.5244800449110226
0.40819658383676427
0.21051634219691173
0.9486996704288725
0.26355259473580284
0.9175839865816215
0.3716408816703195
0.4744460020028489
0.45368358694545574
0.11884212389960402
0.6187291210824687
0.477006658344192
0.45538761428396946
0.5772319486017651
0.07380180430632688
0.9033057633687407
0.6393689781442714
0.6835114624682825
0.15027714332409647
0.16318215424172633
0.35446167623521574
0.15154280157881428
0.11350351207884268
0.8865851814554153
