2880667
0.34257743477692815
0.403873309274389
0.1776739800536864
0.688137072375875
0.34488817699601737
0.6462874439335753
0.00284269665474568
0.0759146689410114
0.3176711031167162
3.383080273030581E-4
0.9434308284850783
0.7254047441452818
0.7527092899560199
0.2541013203033936
0.4921971990350794
0.8327851683283833
0.035504838021380825
0.7439851408259759
0.09641929871715793
0.2672872774509292
0.7292433031828488
0.8074251932849597
0.7735499288705688
0.9836523536557715
0.9589787738281476
0.32368989083442834
0.5475687501359038
0.5865591682400627
0.7981698807017752
0.5195881871061646
0.8469284012990552
0.5446111959599407
0.732548072667194
0.8662805745641027
0.6934714998156878
0.3415122392253276
0.7304018587502253
0.07406019456938917
0.9814211846435585
0.6733473098736
0.1837115887024181
0.9038843106583202
0.39652448197554024
0.6534252960176888
0.0011709561396032742
0.7576010998581114
0.5576547841902116
0.8699284799351465
0.43198362595261786
0.783230003180853
0.7766553138777228
0.05665375428567421
0.7784241845963737
0.537318621668207
0.4269331595338425
0.08341865140071536
0.015504446731643307
0.0833128749156673
0.2872891451195163
0.950244870299453
0.4776879665386926
0.7730410618795753
0.38469587432514785
0.47822105541039606
0.19544663688400388
0.8578270557997281
0.7982125070816505
0.42998520932134965
0.16855552605753443
0.5064112636101783
0.6059516260367517
0.8640566801497652
0.848372828392297
0.7687725247430195
0.6579902340104785
0.6297865429948457
0.3679541656778341
0.5181080564175469
0.14034286400944795
0.0434840351522775
0.6067014906521704
0.4276425429024463
0.9585921567850622
0.9513162812024514
0.00534853856097417
0.5946014105334536
0.814498221044179
0.580866845066758
0.15743676037776277
0.5105979884224775
0.47488508205272395
0.8107787860066906
0.5950362381514933
0.6958473618299694
0.13932859346092052
0.7466956274861202
0.8593188649711415
0.46403467855513625
0.0016472271708128927
0.7817539488160616
0.9006917925776037
0.965329294481053
0.0699235278347976
0.6411696346993582
0.08855092305416645
0.8669500817216146
0.0607604820772063
0.2629989537071262
0.6273157806891659
0.7738517100731152
0.7157037418800222
0.750945195919325
0.9732589973712656
0.7665155277798587
0.20123733325116777
0.05011982411142424
0.92574453864452
0.23849249643400194
0.3484864600437203
0.4429569472989273
0.42684099749703686
0.5532602818075018
0.3647385733957259
0.44001871305127016
0.744877464502462
0.9081202049134481
0.30611936892849534
0.14921781492489206
0.640361195798451
0.1922737014231981
0.03923776028526105
0.7470234521767427
0.31677779951270035
0.5568826995617326
0.6393398656552151
0.24650463298250858
0.4441463340651821
0.8768315970865761
0.17348912210417355
0.35960547625011596
0.3098030814477952
0.27707297913443274
0.599515560747063
0.8848348226962471
0.19873957016777966
0.4208533208736679
0.07495477586277077
0.716592198745788
0.43492173726578165
0.31277882594264983
0.3149223584690535
0.2686412601088157
0.12536877114842793
0.9565955616070017
0.7638477550505719
0.8317805140054993
0.5403719582924167
0.3257224475550542
0.2532164561836593
0.14455079555645944
0.23608500722324
0.753989230276185
0.5059470930927772
0.24585719614309487
0.4798191091454126
0.034696161874092635
0.31775636958991615
0.4996732176269384
0.2737278350572149
0.22802567439848442
0.49684079566842765
0.5345328924903615
0.2891678210401788
0.4200007013746381
0.6754313924618777
0.7243067279550147
0.32187348556112627
0.4505984189907135
0.9202537605692876
0.7517955488334214
0.4571852218651091
0.934291985861752
0.663652545599721
0.7429659820344084
0.9949220751848968
0.7332068590664523
0.8531159938702367
0.4371898673736644
0.32509150582000157
0.4112430959980289
0.37416249066460106
0.8676394404038843
0.3684804998491058
0.09692779585610545
0.7400280991338172
0.0660288209272154
