2353211
0.9354966359243204
0.3515355515788522
0.7394288907907376
0.8366206111846662
0.9968253032149911
0.6436939159219096
0.10965929521845985
0.8280727198578874
0.9539614118441181
0.3192036710230992
0.6671784949211726
0.3327622851031443
0.35201832525121723
0.30989206082910037
0.45160540137820293
0.4944217608803748
0.6796837558244013
0.8042209662214266
0.6738472068100247
0.16454707520438971
0.19908320636738053
0.5205868995816237
0.24863420845628448
0.7953194714251132
0.7702883495422824
0.7098627723842916
0.755308775745104
0.629777295775705
0.8465265420072393
0.0761760915368721
0.4995064182754384
0.7693461357760287
0.6296238177526562
0.7199584238374549
0.927468529007322
0.0045002804972020805
0.9699403916951502
0.15358951850002844
0.5050774668649745
0.13124177211555
0.9710342593610862
0.4174986452759819
0.31530721776171755
0.8442485672620047
0.4165152293079679
0.33337458131041553
0.0506333118713157
0.19695596665052217
0.07502771811736375
0.9711753363955513
0.781048030913529
0.04950097107257401
0.6590280787194105
0.47791677443661484
0.8636780383450308
0.8873719186329826
0.713997887924263
0.5187595238206077
0.6266035534176028
0.8867711357025989
0.9969619156072216
0.7147016794409907
0.007329189537370606
0.12711113236568683
0.9666554110859495
0.6262240924392204
0.15545876380130763
0.4067299648240845
0.8524126732584894
0.028524864626251922
0.11947743341918426
0.2048248830831848
0.394824624906308
0.4515172116252184
0.12914633329918768
0.9507676515711472
0.758440149230288
0.21655567526249564
0.657866493906963
0.9113787959407909
0.30526256944706176
0.49189312061152735
0.40347026920545603
0.6874023405395031
0.8875188899306836
0.21016130484981888
0.5612498606513403
0.522336672452824
0.06915607460305051
0.04370603203308543
0.27963469383378536
0.3699407761147081
0.2177455958464285
0.017397318079455104
0.9867802883291846
0.9411499110630447
0.7219533146214429
0.753573974365455
0.35543328760043635
0.7567980083810386
0.6844589978225157
0.7900711277072316
0.03378859184403027
0.5694588424531806
0.3161860729053424
0.8898182354199636
0.9116563142800507
0.38588180107671677
0.9149285757565648
0.7692841564180504
0.614107740925403
0.7209119313916929
0.7499391722837928
0.21308501155464976
0.11887095811582493
0.644448388164272
0.39376850969746435
0.1133595211713131
0.8790986189707558
0.6449094414001613
0.043622784597415754
0.5750556027646815
0.5997315555572659
0.32583557365903326
0.1567327802258276
0.8620611573705097
0.8635338146990192
0.4766776705016288
0.2877045143659428
0.6241509760005645
0.13197596539730394
0.1144795456130615
0.3605480092713621
0.5410105870475406
0.2564954463810327
0.6800799445463531
0.7340570970467463
0.24713735725276842
0.527263937375648
0.6906216447666742
0.3264401594103852
0.16020777739621228
0.45944340956760343
0.7995706477426597
0.7535779733512784
0.6255390249283795
0.971014296714865
0.3961113470061657
0.9050111985108483
0.6105623310983812
0.34161035355426317
0.5876987078563398
0.6327373028348418
0.03576422745092833
0.358396797205485
0.6527116181834861
0.26012227245119646
0.7123410151929301
0.35287948693082727
0.824566450627843
0.4317102237411846
0.7718510458095108
0.41163493131539397
0.5743130568986768
0.4194393214170695
0.4194381158002113
0.9043016441146954
0.39565048673986314
0.37675003407605256
0.8197388185145508
0.613776213041488
0.4644628422397926
0.18929768995275553
0.9333748862224612
0.17640763125961156
0.4443904490270222
0.5094581232429315
0.1619720018403824
0.2440858867027259
0.14061505854330114
0.2815416886231433
0.7309340616427609
0.7654723355928886
0.6659522507108304
0.565607381369179
0.8417421945707123
0.0502203166222287
0.276508242806338
0.7499956500125025
0.7593360879226565
0.8278867432326833
0.058571779209175
0.30617484860055155
0.16517482014752738
0.3423366292957567
0.20407688327599793
0.08422253377338795
0.3028629110611434
0.632794029163362
0.6988853759285514
0.7732402942394236
0.6707668138376995
0.5442945277180854
