2259147
0.8663025583848493
0.5582262136700628
0.2748359077599045
0.6831461400920256
0.35765351577718685
0.19340654015876957
0.7448812490243077
0.4871066035954472
0.8624115265142387
0.6817541644314109
0.9388540346255041
0.8153370413148138
0.022283776036952085
0.5013982854224291
0.01220555571073223
0.9797934470951765
0.7768246122167662
0.8518562715757999
0.31319844117729934
0.9375687428422533
0.6425591879572433
0.706495075180375
0.8800791535858341
0.44279996181710735
0.23326584920220828
0.5523562808571887
0.7623098253574495
0.3171067303976858
0.6659786791069205
0.5744553123305332
0.8655971452876925
0.639128640745479
0.3654360758955577
0.6988921543873252
0.5292449331739761
0.5765805663607529
0.17911537947251943
0.34758700716993973
0.5843960188740847
0.7883467547582831
0.6456575191883652
0.9771814850048789
0.21301814589712753
0.8094862341159098
0.7213993428766285
0.475621902756464
0.5300277592680205
0.5986229486824847
0.26289624019488345
0.27216828810041704
0.4447345787917424
0.4750464900668442
0.08773079198077749
0.5800489766776854
0.022828652962643248
0.0019502039226338974
0.49156784433484924
0.5357073001163293
0.26642114889592716
0.9825852081809048
0.686330192577568
0.12456363657318792
0.9571888355765209
0.6277108191134915
0.7425333221038244
0.6904422444916388
0.9664613131224258
0.1255723016993835
0.26823137719510093
0.5142891241969229
0.22612915711628256
0.29974016665850944
0.2376911306580861
0.41753409741325787
0.3755403737772477
0.7754950951190445
0.09482407587249753
0.5964257524619067
0.9520912282731095
0.09204506286930414
0.4995716449675094
0.9258958215942071
0.877007060222518
0.49571285774061524
0.8598518431615684
0.7849850043439643
0.9028472449617779
0.7283331593906766
0.09734024512562522
0.05058953338512984
0.6355580081066299
0.9854503346367308
0.9322719552802645
0.28226405103156293
0.7214355661874698
0.36050979712334397
0.34061547404409986
0.2780426682971696
0.7981511354613083
0.5140866808612392
0.7363833186270317
0.11971747232928442
0.8490285902949873
0.01129818643655467
0.8625082862516612
0.5457391474954445
0.6710544104287958
0.7558961786447456
0.3356286432067318
0.990882057076947
0.2696388376303607
0.2161395709495879
0.28328879967297527
0.9140419091755103
0.1269359726658622
0.6853966740117248
0.5364773021568675
0.09901110151347658
0.4555697474165804
0.6495292461248898
0.39608666796504466
0.4578031575593352
0.7459020212314686
0.4434624031367218
0.07879488505561238
0.4920744782283092
0.14251732784144577
0.7709449334896572
0.5660315076383768
0.9754181644319537
0.444388915292522
0.3343570629185849
0.7291059332556057
0.6077806477602647
0.8132289510924202
0.7755237766093888
0.2842393559794605
0.3629795645511915
0.5958152373528776
0.3638435502210894
0.3431558127709553
0.0012768184314481124
0.01862557389751751
0.3846439455401567
0.06805178026631398
0.751187689278985
0.8969005410115103
0.9785267532501216
0.2141783694235957
0.4781837766534083
0.9152934890425953
0.26156749586272854
0.14893341312796715
0.7526735891940438
0.4835568384288147
0.9165852607222349
0.27327531432586527
0.10562125801698052
0.648251940578144
0.08730028276077528
0.6394347208041555
0.4173909680372141
0.050259020515732944
0.3300487671755177
0.9583135597223571
0.8238802845454984
0.4579030881655558
0.5818255389933953
0.12062571210086448
0.7437331348569082
0.9768005406961513
0.5887768687142342
0.8177470567649348
0.6313988823151822
0.6400700497789373
0.005867282302637
0.8414072681381293
0.8430313233658279
0.7163407415217822
0.426295990285273
0.16576912427596824
0.5656971354358122
0.738029754081608
0.9283396470161906
0.9711060316537291
0.1050906865420228
0.9486497154057146
0.33765032504237946
0.35520149969871706
0.9529280278483997
0.5954466818706338
0.29463853635392967
0.5967593198923442
0.9624199802093856
0.25245732462300974
0.3894232214224037
0.48452663028113785
