1339646
0.648700200296314
0.1491136542138375
0.08093184666066311
0.4064962457129718
0.10081145969746086
0.30081247301020286
0.8520853231726323
0.6054691451193986
0.24282899197019403
0.09040600744295224
0.06960444400694565
0.25042117566804434
0.21392718958018608
0.8333587553231862
0.3148254285668589
0.747532988854477
0.45067191653484373
0.7743554392872295
0.531014196534368
0.020405925753884113
0.6495476870964123
0.9094330162695896
0.19302066462190592
0.3259002694068306
0.16370488988437681
0.005249754552462127
0.8467152355365942
0.5401970545539337
0.5451397623534956
0.1958927887129419
0.7885020990144431
0.7490982334872928
0.8819953816855505
0.5776646679698607
0.35930486041127885
0.40724402117504765
0.30039918534416477
0.2935790760095034
0.31277187141975604
0.29284059363253634
0.5012288602096178
0.7018340043784541
0.9840501189130981
0.9776551413929901
0.4844248417122803
0.35632063423956806
0.5333282575449522
0.5564493746340975
0.6769446205562535
0.6922645805253228
0.36745047039244694
0.9356869231429088
0.5251803127714925
0.506385839314515
0.9532550679532233
0.06826351055988411
0.2386374328251063
0.5485019223828194
0.6278927199122294
0.1391736179133829
0.7788996981746089
0.8002888982184363
0.6842312212569475
0.8564406955132862
0.3763810928879533
0.3069530799153456
0.9635545936743922
0.682302725642006
0.8270929536360047
0.748855900769754
0.4231171247442459
0.051558324448042425
0.5726302154594607
0.2926729241628364
0.662712838174823
0.3671431332089119
0.09880813579959091
0.6454577319319733
0.19227396278709907
0.8374201687450121
0.5018565085817199
0.6500199427043619
0.30161266800367825
0.02533175078607275
0.1658058788087411
0.206315586928145
0.7537720567090622
0.3164748240346811
0.3706758021653377
0.7810880152265456
0.16505427334641243
0.38132537829284074
0.3083028762724995
0.2767853417783831
0.8576446721321631
0.10625215028845736
0.4211218834377328
0.5708203268212396
0.17485298113457293
0.39862333093943847
0.19894041589078937
0.6075275273433907
0.7343435790420557
0.7332241812468411
0.5697238813279993
0.5277114760540642
0.8613291012765951
0.3003680105942834
0.8026342859475298
0.9544684963916666
0.4915523606114027
0.14049638793139763
0.40504273854892325
0.219004509122955
0.1629839699612814
0.7057287507911765
0.839962242495409
0.006459449816961005
0.325514036790879
0.8757359595731323
0.01632374437351436
0.6292885720698772
0.08951809480432349
0.5734758166384356
0.41174536389180416
0.8945395746253232
0.7070289763560298
0.7757430984629049
0.3759207339218643
0.32140387511194946
0.5333479063799731
0.8941505952511609
0.6324794591578544
0.2867092073096704
0.952279551660665
0.21407152266990548
0.24814883009814426
0.5285598473196473
0.7647773859866704
0.3222380756577491
0.3702729089742395
0.3221197297166396
0.8386376066425724
0.2281046127180848
0.8472213712464581
0.556573138455429
0.3959805749998333
0.1897482423977115
0.44094699402696325
0.8885860886719048
0.1756112891897773
0.09199350792526884
0.7169277144008472
0.1251313387498727
0.8489514517274556
0.5926122060904325
0.8539550969672745
0.9973283111925985
0.49108701293932877
0.15186294029433944
0.5547080414859034
0.526988842460668
0.612577367386232
0.49129964303785567
0.9577771232716685
0.25884834613727437
0.24302327098019316
0.9896917598617233
0.9527812399450951
0.7340012251804522
0.8239922514423769
0.017063642812218505
0.5824450876818452
0.7138484327586953
0.21675232730255423
0.23227373822689312
0.27898239493519883
0.8289040913522557
0.9593656959784639
0.42521927512150204
0.5268564126762436
0.5230970662395629
0.018046039078525422
0.5716653582989656
0.16996591240987335
0.39174278431028897
0.6692846732228429
0.38686202705778006
0.9885310570163833
0.27014909595260006
0.8221021261892163
0.8135265718648713
0.35943074317554424
0.7198594889995422
0.04388343710941356
0.560432518878682
0.7834687302469887
0.8808260935803287
