1684460
0.6079069301893196
0.1463611237375465
0.04049220157983524
0.3161453355144497
0.16457272971316605
0.5189147185088553
0.11689402431825968
0.14258160419550214
0.1312188330095968
0.5139783813463149
0.8472352513785031
0.004531455423183117
0.7812558784653715
0.6520165221784961
0.2474592676685935
0.3220505116722163
0.27071853208164487
0.7928420170936658
0.07787228016037384
0.23223724457154127
0.6492855988754013
0.6919847180483655
0.253013440155892
0.08075595541639446
0.45672753057938853
0.7207726576195626
0.5453416019885727
0.9345094706545216
0.6831321021572101
0.05508777042724633
0.30689025467453923
0.979505668824062
0.7706729958311108
0.5762350934291812
0.973081268210214
0.37206361100925134
0.7653503835340673
0.4470905667160209
0.1841772670513413
0.09685650363132137
0.6890464428754134
0.8276693887420541
0.46239141158491914
0.6518903379337033
0.6954030911293437
0.47648326752738124
0.5164623427354784
0.9283691079749383
0.5974426459067688
0.04753149301125248
0.4105413530562315
0.48249774333304773
0.9105172277563676
0.7374976099294404
0.030527759586947756
0.5066271022254348
0.6410855005479122
0.5636994181391352
0.5085274164488264
0.19874593762090298
0.6699807324044057
0.9605672586936321
0.5248985421095504
0.902176219641442
0.7282469824663205
0.5709016451879207
0.6973880557507913
0.34143042310945737
0.6442853346698222
0.07788805909452456
0.5881507470312557
0.5155404770436037
0.7529653813796379
0.6748234446319991
0.21198224771445395
0.3267697666792153
0.10052173638005357
0.3017347786913547
0.3128865861506349
0.8204710437224605
0.3534690975283332
0.0915479900170788
0.09113749366471491
0.990954828779108
0.12543359561583756
0.5631903779034219
0.509281964791169
0.468584404392027
0.7727122616168303
0.9749879118201831
0.7830738079314532
0.044914902184369776
0.5775363450275918
0.908944091335346
0.17211335903502656
0.9155458345807795
0.6374284280484938
0.5949640596168806
0.7250097611234816
0.7244575630775025
0.7097072972996402
0.7038147694462595
0.20516964733101506
0.9789545384026096
0.7221085801039737
0.33858727581195713
0.025856888605395367
0.17093829568488617
0.6536531516145686
0.7366553527370057
0.6569556184826307
0.9880867725732615
0.014309674536544748
0.7575997627754003
0.6309087931651098
0.3276159852292023
0.2076611677068918
0.5772951292150895
0.9715932409974855
0.4356531054491364
0.6477000908938171
0.13433222661951127
0.5974310510677553
0.3868510333342221
0.6190403076228299
0.7821756994655182
0.008826812307005327
0.29172600829410955
0.5192480267749375
0.28893285046779704
0.360058317538951
0.07330167655206632
0.302658589423634
0.7963370989215995
0.8370385273231001
0.38999423302504654
0.6569592862890459
0.6005245561229359
0.11490470362022276
0.2982752397977463
0.6869828560917097
0.6494103518411244
0.5531803538726972
0.546499927772509
0.6545705997816523
0.46494676344666297
0.7012940067041006
0.9703904194511547
0.6290272262287226
0.7932724073931032
0.6335288811367087
0.3210151456730068
0.7396048252371535
0.6617378604897113
0.6100154867120521
0.9977068436235754
0.0896164521566758
0.6790201719447347
0.5691689913814248
0.5812135268659379
0.2911941321712498
0.35301464583871567
0.9970120756965897
0.7664781161075928
0.010370638275655653
0.9209194761950696
0.7901128646467077
0.27979386126563444
0.8740775407732219
0.6869049040641527
0.8314068245894192
0.6316847926731418
0.5838171504084682
0.14498537087008267
0.13196050195510545
0.10471133443339942
0.10517898416705806
0.22818962160538458
0.5567739458857442
0.20450319075477863
0.35803642975618044
0.8698502229249646
0.3490079563312968
0.9126731119658875
0.919172348507773
0.6888108177123632
0.8945608743847828
0.471866607852782
0.8672476390523379
0.01757541737248136
0.4277095987570162
0.10605428079155121
0.04943933840694614
0.6809013413178708
0.6685673098958402
0.03327511046348386
0.7297404894614237
0.9020632782442433
0.7044006605049334
0.3633904079107365
0.7908267639648511
0.46499294373598077
0.7793876267770911
0.9900099547713822
0.4045595855912615
0.7927253341786974
0.04118616290980126
0.38360305534611194
0.3606095364874592
0.9160587768949381
0.7077232028122818
0.2719092107003638
0.048347450900415256
0.40106314726191383
