1980302
0.5639027665929884
0.5541144447837923
0.42406527626169377
0.18004661954956258
0.17547019547573717
0.4368606133036894
0.16375233990228844
0.8878180913853001
0.7160595543411628
0.7030075138142918
0.601067005731732
0.7435591823470503
0.8434897427739775
0.22816780330813446
0.9808074986358748
0.2383460081736708
0.6326639592802773
0.34538768391353825
0.020100315737471397
0.8893374291128284
0.17496646689161677
0.4249466885970963
0.7626877041333816
0.10387343222161227
0.08783939643800731
0.0841024852155352
0.2361109789690562
0.7602035110994966
0.8432616096293376
0.7707074104452246
0.47724943888087545
0.45629136584563246
0.5201405038619858
0.07497533586516325
0.0785893312433561
0.5041194974346703
0.3131669833354169
0.015279026268997908
0.5257611941038409
0.6541427809999746
0.8894724545294395
0.7167097774648977
0.2462978790440319
0.22301780560676632
0.4744661929784689
0.35523237035406163
0.47022983319070943
0.7674603128513247
0.36952043148008484
0.9756203675463873
0.7150480590503071
0.6980602379308593
0.4567090671937185
0.8079579435534272
0.9507293973275419
0.2591103897155158
0.129595779561954
0.005346389019640019
0.2749326751513076
0.11398105844707485
0.0041058061045380345
0.30455465849579955
0.2341386497353689
0.37029973486023704
0.7098047250563317
0.9717049426092098
0.7634201249356026
0.25517124716164685
0.03944707432420147
0.5366860901324554
0.0856935543188575
0.8079009393622668
0.7434461989232143
0.2428390830412298
0.8107166356790029
0.8961592692255553
0.2959560775530121
0.8425599762055525
0.904760947864907
0.5812530191714962
0.030544930604956
0.3548180343772631
0.16380289749173405
0.3591454438068079
0.14597915664956407
0.6671877292250017
0.31623959414926117
0.08609326068949097
0.2164259383475795
0.412845003697787
0.9055512316916534
0.46124561532973307
0.005420855634903798
0.3820799504059422
0.6589949759472866
0.7832768119072404
0.5792369331547048
0.8382293230574761
0.13532955540475688
0.32410050403218904
0.9428300198600962
0.49953411855808405
0.06273411016455266
0.06994012224416701
0.6803245611678956
0.6212788784993548
0.9274984220206777
0.7685071314180522
0.37204299255467
0.5666708839632135
0.05472633230143076
0.19076421874646643
0.8813710239401215
0.49026929527966534
0.6342074059550029
0.2667284516867313
0.9572900711056751
0.2743752072873509
0.8877768346562477
0.286994704097814
0.9821971578583248
0.6566460541573578
0.8488970144885609
0.675137383551393
0.10967177557256536
0.5662984084854071
0.03085855430392237
0.9308740245162545
0.4831382067079897
0.04661562792043783
0.5969124472895726
0.21985164919912759
0.7039107853138341
0.7830775967128277
0.5138093070133303
0.7431428706385664
0.22589873371414815
0.17928216318036883
0.5696354385428813
0.4580155477495156
0.8942862526928111
0.12692859835613324
0.06749988980019495
0.9412663861257894
0.41679266118256075
0.10148578915618
0.4685402862253173
0.18738494330495403
0.15865628268332
0.9817686977346542
0.2508797279037849
0.9160419949371418
0.2862749213284138
0.03949880280799789
0.7755806834310226
0.5268717216090723
0.9494751010780906
0.8740253448382709
0.006306258270793563
0.18424460396240339
0.8886706840645249
0.6777360132073277
0.5163130912073438
0.6407040028571783
0.5807112142106887
0.10928721170868205
0.3345641112446185
0.3149658653001204
0.7960088763043975
0.22463553175670503
0.8321634689707933
0.8288583423233218
0.22957250919914818
0.36995380398307776
0.030980588017222588
0.6773033219269318
0.6898656083748311
0.6758662836954646
0.42824304980962147
0.9564200349845617
0.18194488819471377
0.8090397633385791
0.6740436371028247
0.10705600928666681
0.10512446796258479
0.9350181922281184
0.2131198053791501
0.4445280910831535
0.7004504526991041
0.4252903281266428
0.30792831330054116
0.8400827314252846
0.8295591854310915
0.7019318248021522
0.6969518315887894
0.295560723135759
0.1440316004657044
0.7547639165724384
0.510338391791804
0.30997902540675804
0.7131456830857885
0.28882326660721624
0.9643885472782505
0.8752179336821357
0.2179672373126138
0.16403847119174986
0.7870690686856108
0.6577293083074589
0.8910090792792824
0.7743606904475564
0.2886464809742595
0.4241573199538944
0.48322729499960304
0.28019729783241143
0.4846971449859533
0.05099039188749743
