1060607
0.6739123544611116
0.15584882764391383
0.7031654410677357
0.5218392898750052
0.504072092773034
0.34275128386198883
0.6628048413613148
0.1606625537627685
0.6101927045487423
0.4096776377533867
0.09725152412777693
0.9752380514438037
0.26280233885002513
0.5126530575453618
0.6171435885365185
0.3924044619348701
0.47305198325075415
0.62019134451058
0.6521133303871175
0.8550746220622424
0.7205663615999798
0.4235599507821781
0.9951440971490124
0.7207481638543837
0.1771072661694334
0.5871342028337608
0.6836972525195365
0.6522278547836854
0.6531307168720466
0.5105015731169932
0.6951786719102595
0.2234705635345544
0.8781080351712777
0.5718290823429599
0.20872858672349304
0.7769802719373797
0.14052048555514973
0.9011085239159402
0.9909824091904474
0.6638773073182181
0.7597260382043709
0.09224522478315511
0.8003642800783999
0.8737542188131614
0.33943534076393245
0.9045583411953872
0.5726392503177666
0.718655628474882
0.2613242559959088
0.9271115215697994
0.5498638322198148
0.6739954333383313
0.4173477806936361
0.38339502773191114
0.4455391795331818
0.6989522723964819
0.750610933951284
0.7392313037713788
0.2006844707737654
0.35985937306690896
0.7771897331971303
0.5433782603896268
0.8787130082785254
0.862332761996081
0.895085401260655
0.9781551621096187
0.7714068876284885
0.6613574326661
0.9515338908742133
0.9265187797563915
0.8439506547792268
0.6632782964413856
0.23618133006060493
0.97236778184144
0.23389788645179832
0.15961863908934604
0.7951757666595598
0.642455939365056
0.6371095617651804
0.5398763565628286
0.7200141939097154
0.37114545166431734
0.06311596776204231
0.5189233392226027
0.8550229702604677
0.12333391904185909
0.6230191687416494
0.084361630443061
0.18863900310875603
0.34623983662836977
0.724966254114925
0.6201651749983714
0.04619786679413396
0.9373325444052377
0.295387880488031
0.6951631611642488
0.08572439812148103
0.21354511378108865
0.4186111020891238
0.8183975850926489
0.013259857205290548
0.4460092990135345
0.09311873876902244
0.05811399494388969
0.8805495884086663
0.38490385936235905
0.6396424087522047
0.797120852527837
0.8054534045610281
0.3406085829435813
0.6644399334622109
0.0544799096383799
0.9642303147889255
0.8102086298134871
0.3805219816415034
0.7419662278694219
0.7448885002890536
0.34249445412135815
0.5202567549673972
0.9434630175573071
0.022080017165134747
0.3199550799033044
0.03469625561296441
0.8064333485051391
0.6165591803661497
0.6028632116605053
0.2681305802092926
0.9168368896229258
0.1360124676863903
0.5284029567380345
0.3207917032408586
0.09233698450553474
0.5591068376771449
0.5868919755735038
0.8682920081889602
0.3733691810823051
0.12089234175697305
0.207501446257344
0.7932967676359571
0.617619637028444
0.28523439503658
0.47747958485839925
0.6030936256369314
0.5106880556293176
0.8487395026745048
0.29173459258507217
0.7561371486528212
0.9941859974145554
0.5106776306079631
0.3837360204799475
0.7013090493367912
0.08224888733286007
0.5646938075848964
0.9240437660259636
0.6455503086066869
0.7884156662767104
0.7206397425645394
0.889376608192832
0.8086844036749968
0.41705712744654033
0.4486462775914999
0.20298274361470225
0.19866539517125692
0.7870104313027521
0.652595780002596
0.7261772449787349
0.7461485447095971
0.04980385274912513
0.9264431044299363
0.5412620874359318
0.974195259691159
0.6408321677984443
0.12437270657626232
0.6076468816931695
0.24708818186303605
0.5590701432613039
0.4845684781070423
0.7958388987116198
0.0416463438972936
0.6093876383385344
0.08641182072237374
0.5080736919583702
0.6150941861799661
0.46125660482238695
0.9922129686857305
0.5797082528948387
0.9054528673896681
0.3786168441483465
0.027119291493778896
0.9221008246220221
0.49358530331048145
0.25789413221842983
0.7846331411403995
0.41555253532735625
0.9804417519776127
0.17464036266837146
0.11021161582604333
0.8899882815768358
0.18871564211608072
0.983992399708754
0.011708994903658065
0.6414048858425576
0.18503420115191715
0.6461228678166263
0.6729617339041902
