2010814
0.7281187385599696
0.0829508892754468
0.2937392003796584
0.6596823680357384
0.9541871806619636
0.11702909768227243
0.14108090696244313
0.06625500832784348
0.7150620321937237
0.3802103285987889
0.6165322325923343
0.9439195586442443
0.5794574991923593
0.573676885357529
0.7606990230607742
0.40839615649152605
0.2717330463777471
0.26156755724161007
0.5710006704618522
0.14541304940862299
0.109458057374755
0.6682465213382947
0.9107812510949275
0.8797976347595753
0.3183424222869716
0.656138065741944
0.6263686831505241
0.025270517370409862
0.9210972590629928
0.2264428952446106
0.14335213444873973
0.45149687359497437
0.11651521810140797
0.45634054170960303
0.2987003581778539
0.7668627106797872
0.0660381494143828
0.3888219283932419
0.9319447062301729
0.5086085632151072
0.7873048762093773
0.025084776533848552
0.8065022025033494
0.15636636164256046
0.4176491847034315
0.2344638581866767
0.7613156861843324
0.9408100685058719
0.4552448973200427
0.09315716767702176
0.60333976186789
0.006043913223895969
0.7115705831989555
0.8905476965548685
0.14300255313814714
0.602517033296675
0.6160940862087355
0.8007104566036698
0.9476246897097552
0.6366664429446425
0.20255274208890983
0.006732528335842369
0.8418794892571276
0.08415513511168515
0.5759321465146895
0.886763452050322
0.919728332475804
0.485485709895362
0.9102229856451274
0.7232524367936687
0.848868048730506
0.9859340893484665
0.05926152656757988
0.28061744574067726
0.546578378710744
0.156161924870732
0.6764365708187555
0.5116309233256042
0.8849586158425984
0.1355305867056903
0.33377174977009927
0.5990953310216773
0.9438946908990481
0.477053251305829
0.5068685656358747
0.5169212732807742
0.47169949597391314
0.4410860914476873
0.44942282441695947
0.3035097217432964
0.6362203086489101
0.38427343585128015
0.9195026532439522
0.2803789808113546
0.8533093096090757
0.32092574474328595
0.43950364610258863
0.5202662681220339
0.46490442019563183
0.6959236433240177
0.272673141702492
0.9714725729199233
0.30556928702593056
0.9014047998556007
0.5813216076183008
0.7790086382742963
0.7441930300435139
0.09390503643165526
0.2953165229411773
0.5081391616907726
0.6166514839201814
0.42428875146382616
0.06418003729636357
0.17221101198236688
0.5755838440521582
0.8797179887427056
0.2920886151097041
0.19419068488924263
0.7750394187823821
0.5550733698268653
0.6622993305244549
0.6901248459517908
0.4806016287774796
0.3206544638500771
0.7460038627106037
0.7527774991929961
0.14969714483105845
0.5336508989273954
0.2603382687280619
0.7349856602653293
0.7621501565913982
0.6527897248715523
0.29125264247473703
0.8848151148759379
0.6976431604612242
0.35872877086723143
0.3291715917099909
0.06838647863243819
0.2545970455445774
0.057179512353913386
0.27885323132714324
0.7312808330662505
0.9840852827707839
0.44740702859736436
0.6995802952927993
0.695723947810907
0.3727478662664989
0.17566919000054382
0.4077944259639603
0.8682859328382154
0.050272984981630575
0.46132051868089075
0.23151057859228652
0.4416235229304546
0.6198655193934339
0.9827207951234973
0.14432512021080868
0.7138302810180005
0.414222957239482
0.24075247085530604
0.22655818853933674
0.22024981115014353
0.9648913526761516
0.07966451559160281
0.9020470606513559
0.4751452429310832
0.739474816292359
0.03812541433366934
0.6813337656032863
0.2544085423357937
0.7490242820282432
0.7277807015389515
0.2054672133563239
0.015531014462848769
0.9570325223660725
0.4922758911489178
0.7293660798951384
0.7473461921340337
0.03181379707103793
0.1866186579338519
0.3096657610359791
0.26959518498260704
0.8756483616813974
0.034918864326775156
0.8691989478683133
0.7611536143704619
0.5369236742295305
0.17395855724059894
0.9987360069841755
0.08579815231366827
0.5656052391958148
0.6707086760723047
0.8263382047051959
0.30568005832584155
0.6077222108800744
0.5138226959223987
0.5356526596224076
0.6252120130352062
0.05115392394766416
0.3223021035782626
0.1467053347204531
0.8918634584312268
0.8328553491188425
0.2889421285439926
0.9862244536369773
0.6953990931909323
0.09676114804777769
0.18183040489320446
0.8692532184479707
0.05338373701439203
0.25195900184070896
0.06408546201586751
