1175489
0.5618903941541503
0.8833234417955375
0.437629799608355
0.022434279022645498
0.7619951992353372
0.04385691722057894
0.9272141199156083
0.8680110536428548
0.773938955638644
0.34207076221423716
0.19164969528592357
0.45950235789906835
0.5678176877722819
0.37199227185766814
0.550497368513503
0.030267446544849586
0.9030116373927183
0.09811463744463611
0.02734327127394176
0.31247316738097686
0.3672794483455436
0.22840993327774894
0.11643991913519536
0.8233116240431507
0.8338446855976935
0.5375991436963422
0.985055512446134
0.3131600164291639
0.4951969081409132
0.13460660124066726
0.9269913528701561
0.5771297005385374
0.32861831551897147
0.2784773227442129
0.46964183172616536
0.9574272260802504
0.5759859429689708
0.2386371240329448
0.6551353058436563
0.7711772298242606
0.5791884457666506
0.8682277810527316
0.6655081241930741
0.5868332309465778
0.1025357191291939
0.01334984580735532
0.14252838723908323
0.7420293051792473
0.0948287373404354
0.6163982215967257
0.26470002532947556
0.7467018024084342
0.6962955579830838
0.38827707975090975
0.8871414575750214
0.24753713307620384
0.1793891677264412
0.22213156169169535
0.8244478989093966
0.04327799024165069
0.42748158435777717
0.10033631010309862
0.6623096530355734
0.23514716502024025
0.5017773293353045
0.10683145616288225
0.32057344299795887
0.9726245188815441
0.8243093573827808
0.2984988920621059
0.9585973665637484
0.41203908437517967
0.5136686750986225
0.6121231399366697
0.7131645811208009
0.4439153617261127
0.4501584178668534
0.6875821729758067
0.1898844597576822
0.4647388146495629
0.7183521761846109
0.47326598470034886
0.5909244898225551
0.9697824308451385
0.17757534569844047
0.746321408974491
0.855079759817327
0.02586303236402665
0.04461730917620088
0.22817381037371287
0.21060130301239766
0.7463718000242978
0.5380214178388797
0.8048777357182543
0.09686845085749862
0.7356511498063891
0.8295888600242061
0.4721996217099952
0.4979045454816662
0.09576554007196325
0.7762711549179797
0.016938500360770603
0.3488992275704058
0.9959411539385746
0.16441582719722914
0.11884047549348764
0.8263147391340139
0.9934256662741883
0.4883680034633807
0.5115659973355525
0.012817768399485896
0.2642456318401579
0.6067204419543615
0.07651917100309691
0.6401922119613526
0.653316269474975
0.972043300212269
0.2599509821216377
0.3565525973733451
0.9855840485776975
0.5137137297233769
0.001598849188782614
0.2385915905589575
0.3933600102923508
0.6685050561094973
0.4422274451790629
0.075259601188988
0.5097275855328945
0.499883831676149
0.0377866642389173
0.28618796896008336
0.25388553223509447
0.32450241586803963
0.34950435710939165
0.20633162087041967
0.5915131191688074
0.7731634583299287
0.702082992965119
0.867721286737528
0.0917216230533473
0.7535724126522185
0.10627118760662213
0.33987900461219456
0.32188179145039286
0.3534823142866018
0.32743214451692115
0.15236493150423502
0.12259479184666133
0.32537498551834354
0.7483331104194167
0.3160878317066417
0.5872994597037565
0.42761130552281734
0.7222311178092187
0.9844249422981798
0.13448626262607144
0.5620226333040385
0.4414322126022425
0.8508617761207243
0.4052143355693556
0.3442043161890431
0.9568524362300777
0.9667760003469826
0.8446045675660062
0.4703110972839891
0.8757110896629413
0.7811537310253958
0.7332087059527632
0.0029441204612792315
0.4373374952531407
0.8534405613457546
0.12263029943616988
0.48875694709449147
0.12117492881747927
0.8713939004508919
0.5995006938287497
0.641698462272646
0.6764163556646675
0.3177171443802621
0.05288897548120797
0.1783486634102066
0.47930829059604463
0.3724201142923703
0.6524523036017784
0.27559266730290044
0.4220107533055676
