1168389
0.4122644371027224
0.05810840087494018
0.03591745695395088
0.11600305608968964
0.7743169312783044
0.4767401186606034
0.29190494671296763
0.05337599726814646
0.2875469864231578
0.5574167298861294
0.05903367971545048
0.5109536383229772
0.4445697257103014
0.27384490328064914
0.9546908985635737
0.40503843059037226
0.9850490225649084
0.8812375607285071
0.9413357012592388
0.008675634469186733
0.0929398382990102
0.7545161710380519
0.8230429864254561
0.42868443086119035
0.3716626551338119
0.41573822497912205
0.0271968750296262
0.006304352669663116
0.2544672476751094
0.3408682177582062
0.33689173208823453
0.3531575726256274
0.5316566388723599
0.19948745107553745
0.40463735577421256
0.5633293529209635
0.2320069546587531
0.025763658810951995
0.07425463284341771
0.25271957882592466
0.1826318359896314
0.44497898745904185
0.7653866239618714
0.4684212495268706
0.18970528999730107
0.4871408868188595
0.43383896655392606
0.18373195883892524
0.9318699080144405
0.7076769252901384
0.9110032324475155
0.048507085942277595
0.33882233020413377
0.3049416162506181
0.746904949471018
0.29991426581975733
0.43948114799565996
0.6752393882598685
0.0339579665356986
0.2552505071542759
0.40730692278102054
0.3782947148991498
0.07229538765925869
0.6063351482057224
0.8047580679535459
0.7995767690074882
0.15258647820994908
0.8140928094594506
0.8345301850818752
0.8906127494867718
0.17853808582474584
0.2622926868839742
0.7421406449554429
0.24440044206057332
0.3288180252641433
0.47101157707045194
0.3825842090683671
0.4202571846267106
0.466927236363615
0.5932400811181883
0.36319971405982576
0.8709187661074242
0.5475861004313335
0.6221525309254342
0.10555167975302904
0.04442896785709538
0.8394900300742981
0.22191300337445463
0.6310447169758631
0.234336044747524
0.38682763340040216
0.8614913959909763
0.8681531768332329
0.5339401345029285
0.7657448678127503
0.9788148277026251
0.8035618252958776
0.8138110275619234
0.8569766923769879
0.2316816732023963
0.8551779790703821
0.9865232619397101
0.052157287874248226
0.502216178473216
0.4318891761391137
0.9485313135533001
0.03885913711105826
0.21324475725362613
0.7631049397520189
0.4963347124880151
0.06819975741297757
0.687824594344168
0.7305348590845773
0.20255939688196134
0.39889439591673237
0.7372586216566844
0.6153194688580295
0.707307816509871
0.43292198657539527
0.3982811938418169
0.38554450399006357
0.13110730554340067
0.9105105578364088
0.7567011323033037
0.3923330487076149
0.34801267254371016
0.4159375038766514
0.09263993626470124
0.11712423523501236
0.670895371748005
0.3606791834427996
0.16160459092836033
0.9184113112576314
0.09567830626681206
0.5567331589466378
0.2859863121404961
0.5631255216093382
0.6272519430874901
0.4704759136722182
0.07317745794895414
0.6960171857853525
0.3670337831656241
0.25620744763713943
0.9993512581103768
0.2997981120689689
0.9806100277340766
0.7085733025344619
0.8020496251107886
0.6294751525768386
0.8836245009906145
0.34434427346259366
0.6100768100961355
0.06621719169947071
0.9850570792599578
0.9265719009385741
0.005797448186018683
0.8292630293975786
0.10925956397205139
0.8779281670258013
0.7627896249004777
0.5087912386811344
0.2815943539073238
0.19507605473272904
0.8309049027036354
0.9383372444102049
0.9072471428761931
0.6722070782121949
0.2511387872382812
0.012256634640512964
0.4987619788412725
0.4694206304620401
0.07431694629668684
0.6718984022955551
0.015073268392871597
0.3204095302138118
0.030453741776593768
0.4335652633126298
0.06328584384090119
0.9639547221606004
0.6497413686910165
0.5120026278553025
0.18418104389033696
0.7050216168672236
0.7714793110735401
0.8050715745819388
0.1934029839521345
0.3637888730565233
0.8938556525040725
0.7484256801169479
0.08250606030447305
0.2547308186310868
0.6153431547061751
0.3234250880559343
