1498386
0.022470425791652815
0.4581530885563465
0.6809254707106206
0.845522440287229
0.9536740444071383
0.40069763796776314
0.9466382352311131
0.7309094230322751
0.33492070095121573
0.9366629337162701
0.1759739113788764
0.15160323514782081
0.20397731681122355
0.0944490711695658
0.629630268420633
0.6481335416842897
0.29043487861544415
0.08819765528960022
0.40340682563241637
0.8754854757045895
0.025366538268167482
0.744203018160174
0.0015039938244160167
0.1329658790695698
0.8223795782936486
0.19173623005214024
0.570147396329376
0.6603287010831739
0.439417710536969
0.7538593975568811
0.10528832001091948
0.8471628267293283
0.184772252816214
0.6544718300372002
0.9178583189707873
0.8238344827736958
0.966111622352779
0.36974326512910083
0.39103223361988726
0.2548156102259498
0.6979409938351792
0.19525405480118851
0.5961803536096754
0.539018361097216
0.38075461554100687
0.8745756860583492
0.6476676663383827
0.03679538303679386
0.2442454671094434
0.9406896289486857
0.7713835303512391
0.3895543220772879
0.7072885613580882
0.7585560637256084
0.9378630758865057
0.47547391032865616
0.5490149568507676
0.12530825246398847
0.5680870519815422
0.053598469667305415
0.6081462889680503
0.6839628305025417
0.2585238981715743
0.6886264919756475
0.5318601279808006
0.3371994755575355
0.6917045370338787
0.11999779205041139
0.580808622282333
0.309678292161231
0.8995963742215488
0.8414233755771923
0.26351444832239646
0.5005270546062032
0.8292703711587596
0.29079055030279366
0.6212192596214178
0.2920440470911658
0.7238306929896446
0.7154155861325878
0.31336173801442113
0.0363271451836229
0.1763038175572632
0.47390438930281065
0.2642139728006926
0.02845322642357273
0.8401600057949724
0.26342184781192
0.5228059297343453
0.8929961703613173
0.6873668853116954
0.5199583788018085
0.16112012913110496
0.96008592409775
0.3933512907440565
0.029222412721068403
0.48963939525911326
0.3878751300587405
0.8979723008994979
0.6070754496175207
0.6046828117713531
0.5001937276933675
0.44258454094168365
0.5609664944523384
0.2985660337072944
0.05133619707360071
0.41549796170396014
0.527611112490946
0.6614739815064259
0.9043399947348825
0.15161633679231934
0.19719917347251592
0.283035469542425
0.9147780600967447
0.42676373251993627
0.3807053045472081
0.8219406797177574
0.6490018672484142
0.7631842091453187
0.854414211369563
0.8535444141195163
0.9339362393225943
0.8199273587488919
0.42456273681122747
0.3282487826750322
0.13494039360574772
0.0803079206403925
0.6950390358905217
0.6775617251191521
0.48891454438676973
0.7683552604239354
0.0923689676983237
0.5900781802550378
0.7817448472933576
0.4271440347536566
0.8047581177250052
0.7462330462877972
0.15234390769247197
0.8741248540992903
0.4257477025904479
0.348526194691405
0.8299578277079582
0.31204983284549614
0.25808087430697546
0.11302168848861005
0.167075127935707
0.21881429340472924
0.4296658813164872
0.4982747771845041
0.4171869271426687
0.2655131647774107
0.20106056745834577
0.3394416270308013
0.3248113173066691
0.9192362380465274
0.10269289556295214
0.7281785289433379
0.7446097353298118
0.5756040475299141
0.8300702481907201
0.9330391198196383
0.18708663933143144
0.035771564407195866
0.14651992433878147
0.3904289727299909
0.4002778539457277
0.8936046495427177
0.39554213353242074
0.31277920127474756
0.839997540613192
0.9309595604703256
0.6086458263781237
0.2584520544232476
0.15562680420232966
0.9324736316714621
0.6095766251593104
0.08699289345714267
0.6240925791494861
0.42600055547571036
0.9621357638693427
0.08369463594806825
0.8015974626778808
0.7308013111188763
0.08632706412391644
0.6790421865647531
0.5308272834526114
0.3528275791851382
0.3763589293388838
0.11145643009631367
0.8407757073460415
0.20491168628985013
0.6940668859467773
0.5858580416410147
0.20699004829212742
0.3494029937134414
0.18261137871489275
0.9659236675766265
