1044578
0.8168066608185943
0.7916985095157227
0.1496868892782267
0.24053818053349751
0.764190918637821
0.1588123981313424
0.8793822903731181
0.2410206740525449
0.612001594158349
0.4152052254800278
0.44770944787411193
0.898812449979457
0.4150660866583862
0.6414263110895715
0.6163692083104206
0.8885369301795507
0.16113820936554513
0.3914968056465644
0.5335101005502298
0.08621478625781276
0.9894529354508937
0.8288583238488555
0.22448125333037594
0.11341626212466971
0.5440782744871843
0.09658329270555621
0.38951690280664986
0.8538494146295614
0.8690771485845652
0.6113302249928043
0.9822598017995173
0.9057937342150939
0.33159385074768133
0.7761918504539662
0.13775770032848245
0.38007758280582093
0.41933106328200886
0.9444981627699911
0.8945432418216399
0.9308371356814658
0.9004851320644875
0.3347995212843944
0.812634869392198
0.41508326303428067
0.7570587818410346
0.9966704251160847
0.0277719944830479
0.11714215286132612
0.5065718674329633
0.8576374468417887
0.501925068952753
0.045324297504177546
0.012542845784919154
0.3434494543195665
0.23109711756197948
0.41071584420684304
0.6507143976107377
0.05707241238051197
0.9536604577308817
0.03177482990721081
0.7458489754205759
0.5262044877174423
0.46594814967208953
0.07345471728229558
0.5230210267104894
0.08477211552139807
0.9965472969034003
0.22586561477515554
0.4276847553606059
0.5407810109163904
0.21671667609902823
0.1550238149702029
0.5603973056459697
0.4010604148221093
0.37157871209085
0.8170283380042325
0.14492896985436254
0.07285328826588333
0.7052120417097963
0.01704281949893116
0.40259416410703974
0.6428685788808197
0.8224972148703585
0.41575011550389995
0.9409873418241352
0.5463261943316293
0.881545103598048
0.0384855293566041
0.7819107138777017
0.6816893054765973
0.542763839464433
0.22604457905160624
0.4511314465068109
0.30119257384296805
0.4140966053072156
0.8811990529802759
0.13170798217006296
0.3129390918822538
0.32668972580156375
0.811245634334784
0.742976561047698
0.46725251032475856
0.15122611744868975
0.9444487986137106
0.9488901800991737
0.26813579290826084
0.022386639520901364
0.2070303226133644
0.5222550346823577
0.3501006042275241
0.7773780446005445
0.8873956116733079
0.19550917637581244
0.4912972681884672
0.1341924910848854
0.3855768188300299
0.11404141023970438
0.3957874843041984
0.6362409040743601
0.34841138488467893
0.2746490719148017
0.8709674411761538
0.6722282924180228
0.3247640348543861
0.8795851439947415
0.05056210753265633
0.9436160113571846
0.24013908274747708
0.36574662739231334
0.8692761407477396
0.5967426802909204
0.18631892774349634
0.9789078773105123
0.08210061684695569
0.8626517703656074
0.24920391537292408
0.15450399986549412
0.739438802013516
0.45490028840557606
0.35681776563812373
0.6393208463273095
0.1786285280433102
0.16410021740904346
0.41948140208595697
0.24255008438025238
0.2731024195844617
0.05767014955509786
0.3554478013544091
0.3400190031591156
0.8923418884638514
0.4442515625137905
0.9478289629788902
0.7720065367009248
0.26894385224626116
0.29447062588069317
0.8624352859153683
0.5729082022651174
0.2435344246933583
0.12320322054276067
0.5711870842823225
0.050114929549859744
0.16392695424596415
0.43322672822413
0.37204630933483707
0.08982127294762665
0.5518361654098205
0.6961197239629617
0.17395639026637721
0.20908112594121508
0.5186245203836973
0.5034963747525788
0.22406660206392304
0.7962797712285051
0.31097025115020827
0.9601393912974424
0.49455676439555596
0.18629324004061887
0.2980115126642898
0.6103218000313236
0.017666732258531992
0.7019572097036857
0.1734341547397964
0.1895844038840947
0.06007497911016224
0.5600693212890582
0.13913568236109042
0.27646224003815645
0.6615585715077028
0.5880002978575654
0.3615112567366109
0.4821302171320938
0.7279068651988663
0.026091109870900908
0.04707188388348549
0.16066421605365488
0.5643497100504814
0.3013643118118272
0.0710194392236031
0.7485908620408191
0.4633003236731763
0.5496801408254463
0.21056632096026662
0.7496256993833469
0.7190017909786142
0.8363188056155043
0.6842026497507001
0.06897593651216971
0.23170559108799726
0.4790722245069453
