990985
0.8787770289809349
0.8713103680872545
0.6852991687813087
0.6132801183269653
0.8581717783843691
0.38747616259607975
0.1348388600533651
0.15484685636396756
0.49051679675419047
0.12726814081527427
0.7242338691799246
0.6151267325324455
0.8053011498441351
0.7690331527379567
0.169365285901929
0.80066763589712
0.497404704865824
0.5916184894965272
0.5882136802919351
0.29115370758380377
0.3319867576168498
0.6901500451010117
0.23710829337055395
0.7304898826875451
0.572332640357449
0.3743523360015264
0.720998793278477
0.3888225933774153
0.4521726537868619
0.08659901611065135
0.28569068526939323
0.15739190933481528
0.14465310646932494
0.8966092952956165
0.8712740534828295
0.12346311501210938
0.6420515842199824
0.13068208442474194
0.7085142211276435
0.13918596783329507
0.45349430718909967
0.9755861372577588
0.37376254568794287
0.3460825498603203
0.0523461710806874
0.9607014007414314
0.38298389049565074
0.4459653366761698
0.5606090265153959
0.0667328497035039
0.6017870157068133
0.6194394226664884
0.24457709739889955
0.8352951321745338
0.9758829453955515
0.38474360246911665
0.014163408837941649
0.26089253986467664
0.34518517230879
0.3625375221632676
0.2677240517734083
0.4352955006866115
0.3948051922715987
0.8663425511887503
0.1048720038809764
0.8840415345128734
0.11748536424503087
0.4736967232585422
0.14168623810555914
0.2857649129464067
0.5145505706794534
0.24968478992304532
0.9058851155564072
0.7972857744182643
0.6462487881349025
0.09235646182161805
0.06394837981362267
0.5208665995397253
0.557390392405723
0.7486473726678365
0.5378349597344778
0.7447696323628022
0.050484267491121115
0.40976863669423647
0.9058585242325765
0.4642260063742293
0.7561084545215416
0.43663288629272623
0.350446722432491
0.3471538836986824
0.45904216842736756
0.6887357636030293
0.8149238374200308
0.7474390954369202
0.17872428830276432
0.13401381576508287
0.9621208073625065
0.5883186233950263
0.07389367859068507
0.9025508203229408
0.9895308813375452
0.9393839393058021
0.8438047500699881
0.7136068906146188
0.3488925804053953
0.8929474189793801
0.9322012921560752
0.6532950771548112
0.9424964071658747
0.9089917740250837
0.5052703425408451
0.6093334030905885
0.4241756242806888
0.14264929052912556
0.8710873160214685
0.27964994228471307
0.8198548363484283
0.3941336786785754
0.7356022566809424
0.5632217902121587
0.8006952505638586
0.22827436753513408
0.44900629219454957
0.31437931725391544
0.5912888878045712
0.4992793815467653
0.18635670891040623
0.8959087905389582
0.6760178427362125
0.986079687132898
0.8276276076172288
0.7016386783715765
0.17860964956692404
0.09458417491771309
0.15489255620182807
0.8357953561036522
0.033082904078909126
0.6154013933053983
0.868134700509302
0.43426686520898206
0.8386920391942286
0.3390603564808642
0.8362185329585698
0.6920135632783202
0.5971437491747291
0.9254894960791397
0.9458469780148981
0.521217231591687
0.3672721225772885
0.8004893805395954
0.8888663976830306
0.9063609488856447
0.2405229603204636
0.009161368361225386
0.23707078717802976
0.4452841029754696
0.9400125260621965
0.8947309209047571
0.19369629607092864
0.2693582247540446
0.7765893150233587
0.19093062372664182
0.4820855018767841
0.5212809050498158
0.6572422103426813
0.6170853043765082
0.9345402783639148
0.8355868342806648
0.33436191100370705
0.3472669940100811
0.4781712838093042
0.8148261980274869
0.10877672928707627
0.7883652708075461
0.3795907022796624
0.32346259477399886
0.7551481576241204
0.9466440958806289
0.8065845280070363
0.5318939442109819
0.5252253092069676
0.28833351120444894
0.9924393028895587
0.034601553863927936
0.7026215762344122
0.40703083191351963
0.5473872901980709
0.03928404212877534
0.3321910430963809
0.9991622304328756
0.7516735639055967
0.577934370806181
0.4277458622857876
0.6184830545669616
0.9860369374640515
0.9261697007012997
0.17377039378752823
0.4315707762014068
0.8079362984064592
0.9337255968381574
0.3799514124735892
0.7284915142497193
0.5656424461733505
0.766877530267359
0.7217582334967516
0.2562979459682242
0.857355051112655
0.6426538748404723
0.10597043448617005
0.5377422654020375
0.5887932533578566
