1258927
0.2394570717505896
0.7338853678191056
0.6580783969535833
0.7011669766716709
0.9949180440173151
0.5474980347929373
0.5359457986683969
0.697550856159472
0.0633296607867081
0.8567426548048943
0.2919035345896053
0.20345762018747748
0.7560517230055314
0.5358394954310021
0.9711682233237465
0.25410046432081823
0.08929925283652274
0.9351192002472934
0.34963624175508146
0.27700997686417816
0.3452941535994658
0.037997161777039934
0.4580142477161141
0.5876166804399171
0.987421910576639
0.04089956663036487
0.27222586259536574
0.010315295093002663
0.9838669318710846
0.5290231652134303
0.3008375916210847
0.05619342102068137
0.6420521338063688
0.9452250695499685
0.36372420199704614
0.7536466248821617
0.3853096304763933
0.10500264078820509
0.20091989565226376
0.9243908181243371
0.5135611734932494
0.09743765712854835
0.6765785071407818
0.42492223293340525
0.8813885457808307
0.030143438300624603
0.25019248080134215
0.6322637560741903
0.599725472224287
0.7256668052146017
0.07569646015382203
0.24287610818321914
0.32150423204638756
0.6574618618597562
0.558808685204601
0.27490086754423415
0.4069420578426408
0.1254656670163401
0.4539394023509217
0.016441823466518346
0.2807534815816566
0.9144708050880772
0.6142220393623216
0.546379906374814
0.5914265882864961
0.452902913259432
0.3216999397718553
0.369256097191797
0.36180272478348896
0.7952767273732191
0.7194273478033559
0.6520459546256624
0.18055071794764632
0.5885163152538195
0.24322047087920962
0.5281881493222397
0.6257283376081095
0.550491488162587
0.10802063132532136
0.943018641979842
0.5344748486449872
0.8885343206949858
0.8423083912438853
0.5548012626069784
0.4369808527521106
0.5163653431429407
0.5837338727650052
0.2768344252269759
0.4582324363415381
0.8897721290700802
0.3501048513581132
0.14865262100525856
0.25762862913639906
0.7745474694769588
0.782101556060143
0.3581307243374917
0.12442243079025794
0.28460819611931354
0.9175626659412249
0.4013379629075685
0.17603775990668047
0.08388004826738993
0.4019143678624528
0.5632774934696826
0.7166655647518534
0.7324475624643219
0.16529024342740217
0.13018683052385316
0.20514422802897114
0.7756324874876489
0.004117058913669536
0.002862911662602219
0.9539813456413274
0.32407830093235845
0.6934172457593522
0.6705152585166692
0.6354745309001778
0.5535816570872721
0.22580621442407045
0.8259393899547859
0.9062415631040173
0.7653272467200154
0.5241386013079767
0.2553416459965011
0.978071088526039
0.39034460775237934
0.5069844910809825
0.019935991085948457
0.760856666188966
0.5964213570793986
0.6995930206262343
0.3614722004716786
0.28247888765446694
0.9613700399103258
0.6777273754005672
0.21014362988500435
0.45085145691972917
0.01346072310942592
0.5077320194590745
0.6508625695880437
0.8649490878207178
0.3079946889848917
0.0034188198846945017
0.21267933676607553
0.3044860292473677
0.10840981130317073
0.058836306522802806
0.38616120733520154
0.7320164365731989
0.6709708413371258
0.5357119979607209
0.34483558735738384
0.12657845233979081
0.594013054291468
0.18533489227523958
0.4493414109294689
0.234606301792729
0.6858713629650272
0.8668713180991423
0.7467214649724313
0.3716853879625218
0.33004076493667833
0.8875841710708054
0.3423278656229969
0.7378278479990933
0.38177846284776473
0.6351522137584208
0.21810121936411064
0.3192967907277633
0.2172721116150147
0.7982623254713155
0.7985240748556373
0.3416094253280306
0.6746621930280065
0.3788745440781508
0.3243371002298582
0.4112010225278644
0.2756210915884254
0.38803595492932597
0.8841469376821243
0.9373324969068199
0.29685540650695774
0.5868463231355393
0.7753422300741672
0.1611768056015498
0.9728117858190218
0.8851548066060396
0.7182747093301086
0.13562043408192093
0.3540310036823291
0.04279360523578679
0.3314502086320601
0.2971678016566295
0.12000910779852547
0.1316310411540348
0.190514539766389
0.850438229555357
0.9510878084242189
0.8114531024903099
0.7401072507127382
0.046096517169030626
0.9008115756148836
0.8486591272936609
0.3051960272925577
0.5746595845431643
0.57835159742313
0.46398356331907076
0.4572934826117847
0.7214736277556749
0.850012014354723
0.03393283526627022
0.030996691474758475
0.6322574423643371
0.1994970949138828
0.3903523316687596
0.15757945972145937
0.023958967255627295
