615798
0.4473189583631788
0.9463779540142597
0.5841663116264976
0.6106502360895478
0.4872943512509037
0.6911426799317164
0.009169620556898406
0.310561591232438
0.06384825994381493
0.9344201297399752
0.25761567919639994
0.48449385662219613
0.44086982772859107
0.410757514085489
0.2071257271495155
0.1846410612442846
0.30096546365422194
0.9763115143721256
0.04907579428302544
0.20361866181916455
0.8684903838602029
0.6756848339525209
0.09570312474059595
0.2008521119083957
0.4219779964783337
0.5534232686959552
0.10711887574741474
0.3785722986568515
0.5099620186577086
0.007810951243373387
0.8433353113904375
0.821950916243925
0.09922623400202124
0.06370363577967009
0.852080412088561
0.2126348015147833
0.8308049916586102
0.8014905031263388
0.3400867745407202
9.141712857262396E-4
0.536597252319859
0.3208778983894405
0.3437053017910543
0.27898792684900153
0.17824554908292645
0.041038434980983696
0.31410896879502515
0.536263828382177
0.4099708280328741
0.842771716710993
0.6630152878054946
0.1973594236434686
0.03834261879985046
0.5436737903523167
0.7767706722322754
0.34444521084510016
0.7545035794661087
0.4639142801393812
0.4998037851127908
0.3077987227611707
0.6481560918018762
0.38807145315716907
0.11286890402325334
0.8719142961309542
0.17765795062282386
0.057577606315679875
0.38716451697314225
0.689240144611701
0.4668630135862534
0.4386778717103762
0.3823266345491184
0.11959092693439088
0.026882012960559365
0.40240799648909575
0.27445985764514624
0.12051016041106843
0.2597275208306027
0.12594742371240675
0.6497836570565918
0.0023340338471564692
0.39084630221813843
0.4788061517465956
0.3801356026496322
0.8314343966685808
0.7988312565444836
0.8926551909957088
0.40848659127841347
0.016094836751310737
0.06314422417237886
0.7302118623309943
0.5157880718142448
0.14170140246428664
0.43447016613897327
0.9664429000289684
0.4148846339228972
0.4354048154048966
0.8473618814751486
0.07445002045876603
0.3228898861937678
0.33513871268963313
0.04112407231992077
0.3687538193282899
0.5003370786152532
0.5138541854210364
0.8324239225047522
0.7002936974951657
0.1135807189829835
0.36705786173637334
0.09190523672073925
0.3203131537076559
0.17633876570908635
0.41021742422942753
0.5171214357456418
0.9344008198310871
0.25692930936299196
0.25232449920457045
0.8653923136309825
0.45331007669496626
0.09967013275125391
0.8128820824101142
0.9127283639705681
0.713780653705823
0.30207273392398415
0.23180983743163952
0.03875552375695712
0.49043778458381937
0.7138774970272662
0.48523697050309067
0.0026122605734870685
0.4489462831428641
0.2796395449803569
0.06487970907314256
0.17107987805371005
0.3009474675781765
0.6334903825314467
0.20467603864000006
0.1877462870104346
0.3129095073097411
0.8728627480694221
0.04557748688901997
0.8307922423117406
0.4938729018750392
0.5873818878674841
0.8178744041799328
0.5970280874321695
0.2411739912917581
0.39978907148740594
0.5901570471084273
0.3710986627558449
0.9585816848021471
0.9876783188277244
0.3849924349136562
0.39131207438734494
0.17788350637255324
0.7979905523080542
0.49362214028556817
0.6073382574295004
0.012809228259963001
0.44062428332251413
0.6354643504688601
0.44006140988052433
0.35328104165727303
0.053184884286960554
0.20292831376678921
0.9001598626542019
0.06833207647733452
0.7658098970910346
0.20802758475687644
0.9995259250911573
0.6276351984482003
0.7631707234602849
0.704503682626104
0.3984275381714808
0.974436626077195
0.34016578377487816
0.3976490666196537
0.2713519426628642
0.1867902229033277
0.7784841211694983
0.873744879453925
0.44576158964359525
0.44933933017395555
0.8331324358294189
0.38200481797963604
0.9705307142557245
0.12449564880346542
0.11118249638765887
0.38414423398701203
0.4046207725363682
0.25971497858901293
0.6494103276593868
0.15016882548565225
0.2815913404133701
0.6966722412344961
0.5531621755178237
0.523704669426608
0.40183258192932136
0.05848917315892621
0.6456965949450572
0.6061679053324306
