6876518
0.6773957280305218
0.40775748923177124
0.6531042981208697
0.42795395620834165
0.9754363650340254
0.6539971747903007
0.47047414679001887
0.4838057246309223
0.2881164874546591
0.5331791727560767
0.0468740843662413
0.36436440827076955
0.6720758308966733
0.24966000778514885
0.45443775174474854
0.7946726696029057
0.42479700156273015
0.23500945893652303
0.2790615900491976
0.6522917841063903
0.6397992930373482
0.4267010487117582
0.5177353934240834
0.04072357936025539
0.06372830477493774
0.09989629637985498
0.4711436322433422
0.7593254286650474
0.6071791392234313
0.898349458134488
0.29245657171026995
0.5193579668741631
0.29956628459826196
0.25049857436081446
0.057332305996710464
0.18646982400472834
0.6980809920181297
0.9280973755438513
0.7055013833004524
0.791836927779516
0.7617525884775753
0.10728200621101147
0.9709087209012366
0.04733883446506204
0.983857351944038
0.9257551355528911
0.4652375625438874
0.6245682173914259
0.1393949871476543
0.19480984566554693
0.4087427372945154
0.5131333260635169
0.34907887211887334
0.6212038626813561
0.11267189292613533
0.360628237104745
0.2872636310416393
0.6214343367468015
0.20915474097467546
0.8148088625624479
0.2684593824066154
0.5697523828004365
0.7972918436791703
0.5379270756938124
0.6355590290891779
0.11129536773421422
0.1282764080052997
0.7438397224444355
0.34263118718392693
0.9930042605478585
0.1877339602738981
0.8204227398538111
0.876108447230126
0.7175324607674639
0.550065835389533
0.8429850973284565
0.6904264641924445
0.20914126748674644
0.1774351389455071
0.5587911739864014
0.14764665283458822
0.5956164707743311
0.4151339072339296
0.7284642152532276
0.5453214748413282
0.1565297534197243
0.2954231128424658
0.5469578533937182
0.19283754589298086
0.4657070433142645
0.40353790548052926
0.23494624190968372
0.6536995251893714
0.7645559052567021
0.9824022575978494
0.790897752049075
0.20969250630934966
0.6429422720841569
0.6566987505399758
0.3247614722809322
0.3225890526949309
0.17559637329839717
0.1422911109690348
0.3561091785358207
0.3700421993273022
0.7645667919418686
0.5735978287501039
0.9527399414431268
0.21453302383213724
0.07203025678461539
0.6293678410043172
0.6101686911046235
0.22771776527933618
0.592804353313232
0.4664099782573221
0.32808370621528204
0.2372459506064235
0.6121989360199279
0.5811797817110033
0.42677242897843404
0.48909772590698797
0.522381434213041
0.11072882121321603
0.26467900836785896
0.12571483772769876
0.7292199589926003
0.7573734122445688
0.16767070577695564
0.8686768389163898
0.671607809085888
0.4755404997936392
0.5612548467496238
0.564399973593435
0.7965610302151563
0.2946010848579482
0.5089018652915457
0.0023132404672402407
0.685920742456063
0.16810221999955277
0.6027937294583563
0.9471924654358611
0.9142805853739182
0.5376605423544182
0.42773174629347466
0.6408100402045483
0.6327984658220545
0.3788819960230071
0.6246012153712953
0.12278400710243687
0.3198412304838987
0.8570236420418506
0.9167048534640174
0.5964875520689662
0.6169499261598327
0.3617153658381791
0.33044054515212073
0.7231056382627712
0.6774019703428464
0.6129104684928293
0.2412137524926543
0.16540269057351986
0.9946863080082651
0.734335999792076
0.8061381291347528
0.9224916615139902
0.24949582535578463
0.6760651850531816
0.8069926448708264
0.997871306000618
0.3163812206432929
0.13443578659030797
0.9200669298082447
0.7252248279772089
0.20499896268951867
0.1653897095458684
0.9539415882734595
0.6399503383844387
0.375925313084541
0.01641116199034709
0.6519130220153145
0.1291191292204652
0.5672974714418774
0.31259155666220517
0.24268750432021402
0.21853537746805718
0.9960818135602206
0.6239516296761233
0.04113255485330336
0.7627964178594785
0.5565582877647731
0.6140021783565173
0.05028825334416087
0.9927303520382234
0.4286493298686995
0.42362684474560397
0.6965046442592676
0.8443132319244948
0.33001028786713626
0.6797217945589142
