3217092
0.5414860446197126
0.7441455244230197
0.4983378484690558
0.5346284402532062
0.05818669756167383
0.5587937845742607
0.37414180896765026
0.4402473807984114
0.33191636481996
0.2287797014420211
0.8692644401023456
0.9398229448869468
0.8536786452041403
0.2027257699168683
0.052721160015725244
0.6207395144784421
0.4096787900127913
0.16314338148657226
0.06297488544737939
0.5132719945739199
0.43910182841505296
0.6925748496609682
0.06454585325941486
0.6430849326615038
0.13167579691071996
0.4672788756796755
0.10689734863312894
0.149375940224849
0.9671993086011427
0.28537421058676926
0.8148273047432297
0.3659105254567212
0.36112597593670115
0.737333504394913
0.9421344685737532
0.5287974939955573
0.5734635037010462
0.6089457355631576
0.954116935980227
0.3227053272944286
0.06265770966679673
0.17034236156931215
0.9695001226082317
0.3063211959011388
0.02179755219848467
0.3494083957893922
0.588680015099397
0.36820669956813146
0.9213897117613906
0.41387683004596854
0.36270697164027643
0.7558051419949954
0.5011165857025683
0.19363080186847825
0.9162236689016273
0.8932068869483383
0.802404676210329
0.06321499020404342
0.02761121262386268
0.15738152335832678
0.5142952288384727
0.8742837076551934
0.29088481552939716
0.017936178101526368
0.11702221593684736
0.7786903509811102
0.33642074444759795
0.46206161990011385
0.0508675595100575
0.41514884569232136
0.9713849632735434
0.4241790691855698
0.4122772437281145
0.24587487418211507
0.015772733479014756
0.018902058983501724
0.4848856620131624
0.9243404469716144
0.056257587969349765
0.7362795937996683
0.7500104290226705
0.45125298195024655
0.8175874628248394
0.39988821384662265
0.8893432072268238
0.5330955481615557
0.36005444590943125
0.6111919569897837
0.6919764886418157
0.9960423022271399
0.8516038480712953
0.607691246359961
0.7085703041198562
0.32778937198321734
0.2344372723331457
0.9477328828567817
0.9573769077423273
0.4208177750224875
0.7085037196273303
0.20145490005629874
0.9800055278088228
0.3728321744489309
0.588061036155489
0.8751919698304811
0.0692231545513633
0.7635951350908036
0.752530515205147
0.12576822760037687
0.5467519122972178
0.1721035391712592
0.6091546571028233
0.431456008671388
0.5559367988964161
0.8240302522743785
0.21250892376738073
0.27798079821856814
0.9523227609778241
0.16658063911685694
0.9447060786247119
0.0908038925394461
0.5245926949487231
0.8563902780549498
0.9501716087630434
0.09901629358421316
0.9589836681472981
0.11581648326561256
0.3401573270777267
0.5515281412468069
0.6722112880157083
0.6639531317271886
0.034699380618222975
0.7228408961178839
0.8810969547922286
0.4609246312967554
0.9935162791871512
0.4435392145485316
0.0515068092978922
0.31749146100104086
0.5023809835565625
0.46974283268364514
0.17487481503817925
0.01672644591638528
0.12779102905276418
0.8661091059748091
0.15749702356506934
0.9704972304664151
0.9302986804509898
0.7185789933528355
0.9759474733785065
0.5907171498812701
0.5356533010331433
0.9159104293115022
0.15138113720500046
0.49380333349757544
0.7029460764532068
0.44314530859140744
0.5261523585018183
0.37650706280717494
0.10023720955661031
0.6155069006367427
0.2880921052941251
0.9022585225917622
0.1006842682448611
0.9478267970917659
0.6809509589133179
0.21939415815669538
0.5459793726089983
0.9024519868139282
0.8639292522395442
0.7961116439374667
0.5889425733923921
0.5876836323290175
0.9388790904974128
0.10172417393383015
0.9234068662108802
0.589151586095941
0.2506780481388077
0.28976171707604337
0.9370703066290876
0.5081295051410214
0.6844374125801885
0.4456946186459406
0.58177918309663
0.45364717646481456
0.8326227244387585
0.15052989760614843
0.045745447764408476
0.6893586229615704
0.5858278704850632
0.08125888370858891
0.6334904817422795
