2523868
0.8714755283296659
0.9128582208626798
0.12010976693714037
0.6118468692097935
0.8306773473346131
0.3389426850733841
0.9767866622928736
0.1641381622946747
0.6487614395588622
0.905307795387508
0.6413520391949973
0.009696168986679021
0.8598969817021993
0.19901211115566708
0.0801370124506241
0.6921644355285004
0.96669961182098
0.3788523347549436
0.46303988341772484
0.017575233313561034
0.1029436887423173
0.9913169966693725
0.8678001378572006
0.6319767351191666
0.5975818356378834
0.7699778388592515
0.8453114950361945
0.2684261781348629
0.39884220571149687
0.542372610378077
0.4497645443822279
0.7644534679947699
0.8025259980052513
0.8303472431554555
0.33838558578616384
0.5536394286099883
0.6952290464957048
0.7229899264501298
0.32776522114491813
0.9687411691219587
0.571062819213559
0.12570258304413873
0.3572465378061258
0.3588366529805451
0.9095519854842775
0.5446205281978457
0.15456961602301456
0.7192495480383392
0.11273694448355198
0.1525041933677781
0.024945211441705917
0.26055427258122
0.09111165353144635
3.915055998400252E-4
0.09195746405394833
0.10175039662869956
0.7608782299939941
0.8887130289312126
0.0071717427293209735
0.06273449538028641
0.1691017505475586
0.592236620646267
0.6150505308920833
0.3524868678094315
0.6986999159709509
0.845121987067885
0.310756521245495
0.8019293191437433
0.8218040700629988
0.7355296755453097
0.8606489928623113
0.1741992212782998
0.16787951896581166
0.9336431451789061
0.2687557811520921
1.2453356545483185E-4
0.25209449012962615
0.48262682721726224
0.8672301059919441
0.3329732107178076
0.06977899443027868
0.7189565931009034
0.18477766084773628
0.7940892941171576
0.904416207859117
0.2567237905651324
0.30426599731986925
0.2898176928970503
0.11946029228817034
0.8699274379535779
0.35920546952948396
0.8201580212892239
0.40837676684380175
0.537434010846433
0.5385163277224665
0.8708773573888227
0.9626525213361411
0.8771970711048614
0.4699741874383686
0.9833506673626263
0.28412446185538975
0.6894946491553408
0.13495241368609234
0.23018689657655078
0.9158270761411609
0.3533549843319572
0.5305560961772801
0.4897374263801564
0.19466113945374652
0.37600594724983116
0.13996905645452762
0.6088730883625197
0.23953690501395608
0.4820975153887985
0.8978126313078215
0.7709545925590143
0.7802471055609912
0.24761061456729172
0.7445399432748792
0.6447107461735188
0.10517622057219145
0.432779549287886
0.052367809722223435
0.17977733733902246
0.36005459983953003
0.849019600875346
0.17497335345806864
0.23593904592827963
0.6653168091208493
0.8067655033529769
0.12416009302895792
0.5856559240440614
0.03622609182167902
0.9342899511776545
0.9089242053407541
0.21324423671689174
0.8877773074188147
0.4319860917371623
0.3858285982416789
0.24912168914452526
0.9854935084522042
0.6322616949172921
0.5643185882689493
0.32381517780134583
0.06358155090505713
0.07210660886693876
0.18659012212936044
0.6039686459967251
0.9735148938605905
0.15355948844921097
0.05884727017560287
0.2813778502484211
0.1489624886132873
0.8667135180794548
0.04926313638641555
0.8261174051254835
0.3770845290679823
0.9805654189320032
0.8876841833113717
0.8861151591441961
0.35156759748512667
0.5689252562768915
0.9030949443091886
0.31806742338804395
0.2493727814776081
0.7317695156249202
0.6170863861514304
0.46837819705314265
0.6210223583658925
0.8968335565774181
0.6750482529951508
0.4878439259082483
0.2133520918332431
0.14190349012127046
0.9415314220811654
0.1600952772204992
0.9540076444366515
0.5651817734813901
0.7122037466319618
0.4513455354708473
0.21856518223000598
