4088671
0.8492649444081498
0.902048863456238
0.7477849891372722
0.6740079047416083
0.813685983541006
0.7579342964945394
0.5369993332445112
0.446391825806819
0.9316373522167871
0.11340152205561072
0.11107947320785228
0.09588556888138822
0.49840574093286316
0.4545075347783307
0.7216289459391465
0.8989704032658602
0.3822127172773333
0.09777340509566357
0.500664219293656
0.2354387417957975
0.06257010445943645
0.594772986680472
0.37644255462944143
0.4569304303861421
0.9669228025382437
0.07262000958270387
0.15954062312568618
0.4740978605757784
0.9532656291144038
0.5955898098541959
0.9520466215159216
0.44109255734802966
0.1545853645775045
0.7903375200819357
0.041517523403033274
0.3389176893241457
0.300392423025583
0.915651492110365
0.48139182007350667
0.9632917844515752
0.06127162254197904
0.27740727008999255
0.6308380504277573
0.8080212702285602
0.9242945084249864
0.3903639066687813
0.029557270332653207
0.601480804827417
0.6003009711590314
0.5706712348769778
0.11684788243330557
0.8016514394565244
0.9884706545149832
0.7064326660512142
0.46927943808320327
0.18426913676673262
0.27926971104908704
0.7983954449763364
0.42761136711677383
0.768986727201529
0.8637722263538813
0.4888163154798295
0.2111320158128639
0.7200547103998329
0.33551933649670984
0.20377706583676147
0.8763815821804241
0.5308775857662649
0.02049385255146774
0.7227015229398005
0.767262734388502
0.7559038172190486
0.1514513401733697
0.9585515485267223
0.42483059122709244
0.7886593254277741
0.014763671964658331
0.48315636718552635
0.27759371386482345
0.701336005219108
0.14109427613515646
0.8643562899098095
0.8169463487945091
0.9591979031361291
0.8856389100297305
0.19511818632304445
0.37739133968152516
0.9021699250082069
0.5493295861031993
0.28950672289374757
0.08750226500400393
0.24632487673628956
0.5293134331625814
0.896372110599804
0.03511216087477842
0.49958647869496864
0.855182340131978
0.9388413720288187
0.19900577184991197
0.10881781132575674
0.8668432777326458
0.22617671968264452
0.23943066990426287
0.3595655078724952
0.7205831806064499
0.3042918919160923
0.8110321772766345
0.5350823684812881
0.871796556172753
0.1121925531743756
0.6643557810965746
0.6078522160425156
0.6760077026295628
0.8938346460529508
0.43585000750863634
0.7846921787027781
0.7742338782915933
0.3783705628503148
0.6913416214370692
0.5556097331641834
0.9843995075870171
0.5864796275094654
0.4842440716262745
0.506942973676727
0.0074256530981663404
0.7464559298913729
0.4172994432603815
0.0509139506153069
0.3747832598083928
0.7109534057229827
0.9554426500184118
0.39657723516959553
0.7137123570508196
0.9537640301212406
0.5274165482431646
0.5412466542709532
0.5869738415504723
0.6957321764759608
0.775054750132068
0.7968351442494723
0.8759142457989579
0.9598845144166501
0.16168862246735893
0.38214386629817
0.9187880479805878
0.3880810256497056
0.0349239727110956
0.9099889146607988
0.39069648357132325
0.46497001162678153
0.15407161782669165
0.1771548049735796
0.2171649099352384
0.38975589360098273
0.6388052672202563
0.5255158991698061
0.6502962939387956
0.2122653988190476
0.2731597062045882
0.18426844017781263
0.004600929669616893
0.007024417809378791
0.10777033733572561
0.4260673366385709
0.44901790493993865
0.7975341238355834
0.34329513622239183
0.0739633891496635
0.6823066377482564
0.6626617606627763
0.5492486383000724
0.8813885831307623
0.2809020934629167
0.9580377410445139
0.3750166456459433
0.5740377054708412
0.001490406115145948
0.8675778458979789
0.043609764275645
0.8903474936413099
0.34497609442142585
0.5637249292034866
0.08375240081044721
0.7863746262391622
0.2441761415603675
0.09973223722371904
0.9521935043927388
0.08122667109319515
0.8244903443421404
0.7832861448689618
0.42566382557903426
