3939129
0.21080065903770628
0.8049608020721797
0.18799282187276278
0.9006940138269852
0.4304363460511432
0.25654848800298713
0.1477304410390704
0.029546626471072535
0.7611922003176522
0.11511806971895899
0.048594465555120814
0.44180423704131
0.20980386456574052
0.05853642483575794
0.48414028408856447
0.6536951157053171
0.3089868954389595
0.10045463663998577
0.871854330550303
0.6510266942507704
0.8225960186065293
0.5277570547003678
0.942260995541218
0.04663622075033691
0.5392561331522903
0.6143250131063908
0.10679944971591648
0.15955723763219865
0.43843060627954056
0.8806769840320089
0.5865808678050421
0.8406393044790488
0.15449466869949968
0.53721132168183
0.8413633599092564
0.3781476126654788
0.5872333147267841
0.14819093554709462
0.27655823023838244
0.356908206871542
0.7112839098771199
0.4842743664238145
0.4258077675787991
0.9158534534801263
0.12239646936534776
0.9933108750178848
0.8076517456402615
0.45136163981360244
0.6249849869000368
0.3122819866698473
0.4370255508333468
0.44757358484689935
0.2132954517909852
0.7676853822348477
0.5358103103905839
0.7799080702636365
0.12761771572669056
0.8673213047242575
0.33138139112069875
0.5342872373363712
0.2773193374544213
0.37335607850097396
0.958078398749308
0.11212175232662824
0.21408205997073748
0.6647006758242097
0.3837462121637272
0.14989521964754482
0.011572084426478169
0.7461569879543877
0.9719736045198158
0.5722256188247353
0.8618779551913446
0.44244807636064787
0.7603817565386386
0.9185713342534739
0.9344002506655464
0.027163175676889972
0.7862924217512594
0.9362877599583811
0.059480018730667994
0.7798117014797501
0.8233314998950384
0.31653023682916526
0.0969035785540826
0.7385951284806496
0.7060003247811194
0.36453732630732083
0.4285232249575245
0.22216945588658743
0.013974121443870224
0.34211819697207757
0.8745849531088807
0.5305848115487408
0.26386268848165606
0.1977065614137964
0.47495588282129075
0.603753280339917
0.9133959169773638
0.40813274461365734
0.9992954691347725
0.3152097401618752
0.42147266116554993
0.6963047192408703
0.7543162116418788
0.5095946176801952
0.3272382016837093
0.46027757767583855
0.24163143410146704
0.8542015733817317
0.8123322851452551
0.8517305344951523
0.4862886508741453
0.0680974600686367
0.4926760666688491
0.575659050647074
0.4039391984753783
0.116735129338978
0.24964298485194114
0.6481292022726829
0.4036961476185177
0.515645020509087
0.7551849313288773
0.5452302694545373
0.534083932480995
0.9737041576330322
0.9714620080811911
0.4039003487526742
0.8710848332876797
0.22464626916485897
0.3127505774826038
0.19408944758319036
0.5201391872473755
0.04489032728520337
0.3458804857859151
0.07176301645309857
0.5580572214423883
0.13642881712655264
0.8751796513001554
0.4435381986410658
0.4761528303231023
0.7654314900807793
0.00888007596325624
0.6262840936187574
0.20251010723826612
0.7903840677680463
0.3361662965854312
0.368806532080171
0.5791460370530832
0.9879954318725374
0.6575238198030466
0.9177764273226613
0.2489335612669623
0.3907712450065477
0.805771406259383
0.7563506370542928
0.2675013077801467
0.6870655367596982
0.9711378999731075
0.6214726549705827
0.39692725038759225
0.6025861962521506
0.6009708336047729
0.9146295282191159
0.9608960359026258
0.5817444053514439
0.3831402495839177
0.16088128436225246
0.3450901728580418
0.017901512307560652
0.04192852112815659
0.7422669290285779
0.7119377234107456
0.7434819786888913
0.6761723962341386
0.7342312283624173
0.26544031603352836
0.4840839439598229
0.15165120897470952
0.3075049506206109
0.44965694424991787
0.5051339482643185
0.6231908845602927
0.82291070593704
0.793520286689105
