2432115
0.7352957096787779
0.6066805093882918
0.4428550850294247
0.7250146811249795
0.2377573389876655
0.14717429661363435
0.810807334006048
0.5693451614631755
0.018685547504210254
0.5364789271959814
0.10885361470986576
0.11857993492779983
0.8115487549664624
0.7221022507404118
0.5934551058010764
0.6143489874583177
0.6566761129869955
0.019166067294889233
0.5308269645615874
0.7205340461377818
0.8073323463125582
0.9878627782681719
0.3058948343104487
0.07948600913313153
0.7367536880249188
0.3712610652280992
0.36257374826127675
0.34315788814800174
0.7950029793912259
0.8017439743865653
0.5481543450957114
0.14964290996037455
0.37016673540324707
0.5790875935862598
0.3808695193784125
0.37595834951476903
0.2453314675603383
0.1991664938886576
0.7372543041579686
0.13951843555774646
0.21093918192433825
0.46949784540011785
0.46470043519041626
0.4435899149060658
0.8915378440040925
0.9863129595245601
0.4646463600191044
0.06612639619394234
0.17660509159624405
0.46757155668787465
0.863132357762733
0.276728395045996
0.6070387513980126
0.9373106375665463
0.9879896421583333
0.23307860164085026
0.562070708622134
0.03894632776162943
0.005721279834736137
0.45605205663716075
0.11577572722183327
0.8186235600961769
0.23617179578026282
0.6118037784285772
0.9880101665820488
0.16443553642478526
0.35937156282409166
0.9394872398109911
0.1015299304657733
0.7133103815573747
0.9564809750345235
0.05485868719805298
0.8752011043191323
0.444590303830358
0.08554829917356921
0.5328742877826619
0.5326303046136351
0.3678041714377138
0.8828349672125673
0.6264879595944713
0.3862066711863654
0.6818612324373597
0.5017497126582292
0.7142101386531384
0.26846071519766235
0.5338705125782512
0.053973668876013625
0.585588522219034
0.025809662977049674
0.0380166972101621
0.60114621435078
0.4716238287180742
0.2641729748522035
0.528399950511972
0.6605211982008531
0.8062352090386397
0.3416056660758364
0.1144737745764588
0.13429216942406164
0.06524111566507895
0.9400114059198217
0.4836913495956914
0.049823842140146235
0.670923556430854
0.4161608691971638
0.5531978228789333
0.006816687014649991
0.8730945976789466
0.5316556374700636
0.010881940565165227
0.7674702344482384
0.7216862109004527
0.09214124888454056
0.0058274023332784974
0.9969996596898891
0.7312354250776529
0.487987696566459
0.2491809207520549
0.7643998216080927
0.604239040502417
0.12181916811715332
0.5686802725561916
0.047139208280153055
0.4282029581469696
0.2326895616507404
0.5235622798337892
0.14850599035302414
0.09031341726057829
0.6823635652060114
0.03129726743470074
0.6326170640924508
0.2640085497528941
0.8560777519699176
0.0835733919800059
0.10964010008894942
0.21333053064879404
0.9483201970091998
0.5361798077521885
0.9625678132991752
0.8337897542456746
0.5535806813309418
0.6459157401706083
0.8969225629404379
0.8025745794034608
0.6626880912967144
0.4973775607698253
0.01605845356172597
0.44629125299333905
0.8772655959777504
0.713453635546286
0.9772674009911944
0.9510204707662471
0.8979982029078705
0.8755825659723223
0.6676844335519634
0.8373285670905115
0.11682096643646123
0.8933075732380192
0.7540264159916747
0.20197264345785582
0.44880115123807784
0.15738579228433291
0.40648840936438835
0.08839101894377566
0.37640063903344656
0.6866882290974438
0.4746591254329884
0.48967120227524175
0.5469695643113952
0.636352587527446
0.4021081641534868
0.9105401101369166
0.16373619062675993
0.47312747800427724
0.20633495043707195
0.11902164533696791
0.8412217505134651
0.8435733952060296
0.922059545009523
0.7037595761116283
0.5579234867818417
0.6617625797337159
0.008373801911709666
0.31960417070345004
0.8322728267382703
0.2253455213890363
0.35406109437521993
0.05191317330830336
0.27228986458023574
0.2323298758070974
0.680431155539614
0.15911922337638285
0.20501946522976733
0.4156427067556392
0.3373063417753175
0.563466928689074
0.17874808185327473
0.13852429977093184
0.7153341271285889
0.8514252619535181
0.7491647082468057
0.7010285324409666
0.7565901127864835
0.21813146770346548
0.11004341677656093
0.2963805600398596
