1258001
0.33547461654024935
0.744325025963476
0.8096887967655488
0.5256698708574264
0.6031951413945335
0.6295813219821816
0.006299977660816691
0.130332960850309
0.7416659050644493
0.5222566184328877
0.4585726188099992
0.13410662619471925
0.9564451116984343
0.8844069147757747
0.7222726888313161
0.8996093106784813
0.953368796808632
0.40904561765532543
0.8291797012731023
0.6994342812478402
0.5898304970644357
0.8674557603452655
0.06171097517856927
0.27761584641653114
0.8691936070128697
0.4058744954614141
0.30470320925799843
0.5345550407907508
0.9556134046461912
0.2337191639173366
0.8552406336242124
0.9069690026401828
0.42658445293825686
0.8496255038055178
0.5020842418803496
0.2341542297060505
0.5518177114178241
0.43692048902458536
0.1481699066341956
0.9028303209622976
0.9895917702598089
0.8267534783317481
0.24280732976776198
0.8450579819574919
0.9255104984701273
0.47496136079984586
0.8146262385726404
0.5272009770061452
0.34363945845747235
0.22784448976668759
0.9519798031768439
0.41262861784534677
0.8162816285103941
0.26238202850726045
0.16442973747903766
0.5068320039260588
0.9261930028194897
0.4780169333626112
0.17710110732727502
0.5008536487739176
0.1938268549178802
0.789992129219238
0.3591097560069362
0.7174064292389017
0.1722346859790792
0.22832115860194802
0.16792817507987645
0.5337851571484934
0.19354165747268415
0.4818281727795295
0.7034708450747881
0.20664963486202947
0.10345209503764685
0.5432936854943837
0.7088433880434807
0.05598534907001074
0.20403114095597863
0.4095938185982022
0.12911417359213673
0.7790242837810399
0.5400463575704514
0.3698227578778611
0.6451311542812002
0.25963470706975245
0.6104431097829965
0.2747394357820975
0.4363207497681998
0.6146658326703553
0.5640662753150393
0.3224809298775858
0.7945693878317336
0.37595908444473136
0.9475297219219276
0.31833697989365184
0.11070284283983822
0.6452151601544435
0.1131744237599217
0.07048127947210692
0.18574228329476128
0.7786318182588003
0.4663447533037438
0.5689066405887614
0.7810297097579644
0.6592043225821392
0.8337519005238694
0.861413459410638
0.8144804844315502
0.8968071802183962
0.36848219635107504
0.08835122637134496
0.6346335860851244
0.35965176583620007
0.5722473660602051
0.9669156951429495
0.3598349133699519
0.2854415628629241
0.21176257563064038
0.1261548673751559
0.35680300676820753
0.8465233552278439
0.13367730544562917
0.08543911136935411
0.5509905456294283
0.4505583253979176
0.24127342696367604
0.3420020694657231
0.41056873803617977
0.24671529122808133
0.18618316223853804
0.9872605937296602
0.12652643480819148
0.27711280836969054
0.6496698387111249
0.506973439802651
0.7232892147234435
0.4642152954373323
0.44055195279140436
0.936900395875264
0.5774281305870615
0.15711373208225932
0.020641658030222554
0.3434743034196728
0.09644165088781076
0.27309829100733385
0.4836065409934044
0.6781009145100926
0.11525878644154708
0.16565727188841428
0.4594534023802741
0.41405247880862417
0.905024727096471
0.226012671344184
0.8943716975401191
0.01652253717076224
0.5568952273766234
0.8825296899795915
0.164463024588843
0.21926146931763302
0.9029794916355212
0.10081371658265426
0.521922414279139
0.2853131715961814
0.06723525172397182
0.7070353755999682
0.44352624975897903
0.9147253905037576
0.20103460998443556
0.8580001399019097
0.053820471068529496
0.2287075626226368
0.9512821914469928
0.7637061211553714
0.42919207353516053
0.30756159967772534
0.7333820708198211
0.3316101071059292
0.2540457033452451
0.0888125509691765
0.9370134594787759
0.7465479571511974
0.9965962964707737
0.04231778736525915
0.7795897436601569
0.12623301701257106
0.4993281243026414
