1270514
0.9307347598289403
0.6404387583610502
0.2994817981130262
0.6379588404769941
0.1365791765476796
0.35815711248270155
0.4427932296123829
0.49278722321430135
0.4912066326632498
0.15425467125871584
0.780634393787485
0.2975914762267341
0.27640264156033145
0.5581200812353653
0.805761977387037
0.2837845416492647
0.08586743477398096
0.9515015405859807
0.5081353534893037
0.4213219384615199
0.5317335042702335
0.12511167476363205
0.9144538330130061
0.9728960204792269
0.3603551793039338
0.5456292286588327
0.8350769688601137
0.7242409165139316
0.40196166294930835
0.8682842405026855
0.0910638123781663
0.7309100182571212
0.9203658145692392
0.5983776283569684
0.6512928189717746
0.4306779789498554
0.3517730722349096
0.7044999372019186
0.048101597895652826
0.010757769539134876
0.12583613256241977
0.41687845115468203
0.15961144345552047
0.9903126737740205
0.24745286451555615
0.4061953917034662
0.947878730074656
0.08128183355228114
0.5844061767365967
0.031384495779963606
0.02424138796467834
0.5243273026873286
0.3537964068050721
0.36932704927161686
0.9767055578062868
0.2617495625499012
0.1293179888890722
0.2950325299805391
0.23894390020167033
0.5055073351679629
0.8017844716843322
0.9678032400557762
0.9064536984666544
0.48601711790547686
0.31690637639723207
0.6970461600194539
0.31264933494788927
0.4261958640072374
0.6871789877371677
0.3108093754251281
0.3661405375249608
0.07525087702261013
0.7288383831628034
0.8307848427306739
0.6201738518009685
0.4580082692378531
0.21019513827769654
0.4694324383186973
0.7961920626511396
0.848112004980713
0.6142574807935399
0.7080454967136947
0.01569226289235548
0.35721342503029074
0.5164066388740842
0.48899099508444654
0.30803995851381827
0.9473108328285865
0.6569888132010838
0.36102248751801924
0.05662360683913037
0.11968771335255857
0.1490401040270296
0.7534771388202682
0.921709592539253
0.011436958006463271
0.9029617272109097
0.42333298728888014
0.43558553717098003
0.13934791819870296
0.27281483431908193
0.5185163458213482
0.9040548848772455
0.5709716417534673
0.13300581060439387
0.6315130590419737
0.46807379601246035
0.8739694802481371
0.0794841057564385
0.6792517967077895
0.18029649167901207
0.7973883966293245
0.21617673724413988
0.4383915628961269
0.7335230624271365
0.27229619321177656
0.035234642796615034
0.08955919599103823
0.041519302383594914
0.9842483762601802
0.22876816305434278
0.17974755480663207
0.21740530464270125
0.46634769506716633
0.8801000215075129
0.9989983212780372
0.6207858663823027
0.38919654239374213
0.3741659054521007
0.4856577163346256
0.5520222161363042
0.48283094719729813
0.5395445874937268
0.42390784996170583
0.860521623097898
0.315764945702125
0.9887005680450676
0.8779398361725336
0.20364735070913187
0.9775618981731092
0.3583740746198737
0.5190493146170646
0.9438284092869896
0.5638895051995476
0.16865511886283813
0.7450989490161846
0.7036750655206927
0.24680381576700494
0.31712899507672265
0.2662066529952154
0.41238251248311664
0.6280463172394544
0.8035833529694616
0.13618196623909884
0.271431715848494
0.01942820826591396
0.14111729229371306
0.04614771792455674
0.44357326010124454
0.2719137671995011
0.05109569557040927
0.06494739650897408
0.42630586036627627
0.783804855924122
0.4622424390023503
0.910353609514417
0.00953886760657785
0.35846701871136355
0.5382685968363594
0.2657560876594235
0.4368535242035204
0.6533270449877462
0.44378300256748593
0.6189226196535791
0.8907551999922809
0.06441063945374548
0.8248335945775143
0.5925896848145343
0.7045347644893333
0.02447826436077527
0.5282804633880025
0.7610544053297198
0.7668342072219144
0.8578559160138032
0.9133024673541642
0.5026023859020158
0.4297379507218737
0.5313467926206648
0.21869077949268712
0.5245213074221065
0.8571880231573072
0.8681491756289096
0.8411847702240546
0.31561311423559624
0.15774775879726743
0.050494174683090476
0.052956714100811264
0.9305325581534466
