1385042
0.8342150639445768
0.5267570638169428
0.6404537063256903
0.19094338382863618
0.05231335809439719
0.7600839487686253
0.1821565757353939
0.6003977201585244
0.9816642569400482
0.608115326675025
0.19941699157658288
0.01300804417484236
0.9944729320105467
0.5071769433459081
0.2123860374813793
0.3703959273699682
0.8208338628086564
0.04934712881128145
0.812148539025706
0.6270644260272071
0.8542907058704837
0.9870993333407156
0.22052903515399125
0.3212568012922039
0.6772609697225165
0.1777572992273514
0.45063764249090565
0.11652656082099877
0.5331629280777612
0.4887895443175069
0.10407410549569307
0.038659396797102064
0.9105579360277322
0.2250087223807372
0.044811612680401125
0.06325052426314903
0.624348985881405
0.2100306782105913
0.6751322610245634
0.1711555651024338
0.780052061472804
0.25688706557904795
0.3055880760425447
0.9821972712600602
0.7893836918448334
0.39647419913420245
0.15881306812631768
0.6019238272963233
0.16888477081728692
0.8975602163974155
0.8761134781388442
0.3718792436741737
0.19802727256746555
0.8083614857934001
0.006114525823890937
0.8007600492112644
0.6392265377599948
0.4772383903031392
0.8463438602233849
0.07199660399126362
0.6294093565161846
0.2688493839058568
0.1814836278836447
0.17271124197888565
0.5412636169385654
0.4821416919607737
0.91612402614056
0.8696700990951153
0.0820226655026659
0.29784597027568105
0.335203481363597
0.4697586524091637
0.14861325152393678
0.4356807849279082
0.7419216376108253
0.5456760123507783
0.9902235485793441
0.08526289289732825
0.5207632607657116
0.5819563408653984
0.04282317829239046
0.5897572371480159
0.2523723028623217
0.8020900219285424
0.3948946680092581
0.30759038697204444
0.36736753399931577
0.27443174605477505
0.21961182202722962
0.05508993455810107
0.9677919508089221
0.7627458184505941
0.6659268643238377
0.5417013684677986
0.8677407103264624
0.6866541140308633
0.6395056791355817
0.24947334790655906
0.6088126823924165
0.9879150987268283
0.6241758603011607
0.2797906827534037
0.19138345197010964
0.6603774621912308
0.19552969373652662
0.7928743505727824
0.5292985030481007
0.19461493022280407
0.16055051050377656
0.7993559322895258
0.1834367772041916
0.21266390341245722
0.32060720806242793
0.22827366305656993
0.7586970459550959
0.12394867834322465
0.6998885914847535
0.39212610246831325
0.4593103315280046
0.7203938595446961
0.7073256555081147
0.1971581525422954
0.688983548469633
0.24688709467095726
0.10727635501330623
0.7058440743082162
0.25523124764797844
0.6326694885969683
0.862724198190183
0.9485701302611189
0.6913534521729504
0.2498954825734937
0.8844682790129166
0.2028094442614068
0.4448695269768721
0.7775171619313405
0.4707594848016462
0.31062025503580604
0.19781962816171705
0.49181323284306233
0.7540631268045945
0.9890878814014014
0.382196266515917
0.5792956808756222
0.785106140406132
0.5033699547634405
0.03287088858527465
0.8733922641804784
0.9790925779848377
0.5182932112802947
0.48073123752465285
0.753216344744216
0.524947754174927
0.4219896538456298
0.03034746568264335
0.810900147098888
0.015678802301261174
0.9238484492726289
0.689335715160885
0.2933809263774019
0.9964148202488714
0.26909930691735695
0.2206903502915838
0.25519457271735735
0.346417038689774
0.9836322185644665
0.2747069984402828
0.8207440620694659
0.4123261055335625
0.6651971022009825
0.12372016363208016
0.9476752951977537
0.5921394837810541
0.9709165148343681
0.5707309890846255
0.6074062535569834
0.632889325915163
0.6160829912987433
0.9321021935662155
0.3545196505013256
0.24971697672328874
0.8955023794447162
0.6048486502100267
0.8436435791557327
0.8000175972546926
0.9661829460031566
0.6206536789187359
0.9706081005933899
0.6535542556377107
0.8889594506406641
0.7615930934037525
0.9640805575867117
0.5879178481219033
0.21668041267415794
0.26664963778414963
0.9345458685196356
