1285921
0.008435548225381284
0.7378757981129603
0.8934533312078031
0.09941225412915167
0.0426073998562958
0.8373612149396722
0.11628347986685006
0.14618719543883685
0.5913764134027768
0.8190243456980554
0.5392207804561998
0.970082005585775
0.2330152510936664
0.45107784627722236
0.18243864662604203
0.32806806896864504
0.47013811219689716
0.9403519671967722
0.15997505267304568
0.7883209952592228
0.18632368374987185
0.519739991829143
0.40892751182138354
0.7221541103914481
0.3360609835709939
0.8416975526343693
0.5528651244288847
0.9849557340499341
0.8302072565914282
0.4107368708317156
0.6863538979898294
0.36330944772522444
0.2988727681355091
0.35914543541708266
0.8528421630921049
0.8273901482609787
0.9146247214282417
0.9726980974497603
0.25475531478971636
0.12089322495347687
0.7411283926682282
0.5069202467399747
0.7825002275327811
0.24516783103122608
0.1358206374854436
0.9994991803882239
0.2781812076873562
0.9498895669685911
0.5799372701569451
0.9807295206459525
0.06018123097441275
0.42952156776428685
0.9351924350564673
0.21141783008107629
0.6263635687913325
0.042977806984898836
0.533634486727612
0.8364603917622663
0.12650024398991822
0.02331550621009182
0.6956797859507245
0.6323474844016995
0.14863601204525068
0.8249485501066322
0.2410521015346263
0.34813638873938235
0.5994473385728301
0.9677869698078365
0.30833192007930976
0.4919741546398546
0.975257701837046
0.9808725064669142
0.33104671490938775
0.2990409261888649
0.11822261007359458
0.322493605322124
0.3317095147240907
0.03182286112837951
0.6312982297850139
0.959427719777041
0.7899397767129407
0.20991337148528988
0.4859601979523094
0.6248724983025823
0.2167773844294838
0.8440800508373479
0.9982398809127315
0.6427919533388456
0.22452660392431956
0.2581241923712758
0.2714976366640012
0.6058172528725945
0.3199440243675634
0.6220980949554864
0.40845331691781195
0.12450619463552426
0.8683105421575051
0.8917354566114296
0.2803470207294466
0.32767948311290407
0.6769044064791592
0.4514881321167109
0.40770316990072253
0.7867156009694612
0.42861851581009736
0.39235258613726176
0.5550240992408038
0.06110080940327878
0.7599422675061049
0.020707556457256082
0.9708395668080289
0.11819409313159379
0.12225411096396688
0.8906741659200912
0.8148912697649944
0.46708165052580497
0.6913481764585835
0.3800484683153219
0.20583198109874756
0.964558971724915
0.49734456240085867
0.5886454790459974
0.49567136920506816
0.9006931358609949
0.6356094194670574
0.12793308128490777
0.831301647955006
0.15208166626910924
0.8890377963037951
0.19212254587809596
0.7987877770970726
0.9028383614250508
0.34302829503653065
0.1534227089095619
0.9627087383800187
0.6765009544560174
0.6067058478531842
0.8079524207365839
0.41068766184743355
0.19646903840798846
0.0674247011904422
0.3138462427713299
0.9923505061528334
0.89824485854047
0.2003108723437067
0.8093764867289269
0.802304205763337
0.753664197545219
0.3305796149725154
0.6764545142926324
0.5983268637531794
0.43546751898328584
0.40358998707450244
0.4236625394135375
0.26881445311660035
0.7499768564212591
0.2560753681456053
0.20300689159061014
0.16762935535671264
0.6963071256711034
0.6017151849904693
0.04587227326944654
0.11984856493946172
0.47245487345391446
0.44518938661109453
0.0061960790185729975
0.16850994576108236
0.2417715421059684
0.9210847286905502
0.5326702075244777
0.6803072812549669
0.49774260346276256
0.6174970813210434
0.5568177762078951
0.2572859882238915
0.4206573527120576
0.28890193050469515
0.9800803747417817
0.011943217978189757
0.7066691687883473
0.48884074447115655
0.4705910226839619
0.15473718657594326
0.9679090357076874
0.060198017828014816
0.7390970098829182
0.515862806641547
0.9517299981188143
0.6093203101101274
0.7535356986049961
0.5772513988785861
0.5078242077568244
0.059954847852784376
0.6730554961921169
0.8261048394565698
0.443867424638657
