1027436
0.13396225925871907
0.6348135068862681
0.7578750309333244
0.1535114118802492
0.13798417833739263
0.9106698577739674
0.654451928676492
0.17495707761269053
0.748723221578134
0.3659385272789075
0.3424245465375404
0.6440065662039428
0.5842194448174091
0.5986428987469793
0.4966309992342125
0.9424059856797924
0.22448395018400535
0.6152636006105965
0.6958151929717843
0.7104542991556869
0.0020763858194186025
0.40775545020861526
0.36005941419263243
0.7922687608910767
0.32169067613097946
0.33664890942884296
0.9037634164584127
0.6127604451496416
0.4875387272531134
0.7963408770483021
0.9232926061127652
0.94728810214201
0.018299347800866284
0.24121887169308365
0.005018835109034003
0.03812224674485698
0.2116253793010019
0.28505097056789674
0.7873296127109464
0.536265890175584
0.2836795158501688
0.2511138255150235
0.23928241546389473
0.8028418295123254
0.7538949471992932
0.24681968441991442
0.7289328741982771
0.6911710159485074
0.8711339575458369
0.5641423012184947
0.3459669064051807
0.04883000968659035
0.7846444339124086
0.9659309217793857
0.11611841500214759
0.8283904008020474
0.8516901231422183
0.20824070889553348
0.1989558114689176
0.876206052990585
0.9434577200278418
0.970096451280037
0.8959724766903308
0.18052922356961132
0.8618199526134731
0.21464627498285715
0.3125169905903469
0.6033999157184943
0.011760602016273491
0.889450405499821
0.8149515220096171
0.8951668056121199
0.2877440932403583
0.7886895866488624
0.0035276267928796567
0.09616326446814638
0.7270383690644309
0.34636656618636397
0.7818208200427107
0.26697417636384235
0.8589769397057765
0.10711312140771356
0.24516610496311986
0.856895380924633
0.8363721706343767
0.6300045100277416
0.5333890017819372
0.9195998821384537
0.3737684452416131
0.6208216662652236
0.4972277095854124
0.8156902406360863
0.23695057963981359
0.1594911693364428
0.01319377377173947
0.0037299639204376733
0.5290993415480901
0.9919715328043175
0.04821994934873142
0.0145110286455018
0.301212387326248
0.9896438889025128
0.12329596305167578
0.7277285998363702
0.07788573837990354
0.04430394352356082
0.6543940057174272
0.6258983883701171
0.7342771465043116
0.8631410341948318
0.7593374759326688
0.7872654944933961
0.7860495691570195
0.3556296075952522
0.5108683741489709
0.9976186144381715
0.5613194023655352
0.5630468803670363
0.2890196658353833
0.5103363842195698
0.9121107417356864
0.3713702711384924
0.8400011577973124
0.664657974115846
0.09254314988161405
0.5695965168720725
0.8841585346390914
0.7840828223497541
0.18195784067714826
0.16806379078715472
0.6321670153297642
0.5199695542987267
0.9634125389728474
0.2751474896913063
0.36647262947055004
0.07981754653652429
0.481453083687425
0.24573862740687602
0.3240952897512508
0.5853787069418783
0.5977952695892439
0.26120392343276355
0.4772602903492488
0.1426616592849982
0.7395280432895179
0.9780644055985409
0.44992526770977603
0.07405352715577684
0.6916747351428771
0.3914199272608083
0.7311222074761008
0.16219991624045627
0.7244263951949499
0.5991845177987671
0.5501351036275252
0.6859464442927669
0.5650873489844022
0.7244880194612541
0.2638855785034864
0.49056025657012736
0.7257498393575501
0.8561371131410573
0.8735004251866796
0.32761335280071335
0.4799412092198684
0.5008192330431838
0.33488636846610387
0.22432395192438825
0.3449635371327796
0.7057707553619312
0.6572391470637832
0.6978162663109653
0.27137230559273606
0.7069208532483106
0.39376552312628266
0.2166725157693351
0.8670172030749254
0.6850608440465444
0.02049823377025295
0.4303161080018134
0.8902946099917508
0.9713782333023191
0.8719356905672785
0.3361778017300381
0.9357381873448813
0.8337334187742327
0.7563394376817749
0.7352616430563063
0.7048002170566788
0.7963468106423708
0.10887463706433131
0.038641231570761936
0.5056529033276789
0.2981019561707511
0.5573794476403717
0.7305806521655408
0.6580659733001044
0.3784606730976674
0.07340154698855639
