1215537
0.5683888273206225
0.29289252665055243
0.995024159407256
0.46024125814504824
0.9047801193060957
0.6304225600516181
0.5230638643124808
0.7900923406193864
0.3554277572029636
0.1978395660698652
0.9648844470103471
0.5439728427153112
0.40256109315846844
0.6032424462908534
0.4056706810309946
0.630990669007212
0.42487130084492464
0.42217135907754744
0.2925086115319975
0.1675891740336677
0.07465491343879627
0.4723029821495054
0.18456120368743145
0.8827703695846488
0.885037786963288
0.25295677232040803
0.7249167796267779
0.28189436735539575
0.4832867967868506
0.608280847983114
0.7184184097783581
0.24950588520588857
0.8106303568490141
0.7364623757498099
0.3648211515357893
0.6007394309981464
0.30467304879948953
0.5120340031328747
0.8929129549984501
0.20120686989681646
0.08740342722151795
0.7143244227491329
0.06877452486483715
0.6668726611699906
0.8199584556461045
0.16232768455438507
0.31014200886951093
0.32827313381806356
0.034722191685035764
0.9447426592873549
0.428875909292906
0.09753841081762937
0.4359995630616992
0.9036602045528197
0.34482829689925254
0.11202636679051448
0.8724215335470337
0.28135248061069196
0.4669396319792438
0.5449806215528726
0.42740059731981384
0.9718454032752459
0.821185713647892
0.7714746811267308
0.34837050296649064
0.13243148087236667
0.4200339646336291
0.15700754124309557
0.3412080265535762
0.005007467946669952
0.8143576810908105
0.09646627155677767
0.09314838101472456
0.6730968173548999
0.24629572417219459
0.5727734575302356
0.7556700774428368
0.137644788236011
0.3303343856873323
0.42738862787268594
0.5182392361252297
0.5331493825309317
0.729926870472802
0.7389343243494558
0.33446736209786276
0.5254187012996241
0.868255463424642
0.19156935221087967
0.3241503473146823
0.9332214067826392
0.31427969471337236
0.08133282113939377
0.3678210717185789
0.3983237884379879
0.11900405018005866
0.6565347260241551
0.9348615263114564
0.4918833583658915
0.04193637593800381
0.8173696994633803
0.24188479500228266
0.9898955843637612
0.3039986400108171
0.8102827566653763
0.4250110780522526
0.17636669638398117
0.23068964089531696
0.44421724730618783
0.5278262167131449
0.9401123684674026
0.9080889443860557
0.5287263047420921
0.7562248728896372
0.1195584849181035
0.7643303867502443
0.6880314500942158
0.6320051492671955
0.019646742616364343
0.8104619640021625
0.44046307431830056
0.38899478406115895
0.27592431232071657
0.1271488452515107
0.4493188351658616
0.19865390687694728
0.2731238362374112
0.06746460775721097
0.1490285216079824
0.5865126135855475
0.13901566537998244
0.5610552150112473
0.5296142732661793
0.7064663931529664
0.9290419698779433
0.8512491375808614
0.7227877117279929
0.9768659016976965
0.9932179415911021
0.974226288324922
0.17462625278380106
0.9505020979710628
0.674012223115102
0.29814737881468967
0.6126229167624085
0.19000167593270945
0.4223956292223554
0.48018412584789927
0.7190055799292545
0.3508113670518257
0.13897299877886016
0.2706804740282177
0.40757254512166374
0.6358647510375456
0.04809045843204829
0.6962131788969416
0.8678938343081354
0.27918804320362833
0.6950360964130998
0.28710996350341433
0.08857817309683391
0.7401164048525487
0.7199292840921758
0.18002197974819012
0.40040797267252826
0.8454558203240897
0.9066202006763647
0.12243663499681612
0.6904957379789769
0.20383985507687985
0.6308974067174576
0.6335557922493583
0.3302171048303253
0.8346945357709831
0.23952840936499964
0.8347534550032578
0.5325270303445369
0.10363893575484329
0.08013418901309988
0.7528662760624488
0.8083677972429361
0.7368126751423557
0.8716257142109425
0.22085868885423499
0.427227969559818
0.8985360333186764
0.8559065924835548
0.852944638811114
0.3035143678752922
0.05987226292278591
0.7037728728723699
0.9550354995231474
0.5282496436433406
0.6600755245626013
0.46141739475808463
0.6464243667018756
