963906
0.844709894529289
0.36857250989308876
0.9186728609409414
0.9149044230430885
0.7269686943966323
0.09203914146215864
0.6561040324503657
0.8050597918264837
0.3619147802041802
0.7392984280132995
0.685286290229779
0.448254660232142
0.7581629618870436
0.15617930404794322
0.03508442042600801
0.18288693689191982
0.40937869457261244
0.5731404185977965
0.8564716766921255
0.5847608583033327
0.4248888574344303
0.37037683879718286
0.6194060871759949
0.8299725305068756
0.8070524147408528
0.9582916926929064
0.7575073689179078
0.4464911506908381
0.6027166101532909
0.09562920570866751
0.679754567387989
0.1756578200357265
0.9851855706464097
0.023228925978822423
0.4131507448866706
0.3611130914167068
0.9334797444434932
0.37827564407388714
0.26627784589892345
0.01020314220405616
0.0672667810086982
0.972083282777663
0.8108915996828138
0.431703677012782
0.3686948515247904
0.16386521854885527
0.16718244394353576
0.14373982631268845
0.9764623118458196
0.7436073083470481
0.04805532440101856
0.567069324912277
0.9728081092658096
0.949074346902831
0.268757889728201
0.8714351294739611
0.1007094678016226
0.4851444291602477
0.4604126126832808
0.2264827389331776
0.6464247549637449
0.18807979849899625
0.5394857230382654
0.6237771438056469
0.30162104946179624
0.2830070893435054
0.0799517048973688
0.3827421805906319
0.6796775257411802
0.019793513915302374
0.11088908300424094
0.43088542715032074
0.30235709435373903
0.8406699276954622
0.019469526418515404
0.4574599651017943
0.2958907704051774
0.13236558493783146
0.17777927460422438
0.07975372356087373
0.7396202124572134
0.04618386699709076
0.6316377970793845
0.23248618510801955
0.5956960462693766
0.8313613802564368
0.690555757908669
0.09333115841932127
0.4149305625571773
0.6202180788306112
0.5402006992181223
0.9913737880738818
0.5617555397057942
0.628019372161846
0.062215322345524515
0.9103480434616086
0.5303369516291534
0.2861352262292216
0.8909599355203731
0.3947916436872637
0.034250040348483
0.9139958060361824
0.3627271954656782
0.8947924605087253
0.9437203345565296
0.15350688032088633
0.4202037566344886
0.8437913919438635
0.8172868018873544
0.5390022985495111
0.7234300496523859
0.05394412425527795
0.7288456077742816
0.25647508698272425
0.18823602072381074
0.3348346709874619
0.3263844291562614
0.3577427969270104
0.9241071868680519
0.5938714917501597
0.5753183392169607
0.43836633146872606
0.07566169357190133
0.06048686556658578
0.43719060874138493
0.06255626087085364
0.38539631936746066
0.6912986710745282
0.8136025740345988
0.023964212303470123
0.3900848588551804
0.2596834759900105
0.44558889149144143
0.8681709258066992
0.0391899657004986
0.11074795529069914
0.10025575495734351
0.9708471096574702
0.18087552053897593
0.07147567312483016
0.2993509774551095
0.8649767400068706
0.7996828426805662
0.5458647055305218
0.04853735125789305
0.4411969434299853
0.10966172149686348
0.3961609232527019
0.5114906445719671
0.10722222914089685
0.6077224738073956
0.8138305806601976
0.3395471979396407
0.9854854776182794
0.9742027909227212
0.0177052855808969
0.4154755555754981
0.7525416431980153
0.27111931286408597
0.28177118918959465
0.09904986342811617
0.7794442438474211
0.23330028188827967
0.49136330347666524
0.6724532259954934
0.8192192577304968
0.5735725659241695
0.15406501767978842
0.5751412932627926
0.6057244139797378
0.13040271708939954
0.5504020847709689
0.19064754418059637
0.37759648319672023
0.3748680030379401
0.49945903331404906
0.40191402571510626
0.5216529405471765
0.26356056257282345
