1235513
0.035835425144862376
0.867081686644064
0.24202846808834055
0.6750038608774706
0.14689803095284004
0.984277189576854
0.4044910192542036
0.699387316518636
0.6030746071974806
0.8117841251272956
0.4797960209838299
0.8649015224903213
0.8289733533060488
0.789087557693073
0.815601318954364
0.9786834234428226
0.7094018558687829
0.9646338592568463
0.3033797234772526
0.636356561351307
0.2018977192668875
0.5777477100213768
0.8749301153045212
0.611378893444581
0.6361728816503337
0.265000818680836
0.16250172384842765
0.2738869476210317
0.6209119455028753
0.8654280342772674
0.08721073624699327
0.9084511058947763
0.5496545444113389
0.7843381422551758
0.10234218028088371
0.30113456259410387
0.8000302739966005
0.14206826777010917
0.3112942245556093
0.24847381875122476
0.8544042108342447
0.48188230051726655
0.7043359403513116
0.7044759475278122
0.7350300682799314
0.640315211631738
0.3140138416627385
0.12645403426055235
0.3430965924179594
0.4936172698286895
0.1759563436405308
0.20649899162771845
0.5185926730107598
0.6855525967138727
0.5999895787736367
0.5826123920550244
0.8967049574179731
0.11465937262505677
0.4058919204541894
0.31200144812804587
0.9265012815923339
0.9131796205975924
0.45877866618581176
0.8587639713720893
0.7389422429111109
0.8852184482621579
0.05102240411663905
0.09916775227531871
0.9038020029872362
0.8882942020462735
0.420778671502848
0.37995515105329436
0.49886886349664983
0.44029225946921347
0.9716004035209076
0.9785803356269382
0.3298349037486371
0.9129372860807343
0.5632892149132921
0.4090133419950882
0.585573256911596
0.03324977654662975
0.5810448181220849
0.8927215155923787
0.6910406129238507
0.056054447173657596
0.35813875066301026
0.9716653375657166
0.6288313595748224
0.8934600729557117
0.9267522750018194
0.6786225495094588
0.5404493031057283
0.6913309523786848
0.002282271528266877
0.8998808507915667
0.9896514472186353
0.8281227948126959
0.5683330948743356
0.5663157757211814
0.8727578662549141
0.07805670325460623
0.4227768101010251
0.09109751281838907
0.5946103175556351
0.7284565579549465
0.5696775227692853
0.03574631918688731
0.7939017622923707
0.7701771960482994
0.39754031802223955
0.33098325325024036
0.5978874364039525
0.890401480960839
0.17125899103216313
0.5047993660496014
0.11402788807642172
0.8886867327323242
0.48330072991941797
0.2773927019500243
0.6249028975588541
0.3099921258347874
0.9590804260490842
0.5710997007601561
0.7427743710690136
0.542520178823021
0.6921409347452495
0.45317357015737836
0.601465735877416
0.363557226102291
0.5966697330373001
0.7802390705957153
0.015763836471120785
0.9330994931244371
0.10804657303228737
0.34547947914442956
0.4223387940415433
0.53290209404685
0.43653101420063667
0.14308840644940735
0.33121634270463773
0.9276913327745118
0.8848621666936471
0.9592453209250364
0.9631260938701691
0.08563037740626545
0.5774575875360048
0.8748505019815973
0.7255881093375883
0.13673193638710146
0.317062358323676
0.42248147767700894
0.18938960554990747
0.8707611839200461
0.18411284750010448
0.07850978512873408
0.2671424334956741
0.7802754918087258
0.9247443850267429
0.4910431855586016
0.3669009111695739
0.639797744856536
0.13528580223227693
0.34533531305152254
0.3963590008133764
0.8787223328446524
0.7442478559229506
0.05053113861077041
0.6269345739714648
0.5534042394085127
0.3172268442548851
0.49509314023062156
0.5920877559996361
0.5529831938249384
0.2658083383385279
0.9629798195921664
0.3905091939925467
0.7838464966004567
0.12847059679775774
0.9286245558700644
0.9923536359288742
0.46923562049588796
0.7096507994779611
0.8559896161854534
0.4054824474183858
0.37335329345378687
0.012551578932593843
