1887618
0.3154462136567331
0.8487186358061797
0.7134291907906389
0.5819292968269172
0.7019589784539244
0.4004064703025787
0.7585543013293905
0.0850194944109578
0.5890284339692458
0.9431069674250475
0.6306951596765991
0.7019191801498509
0.28507308576893564
0.6090496530065167
0.6211508105978752
0.17115970112724754
0.47240806666303903
0.346000040836811
0.4148173827991196
0.14186769914245023
0.9037048395028792
0.6694912134628257
0.9749757698446114
0.8208259417717497
0.006792067865132423
0.1449072296158288
0.4829205578022213
0.7709100023091312
0.9058851041936298
0.6516947720795049
0.6495991431001198
0.1167906765283242
0.8058079777396808
0.02201886046692736
0.9205317663278321
0.3444558474310294
0.9054976036932517
0.21746725913520537
0.5806349648406824
0.343020120733576
0.008057743230448056
0.809947469315546
0.5321720335771835
0.3304541209534072
0.7768554918644511
0.1667091465146724
0.5669062825142466
0.8292796487270224
0.15063084177330544
0.40446378697882734
0.28263377667711853
0.9139408964398592
0.7753153396136856
0.8738626848120797
0.40462431418243394
0.5384760335097601
0.4362333213482441
0.663133489107518
0.16410068737160277
0.8712773918147544
0.3815851182401625
0.36846389178212136
0.5587379290773397
0.21314277203701082
0.11658864580877937
0.16876124055214992
0.7742659128306109
0.2554842186429702
0.7173820922529892
0.06370493591368576
0.7816098308179974
0.14747479439869438
0.9647668789018492
0.9865479272823344
0.1406052961635179
0.08407803729919894
0.6300972537897729
0.3869129814809429
0.3391756777450643
0.9013185906465707
0.05909829708176151
0.7938676581667045
0.5759614435716205
0.47081683991252565
0.7941221894371912
0.8158518929775099
0.7547423487552494
0.5225242695889372
0.35132762925516425
0.011570571303367139
0.600595223264724
0.8927603251158485
0.4264949594327653
0.07475270882633422
0.23058156674229757
0.09406573977361554
0.7416655574529781
0.8157178558450503
0.2158606344397742
0.5340512661108736
0.46452090240010135
0.4939796473494069
0.15747525938940488
0.6723349085820253
0.6333930432669147
0.15865504636054484
0.06465959929240583
0.8978244776392867
0.3030249083439266
0.7872373686254321
0.3723687725623315
0.933016901768362
0.1896754791249684
0.17832993362140304
0.2638328324262239
0.1276494249318656
0.43889124442054017
0.75022618816434
0.07428832349866676
0.09095171507893951
0.7652422813975701
0.6247615884397484
0.9436427669359847
0.7299127300488465
0.6205472452420076
0.6346511820936039
0.5586786823826447
0.9103890991200385
0.23558876794659755
0.1825661644433233
0.7795052652241968
0.63854698376176
0.35004706398842733
0.20149152960796513
0.1803177898759286
0.8720427373098313
0.19635587005370536
0.8184462818874358
0.051125967167440445
0.8135118427185642
0.8354118482406615
0.7074364570606158
0.2049640682257633
0.8133500039926654
0.2555447076046855
0.5325501575788296
0.014197713119281308
0.8144339168998418
0.7408824250491519
0.328393853775964
0.45989290255291904
0.6083435190134676
0.8912215998180611
0.14260630698508203
0.619815289246849
0.04081161337240069
0.3327408517006315
0.7739779761160965
0.943478683240173
0.7035407485776471
0.5973701604150153
0.9797405871015812
0.866763612312991
0.5801911358742429
0.8683571476663517
0.09688224282583324
0.8039783272302082
0.5762579953541324
0.2905466530158858
0.6248815775130424
0.32183583236907065
0.8557199179959494
0.32611727362099263
0.9510437691564925
0.34767288522051476
0.43175485628356347
0.19999474157026598
0.0646606137361978
0.593337373612771
0.5144836820418633
0.8238887251699396
0.8025053969240997
0.9865231749159125
0.705615573005663
0.7138760276727814
0.8957126267428103
0.7929322354137829
0.24803366210644395
0.3236800530432543
0.8468819499585437
0.2854958163582836
0.18777342042303236
0.904272502120999
0.45628414000255146
0.270987938840187
0.48650980346955897
0.4701503719202178
0.6373366285616074
0.5197160639795505
0.8345844018532033
0.7036172653146381
0.014054704604763768
0.1605751948192471
0.15776640979086554
0.6606252665003235
0.676973922253089
0.4016034463190361
0.585356567649546
0.9552096513031196
0.3890778928306462
0.5152785824078797
0.9529066239017521
0.6942753730514328
0.4795552747979054
0.8881465409960192
0.7497410543795096
0.8104712218393318
0.64074816798779
0.07597457407683594
0.7896317889918975
0.5981135905655555
0.8524437988370067
0.22847326095706944
