1367700
0.782391228496022
0.1955985491798119
0.6976999520442771
0.9517330251205076
0.4148118897244044
0.4774676840407077
0.4056841474551266
0.6618726741151715
0.5112962327562002
0.32026935084676733
0.059545037510915555
0.7499985311516185
0.33768355966081964
0.488583958347826
0.5411240709761922
0.42642488886241425
0.13619498404707198
0.45105805155433387
0.9493545235477927
0.9412077037374877
0.5350818619805776
0.281018772651771
0.4254834161421309
0.9883949456168684
0.563476987927686
0.42221704494184553
0.5457918623279752
0.49299890969815885
0.6201116816756681
0.5074736707029479
0.7012775355501562
0.6525471798302038
0.8939763389222746
0.606479991086836
0.17380281565492806
0.05917030805624124
0.4156657334171905
0.24873075540754563
0.9395005590304606
0.9635363169916342
0.13006489189423875
0.31854331068184105
0.5827689153170597
0.2585429760279192
0.12419468799846456
0.45134444807136975
0.08797547248766013
0.5585313850751311
0.4184511747012938
0.8738820404843619
0.6910304432428043
0.8288847121758162
0.5351361309787205
0.7257456870305676
0.41927676136172043
0.3812287571195584
0.3950907964935466
0.7755566952118023
0.42568545788442314
0.6910514198718766
0.96140840032442
0.10241505624150682
0.7321321097462933
0.4174107297636357
0.4486154061425841
0.7516666671913879
0.5365707562340647
0.2085018901589526
0.8463757260995883
0.5937811444122654
0.8102093966079329
0.36220568965506006
0.9686854857767624
0.6161073826315852
0.5133313947578145
0.17734237306919676
0.23269071155162857
0.6594999472451611
0.39219518957147625
0.8792061468958243
0.8956740264601987
0.17528642545006312
0.9844846661018543
0.33205730038033066
0.5344204817864496
0.9227721572651628
0.1570708510551886
0.36160100781802806
0.13808689998187762
0.6534556910625234
0.2273851325047188
0.4020820645801534
0.3038628746555079
0.7353542059576723
0.4784929713110173
0.3554782246911873
0.674126236184893
0.3593155037737603
0.6679965904180313
0.0043745224941625915
0.9344587541794311
0.43891925449001046
0.9521835800518839
0.05545409779779098
0.40380334250855654
0.5665466947422488
0.49937767902841046
0.9071412997100071
0.4912067689767641
0.42042482475454235
0.9502373951137402
0.5327855239403042
0.06800690147868738
0.8309275501856822
0.7977867464126116
0.4498749458554535
0.1099868520893389
0.30914276781887273
0.7062513735698034
0.6061213252553334
0.8009331690833297
0.21669108290637373
0.7653130212947228
0.15485856075596938
0.6571985835071349
0.913008179564663
0.6851835480732146
0.5150490790580241
0.1322842748476607
0.15477961876032897
0.9779395476752828
0.8152938893745418
0.5911208384440013
0.7419434746905599
0.24184695773791798
0.8065935602406654
0.5056406089378581
0.9056523672157427
0.7679447291354685
0.5952091255802225
0.21639873090839756
0.21581368496840458
0.8219452316509126
0.09482310518986148
0.6294140006047173
0.8493025727439542
0.11954840947279521
0.9263029218369195
0.7730645065885233
0.9046694536985339
0.20955573118322102
0.6037201056037934
0.22678769564852785
0.07514031106938501
0.7067088223814149
0.23688049468163785
0.05149798481406076
0.3989338295062429
0.5749669507537575
0.6534719933279948
0.0010492337189741407
0.9943974450651099
0.9519767168130692
0.7980384199412364
0.47473367300047953
0.6571891898641921
0.32677588204776453
0.5003387979312944
0.8827228217274343
0.9477105286491008
0.23531284917074835
0.22225410441445248
0.8395198329631586
0.9292204049334075
0.02215212330038785
0.1902536455909314
0.8749071477232503
0.03053840443579181
0.6317750521135661
0.39953637150606824
0.15753668956250289
0.6019708179768172
0.8391746100104107
0.33631245237184737
0.06322511975263467
0.609070425059039
0.8069813020929004
