1704873
0.9062932891010003
0.28817918772717954
0.5660668623653282
0.3651474134185909
0.980308919698842
0.6067915858104971
0.24928166394151174
0.9492547346279883
0.172073505801836
0.3043112126451679
0.9505678690786465
0.7048007438859446
0.9484713756792398
0.7766054374474671
0.03179136580155384
0.8673571859032183
0.9393374249832711
0.7823971634574871
0.323597205095811
0.16228349374770756
0.36155732420559317
0.35777214569181615
0.4751808313091983
0.6327174108609848
0.8014144604352318
0.4584171917472686
0.7065109911038353
8.535089323860046E-4
0.20946234235362016
0.9819633330142339
0.5404270830399227
0.3950599081718347
0.8538024124754925
0.9409723751386464
0.9992607847885936
0.03417191647104445
0.15049915075199527
0.20651921392832162
0.43910841028028014
0.2503412100609278
0.7439655286785369
0.42298620435335865
0.6646061428602141
0.05310758542753391
0.9455036539013875
0.40660044089953395
0.2180382664938616
0.28989935130570577
0.6547872955520567
0.5834082442575991
0.7688337088474367
0.34195827934280865
0.18692361865717044
0.7967955234315574
0.342983564847664
0.20972295070069447
0.006834309240995373
0.12032687623823568
0.7266388366707488
0.7879943765583552
0.23304661648984326
0.1485900366278925
0.7541235997381571
0.10874629730717034
0.9145873088434363
0.6068965875601645
0.3478261064561108
0.33823170906130506
0.5075234267288131
0.020103869054015178
0.11590621341183016
0.35507647990284386
0.6817959066827569
0.6114867522968156
0.03348482455547186
0.8073396122830888
0.5743430123135127
0.5645028528577514
0.2339568172213229
0.6490589593998708
0.871112972460478
0.27345764515706394
0.21929602069808063
0.29059047572388363
0.648415481324344
0.2334909589180174
0.8616972665915312
0.662087630096926
0.7331651236778436
0.7759702379197899
0.41362690757892095
0.685757088000389
0.4519191383668403
0.942289228616207
0.3693301172804062
0.8800659110946796
0.030215540020880005
0.4072360636917254
0.42806929345653555
0.07786393952931014
0.5765679422239888
0.51250779636373
0.9978451502501268
0.5304249807956386
0.5395751592162009
0.15161293129002917
0.6480780099241157
0.9906987838946671
0.7619557644227498
0.4593173309421751
0.6707038640967201
0.72160516682647
0.7719187775261088
0.0019534380668997375
0.44136579327205483
0.7589907328700154
0.7501333851501059
0.4393259294146381
0.5858586360892937
0.17390728230660069
0.6896622688524517
0.43461202622476813
0.05171058474829793
0.5251610743849894
0.626574703121061
0.9255678587199136
0.06076246683379105
0.17061957062392663
0.46055681231843826
0.7385168827388646
0.5758319042015205
0.6145531405613176
0.8076884013077288
0.9260103351702815
0.35302585315024304
0.6083268782780686
0.5316569755972173
0.13971325495014997
0.8709921357535987
0.2930473629536564
0.08503128436160978
0.8119847295140072
0.42937659241971615
0.2753083214490383
0.558818327789589
0.9127839231518599
0.49097925332653625
0.1609678644721343
0.38637934337367985
0.572948231321096
0.9055795174753476
0.7369293580465938
0.9768812875586239
0.9205537226076176
0.9981271152429512
0.6871868368806608
0.16381327789445288
0.06398229329819227
0.6299714661047688
0.456934955581242
0.24569705168690692
0.2734836253563677
0.24902960985612776
0.6373328372810564
0.5689741955825124
0.06243438848006533
0.6332685661946922
0.03354966975462126
0.057152302313605685
0.05016132639614723
0.5016049825944152
0.40000948344505416
0.8256460331391594
0.2001086185926103
0.4173016248727027
0.6792913762642833
0.038348426258370094
0.2702940308664634
0.44116627619868864
0.46493048023855565
0.45982099259237796
0.08741251864808985
0.8053358905637445
0.3234042844560949
0.7360920117444868
0.5616101558532967
0.47315462431958655
0.556877494253093
0.29740390328841537
0.19586500747167945
0.8266317586273052
0.9658182509907596
0.9178524825881672
0.2120757551952046
0.8801913079015
0.17938709946152231
0.38971225813959354
