1320263
0.31537303038571596
0.35790229461201706
0.1615397315850362
0.47434334459374816
0.548832343661645
0.6911048451334488
0.5720727373181985
0.2769277376291024
0.6526819406082619
0.49432397443032605
0.7643815901598314
0.4588831798931673
0.8352619661348962
0.35958947887923687
0.33548851761767906
0.24965570935106962
0.8874069346243869
0.8727569550741997
0.30893723011561325
0.048692573396847294
0.1275860615068204
0.6001512951141184
0.22744049805840671
0.5187488816651071
0.7520510127698704
0.4198310591076889
0.6597056635702935
0.4632836360855751
0.7824043618026226
0.9789980904112089
0.8846520825609036
0.4535513384733083
0.9524160873817333
0.2475537493044142
0.806273810294473
0.12509772071464242
0.5565797280423391
0.10752949767635311
0.47368966057466133
0.2987192752599276
0.49481343246162135
0.6690962543140447
0.9334620386821694
0.597548061715058
0.4908757221457497
0.5360832721078473
0.5250547772459778
0.02977459634648938
0.7364796278198682
0.5574142185833924
0.14533947145991932
0.08562350855780587
0.01875263012693551
0.6955942838326314
0.45434894923033975
0.25754777545894747
0.7256044673177444
0.5193591044714136
0.4720150163183109
0.5342094659677686
0.9917285347185001
0.48482239486682877
0.5244176469896011
0.34166595329512506
0.6473766936030767
0.6079364739145806
0.038110681421741566
0.6092823816166458
0.5627116071570911
0.3508053272679964
0.25237941679652776
0.12324286045357047
0.44245433443054805
0.5453676234510747
0.5218231732333595
0.0971340213413544
0.11870974688366331
0.9601928863914767
0.5154465068247628
0.9369265766649648
0.9142653614008328
0.6796105583992335
0.2834801354453077
0.5067818054620167
0.7043240741662472
0.8091189366908569
0.8594433356252339
0.8124614539168931
0.8915452748465209
0.14699674274579955
0.7924972872215511
0.9107213940919598
0.62743211382602
0.3692670543906722
0.7639288320909293
0.02592044538111382
0.2625178348878884
0.9636399011120467
0.231642692883534
0.3091778322667339
0.1884673911412812
0.6177863066254234
0.8678292161790633
0.41076408577775436
0.9471248792847938
0.01827291447256052
0.40751438399304496
0.053011480037475245
0.7247013749676776
0.048713461352655085
0.40948698872223577
0.08888246194311111
0.12371194729665702
0.18916922755577847
0.34613764791892576
0.1104349563992374
0.4109341985766355
0.5135577125557155
0.3850330646760576
0.53177623297097
0.27657562782505984
0.057805040569067545
0.2025881665890953
0.21269735945251733
0.5080001305032488
0.4887043070003322
0.17898755736452343
0.11203307594702827
0.8807788667631851
0.941918442407121
0.3635472375581398
0.16389211832847062
4.94397268934188E-4
0.6172931794123645
0.6709960065095737
0.5552559519224587
0.7906408298294675
0.22062164622774572
0.871695551664585
0.8500444487034001
0.8151274867322957
0.6232291388030603
0.07260707169618896
0.9525989795503329
0.6483070119172908
0.17422299864388202
0.5508513347250048
0.7326350431044919
0.06111297513996283
0.9449793328295683
0.9979979997717175
0.2440678102198418
0.8788065543165531
0.8114142901165748
0.4607596181117267
0.8617159305794831
0.9839954015116177
0.6868148830943203
0.5225539995894911
0.332740120748678
0.08800224477209595
0.4064804326785132
0.5604384680130317
0.6937748612607517
0.5743243739920074
0.7351524257216162
0.23320797415645944
0.24006296100632474
0.9298400797784361
0.7191871592327247
0.7089886476499629
0.24950450057379925
0.022580992219900287
0.13765204033309242
0.5244467659466393
0.9623829227059059
0.759304363264692
0.12000316235552999
0.38277299673405907
0.39663278117003964
0.4617630311171036
0.092727800949307
0.643890030163984
0.9388654867577286
0.6374844685605053
0.09331307935698618
0.7378714883500659
0.2929702726507689
0.689035126609694
0.1471271413664792
0.2413483014984017
0.29095982089597894
0.5051598263927166
0.8412773913506332
0.8967186722310334
0.2748313418453219
0.8078500585072915
0.4492353653931638
0.4252660934870435
0.24356515400370482
0.591309273254176
0.9609955760305489
0.5878292336418567
0.7259849711608736
0.9819474381077513
0.1557614572429954
0.5804566928821411
0.3880550808039307
0.3729506746939356
0.41762858935810765
0.5175183991904079
0.7122915830837965
0.7426363204361995
0.3394615150177025
0.4510346296985447
0.6973161245077157
0.6527177699834901
0.2861373511325731
0.10252301563986554
0.417182312044737
