1440735
0.5407673855841146
0.99555601473059
0.24245209046146854
0.4529566056131963
0.5705797131240571
0.9842928849648271
0.4424300553931301
0.663136647044228
0.484801708246279
0.9944971905517879
0.7465457396153349
0.494842211501648
0.6161102193966594
0.969614944090559
0.6608181437549341
0.054314863899260546
0.4563816332614342
0.07874277597836765
0.7434998515357744
0.4531144118821564
0.9577120233880023
0.1228948853009243
0.9940189286977612
0.5255016100918848
0.04481060489110944
0.251192264950753
0.18463243417250996
0.8728481966873204
0.6552034161328727
0.29095954047061046
0.2564044023272428
0.3325167556064603
0.991847743313938
0.1529421238830424
0.9099100306983456
0.39150499089893054
0.5721726045589588
0.7113317362026125
0.561106108154056
0.7692495821639823
0.08822374039845182
0.2780160614746059
0.9040981707646317
0.3793374687752078
0.054506578918430915
0.2914442781248787
0.42507284255689204
0.14647305753945328
0.7132840544961813
0.12272661590721923
0.345453001276232
0.7029020847056436
0.6915003878543725
0.9650633409307724
0.6373731496219673
0.8175939171934404
0.4591660731755991
0.6173243227572903
0.9508607628125639
0.5218359016039923
0.7259533950276952
0.5985775368061289
0.519648420531523
0.28649511363927294
0.530915813856803
0.4375908945907957
0.37133137921521386
0.2790537352311343
0.929658439304367
0.16980898331446226
0.45762324686407396
0.6826268549659185
0.8639512112470855
0.044032176381581634
0.6417522229716706
0.2945220090938473
0.010690390472202216
0.19200263593251998
0.8325792338596215
0.13850227884793287
0.15027756898786804
0.5463279112176751
0.9388082717616154
0.622765509674556
0.8689003279608462
0.6056500200432269
0.7316982897132442
0.8547543336398098
0.2148618295323722
0.7406935663461989
0.15097526268769534
0.08426325037358273
0.26602142475226986
0.610803754238085
0.06618188752292309
0.8879098309297384
0.43357181335921635
0.9178114700883732
0.01449159017064039
0.6308899244916142
0.7267929502199242
0.16253899228549118
0.9760524426148828
0.9460370548855802
0.13408646314311756
0.2889868002478414
0.819215710492843
0.45555874585197254
0.7375086156448982
0.10221810856181357
0.6505430411019885
0.7274231982418782
0.17118387728723705
0.12818489223284013
0.9382748064208425
0.506222358556082
0.5583954302780728
0.1472148660603967
0.942981848662992
0.5874377494903876
0.117812550040164
0.9776064133438294
0.6854113929344455
0.31438803915481506
0.2162293736530002
0.2117542949177902
0.4090773087382983
0.5687383320909418
0.7633530868898093
0.5144559848280155
0.25393380375744035
0.2983029414065329
0.49359426808533857
0.7815245578252724
0.6475106304933992
0.0799748147913355
0.8604756559950152
0.9265612824401197
0.7411770981566038
0.9509663743143055
0.981189747281638
0.31471700791322377
0.07174141497532316
0.7581484695445231
0.3120001537745084
0.8944982641660494
0.5123801861429288
0.5731247965579026
0.5095949359613071
0.8921507378281603
0.49193315078124933
0.2997820333647172
0.2391649787133513
0.5278789821541204
0.40788600211441395
0.4614059741206561
0.526893952481394
0.5891379075463721
0.13590443511521288
0.29605702592758865
0.6227107731083334
0.8534584247226109
0.5475705176237619
0.7117486175261355
0.23856940978375307
0.2917458739724922
0.9880124205840518
0.35707472314854016
0.45818522797812955
0.7027163015959125
0.7364070582318796
0.048283640010933104
0.5760703023257164
0.9301128047477133
0.5748745447741997
0.06039681816928688
0.6168755716299895
0.09657012138050847
0.7250721398136208
0.33782336049908124
0.3104603127528094
0.35147247894101397
0.5768349461029254
0.5090220731291686
0.8537745018326608
0.47487613753472124
0.829498939099376
0.7001147405503338
0.8775531718437867
0.30554506880681676
0.8940817645466552
0.5339554625380057
0.6539862193402082
0.3683738487417847
0.6632850086997216
0.3740132399181547
0.7309409192220165
0.26494967233766864
0.0463215742777876
0.8265255975368606
0.8589786430914005
0.3607306820942464
