1324603
0.29042377713052336
0.2574647909573059
0.24204142987974087
0.8582536427366101
0.29912419364503384
0.6339972443450713
0.9860217760847847
0.25153462657418224
0.7792027098645382
0.3839515078873288
0.7627232825540122
0.19777645486850282
0.5279041881838953
0.7466406591861386
0.6413988862944845
0.7235093063013865
0.05113083232903137
0.7265088839297488
0.06856152592499132
0.04039306209896543
0.8719079268381922
0.84185268838406
0.39735580181337593
0.007844284606504659
0.618742466006251
0.28817769106548696
0.4209586335284792
0.33367834878176883
0.9244229468332343
0.9268661513576079
0.35901450891141207
0.11143002019477166
0.5730345503971459
0.7686193019713706
0.4189618235478104
0.4424301006557728
0.5214416168130978
0.9111776908569974
0.008208513440100207
0.571379224463089
0.3912144241101011
0.2121116743214504
0.9084667782657763
0.17607470474066422
0.7779552200751474
0.33001360724063844
0.2401584906886518
0.19510966920179207
0.25720411728313786
0.15121171786897325
0.842653920189497
0.851778463853987
0.27958237672598063
0.03416545842158403
0.775208604951407
0.33808565513364186
0.2425571206459083
0.7499905763251276
0.0038140790785359258
0.9596707569483912
0.902188151907378
0.4751014899758599
0.9807804019546966
0.4106242923952237
0.9454438982763286
0.7007477786306813
0.7467195086633259
0.24658513118170278
0.9821502754719421
0.46426014244408564
0.38870006342950525
0.5551731203202588
0.43536277245985533
0.8781107841860496
0.1736964986883366
0.2847248921948692
0.8099285445855299
0.5354320355946975
0.443055502295005
0.685465135673624
0.6012319634185104
0.004425869185332387
0.4015560551571131
0.8416591816528345
0.6695936036681619
0.28913652021799063
0.26373949752125636
0.3289574512217823
0.2505191962508204
0.8303469009716005
0.8305385442363261
0.6180557434449484
0.896971553130122
0.3478991152629046
0.4608351161681469
0.9639599145587399
0.5570652762479672
0.5845280146141951
0.5754289142569959
0.16955704560280027
0.6790604248527403
0.8013360624468021
0.28499968872408954
0.7928600059307789
0.7052577543546699
0.6963266566689332
0.46899844342409447
0.07920543034085648
0.5673750876292817
0.2699523236007445
0.6490034436805202
0.14285008420876288
0.8282107784662935
0.04542300287140377
0.2979294712104952
0.6968239965306974
0.9278763448439494
0.9665590815171597
0.8055794027418428
0.9355633072018433
0.5876077962230863
0.24226226687830987
0.18137938142144028
0.011759237191520833
0.8001409440666193
0.38421731543156723
0.7167403520342193
0.9170245711328464
0.992862884618074
0.6932258695541402
0.25233972121079074
0.4753918010315795
0.888428536512797
0.48961328093725653
0.3997194534599483
0.5893226539081373
0.3072572901231301
0.4544380082698668
0.051947297729931674
0.8398214378761236
0.6573017919563515
0.5507725325198093
0.7846906468369573
0.035409646231920555
0.13870724522239042
0.1281135584580475
0.29690295042608605
0.32913269818219215
0.7544560572218058
0.9780184749725532
0.8694250269905431
0.07843426497970596
0.06281951839766231
0.3053539437485807
0.9301546246040717
0.7096472900136309
0.2334146520850281
0.807081895615325
0.20603956250372002
0.4670150211221902
0.3758906516962879
0.30929681007194076
0.6150007944455415
0.07556961152261732
0.29874631736897694
0.7032675455340144
0.004994243435764267
0.027859516239317483
0.8255063503766914
0.24252605809775596
0.08277052582361455
0.41643145916861724
0.5464605886883758
0.6155840802022373
0.39149431528795886
0.9771363093023478
0.4163972991370367
0.5926483748693622
0.9942364729761015
0.2827425563809244
0.9222379608072585
0.45974374807757556
0.5994530085232901
0.8320053669933742
0.639207459640292
0.899942498627228
0.22491713662812973
0.11625256761958058
0.8701505341068764
0.45893777245528034
0.13817215852657994
0.6137136062953428
0.7198312803033193
0.24098743963827085
0.7344242827466025
0.06123144370650324
0.3945297920610694
0.02129410574452162
0.2168959390472931
0.28366129675285967
0.7369759848219963
0.5321761219919595
0.4300123189038778
0.32317399434961813
0.007637521591558616
0.28292330028440515
0.9623945601191157
0.6038464048315415
0.7056052437401172
0.9070202742994491
0.6844853709709021
