3009565
0.3913349451359539
0.7857961750229737
0.6954592270189013
0.21473390600718678
0.8630921485872948
0.9739203731823377
0.6711533248292886
0.4186185367422258
0.6915009784135281
0.006635050588522984
0.28700052770894025
0.9363875543951465
0.16046480782037886
0.5315354023118143
0.5889371364665275
0.9082496925124826
0.4854057098641743
0.09010841884276521
0.4753592563293362
0.5198473535285584
0.18728751241105224
0.07650239950196414
0.5055790911596011
0.7261978300178592
0.08319397352727087
0.8159417707667141
0.5625229157037585
0.5288885440414521
0.6991567485378545
0.9388427803848041
0.5586655455063373
0.4791643221138827
0.6853418364630992
0.040162709802508245
0.28923606935393265
0.6586462950865409
0.11936720861777472
0.20824163596580647
0.48301824909984914
0.24977338517569125
0.42043820172572843
0.38337237303023153
0.07860793578196479
0.9496591572081217
0.9651518513292278
0.6635606028020576
0.7627795610211427
0.9039079354264423
0.3952346369009945
0.6134140452851505
0.8476518843916498
0.5410363090287894
0.03814302852509044
0.3518259632563653
0.6346330635497843
0.6734970550259582
0.8233694880451455
0.6950947545704047
0.5156636500495918
0.49790446526742793
0.5704611356147842
0.9143480864199692
0.19606557984281126
0.6749115109944241
0.549172461794305
0.7296165647174799
0.5883438502158694
0.498290838871866
0.7678368135860101
0.007628428329923942
0.12257702328987463
0.2731232373294328
0.5329562942738688
0.2563734058035674
0.44657158439217115
0.4145984494667557
0.44117327100383297
0.4167104032394833
0.747744197053509
0.4517854096557057
0.11420102647631558
0.6397700465194261
0.21873510959906706
0.0748298058216148
0.6679546573001708
0.7086303520181374
0.5100448746449696
0.5993890302163684
0.11903813803589702
0.5137191309532412
0.36552582773795683
0.7387156345191976
0.6749069439326789
0.5236248523844048
0.020348406704400412
0.3716525705887189
0.12843979829836605
0.5064727722253841
0.3561020479359408
0.07390436215417262
0.3833174607929227
0.8517506641032573
0.2539789538677777
0.540300597383951
0.473520151338083
0.7184448713087292
0.06452840955186323
0.6673690902974948
0.30841946248643926
0.8925734271914089
0.6212579857701616
0.9883880251713166
0.7743547059339433
0.6756804076002713
0.7653977195144184
0.3571879866232909
0.7542477005012301
0.34558153292221716
0.9204316915822855
0.26232581012748213
0.08872384563621327
0.7316279217327631
0.8575408885048943
0.9198545557621607
0.4953716813610911
0.22898141233329905
0.42689023270265947
0.34076470629982025
0.9871871185315861
0.13987147444502257
0.6947316824025394
0.8982738399375839
0.3869124005158029
0.5745301777408691
0.6225844457493117
0.5304930991500675
0.12089421007983503
0.2704783243513662
0.15229224917661022
0.6056009458941113
0.5942491650093653
0.5960624356586097
0.3195468296158003
0.6495053371014146
0.09853905746369895
0.69261870528637
0.8085058619716036
0.5900782089443481
0.383822495843976
0.17936694585475943
0.1814225215931642
0.9073966130083607
0.7388631503864108
0.09611353628348085
0.8697429503284392
0.09602698086147876
0.6664395368164192
0.7910696990760696
0.8969170441683826
0.14324079392065958
0.015114618319533202
0.2745669589537383
0.21820686773867837
0.3061505238076916
0.7344882215148871
0.15417967676818312
0.5090665200504315
0.33110752673216803
0.2578689032663527
0.6427393043551346
0.21120540041931746
0.40030418328976947
0.884466170767484
0.28795335123102295
0.654237159386247
0.5133745337981873
0.4326176999998844
0.010817212755517724
0.1108545027581459
0.7158891658700118
0.8662309969135287
0.7597343609020998
0.7147598135752333
0.5719917613882355
0.5585320000936406
0.5882368585568528
0.2731204058782394
0.545025982865045
0.35037799463948593
0.24642438195342098
0.13910615377546465
0.49785336211306475
0.5848059440559564
0.4397167877169096
0.47510638360590063
0.3536639975193956
0.8551514104629045
0.753241876764073
0.43351243987357235
0.06843380911441421
0.2909872806331252
0.8661562975844503
0.009490210531909127
0.4577832784474145
0.8242957697950917
0.08742439027686877
0.5789575497701765
0.09384450313592141
0.027700966228780044
0.43305599314385557
0.425019065836972
0.4418448615543007
0.7972533866106767
