1130373
0.43453117165868127
0.8774010335871769
0.6414668945922021
0.36417218779251515
0.6191162782219078
0.041967477986980306
0.8546460032094214
0.8631143334891167
0.13500196363620875
0.4811877359888903
0.8993187276236804
0.9589547535293158
0.30767078073112075
0.621465175727671
0.9677362959146799
0.8397249001987513
0.008628550662275858
0.1095252355110915
0.5883092717919859
0.22027147005891656
0.5936098968076269
0.8176006565511399
0.6315511323835804
0.8693613624808407
0.8245950349442898
0.7059402194068484
0.08353997704014848
0.5723724727284
0.628451892502268
0.2912069431830304
0.5144187394510282
0.37237456021297133
0.7647433197312431
0.040620169563079345
0.654806916761304
0.39431791164031604
0.4762168149381256
0.614235689440133
0.25959688774990475
0.5502122034668145
0.9777197316379819
0.5115464556449816
0.4864610001147277
0.9475912953757634
0.20276009279959095
0.3436259495450277
0.3454958040482602
0.8792246962122626
0.5716595668769346
0.6483252929786445
0.3867824301916166
0.8589494404892947
0.6712217560690468
0.8935738095004075
0.6842431314128428
0.28666101620331763
0.6430651877022153
0.07262263897725707
0.34702548602698546
0.9749157087346991
0.7662477003908433
0.08510911265332854
0.24374775466544885
0.9502606717657568
0.1895343719799102
0.9191093887636727
0.36029008270835583
0.6543224428456194
0.01963908244083379
0.5018856196130552
0.22841806062633374
0.9128482069667248
0.00399492216907249
0.9708229661464837
0.16037618012702248
0.815308917751609
0.8600863387363772
0.031090812301005966
0.6036914580617457
0.9533363429414999
0.8981019907580741
0.01285187176804592
0.7907773083580614
0.3031813364517755
0.959643742901719
0.21838149603195167
0.9995311515129175
0.4055440405930727
0.8524541656937419
0.15824902381128347
0.16396951118286207
0.39554058392958713
0.39960107578004544
0.3157516105706494
0.2780463457230672
0.8662358332101023
0.9412846163857352
0.15008044563313339
0.0211521471037025
0.5110845142001497
0.6284084351658303
0.15123826250203098
0.300392403830963
0.9837884981520523
0.12928370890204144
0.8935154858887486
0.9525962309659595
0.4384907446438493
0.43431058818541657
0.19937269533293545
0.6781068007714793
0.7688915577081044
0.2882091003654018
0.7218647306335484
0.38875731433101823
0.6517862335287702
0.4053469899569986
0.48128187438737524
0.5440376707231783
0.11868750691529562
0.030939773320610597
0.15047200903407043
0.7223084908579255
0.5286099948553934
0.5993737747003997
0.17334717194532978
0.628020633581154
0.49575848941047773
0.21063011694004674
0.12236646591019928
0.9712502491653672
0.537775084864953
0.396764029192328
0.05332670140498441
0.1724604832283344
0.9533652371451559
0.18262032957286478
0.9995813933123693
0.6432530798069829
0.7125360727839242
0.758442468472987
0.1628470334097668
0.47297398137702373
0.9483447342674867
0.17675948047320444
0.8040456527952842
0.7113894470728875
0.9759685250267943
0.36191090565611206
0.31517085017068314
0.07924985546614216
0.6330728456835863
0.37779743815761957
0.4619540751179485
0.8614109055905417
0.13486639505462272
0.33792056869308407
0.32714679991652496
0.9412823412434914
0.5678981694367503
0.5615017424567653
0.055523272528579914
0.4207271438011968
0.608563736352831
0.580447812405384
0.10424769792051758
0.03613456968418194
0.045453256559190525
0.38415608219696007
0.3360387511752979
0.6292427566367966
0.2090871299146324
0.8526291966796525
0.9576032391784335
0.2603878781042269
0.4682495841947607
0.6730960755970511
0.0020999748679967345
0.16220822399975765
0.5390446550976733
0.16131226307278035
0.7819338236721575
0.6234335462861156
0.4709624181966945
0.3159391270749087
0.4969692602817152
0.0652413071524428
0.8236583093303561
0.1228783457997451
