1258598
0.9732912793141167
0.02676297042014708
0.7288118988447635
0.5961642885169774
0.3289311324751707
0.5116752129588802
0.24334534045696743
0.29299365249407083
0.2155131207594656
0.16441261921614347
0.6434465827434277
0.07269845912095318
0.16856787925373928
0.042389417710575805
0.08325543445098549
0.6829446303386602
0.5142963452482757
0.3297200904631271
0.3477356478855149
0.3511652616469474
0.22685819402086826
0.19827983575509978
0.26616955756181504
0.935214292541131
0.10779714289429965
0.1635473963247449
0.720876047097066
0.3444525790099193
0.6680046083943016
0.7055244854296143
0.0851669858423928
0.8809552748822482
0.13266275355055812
0.6291277881974444
0.35522083919962455
0.8702554839295098
0.06089620935033291
0.6238004956024171
0.20246655209090925
0.4520164090702915
0.17440166140380398
0.7486924654860194
0.6662349756550271
0.6832501804916078
0.12311294566949393
0.11760938763563
0.23084853139538097
0.17017842616775536
0.08099850098914296
0.8870330842427604
0.5869848390841971
0.28955590640462003
0.2613775788626381
0.7608662153017856
0.4640632325672235
0.6862556885819343
0.6686796646111903
0.6171568496090827
0.5385675953581622
0.14114025834258248
0.6623617547141822
0.5349093559064114
0.5726328582135873
0.0917196905456572
0.19873626053452442
0.45318995154367325
0.6178867972138311
0.057825045620277904
0.9377521835662384
0.9300867661173622
0.331452410161967
0.9755008903035967
0.7543103001711068
0.9856857477964206
0.1941805469619049
0.9745482165488836
0.5774834725356262
0.8110752796861618
0.6955964488560044
0.4486249492065473
0.896050577362916
0.20449419121964685
0.35570805274243433
0.3615383890226067
0.7150435903369157
0.9560890064312663
0.7907374163807696
0.6093397546645797
0.22554437875778532
0.044348331681201
0.89800153409591
0.9150584163039249
0.9587585153540727
0.43013319360167146
0.6345821901754111
0.1713893245132092
0.7354313915191434
0.438324486528479
0.7950889164246228
0.3663738415550527
0.2929617719623745
0.2024596015401967
0.6557329123675839
0.22809109640335457
0.0751059101147451
0.4143320961324459
0.34509424776044095
0.506602873248929
0.3029559496355494
0.6683800155351887
0.32637830730213224
0.3748724837023881
0.11091373077683442
0.019789701998533138
0.43162168719567573
0.7751037573590881
0.2276716341683298
0.9855937446142997
0.47522198668385096
0.6629233430780862
0.40974994713753377
0.10964319063335515
0.5923294843031176
0.009056215714610683
0.5939304357674366
0.38518558760805566
0.09705358982835277
0.10662022780219704
0.5249637599604211
0.2828824649826377
0.8361000149687541
0.20189284877126168
0.4362183256521466
0.8674504525129919
0.7253694894088655
0.7173790793960193
0.21347677524240938
0.5027131262135558
0.4002125388324118
0.3682369114146884
0.35587537732159646
0.9427008934152373
0.6844488580389207
0.2865922093029648
0.9630209259586319
0.18553893277610412
0.8889242743732542
0.8630026804217527
0.923608399801455
0.3272138180595492
0.7872916398142438
0.3903060518471436
0.45840221605296505
0.7939117610777273
0.48486682191382746
0.7523147402394833
0.17923238766376381
0.7544725781706141
0.2958246170345775
0.3382959648460423
0.8656965635079249
0.21860494646454176
0.17466340391971658
0.0839022194432073
0.23254740179244826
0.3118607030622007
0.20978173624914076
0.04019419405788194
0.06328421676804974
0.4849664829742184
0.18017382620863343
0.15462453550134614
0.21925685784236393
0.9629636600043296
0.2006650552098057
0.01132725547998481
0.19862852216160554
0.5687082660276618
0.0367729349198036
0.12278462805437007
0.11583362029754185
0.16563459641024547
0.7571924078204711
0.9909191869548644
0.1997058071673713
0.356287580853072
0.010069182284830003
0.562886081873204
0.16724003553869038
0.7459806186767077
0.3586382604254247
0.8953165580219182
0.11999222422656242
0.035037147469395014
0.7924692474142532
0.8104904102772221
0.9314082496715541
0.43842571920157836
