1263361
0.742473804371106
0.07889198004408038
0.44591410387981734
0.4481999771768145
0.6709951239753132
0.19483047549403076
0.1943870711860567
0.7520065562349355
0.582712631524194
0.12528184908512152
0.7456678332926546
0.20002520982025596
0.6077600307570625
0.5068367712265921
0.2600615528344744
0.07305744395685032
0.14536823884610706
0.641614847500116
0.2883157418941028
0.5460812240264609
0.9245090727105959
0.3002324172500195
0.36835153044682545
0.16444076488863757
0.7374296118492916
0.7783876296187593
0.5120638537297173
0.3539424206486015
0.5326311947250654
0.8733531964228233
0.24579547933623735
0.47147891616155524
0.01576103617783775
0.44764340537076996
0.470628427837941
0.6694056065405419
0.9000485717940803
0.02934907253080743
0.0424259483642182
0.8947443966305387
0.47233263300696093
0.4621102570149922
0.6365967364690913
0.6733924757522659
0.19638971706283914
0.9624232436769129
0.15884250763550178
0.9398638706854606
0.6621875514370484
0.06795507418478763
0.6906889204995421
0.06469456975399301
0.3078524141576938
0.8677649982718527
0.7173889392789677
0.4044926294829858
0.9905523359285507
0.5938094134201093
0.17582693065393074
0.1537163569637342
0.6631630011576487
0.12283273381264181
0.6813405700314055
0.012615844245060681
0.1254965435144515
0.18872375599471392
0.1449169245013776
0.2023735358921276
0.06203800085078848
0.13764333844863996
0.876008154705657
0.6563326672686549
0.352548002176722
0.8717059561188439
0.18125113528913128
0.795302105321757
0.9475544234694613
0.22172403475188862
0.41566447003022733
0.15527946353408462
0.43766976277175407
0.3655007333054462
0.42043570923949647
0.27753473214008717
0.8138350718233357
0.06538332527561774
0.2901999161831903
0.6938484893268593
0.8150052774522093
0.4372658892215503
0.4527507285391341
0.5438008617634723
0.6904550185619681
0.6829566848322864
0.11541339726618582
0.34635818900167015
0.16579774521156743
0.7188018271413897
0.23484850686465686
0.7146063641638922
0.8949755035296119
0.915683974351158
0.3008446960849507
0.35033146355636524
0.7048901351470722
0.22899067272107998
0.38969659074044694
0.4842493317992248
0.49501154760377264
0.8418741690927114
0.13905465173508202
0.038038074693949375
0.7412119249249036
0.07110079190047391
0.5236715312208804
0.17592817263599947
0.17123950862850312
0.6920141004084082
0.5702591839961215
0.5864573815782613
0.328659042691534
0.02761374225948665
0.43970998585275056
0.7890981749811838
0.42275076407522993
0.11647716890156357
0.6262238232099476
0.9958179241386543
0.07377293815638775
0.025228969346772212
0.37542295463975706
0.5742329927857529
0.3061579770101057
0.903488497209844
0.8073244394692751
0.9568697148532049
0.4166254424531157
0.6927033513632694
0.6450798813282057
0.9201469226627887
0.14985991393384113
0.49500269633197735
0.8966810160567653
0.517045760316358
0.9513152307458952
0.48418120919230423
0.314368401384044
0.5890347565589859
0.9348712189189455
0.8981503933442311
0.9652702131146108
0.7056690992036262
0.6024824950340021
0.09067150517915445
0.7868364009251526
0.5843849695636038
0.28362350749110465
0.8399098955949219
0.5719233504182585
0.5283613191457067
0.7242478571879047
0.11232803391627999
0.43092242874933706
0.18692272131993448
0.24814374509536552
0.2626602211788983
0.4121157414986514
0.9908091147961163
0.4379819285044473
0.21418932098654375
0.6264805818295587
0.9437389893168724
0.33901637045140687
0.5082717590215509
0.9194538813267834
0.06204499116573803
0.7753115830672779
0.23803405527236676
0.8597064950127142
0.645761843139078
0.4865354341123703
0.7883906021097759
0.5737666060694612
0.7373982945287718
0.44276937355182977
0.9930085696174697
0.7453702945231828
0.5787263940201586
0.8754528325519181
0.7885732567837037
0.9197065259643906
0.6112729655461235
0.274492208915075
0.6976825903299129
0.105263004446419
0.5827994511290984
0.8447290049515411
0.5039274512516504
0.5497679317798709
0.6199082788671119
