1201683
0.6893757002576179
0.2961893903334766
0.4817625563664535
0.7060152028675267
0.293692344376139
0.6539156940880412
0.5556274684566317
0.8642785838759188
0.7190901676384757
0.12110663351132267
0.7154256901669035
0.48667827498302063
0.28601356385002186
0.2739775815482458
0.20171381364999819
0.6732884971081758
0.42336484078998604
0.6257343505227798
0.46551197812574185
0.14989014849990334
0.7929011870649714
0.33162730329439716
0.8249126175170196
0.3174199409837227
0.758946328469575
0.15842593875642264
0.8023462528628458
0.2533555500430561
0.7669245308923818
0.4646823677178771
0.21431294891732333
0.03298675667461404
0.21863762862550218
0.0016287682613204124
0.2504255744130265
0.5676248497102704
0.9878704462886639
0.18928006350776494
0.9749014671194293
0.26715381474563193
0.8068240446859617
0.14829045768297722
0.9111771734457539
0.2259285202751109
0.37203981968748456
0.17533771590383518
0.6291106163353507
0.30387629923231496
0.16789206408181978
0.5382871859790024
0.5442735729595016
0.42876051989026476
0.6863904218429906
0.4371128743037902
0.46012711432927866
0.680915768418799
0.9339476015652671
0.7275300517869693
0.7364108709865115
0.23836607837864
0.8589321434704923
0.5365202570731166
0.3508668312575026
0.058089077762409236
0.6082397751933777
0.21240621129795112
0.5364568560224794
0.24829075673276946
0.32678097368075765
0.146860793015125
0.12252257585452209
0.4469065074569807
0.550696639890595
0.8822103520227739
0.18587498987102635
0.16314671439520068
0.11327776800497158
0.5746198908233686
0.12659074356147137
0.9617552471370711
0.8819787260841693
0.3222235089759574
0.8233303410215899
0.573752510048043
0.5755784078756718
0.08699065595360977
0.09428332136007012
0.5027845578633012
0.3724571436026959
0.9400948626207739
0.2923841067476264
0.4628027206616412
0.01412128660200751
0.1427784486300504
0.4972313454692536
0.03064887564969654
0.6325221057823571
0.13818313021961892
0.43118269528505215
0.2262235182660315
0.5853784778354717
0.8743430463153802
0.9233861055020198
0.34326506491455466
0.17062835829953704
0.004513510308093438
0.4730475517923973
0.24537064565734323
0.20929688664290214
0.4182346776994873
0.2220243775041595
0.5147400190604898
0.1354836135435704
0.24500693349802172
0.4368723774554336
0.2952258038429294
0.4128355976218726
0.9421802138881276
0.42176392731834544
0.40662500282968994
0.8087862887837801
0.3296371546447098
0.636233470952334
0.3237479594926168
0.3010056084165581
0.46607549327375364
0.6754955145411817
0.9116528963871383
0.16491890971488632
0.0751725364412168
0.6861198788950295
0.38753550324347186
0.09681837913603364
0.8246405202552174
0.7361374969556566
0.8401145048098347
0.06400315725997507
0.13715855866384463
0.6361892707273343
0.7789559533899875
0.9415491252627705
0.3693933429251911
0.7171197648955011
0.6090304431120565
0.8947232246889144
0.1337972102276228
0.1094561576402806
0.6298989346414107
0.8967214708178034
0.2575990295170575
0.14150257643267516
0.14427451461553487
0.7333232617657287
0.3743796186509577
0.5753181996218788
0.5273090594228923
0.33921951603020284
0.4258500926224964
0.5336371793066741
0.6558050704428458
0.3351854761252733
0.4149282305504186
0.13582742136742254
0.9256548809864318
0.1909334817919096
0.5959343413872623
0.05727394694907073
0.1961606032190163
0.5253950783746517
0.9137046220933448
0.45411211842045685
0.3914900913228836
0.6743454843344657
0.91064684597251
0.9540247282574723
0.1623756082742297
0.8046982760412683
0.5092393796891189
0.7038560582036896
0.9652632299985456
0.5354612969348947
0.047201674114193626
0.7860853396379809
0.15147318149946853
0.2372595699181843
0.6935400627915627
0.66874079456287
0.17553215886398166
0.9254947191424912
0.9059002554312521
0.7371245487930504
0.8296906032148154
0.9366245802804122
0.9031337710496888
0.3707579761543951
0.4907397103196308
0.3827105667959625
0.22171221957962095
0.4752458736546009
0.7255938631121892
0.7162947831826854
0.3006003947344905
0.8562971320235419
0.24370641390856795
0.6058325680465595
0.6964250051092384
0.33192830007012086
0.10723784501881439
0.7213202576524695
0.96925280990868
0.018915956265115885
0.3139969845924494
0.960422513932764
0.4990187482227586
