1923165
0.8008524279061363
0.3535279849821711
0.10731669732888172
0.4936203431362186
0.5876987464767697
0.10331636572229885
0.9096368667657827
0.23192239811585225
0.610517858604133
0.4799400245651726
0.08331310773624823
0.14839158093403415
0.6601095187078809
0.5890919877084273
0.8107669141010952
0.7108074563390989
0.8745585797224685
0.7287536355994192
0.884836241577293
0.1684731691377348
0.40824598260546485
0.4913982365668166
0.7689691260407234
0.15557550292818756
0.0736622116534279
0.3839568288579148
0.49363805167365526
0.8228202527006194
0.8374007877013039
0.8383794580701344
0.48959137895837324
0.6401960035999781
0.872999581476313
0.22097669192709823
0.17047263862182227
0.2646954469669549
0.7258359041668032
0.4653277375498691
0.3205019641624389
0.899050255287336
0.029070735004881443
0.2513931973762221
0.11732856301024286
0.38101199838940014
0.1246768246512352
0.2325717587260122
0.9258269030279898
0.837438001563195
0.8898737402313162
0.6727921852974754
0.8355230812220948
0.1134178990716781
0.04683263679439853
0.9973329294567107
0.2825026435749193
0.34390297010753323
0.24230250498374817
0.1839137174224995
0.9960644354397922
0.9737769036790173
0.22384809423580943
0.6247049660256082
0.9410495482646717
0.25203342418346075
0.5106798353396457
0.07525201864740183
0.8886884365007396
0.7267026096004365
0.05959413059222174
0.5729134293331045
0.7419730766293687
0.5493940622324903
0.5603319948649946
0.7552634788434002
0.765975656484936
0.46180233121635805
0.15970311558894923
0.8380111438389279
0.4291985567934915
0.18124560342435214
0.6101110284744865
0.6223387296195257
0.6489553877275464
0.5282863405597539
0.06565481352904479
0.2931659106658645
0.8519459205107197
0.046708043094132234
0.0077710588285738735
0.44269506774884004
0.4106026776864645
0.054599421291148476
0.07241957425381107
0.7076969150986175
0.6964505714475618
0.03502422137590189
0.8721048712166746
0.6443457093111731
0.20363476772133915
0.02573031572626394
0.2585648732408887
0.9810157108964184
0.9389368879962511
0.19957963681155433
0.8557470171941265
0.18730175138306704
0.5490128652344756
0.14085591497908256
0.10773148512423714
0.3766283530167145
0.4612501354677686
0.417334753363242
0.5325496113611417
0.9201634966912831
0.651556076418985
0.9239760327294331
0.350385533942124
0.7913547921365554
0.5205535348166284
0.13132638080864467
0.16343717821123405
0.5832570255111399
0.7590731235907904
0.8101951283901375
0.9047526969468581
0.34492190140332657
0.014496493716283365
0.02389398206668958
0.8446467457891085
0.8684724988626867
0.6314184582830211
0.1803074236798533
0.04584070842483412
0.8250860029322914
0.7332600989362759
0.7182873011684383
0.2922594164256167
0.19596038275978267
0.43587898267527625
0.5663412642865863
0.18145659682281534
0.7734418232761368
0.03988661344747024
0.8563118285224353
0.766929782653123
0.11784178699244263
0.6352975956555144
0.5007193270902013
0.8641247941784445
0.24707342500901586
0.6702985929187535
0.14966783408755935
0.8927191726997218
0.5090892795608761
0.6853396941306618
0.7316909195096785
0.9178122009736176
0.541203723275319
0.5944144320867655
0.25263961176254324
0.37393933953481384
0.955734288285192
0.6073091513575071
0.7776921295278338
0.8083668893010979
0.4079990508670793
0.12976621643236563
0.5537911200906195
0.8639125555127388
5.574432586143985E-4
0.7529197315466138
0.04329092977602089
0.6365762219891983
0.5566843003460568
0.7490263692704342
0.2343241633995562
0.4895544360143278
0.1564180983280542
0.3274283507521144
0.969372629153083
0.38275103332200544
0.4701258443818871
0.2728490814454203
0.19075541023425224
0.7856858490138462
0.8473792586100093
0.48753647857624194
0.9402223953814632
0.2817417309563641
0.8230375318543408
0.38943311059678576
0.6695685794666684
0.042980003003191936
0.6877841447750596
0.0804657554253373
0.9201611732973145
0.45729294232134954
0.03696681933004742
0.6922119446373355
0.7114978301699434
0.32345112235488294
0.7594406732629935
0.340614231604897
0.04239085055958847
0.19464275136596199
0.757216819749468
0.677077625835942
0.7530990060164385
0.6473907355004729
0.7970700757112497
0.110199414749107
0.6227051967406212
0.48027275406000214
0.2868605307223485
0.39054455052261894
0.9832643605046251
0.10565817127044652
0.4421760485174213
0.4002943456079139
0.32072292667209434
0.6877153137899852
0.2630037618749155
0.6702594439499032
0.30233776395184697
0.9012310727053935
0.9754903652458642
