742993
0.35866308985275563
0.42129875090721713
0.5383241929009892
0.11045273307440306
0.16926383277908352
0.9814859813049708
0.573922680146706
0.18815154396482958
0.960801679659487
0.4587690994491336
0.7159147403606215
0.05794278101778716
0.6054151327688455
0.3699827013309883
0.9121715811578905
0.30177267358751847
0.9905909597848469
0.6566884635627883
0.7641799831593483
0.7520843173736688
0.9273726815854533
0.24806125641687238
0.30581071633764034
0.09755455171922334
0.12696739424674663
0.9057127065441275
0.14578898768788984
0.7541823195019902
0.33855508018119795
0.6729927060901726
0.5437214503344697
0.6646005435577568
0.20301835537994906
0.25228568314464017
0.5920733544181868
0.4550855639957503
0.370474792680621
0.4160449478181658
0.3102792661560576
0.42758942610804396
0.9539078098163891
0.12078521305131218
0.12220856230592536
0.19322207033391958
0.44685656938691976
0.337979684659243
0.8844972422603888
0.36396220257498346
0.8200389008099613
0.7417849045821902
0.36079600388939004
0.6109765253054645
0.6299457993102359
0.3007430697865402
0.7957733415306192
0.5707795162739018
0.6218596469288302
0.5090878069424026
0.03275234554624051
0.534566580176776
0.4904129619494615
0.46300655198368923
0.4401481112050073
0.5914056712744493
0.17271780204967357
0.23818842445373956
0.7644120911358859
0.9125736944048642
0.2922606796100371
0.05721401780417901
0.9109789346225491
0.16217544953300767
0.1461714915576855
0.548819108355538
0.5697499313349911
0.5982850676913262
0.9341392792190534
0.9957915980320097
0.547936889963273
0.28920029052299945
0.7641614536199113
0.8442372180289464
0.650628749443203
0.011002982379960558
0.3384774319753563
0.9041761670799062
0.9582326623176377
0.8154695984350787
0.12245150788632253
0.6099092535068289
0.3899800671323129
0.961477464693685
0.22983392135700131
0.4283191339307719
0.5139777952319875
0.8884041229362015
0.21974323694839726
0.004248149955705882
0.6668225550467791
0.17661892208975827
0.49387689175691585
0.9143214564010987
0.579587273579092
0.9880168134811059
0.006871331546258075
0.9640601669599917
0.8720254289817296
0.30864674718534646
0.5583967400278265
0.8078562910675035
0.9731301336826582
0.4258380708134608
0.022485651909360582
0.29735734722808693
0.25372249810740344
0.4638301059481843
0.4877589351520847
0.3710354714054248
0.4155336827629067
0.4747614438507226
0.43162637426539807
0.48619207440813494
0.47128354440511455
0.5359774892002352
0.7322032188900895
0.5643760998212809
0.9715484036117126
0.5399658089708694
0.5335985803762171
0.17216983129287067
0.4867489860482147
0.8798308204460067
0.7233948840270757
0.19152354298467134
0.7363790446080164
0.03107062378743497
0.05555218974883491
0.5472963230229209
0.17263410901236764
0.1095207065240077
0.7576350971620256
0.6543869149762447
0.2718886059035551
0.8456802551781089
0.7981739276564801
0.12281549125107838
0.26500930393634814
0.05723901897377437
0.8581360148125373
0.9163434047130432
0.5462812806831631
0.6244737277841658
0.44989720626600316
0.5986943827112345
0.5407623913520032
0.17728487852689034
0.5577670711835417
0.5211678972453946
0.38117072705356814
0.1879961684174719
0.6360364257420661
0.8064112267911357
0.3479491966331071
0.9306405360882318
0.793678700463761
0.7653437014947772
0.6599396922120279
0.8153081212289796
0.5192517290866491
0.9477031251369071
0.868139016575291
0.9352332598687673
0.3552098347448974
0.3714109904889228
0.8012975805155687
0.27464904632835774
0.5177507101337022
0.6019292981065745
0.7396606993725262
0.917039491068143
0.5764852839652543
