23880609
0.0479810222204653
0.2781056053077753
0.03787549645514343
0.41754187525919995
0.044134285906255455
0.6949451063497805
0.9793463198192311
0.7410978490423484
0.4606087748351102
0.1253542861973338
0.1700982392628817
0.6702116710026234
0.8374559404609752
0.10087393811308576
0.741024982137215
0.16274223417193556
0.6527393141148452
0.4819266720705706
0.10198304742189435
0.3673250425713832
0.8613270963827201
0.38780289046529715
0.7017411322922652
0.4018562937829868
0.35655627103220067
0.8091963296802207
0.9905911032468213
0.521412493971279
0.47552481960462656
0.4026697343203903
0.5798593624723908
0.823008578400556
0.9442137084748266
0.44707880003457556
0.16746848997160724
0.9400806579086253
0.8228764419361183
0.5167958548989222
0.8823671749919784
0.9586432323271136
0.6306932697828567
0.5857248205331617
0.9536051061620376
0.3819670595410152
0.7528734603900339
0.8023928570887503
0.5849582239987813
0.6070018730355129
0.9627798359973295
0.2893792132930503
0.7420606852285584
0.03378281057800936
0.0049682451199095645
0.5168794698300833
0.07007132835580754
0.3562875563528508
0.4592137259861583
0.16742372963565166
0.21489060210569222
0.2781967485575312
0.9303007966129236
0.49782800758645607
0.26201069849099257
0.18535381224601022
0.20898645133832938
0.8788642812658346
0.5439741167632429
0.1878607801050085
0.6553668404584427
0.6818106455938905
0.4079714500044851
0.8184153073933099
0.0361060379072945
0.010246426582989576
0.2890940927926321
0.5633650358184661
0.09261941068980917
0.11672086590498987
0.7842572958057532
0.41332116464754953
0.02473440821742967
0.7763418129881096
0.3357848394764731
0.31549184441632605
0.040781807632588096
0.4511985094223585
0.7287121839962906
0.17351167375457344
0.3631078698741923
0.5776459376583407
0.10563835186790538
0.6749423335551156
0.1460520798084458
0.32820529720490177
0.7066542823221584
0.7538067875639995
0.6692332746168372
0.8856513307614668
0.03578514907796049
0.6569516545590025
0.7511669193537239
0.8726552145599565
0.19463967054175446
0.16345308539094616
0.15156099035822568
0.37317082102421784
0.5486376742989301
0.019635356932901193
0.4125182254160129
0.4572654876402803
0.8381710549894063
0.7127620260406689
0.9533495960480481
0.4548137867032642
0.7666104619395838
0.8167695249376399
0.7902526050265449
0.077653059443348
0.05802779849931916
0.012358852547398103
0.01145362502455749
0.5960345865457831
0.5337823095107355
0.4390747576923648
0.39238129690853063
0.622872027095221
0.08148229218048675
0.8284222238770338
0.2163724600767314
0.06175724369591462
0.28452122291620585
0.9855574793151144
0.8798080300805708
0.4751313130150028
0.06287105482210409
0.024626458362212
0.08636768900993197
0.5920633045955433
0.691741463327148
0.27541824450496066
0.9514465238327192
0.48149980182555274
0.6762369792361317
0.10975932250110321
0.7017273877605981
0.23942205120341498
0.3593780425805059
0.029010668584964372
0.08371521675450089
0.5314165712016543
0.2259990986791205
0.494428890408239
0.497808624799153
0.22190237010162484
0.6728484141970363
0.007853017951974461
0.11691594683445505
0.6385585433195903
0.27802432012702694
0.8012341895782442
0.08991266778541429
0.8523166041262948
0.04162932279591536
0.7364656875627061
0.48823028995822304
0.6973377534674156
0.21193866425200147
0.37480637871672895
0.7538027191425609
0.5346043067102763
0.6110172119492367
0.5672711789749676
0.12079087026828583
0.16474925137793162
0.951187620393841
0.11795753683961085
0.5386190915351188
0.21232546411229247
0.007999723247630874
0.6520611325005564
0.5536006518809395
0.3383190570859701
0.2784514772263331
0.5956664953886953
0.8131705424133117
0.5338778327816277
0.08130070115909538
0.46641044133686194
0.760681735475569
0.12361663780114007
0.8069096640782366
0.1933784222385505
0.0549750824830596
0.9641838887376829
0.5170695246500654
0.8215319702252557
0.6892092628327547
0.6175805346431943
0.6147202005221695
0.30518894661293205
0.6620056801626273
