973800
0.4200936754759531
0.33133249131177045
0.30016113293589
0.310045739288887
0.2630830594228022
0.2954202584851574
0.28524668940320064
0.8387848035991242
0.8037739673456599
0.6199445874045539
0.68694880178883
0.5242395514172598
0.3022307093811861
0.6395288201202873
0.09223670971672737
0.3173362018787872
0.7618479908762161
0.11255045763440263
0.4219796613426958
0.3534305024490504
0.5890105414352107
0.12125640297722162
0.19068951507429244
0.7931292382620792
0.6936172738802325
0.28166765722809894
0.958692556741321
0.12775682042725878
0.28210571689486164
0.6011664837763047
0.9167881482117278
0.2519115551854706
0.4930700652896849
0.2940078135115708
0.12199523190738604
0.5356090167348436
0.6428869488335827
0.517961637987332
0.18170647233648118
0.9515715700552531
0.9908388535540308
0.012989305953154617
0.941877753667075
0.13413758880074034
0.31808443598050185
0.7373001580637046
0.1412504970601004
0.6568320084622171
0.2064095930600145
0.9203444704023934
0.33055805866167076
0.2785102745397505
0.5594393953152504
0.055763889158149116
0.062400712185715634
0.6805825685398369
0.9735573077091875
0.21854605957437823
0.01807798692846574
0.4624913412082383
0.9942264005861873
0.5431972548369366
0.5991138720639714
0.14406672171503843
0.8587993444523577
0.37983665560696855
0.2043289243651406
0.7094486395521534
0.6267117762923113
0.7614350938366217
0.6952126750882889
0.5421870358861294
0.6870182485676517
0.005550644302065089
0.9643339338980897
0.3392859336181695
0.16797103384310985
0.9049805482468682
0.8630992216277236
0.4697091847887578
0.7706190726292479
0.3768964814261593
0.6332058871781049
0.5950128293686713
0.7233463307599421
0.7410741585384236
0.7587199923829235
0.9452216549522863
0.7010372960001949
0.854127855484553
0.652700250528088
0.992074807695136
0.6752772439695359
0.954334331752075
0.15956482479069212
0.3647351405593785
0.9342111192361081
0.6695958949349771
0.09522745961810741
0.2272586802168277
0.9451992292714261
0.8694378738145155
0.4256914119107491
0.3449278447475288
0.15036455446419805
0.19224718187055467
0.7830427123339387
0.2699425771095256
0.24350423313490022
0.9539776872979306
0.19927000397400496
0.352995138274074
0.6176796811383173
0.8864968292491323
0.892177044641653
0.44387597758987407
0.6422536047287937
0.28348739068773443
0.1759334977344974
0.9064574552282638
0.6573041463057682
0.7372589838969025
0.6059530322483359
0.8159389501789558
0.5776275902733461
0.2310503866743585
0.014329364603064998
0.03591019235279613
0.6311039838845024
0.6566905017373814
0.8301940831766071
0.43876548607745003
0.021128625855559524
0.032842175148095065
0.9998301767179437
0.3623348562842069
0.2511668811277412
0.23626251881394655
0.9090161492538036
0.26928582989183436
0.4359541911736047
0.6352389884527578
0.4173837261158122
0.6350832495786733
0.06208684482225868
0.8179918788028872
0.14687680018454774
0.3798937588271213
0.9517853923423981
0.8907387357173422
0.7843127462282679
0.7873524197051912
0.2968441367889255
0.9224666520962256
0.13028245325577925
0.9641727593337911
0.8747730318393019
0.6360188904682437
0.4209486060905403
0.8597806752067747
0.44111804987642067
0.48443128874913866
0.2183923133132426
0.39608965160721066
0.8992304282770922
0.9125028589760493
0.1079839146385182
0.21583368829650895
0.01770292419917119
0.5301434938790062
0.6834072195960981
0.09036504799537537
0.5703964448101478
0.24059490615874035
0.6273132095898736
0.9458288085651809
0.8105909595616446
0.23623366341156893
0.9340720473541384
0.26876144758492415
0.18924480961882206
0.01807579293960515
0.7245026498782152
0.5453187784742963
0.2995845303864425
0.31136277252746436
0.058526936396747664
0.2621837238339575
0.9357696247084197
0.7049289282225394
0.32411351722130544
0.5080917324423333
0.9949613961321996
0.7984560502493881
0.26675439729810146
0.42087517157761123
0.5718076308121254
0.2885544204562551
0.7383936841112761
0.6830119191231365
