2043688
0.5043613838742504
0.14818147307490015
0.35384653178821424
0.3628822476904958
0.23689225513445966
0.5389376363903182
0.8416165671709392
0.036114475847865535
0.8394837012922794
0.4856707595337434
0.10336215923569159
0.9858587784714816
0.35470046931405963
0.32910859244009993
0.12864097133689878
0.9605008507084863
0.29974040932740564
0.08596154594031968
0.23387510891481011
0.8643630574460648
0.18019992647812388
0.5593314924192456
0.584482947892061
0.7506999696838373
0.18013543536112564
0.5579018304170812
0.4771800143933812
0.7408070044077218
0.6559878357160578
0.6823498866326214
0.8393802391948066
0.8562256720194419
0.9073108572498558
0.8697860253564718
0.2853068580710163
0.16293410659861463
0.19167724006062814
0.34098799359816834
0.25169148689504817
0.4995430495618436
0.9275323376868464
0.16433109461466355
0.8739990840843538
0.2892386891391966
0.1423487648541344
0.27474872764214775
0.4716215923436601
0.1285367145170625
0.895714898201843
0.3472465186527506
0.6602980229573874
0.473487861099828
0.5181227789859025
0.5239378073518721
0.6842485083214649
0.29324756173992295
0.5200803325573959
0.7394031755795346
0.3787735778462852
0.9463025361940097
0.6078071249855322
0.2839399121246937
0.36281967041937435
0.9139151370558081
0.7299598839453144
0.2028125071948741
0.5443784488961398
0.8990973283012071
0.19489205776995144
0.4076492324932748
0.7051665422336436
0.43420256845732375
0.9402404716710419
0.8543599777406551
0.6304832599889836
0.08560589180927936
0.0897924287426507
0.24482632136633609
0.034294346536063114
0.9716985981039691
0.9662430413999569
0.01091869327990902
0.879933146826494
0.7861071267833373
0.7092231148510637
0.04102935659853568
0.6308284532191667
0.943226986182565
0.5246258092622099
0.5407030050292473
0.6093676171761083
0.01585580978591483
0.5886387669016755
0.3569526237354923
0.0039343187105004285
0.9824713212495354
0.21971450656048208
0.4254396220907367
0.8797069743468047
0.7087962131967271
0.9071096731033704
0.579700103398593
0.7526594522034696
0.8286125163129844
0.9098858688328131
0.24878198705304566
0.40878989745326366
0.8448853635099444
0.965503772361003
0.5519794738736115
0.38761923605345305
0.6166683750801295
0.6150211460695414
0.44448875233850504
0.3674228537188231
0.4502347585790143
0.3026124243162288
0.769006890994681
0.4272783440369782
0.6600315315138474
0.8750298205837403
0.7657452423758881
0.6383180643762034
0.19395302988430585
0.27557011712353496
0.1598173867793321
0.3854179253514761
0.8251448589734321
0.6568611025600983
0.7859769066160549
0.7519543372049258
0.8145681177233738
0.9267694834639766
0.3613109103834161
0.3516705297807772
0.3275244659951848
0.2646330959404367
0.7732977142105112
0.272175865019049
0.6066289450860535
0.7249953930670899
0.680654859267509
0.253968264147295
0.9596853658297941
0.607311119464955
0.4012424434074676
0.8380060202519832
0.889681088304083
0.08900307326940049
0.6924342170674672
0.8488057027537503
0.9780648537286508
0.917006329426046
0.7341552388927971
0.45694456193667365
0.36963863726129664
0.1832555003006242
0.5868919586254677
0.10097963349435257
0.7251237936245654
0.6743593648725766
0.12574533634871277
0.812846489321667
0.49011716151963014
0.9007241199452236
0.9257002470407892
0.7031389755004683
0.8950311676736721
0.7895837189642333
0.6135170523676351
0.7405942001785084
0.411944265680383
0.06304542966259574
0.3602463443867585
0.5022742668943668
0.002394866195218892
0.26663770959791877
0.4642658574027805
0.2554848477360451
0.08354662375322774
0.07084725745593767
0.9397879221624497
0.050130043656770096
0.46986257988612723
0.8465948530912782
0.5942718616165293
0.9520469405356582
0.6286436628427264
0.7478699041042896
0.7350937232402808
0.3573355387911643
0.5772992872877386
0.26073907006570995
0.3086274627280654
0.8488517348645842
0.8822589214752259
0.4588024708332017
0.018740879183018366
0.7899593032691666
0.6799014462355986
0.5612272011208007
0.7567839228075439
0.6579867317482275
0.7541607932482198
0.9712624149101005
0.0895537966217177
