992527
0.999405210888564
0.18464803513572048
0.8558965912719739
0.9148618927614015
0.4791947594052296
0.4454684672832858
0.08604220946334062
0.9117106266539113
0.9039803947911682
0.8250594582808461
0.011602356275589365
0.8256940825364852
0.6072238102965303
0.7173158608476006
0.9034687089577741
0.5735589951809547
0.14106513379835361
0.5460733517028853
0.5409655575384352
0.4300468938400249
0.402837769882353
0.20495925245584556
0.6409156619063497
0.2647768038079755
0.08143281007120706
0.7042550759436839
0.14300659205923216
0.7558944064016848
0.6231651934597439
0.8298912212344846
0.7356718249013858
0.3559557356652523
0.16443026941440564
0.2793745299387166
0.6992855464643102
0.13867614114928428
0.6482072661748949
0.37331694198530363
0.2992786379988075
0.05602144830990252
0.5941666943340844
0.8227495377722305
0.10976915446543822
0.7737013454661934
0.8159806743467306
0.8465051690635367
0.3189983597447503
0.38918325004317955
0.4717512553662445
0.5095171215946954
0.020547129800633446
0.2548641912016245
0.44828876543583773
0.43784493525928103
0.6455939899554961
0.768211056449239
0.7635225177192686
0.8357404166325413
0.07624831647873043
0.21211704290665023
0.5362743927053619
0.34058908206394256
0.9889539969576531
0.5548961605177385
0.8897129108520118
0.37089178447336835
0.13085679900596814
0.02198298185556946
0.3042423354358762
0.835096087619826
0.7347593785027778
0.5510232946062377
0.37406336717037625
0.8979186216298811
0.5962031504760079
0.6491294441302133
0.18636802319429402
0.23397229900123728
0.5809880832088957
0.4169420872948947
0.2335703709335949
0.17639667836778317
0.880133050210443
0.029374635750267886
0.5898185824849413
0.8679272548565717
0.7143193809640297
0.5958656107371856
0.41196406985705736
0.3776775674953454
0.49505894359654634
0.8709747594016441
0.9053342477298244
0.6579218941757219
0.300330396542584
0.4316058755329154
0.2560778639874025
0.41495048509369037
0.13918498455893868
0.6427631855241032
0.9084392994720704
0.9036828590735803
0.1694653855000524
0.9965129758136227
0.4158792115120278
0.9130218746881683
0.15875731612912836
0.13121170434114804
0.9568382760469931
0.6031084921696679
0.7878147376659103
0.33689370280050024
0.5488240226972412
0.6932612463313648
0.5427876169269422
0.13840673674351966
0.1048659151726179
0.024612840404986125
0.8825392104277316
0.9421495746952021
0.45501790912481643
0.2119308762029447
0.2405281616631605
0.7835342243150627
0.5177240067463567
0.1242040277055354
0.14064851547141966
0.5810268158267686
0.5153000876361145
0.7378990199122483
0.35719176543038866
0.13411737856524153
0.0664023697760252
0.5281683358561379
0.7979942287461436
0.1659884442460573
0.8348816116619882
0.6369403876309936
0.711464950742275
0.7341241217579603
0.7341878958216482
0.8504038825247133
0.5004186254830854
0.3306406906522801
0.5697267941754494
0.8900311709474779
0.2878788971909878
0.7104199293718247
0.30817790520082977
0.5119267501267853
0.5887041932501722
0.9878188552765144
0.994811294177604
0.7134541266557366
0.02217229976805224
0.15583345120911318
0.09971775619018042
0.861333503100986
0.4777432830798496
0.31906776704051676
0.33916972366329057
0.6681266014583803
0.7344207216055102
0.9947562534189054
0.9410499775054367
0.5670192485098922
0.4177772080539215
0.8076850735875489
0.1971782158082287
0.3088146949865245
0.0929215221140951
0.7955930584288542
0.13696405685353197
0.3042851642841694
0.3374745904670565
0.6803397557723239
0.3863725857741006
0.46900857171672294
0.5344122576224857
0.8416432412355136
0.04017342034291371
0.69126896052883
0.8711630128187869
0.08491088141184133
0.7915966324790571
0.3857230766929213
0.4929036179527976
0.2645792064740211
0.773996006619027
0.02952632492663787
0.8844435001540192
0.6358416352278898
0.5633742245146401
0.14031820356456115
0.4705382158759044
