1656184
0.2289823985122834
0.2347420476505908
0.16232819681208233
0.4179674656986767
0.4750180750365085
0.2565383319397847
0.6684397878798604
0.6888288365559715
0.6074604524485001
0.0017695190114167536
0.8947769689936172
0.1308402395701903
0.33515816373986673
0.3805210427192005
0.4598833926835727
0.4350678807003232
0.8959987581465867
0.555243425675918
0.9038729188624752
0.7654891040615573
0.8678327555004671
0.3329726492368368
0.5662811649393446
0.13718581566405108
0.04199553839010095
0.6863387347952442
0.2148245251239136
0.5278810698844386
0.026191725112365227
0.6840028780077325
0.3765662550973605
0.3536878737108311
0.7040705175423788
0.7946146158852788
0.24802430039651024
0.08270744388887619
0.752229551018585
0.0347198792022293
0.7177754554116698
0.40535408579334387
0.622043948393347
0.023902356187698093
0.33669765736434076
0.15101341919357303
0.2997338880625964
0.640044819833813
0.926803267853236
0.8355833422877801
0.20016015995882963
0.004938712917067933
0.6052333392163768
0.7869224143419247
0.32916206412827453
0.01520741705266948
0.8180715578567697
0.5847270309502433
0.19834917186125756
0.08449183633137392
0.08733191259281914
0.7726650987827428
0.06980970223130312
0.3696935635593779
0.5206278366088315
0.17385881613373189
0.07354840069585122
0.4592020041814673
0.30059498120282035
0.7116002022216447
0.3095680246333933
0.27256074519256446
0.3169199608492489
0.31617814992520155
0.11423697101722519
0.9588016488124684
0.2949164592576724
0.506226115902339
0.5014095690049409
0.8563045080590321
0.3456631207784071
0.5752556040812498
0.8126788943880325
0.2264335340076148
0.4277506213480301
0.34724340009940025
0.44229334195539627
0.9658847662712012
0.5048422734930157
0.8025309125084847
0.8831000277232652
0.6728569393534135
0.11891849536965415
0.9913983004711185
0.30817549904121233
0.6139499062072916
0.9986723455673465
0.7293987851306684
0.8928025047701357
0.27122139773652953
0.18613808491621664
0.9552074643734751
0.2931229892709091
0.47688244132113466
0.3095701844017318
0.7583983215683412
0.356686811710905
0.522819810452223
0.5694586565666525
0.1412856251676483
0.9595081384006351
0.24443596100957388
0.17445226863974583
0.723832713670679
0.6808073882207195
0.0872503020904668
0.13092572695840465
0.5979891025237493
0.09732589997768748
0.2677741828807255
0.3589755158709338
0.0378873329065732
0.5911549560018585
0.7347211884907221
0.027378664940538644
0.4171819780059205
0.13788957669081325
0.3600735271550609
0.13524982632515214
0.441965569861576
0.284544276826183
0.15221456193656524
0.6479253877274606
0.004976463363084216
0.9787946622643837
0.11281561767982551
0.44133348753509216
0.9210041917997833
0.7097415666136981
0.9971614057869161
0.19206985857172598
0.24297384746506834
0.7240680422959234
0.7044993081552687
0.7460036440675907
0.11101273348888085
0.9167475557155257
0.30820813806498415
0.38092330359437565
0.2054956210108284
0.8074237114847812
0.6484895053185693
0.4944636831888676
0.9297336585880699
0.34638344925688325
0.3362129127237007
0.20910712848823376
0.4769837022523612
0.5021043902938932
0.49698700487307135
0.7013299128767956
0.7793761799916935
0.5701014971106092
0.8608672800211004
0.85856596298826
0.3347496376086154
0.8562680605573155
0.11485777404012365
0.5013540288820343
0.16061178813024535
0.9289110056929494
0.13972620387966395
0.6100653091093187
0.7811731325272805
0.3210203054544142
0.654120318519982
0.4706522393506206
0.6366243703442146
0.6552220358867641
0.1337050061334245
0.2584463754871017
0.4065394455639544
0.6911371916640013
0.8507475181693991
0.2843009933185747
0.8151233096325451
0.5348786571846667
0.568965040660557
0.5518883146610613
0.680040044632832
0.05458365142660371
0.6003439845204098
0.6621690020918649
0.578631973987993
0.4036799198869131
0.3322321671867249
0.46449187186003627
0.9269947188106217
0.9116624465382526
0.33892078911905266
0.29075002033091324
0.017404726226839196
0.6782398061966709
0.016663192317240894
0.210314199275198
0.13575944009409602
0.9972752577413687
0.13678425437827446
0.5634824847366227
