975944
0.6700070267537609
0.9622018048313824
0.6651263877950294
0.5670465195212502
0.20292554581105005
0.5044820821771934
0.2715919646875933
0.30084143777607875
0.5515668493612617
0.07077584273945192
0.2649122454701549
0.6179385483179122
0.8587061317932456
0.21430707923971382
0.24883881430363053
0.6208849939940132
0.6064659791539208
0.5513941623485167
0.6621001095842346
0.7655154261499062
0.403737757734392
0.898376101624121
0.3341073996527971
0.9665519642081731
0.7374310948602502
0.7188479203620453
0.257604071297595
0.34116596182233117
0.9179212210405229
0.4871240554110282
0.29673507894079687
0.4199583694340785
0.34677903639866237
0.00629318513682342
0.11366535006147682
0.8520042743601323
0.4177696432991582
0.24499811943138083
0.9557974078063023
0.6320678805843788
0.4478715231734325
0.2947970757270313
0.39875834732020765
0.7445196337970366
0.9170995650785209
0.8230835833422921
0.335790297979515
0.5414720858042782
0.26619273941244337
0.760445613577985
0.6606507666984708
0.8897226747797713
0.8858804296615165
0.767257124259194
0.1605087280455939
0.9212604788742803
0.41186020845513427
0.9328872829170926
0.32582953581416585
0.840821325794003
0.10878108424407107
0.7615455951976314
0.16174178633929936
0.4719490752410793
0.07586593843845135
0.5668303060314438
0.5875917742168917
0.15074424416735077
0.03350852052330999
0.7893879587304385
0.09557319575914569
0.415671065694614
0.28892951388191745
0.922074756998326
0.7287158301775548
0.6397965194753782
0.37947824404614416
0.02130534104499182
0.6014776585484382
0.8416788813629552
0.13403013528522612
0.988429036363644
0.5658893508978823
0.9786865220817583
0.1058646927779241
0.4258505284601638
0.37082563289936255
0.0828886492256028
0.5789500545219131
0.3015212377448456
0.5220209129822979
0.7659899265514364
0.5792147956035324
0.8518442896855747
0.1269107216317381
0.06750963537166832
0.47687658838286584
0.47226761832055353
0.013259755681095942
0.12002758766406085
0.8054223817385924
0.9195861238870269
0.5923530767701194
0.6201132440386554
0.4360936109273781
0.7854557054328941
0.1289524065924489
0.17723993621852285
0.25310571034378226
0.7618682907484752
0.8819520523343427
0.7627042126375977
0.3627769701283866
0.43603811185030017
0.8654605349229548
0.0209138481769231
0.5785208694151958
0.6304883561179423
0.9299454262703665
0.2331231600864777
0.19608729565049532
0.9251463807201636
0.7310681353328675
0.2492548653179537
0.32155021266671313
0.2685564582610245
0.37162547917078603
0.5904038128323214
0.5834392839727501
0.9878505666717042
0.5380351414473891
0.5053034442914834
0.9911455496414272
0.804466098868921
0.5419241233483049
0.7100946388720053
0.20695368515047363
0.01277161448010744
0.2549936670968862
0.548490937472024
0.39343300388361124
0.20857937892384104
0.715230820123578
0.923496655153795
0.8159348307417718
0.5619291160275032
0.10522610159024504
0.9104852826247303
0.14720889307015128
0.05921576757828084
0.08535766191001715
0.6874304066790871
0.7719015439536134
0.8576598871112262
0.13150107536131195
0.43208681869806065
0.6366813212679737
0.6861818299513702
0.7469895621922081
0.2476714083437881
0.3457899177481132
0.3653772122177903
0.02297846096747924
0.21626545158093124
0.5858884172124458
0.5663761512249772
0.6989383147984982
0.5944184680305112
0.8959460138433765
0.5806136193955
0.49902795536213207
0.14351150937142831
0.5992170345994559
0.6823896585853375
0.1952031761298657
0.7308956720139472
0.3446844495560144
0.5505653801462236
0.21593519467845734
0.5737907979865245
0.6826098693136949
0.14248846882899602
0.10198689878909961
0.49428010433849545
0.6117137674028099
0.04493319045566657
0.8871334278286122
0.6448117435969912
0.566048941214142
0.7919201056627518
0.7217979505901124
0.7421855542074902
0.20083068570659657
0.12134272158266057
0.859458145971084
0.9295222158629419
0.8884462065651105
0.4806804245086346
0.4252135916384048
0.03189879770168347
0.6833206349642692
0.3400008058031577
0.5830776456440133
0.22872632175869423
0.4185206447459344
0.9226746391115141
0.1973834561689778
0.6369138652763702
