752212
0.36506459192607843
0.6552227148457429
0.3075065207920148
0.3623132150727183
0.3255263519439159
0.07016471011230152
0.060655728998610936
0.6982406412485006
0.8233209379062423
0.1992769371871933
0.7382139991989111
0.09214132838650702
0.19665218173568477
0.23365952765753994
0.17221576207261724
0.4796439520130883
0.7645287958026973
0.5151461937484927
0.1637411438526164
0.9869777991624357
0.08662495653443314
0.16592467506013475
0.3133418890155887
0.12089919139148253
0.7453342235361864
0.21764535244908245
0.5271460517496386
0.5107226038486377
0.1082196932274756
0.030863054872187323
0.20665211769600977
0.6063896790676901
0.45049397538872915
0.2633489185112564
0.42137684501412787
0.36401883137793467
0.049371579974448854
0.1471231074715479
0.9000820055124832
0.8934375347082627
0.6445468928574255
0.1753476285508141
0.6559301802372629
0.5038728605573298
0.29400604624845683
0.43860790253072146
0.46731181960634127
0.04756973698568845
0.26914356260836736
0.48969864891468073
0.44769629211011897
0.7071018542527008
0.1870779255183197
0.11693278636488347
0.792402123435717
0.8889557403474818
0.3530481077768709
0.5098202593328345
0.2383522084636478
0.45777924976661644
0.5414216809964225
0.7713524960746625
0.7384947978258798
0.011881787021284507
0.8467938682889322
0.9067290736412588
0.9425477681257161
0.9328069705280685
0.8097972009261889
0.04927295931691733
0.6139686717711803
0.16128758520539666
0.007968547999276931
0.5951335194322718
0.4698424688844205
0.4393071325564132
0.47926026465841265
0.11000579628443441
0.6007043683079013
0.1363808167501055
0.2878499202809791
0.34010842754618964
0.7295270138752287
0.4240389930344646
0.9931819170758897
0.7342678508761329
0.7523789995555472
0.3123721447131309
0.32289132440499446
0.5284544738961049
0.8997159339954253
0.643610110481582
0.7663678380137241
0.6760179480117975
0.3129678372691186
0.25789858577026714
0.8158638204349827
0.9151950642694403
0.13025427775720555
0.895667314760469
0.9405933548313458
0.7005707443775708
0.7751817567374716
0.8737239665906607
0.5419928856283612
0.7123832815736918
0.3469039160945635
0.5466206447246323
0.04602700713506047
0.7163456448254979
0.020961639866571735
0.23805455081127946
0.4666833116247965
0.5608805934097203
0.7899126483062149
0.2593531834400862
0.9732054618197674
0.7744306339521616
0.8932739813800918
0.3567397930610178
0.3676388966617802
0.8370394464243057
0.5143195148010634
0.5515354478158065
0.296398842850655
0.15109286942725209
0.9758915106419137
0.783626313442192
0.21059699731625103
0.6560741820318695
0.9969935501000307
0.6658918922331446
0.15297764304728467
0.1502647603493542
0.826635383895509
0.9067314685712797
0.6590842301633344
0.29381879238309516
0.21491531640948547
0.8488246030050758
0.1944081533629205
0.18759702204018236
0.44288973089397476
0.004871647532366907
0.3401226823523825
0.07896031821385507
0.5339576335972608
0.2792955919564055
0.6597008120654523
0.14899491165982492
0.6250346670112715
0.961955725100096
0.6531544608203059
0.1250957962914504
0.914582061446865
0.050909056898989946
0.6208121709923269
0.7188463971432533
0.16259174197009163
0.6442572033786464
0.19630314771505375
0.8990528747011065
0.42446811245172
0.34592558048585564
0.9410356122892668
0.781492129326149
0.9156946550002302
0.5472692936435881
0.16033751120818707
0.6468550752856473
0.7668143793030553
0.5324909884116308
0.6269080003029772
0.6829946523826871
0.07359938828644041
0.29457821572765863
0.4927596578292137
0.7897837928181669
0.8150251951920665
0.7284293980301593
0.708372580533615
0.9683756027086527
0.46850321990508337
0.49381838033456593
0.9491622039739065
0.5978885263990422
0.5351800213599431
0.045284242554895604
0.3038129166126021
0.7281539273538417
0.709865569111619
0.16720521689445011
0.0576462366186129
0.1574659925267422
0.7253552980957153
0.7170003442437469
0.18164015628356056
0.9461823097597175
0.7618996197271831
0.13937721329871322
0.5451198157701757
