779418
0.2728817574775295
0.026111145565602567
0.9310353651077588
0.4486236537536856
0.28117379639656126
0.5852474629694866
0.47423398267977857
0.3390992592185055
0.9030581973171836
0.14353573275407716
0.565510457732045
0.43517555371595973
0.5488832218842739
0.7501577836853646
0.6281850224325713
0.33789628883558875
0.9161266066532098
0.2305168750998705
0.020386218233238163
0.9360032770364454
0.5415980962401082
0.8863998983416035
0.1579084158002061
0.20125738872558763
0.8919408400103853
0.6329203480732594
0.05263680629506495
0.6924599506789139
0.8395890835983815
0.38357644749291875
0.15889609902685664
0.20528075317155026
0.6078861760569695
0.5070429411851558
0.957423969547001
0.4874717119770646
0.5248505057281303
0.657101073330894
0.641874353468634
0.36121376071249
0.516170137721337
0.228459884522918
0.48929852836063026
0.4286790239807058
0.09082517732963447
0.5940420809419974
0.7364156633261815
0.1766098183457384
0.9206688228445393
0.6954896086938687
0.04609764536754535
0.8458595450998599
0.816324368512352
0.731649349163986
0.873537853905938
0.17720603572367144
0.7058177394500336
0.9502237447851031
0.5186381627598051
0.912164924701317
0.20357751598149032
0.15222205370538533
0.931447337691307
0.2848352900989334
0.8845953612755496
0.0219600277506401
0.06484981495940434
0.07625430585096671
0.7819256794573294
0.4725085845464031
0.7498992493979764
0.11708089847860526
0.9041469640728643
0.15296943948314634
0.6681329967859135
0.5933529173919819
0.27646367629824276
0.9964086905656286
0.2434840706268484
0.6119986746372437
0.41515426850368087
0.7122032683088589
0.8286978413389271
0.9729653518268291
0.4531464397348328
0.7204502790954276
0.785677633625326
0.61578651852244
0.17910135039199504
0.9196268753666138
0.9071591221367434
0.5660394575815864
0.08290704414596128
0.3707686814863138
5.38880267383024E-4
0.46271886053723377
0.9545501664901233
0.731787109084834
0.8843062371554151
0.8778289923862705
0.338028324767212
0.991580217671149
0.9099844490990898
0.8111017310374299
0.40935219247202836
0.09380653774576786
0.6714063802363103
0.9172789491105786
0.2959347904121402
0.4467440802171164
0.9885937932546213
0.84444584917972
0.298304052706189
0.9352580998183977
0.4367372048231517
0.38347868634409754
0.5936082710165665
0.0589730569087209
0.01238487557562884
0.34339259017364
0.9091615907933276
0.9942413227795337
0.22489894353280115
0.533698638263055
0.5434143066062682
0.3238778920157702
0.03749951625667913
0.272371007010882
0.5299852649344253
0.4691037927592405
0.053844274536468784
0.9266370579356843
0.019529772817363567
0.5706893779200595
0.34501337546572663
0.7183319601109942
0.26257236819305363
0.4703928586838516
0.250435092746385
0.42342211358426585
0.32316987002929454
0.3425520145389729
0.18160367536466904
0.08073355996504905
0.6722133326559772
0.2905564559069157
0.08038829034655415
0.18716706701671393
0.4244109302288289
0.3752430262402189
0.7852057819826892
0.9363841706792997
0.8359743647553209
0.35442459413960514
0.8454380718465379
0.8022192991204417
0.02341249857165073
0.36311112047060456
0.2332826618331385
0.3290890834880188
0.3621596931173727
0.842034777923409
0.8860021530268894
0.27707461592379423
0.6474421130989328
0.4318264733812416
0.02960422708707977
0.6806462236434747
0.5368125492543164
0.9726505647982752
0.4138906784281168
0.5078429366285273
0.20752492206780682
0.20766540800190703
0.8976375726684163
0.9424266876468925
0.6135502876402696
0.4561202429396056
0.815424788998379
0.5693012593339941
0.32352052142574084
0.8780144158023627
0.013443949825742041
0.32357933409730544
0.6640716655131563
0.04537571183674993
0.4102872031054615
0.2941241109977102
0.9340603039221631
0.28261875951036786
0.6622385983475748
0.15533872946118044
0.6861853142914301
0.550905129617944
0.5795918847285019
0.12479994026542629
0.5352138343580343
0.3120751970271982
0.627544729215976
0.641807747375721
0.8592803131542891
0.23541119169769742
0.5642161753055257
0.4667039647851412
0.48464820194331804
0.4325142272622641
0.8686755532077268
0.4166510570706641
0.30277307123519837
