873193
0.9927511581507004
0.10505744580035115
0.6654463357919953
0.9028673155312165
0.3662305116056134
0.8764670641247974
0.49283578455219557
0.045950782799920376
0.4197298981861094
0.586695291095422
0.6487930905094805
0.45183182953944434
0.6821593657841347
0.8908943029908512
0.7864366167464145
0.8240249107606938
0.940805329838718
0.6019363471116983
0.9564938077870004
0.6487854265466644
0.32639477226875935
0.1412885060603748
0.6970579527921571
0.4439014272798464
0.40231378082100133
0.182094190583601
0.6409828421016293
0.6430534957957079
0.39880744859784567
0.8284631138189983
0.4664451194288606
0.03730515024775005
0.3062076570955068
0.6371970906511072
0.5706356769867951
0.1427334573088006
0.7116535882199941
0.11923303893599568
0.9264206692593104
0.5982644832851435
0.24231325537100823
0.9066989950297185
0.4344814966759405
0.8098389692567587
0.3055293768333003
0.08813665061628329
0.6517017534225953
0.8827564566479695
0.6648028458303846
0.45666849628659734
0.9068818161851688
0.908351899944552
0.6353566088103156
0.7618038300179002
0.12404622098894602
0.8433208441923274
0.9801648986506336
0.9686662969454093
0.0410269160993334
0.7796799856450582
0.32706592804879686
0.03663639837010346
0.6800329964435037
0.7901498220581417
0.5369502150290718
0.6098973565818235
0.5104349694886403
0.27872998358022716
0.7615317378215278
0.680913542933275
0.9140687415244874
0.20284268623110702
0.6671563255258487
0.7580367155091683
0.7943473186274411
0.44325888845958983
0.6903624908767438
0.35923565687338566
0.715208023878843
0.6993810193379861
0.5284677795659287
0.4302360534438062
0.05044729181309293
0.7341242334278424
0.9701997419404856
0.16432854378090145
0.13915432476251222
0.2155932720636119
0.36628544980008193
0.09141296742525162
0.40682491132233034
0.959995177109109
0.8315458232302639
0.33913562993873103
0.7506954369542622
0.24005088196434654
0.2277254484319423
0.592887895503983
0.4235836019059589
0.9022743904788149
0.6908741445911918
0.46451229583297704
0.7967150440031062
0.1775709489850864
0.4474095180050146
0.3569403543539441
0.8044920346540565
0.25115479537200835
0.8911117308717862
0.18846381877714968
0.16883315203353289
0.9085282916535596
0.27052883662876415
0.24665680882366903
0.2758843908940658
0.33233086074729856
0.9566435232437693
0.18584411610419704
0.7223976666637283
0.43236895915865436
0.8478280448841377
0.7650366709028172
0.6237592238921523
0.3889281380645857
0.0058473851102996965
0.8120553193419927
0.8895256280608006
0.25402978810384325
0.5366153946663637
0.8293916215730224
0.9161152490911806
0.6650283693263576
0.27145943466302414
0.9534299316636802
0.8154724652249778
0.011522256366965355
0.004014080594348046
0.5908726287955458
0.2421496634011011
0.6205025322280338
0.22805120473175344
0.40274842174478176
0.24182253727453207
0.10988777539497918
0.14842155198920348
0.20903358570084163
0.8935789173945282
0.4603183561754295
0.4074694848140368
0.7179270760528162
0.9723677833069837
0.00819248329406752
0.29982843400291725
0.13812246697660369
0.4414054276229006
0.5414451062437672
0.7826766555970046
0.2737403309420704
0.264049473133415
0.1506666500721342
0.6343596711506495
0.41515172341591244
0.21282688764288382
0.15498763162421925
0.3322723269410732
0.5775049360523403
0.2394524349687478
0.8792626330773381
0.03956843895434492
0.7347825418490367
0.8557426614715903
0.5149355996670058
0.6565385571777086
0.6686996025347087
0.8575447673813834
0.19212076842318582
0.5601238031109551
0.8668210916938636
0.8610225515115333
0.11130801925102562
0.7801762559273854
0.5098668935397199
0.8432059080148198
0.05862223006240219
0.6352561986253431
0.34762057578112193
0.4666385237490024
