804440
0.0034613367374890514
0.7330051201586836
0.11394171442010292
0.30152032822780117
0.518223616338768
0.9730123722816557
0.3772747345380929
0.9650956194587474
0.5106073201480211
0.4295228362964709
0.13345922449967618
0.7901665633509976
0.09350414020650655
0.01521332102827544
0.04913652327646312
0.9094948908206191
0.048757570421717356
0.2356530210426755
0.47267992276753035
0.8367581078691873
0.985984625191857
0.12984909228029484
0.1249926359419915
0.4721733583000214
0.3168373273323093
0.05785900935651711
0.308441010468104
0.27786755352333903
0.891171659553296
0.6164743360274294
0.5288766769936005
0.8646464917800041
0.8319238796357141
0.7695708090188919
0.9185155120170201
0.42873465552934475
0.5475425633856008
0.9324688933361774
0.9369780726305453
0.6791763675902942
0.4907707118966308
0.06449207742935448
0.9273434831259377
0.8204080621024686
0.03324532965071758
0.514864691281196
0.03470507298103098
0.5182838409452629
0.3058540646898399
0.03268805788053619
0.4842878061543552
0.3013871878329042
0.1117274878218899
0.2977660453550227
0.5025959319547764
0.6533412728110658
0.6557723676449339
0.6881144517353135
0.4734773656881569
0.657244963698316
0.45222163491532774
0.8274634978576357
0.4391938278344897
0.39104302349598563
0.060102954237889694
0.028596898193496423
0.13203245761383264
0.17916332131350388
0.5646666123976966
0.44761744238458767
0.22299185724178994
0.5883694785851638
0.8813128650684156
0.46889049687040707
0.2783832167650724
0.8546644035281126
0.8867570216213263
0.329952645665026
0.38442620491407753
0.8667641293580325
0.7422650765141913
0.14463867838801936
0.2281112757435132
0.10795271165531295
0.9832572862565636
0.8530931025264776
0.9208806045879262
0.3905520225607261
0.11366001914609536
0.6130011156279797
0.4867516983482365
0.06068305823026798
0.7233466545872571
0.15937006650351504
0.017868813073867118
0.8650490306114248
0.8749600449716921
0.17353278357370627
0.33645576879999994
0.10124473239441045
0.11873792173314135
0.46668187949003903
0.7558218223920087
0.34199767094041034
0.32731721051582363
0.6927151295636033
0.7176988674424767
0.5962188301510969
0.6575431489854372
0.38602640121979115
0.5403022686533582
0.5035844591551388
0.17463759589555894
0.5167745607565973
0.46235851385407456
0.06710184561966337
0.3583814976813401
0.11586144173143775
0.4514830572399764
0.44257421005420705
0.39817908810744507
0.09202474125971216
0.6707520590331021
0.4665928113880279
0.8518197186018212
0.7514316311689331
0.2614431553386781
0.13712376581866426
0.2007232792634992
0.322976008636895
0.29073074650073516
0.8007839941623213
0.447968428933903
0.8658327445828984
0.9769885866341289
0.1402171116402121
0.8880343319507369
0.8654781060005744
0.016781552457261317
0.4419160267504789
0.5034096806994388
0.04605433467932707
0.03603020090775566
0.007418735261458642
0.472059774998291
0.22994748918941543
0.31909107265322323
0.5949668288520399
0.04535531922808389
0.0662325451076965
0.27638277929098776
0.7768478316265804
0.6410072548438205
0.1662078650461991
0.16842120356418377
0.04192075853036059
0.1676116029713769
0.41492447637395413
0.6644825114717596
0.828131014473337
0.18379242969365595
0.8960416746436367
0.7546125293672197
0.4657279518420723
0.1440366998369702
0.8324702083422022
0.8519608545753901
0.6094662420425445
0.639166627565053
0.7319756918001866
0.008016801491746994
0.9666987680860425
0.340705913046772
0.9503468616170321
0.6755635137214815
0.36034981824482604
0.8036905291672104
0.03738939127377927
0.14368731147496216
0.7891862469024068
0.2217578579763676
0.7752221554257289
0.5277804328565128
0.8174360682731101
0.7193419100883777
0.9103934497686084
0.9485785894481096
0.4360401822504114
0.0683251010349849
0.7670669991730774
0.9402383678455459
0.22681217491040107
