2564685
0.8584705761347371
0.6510178757013328
0.38860608713535294
0.06770648917397659
0.8310143433123002
0.5430001935384963
0.9702514619146099
0.0014105903175396506
0.9835693815497822
0.1502553113824202
0.7966451059919729
0.8873434433083465
0.7872092140085648
0.6220024354635107
0.8355804893483373
0.23084562545587073
0.33891889717685275
0.4002697992040848
0.8679010981639151
0.22878982631892741
0.05512376550072906
0.9153836322959954
0.9556197771312273
0.6004596465069041
0.8393025903466307
0.3083234456470523
0.5957248887884932
0.4551351872985616
0.26391953737968077
0.7708996888419378
0.008563759083844658
0.4029084263134036
0.5823829126207899
0.022164970961723984
0.6128762670528174
0.905233675462717
0.40610941956160795
0.7983523040564992
0.9053239679948006
0.02512468172753113
0.8948528761558203
0.8988102041050232
0.26042043209198473
0.220738947788933
0.5176806433925171
0.0716262688313063
0.500625053513735
0.29407422004741446
0.29614294201606817
0.9599290564237165
0.1609832547187523
0.18054661279567485
0.30007167044912864
0.3706698586950439
0.3110513051733761
0.25817446033051916
0.6681530945491456
0.7803207123836651
0.14353685489156187
0.08554579823452024
0.6335955288350068
0.04137722933312693
0.9970837463620508
0.04719220349924491
0.3045485695706799
0.12531891686797014
0.8215315471795404
0.7499118466317417
0.33800353424186136
0.9989590200510305
0.6031734629819177
0.7029607069458625
0.8174185406543885
0.07428819127120911
0.5576505700654024
0.8928686640332896
0.3779338027361785
0.6111699101724033
0.14578321179429699
0.7967226132168216
0.15111044146623254
0.7878863305358552
0.8605450851372235
0.8419924707930927
0.7758754969459847
0.8642741600973183
0.7079974603393289
0.8085354120151421
0.5439368807513909
0.9452380761268927
0.8005503626054815
0.8343234219999887
0.7546882947405241
0.6153630634365791
0.3141160032853829
0.8090101886799711
0.16632897485925313
0.025985600638974038
0.10727940088343424
0.42435791119324284
0.2581299479465614
0.24720327221281613
0.8530038583483498
0.8743852268293287
0.8859221996991017
0.011686288070770767
0.5682999827570188
0.2292263182174571
0.5005618349230024
0.40668006464866113
0.28108632818874724
0.6587678982038991
0.2220610424195798
0.8428219501435995
0.3022247515538897
0.04201966846309191
0.918920321145854
0.1320107584814727
0.40902633397136634
0.9847822935862395
0.28345724053462573
0.7590609608015662
0.7614986010033555
0.5663585704626596
0.04976946603527055
0.7341489861742633
0.35048071440712325
0.44775219906934116
0.5583910596524801
0.41755035408492713
0.1954790631282851
0.392263509239108
0.8841221992177839
0.11562890115089464
0.050913907814138626
0.4002454083883822
0.19684447953605222
0.7276951047894958
0.6454647352737259
0.9628380275195462
0.6127899064735006
0.19091622452369117
0.8969280749504549
0.43455922330333685
0.9973084473218896
0.6918657297740489
0.9760346530757917
0.20283396236395546
0.6280574026137012
0.25916469048337154
0.3601843472785574
0.41410094983032475
0.8168130638079774
0.8676337751689054
0.5132611516267558
0.6044726885923833
0.2615676826513338
0.4256897528930669
0.2639484335666483
0.2671883014751477
0.9453258918982997
0.3324255060635919
0.6200991645166352
0.4373946824305489
0.06332214505503986
0.9961716878170721
0.6188134245573593
0.7505463888698232
0.34966237027973335
0.8073615875608344
0.381206249448509
0.3102613197387768
0.45680468003501007
0.7191730205740338
0.8538519759226807
0.5023539575270812
0.5664136750427975
0.4915112541078115
0.5454877338784174
0.791073915396276
0.5963182847929471
0.025538184273231845
0.8730768529037644
0.6145656777211002
0.7881139610952583
0.3745731790683582
0.3870937010449661
0.5863049549725463
0.15793002334248019
0.3463009026228374
0.7845979995180825
0.7717182038676386
0.18565997070807028
0.4469357503982011
0.5833586374889153
0.8710475975437458
0.10588478852182259
0.7422723556686934
0.43421566242160203
0.2856755268338833
0.1747380369167847
0.8544990027660894
0.3729119364310891
0.32874779186293124
0.7016788168240723
0.16223421330972565
0.6974377557295802
0.94455537568006
0.08435065373954664
0.6213322001357794
