795770
0.49978879619917504
0.3853358186120821
0.16831674719688772
0.1876884090994989
0.8936037364050845
0.7610930915758913
0.3997480941436876
0.33681085052327775
0.5732898541767285
0.08061329331547817
0.3051304785559572
0.06568558712067973
0.2815480395703941
0.7268979909804018
0.8071885988541853
0.23212273072822864
0.510459957022304
0.18042968130508552
0.5041269382116303
0.1935288717770145
0.6092907418939248
0.6835328843210372
0.9708373500351353
0.7443817495379116
0.14577794747799566
0.9855954329933284
0.655631520104933
0.03633625808115559
0.6727319284294603
0.33668066364185456
0.8534390488337378
0.9733031094812522
0.9020023700908051
0.406300005900204
0.09233561722656447
0.00245667790504589
0.06606637154994188
0.0887002149045838
0.7787262100319575
0.8367286328109651
0.3886271243778998
0.7361173440052503
0.2135639135100983
0.8581457134820017
0.8507102756817628
0.4054268132830262
0.6795310163923339
0.0021104610190199047
0.5405594885842429
0.48679975469696424
0.14669597626981845
0.8779893137407757
0.40563359509022656
0.07598771366149448
0.4298800299408022
0.7261253472814647
0.8199261301528884
0.06008765047773512
0.15607831275483663
0.7524052111700982
0.6492458363207328
0.9352953091576146
0.3698799893876523
0.9673551411855661
0.8490557505930421
0.35381422602343804
0.5318888667174563
0.9738620722786202
0.6047648831051122
0.16589476930635838
0.9832557396544421
0.23765409886540922
0.7215473290101582
0.9305813953964928
0.27822405449621657
0.3281657190320927
0.9499796893307543
0.5713162128478658
0.8378478267673208
0.059576485080655384
0.19391419228669649
0.6462428134738352
0.5513626857787877
0.1299858588783125
0.9670058564674366
0.23049698212195058
0.9376188422590988
0.41856945522162947
0.27711844597327484
0.9843325982265431
0.35341761112182946
0.08782669990564718
0.8556027323698769
0.16998574911145115
0.4839993774924858
0.2360409049102471
0.8531921637519505
0.09460009808488634
0.5030779410584107
0.7534933055665656
0.2951209880563024
0.004028748417902572
0.6132666139867107
0.438407412711897
0.9771627027845945
0.13768637006516504
0.056747243514297385
0.5726205636072232
0.4659411919049945
0.07192130486304382
0.3229131433625836
0.06232067487191084
0.15103093023107883
0.731760746456287
0.0333960491663553
0.37382869942935637
0.5031546585396146
0.5309554388822879
0.9991317075593756
0.32796470023988444
0.5380592476262472
0.6110256248619833
0.9884926667456267
0.5034860972044054
0.9508136649546867
0.060632461450308095
0.809369547812228
0.2904512644646926
0.679822418490669
0.6412172904385517
0.6781779171422815
0.527613510641514
0.7550254055545298
0.03429453856758813
0.5136987229424539
0.8921524636363767
0.9330522705504288
0.03589133893798835
0.5731023384129066
0.005072104904047858
0.7840046751686537
0.701420080228161
0.6278949272181098
0.6606101925875466
0.41338699676785484
0.01084342111276726
0.05574186447940355
0.2208723561871192
0.6901115547084711
0.3889421051107944
0.0985158077174213
0.22395026760427494
0.5746784605345409
0.7038265872248959
0.15571906248342693
0.9832586151872765
0.7651241637078809
0.555416945189549
0.012132968600453986
0.5593539099059226
0.016091766450240685
0.04078595647425509
0.7089503684765497
0.8113343232208339
0.9271472100420706
0.218116862016697
0.9883830638152588
0.48649191780533707
0.07356024966844776
0.7207163200777745
0.6828022724066946
0.5054515061457888
0.37929293227210703
0.3572331087885493
0.9254444315207394
0.7670271739933007
0.26254434931747284
0.8277180119357063
0.8979995066580172
0.5537081860409837
0.7727947413214378
0.06581668741647762
0.3538563812238853
0.7660579052327715
0.399129420466249
0.3946974719625158
0.796786301986383
0.06832614340086995
0.3741623275502587
0.4700915721308848
0.37287749340572396
0.029963423363673747
0.5050845248830594
