998557
0.8105525700999149
0.942825304087427
0.6936015234365057
0.23028945514751675
0.6668319080849834
0.7309437317902232
0.4948392652399214
0.9598987257296446
0.4021250125443715
0.5746088463375559
0.6986723620273491
0.7391027101979852
0.3055670882705668
0.488008771390846
0.28487494595632457
0.7112854718587628
0.5017838694579378
0.4673224476095361
0.2862943644345053
0.020164765134374374
0.27125642769468883
0.38890047081281853
0.7931401250282681
0.14598202259615212
0.21591786977354055
0.7555158129946199
0.25481820003207745
0.19750599628623977
0.2782334707664966
0.2930972669550278
0.7629830522015612
0.4287439960777898
0.6618677702988145
0.9524005648382923
0.9022345979750765
0.9284168672439372
0.49844401792904436
0.494760880583781
0.7149903854670867
0.48752470850255236
0.29084637746665865
0.8737571121840138
0.16964110688414247
0.9707822149352645
0.7767504398872678
0.06980432501725564
0.3780637604923689
0.32795339137070323
0.5332428185325161
0.4175866362582201
0.5779064017583284
0.6065874828704035
0.44509018786675425
0.8704566347828577
0.5221584462978521
0.4728012341485852
0.23731470523460507
0.44659829041324817
0.508368074743106
0.41904772480013774
0.62945706630596
0.28703182287935014
0.2341091476623509
0.2124050393061132
0.9496367707545671
0.8453829589168071
0.4211643701399276
0.7323839788011142
0.24720754500468756
0.7632461791169051
0.1159277744411007
0.8684191427795533
0.05027651065133398
0.4032313950056341
0.08273833161827371
0.22916693187499293
0.4219599844647851
0.6416780120948073
0.6064515980349999
0.6753288637129345
0.029412659213558734
0.0755473890323799
0.008273954165936237
0.9942789479250033
0.15017291590810555
0.3455312150859954
0.9843630478075601
0.7843913661004385
0.6763804752063197
0.5665554584892968
0.41051721168148425
0.9066941023643352
0.784610694214131
0.05898476526817953
0.14013756776862485
0.047919558375617566
0.26655440258554464
0.2607304420287557
0.7453149274859546
0.47065237739865295
0.9748390546996177
0.5644016417988458
0.7505669646183375
0.09238014780559256
0.5858087390301675
0.5818516625778304
0.8890589585168475
0.4145214792655877
0.9329814022649976
0.14136297092112649
0.5279553439129824
0.22844152072991086
0.5713105528872642
0.5920813037752987
0.525984675935971
0.24078325391449384
0.9100768906683627
0.5304365683473571
0.17483532464024254
0.7262902894058252
0.037197993842706056
0.7598628329895507
0.0635750554352289
0.9093711187557881
0.5814612643057274
0.49632842350413764
0.16761026904056497
0.9900964933801858
0.3273442829141052
0.7323828769065543
0.3511064093693431
0.6751858829092432
0.839972790414955
0.6257782999455275
0.2704661172457282
0.9802083500614832
0.6995054313167411
0.8020765118462292
0.33453892294373233
0.12466966360832565
0.06921691402471997
0.9039459430620186
0.9386679700989532
0.9034345713697406
0.6995345968991264
0.6501152369107798
0.4543008768413216
0.7160801485878429
0.8804390947061477
0.5920088253298728
0.8501530322754732
0.8979645346066656
0.23586380273408913
0.08452738868071286
0.6343757442035668
0.3282941608234631
0.19603872829816593
0.6764624160033996
0.09376014277848188
0.7817900534098471
0.06691298699234671
0.7044050785539087
0.5937225305504223
0.12462115651488992
0.45330969949166433
0.7502740374617447
0.2974148241446096
0.8688969250516031
0.46491365331863244
0.2945001449296474
0.31492604859725526
0.842663958848182
0.5020997384503342
0.4436481633757122
0.7527177866897498
0.619537026046922
0.8733579853232282
0.3299268002291025
0.36708004771433733
0.3562608465319069
0.9198670962431015
0.34960542230666847
0.79849991139156
0.6006975237059493
0.2044885341860817
0.39284865287237103
0.2546633360739168
0.2487703499298397
0.3698986636767576
0.4567874616889167
0.5447344579540864
0.46785227188037126
0.5485836211497751
0.25521229464725526
0.652990727651037
0.6737853320702907
0.2051400343075228
0.30804365309656623
0.9646244868391411
0.44867300360555107
0.187057737024513
0.5035006491929
0.9761901266259266
0.6223807717379889
0.087447470111082
0.1644971874390243
0.25120974200714297
0.08375854534815119
0.08734122411893142
0.3601142733688868
0.0800249312657576
0.6994918981653196
