688415
0.46168546449437764
0.9527345465553879
0.17009307576889143
0.7261863718362976
0.7963925923153842
0.561145179732407
0.6932826868968577
0.5535820499080641
0.7947535570025677
0.44828676866674844
0.7095661425539862
0.47974896538418754
0.7909899703110838
0.953033034816811
0.3875775101650615
0.03933836522099654
0.9493673197129039
0.060475807928932035
0.6688487306405924
0.7422609884642644
0.7366781332039316
0.5410467867287093
0.8138612255661715
0.9284959648155303
0.562607694573548
0.1486053069577734
0.03671026247130482
0.5251555940153109
0.6897580818611512
0.998390375948064
0.31746265936856743
0.5671013198856298
0.7522227779952801
0.4299783815463958
0.823482265581617
0.49033509438621936
0.7663980544657709
0.14862776062323724
0.27027514991460455
0.24450261569348142
0.9074703153245653
0.8472878650021544
0.6412063298454083
0.10284591570446788
0.4123235920940598
0.0661741357013409
0.7072953553385646
0.9072476672701368
0.9864846965447431
0.9114128344609893
0.020034419678179205
0.23141379465661616
0.2209080447453703
0.5592630694324381
0.06782784897404426
0.9604374414550698
0.34471796027442236
0.3511021729557974
0.2190122294937482
0.20814566304278803
0.42971908402226566
0.9364721110622715
0.21213970756254674
0.7880196288373901
0.007689651955137156
4.5870098804301485E-5
0.3279609426158858
0.42466856211521486
0.9050068325305461
0.12212801916239646
0.8759156560577591
0.775259898423396
0.8722274089026656
0.07338706018632035
0.04788150266397795
0.015237350171591224
0.8995012978276803
0.3928780058856127
0.3849670160367027
0.538899214291649
0.6544290663369478
0.5436939723356325
0.4537896805656235
0.3062970130924022
0.46263795878582004
0.4164284001942088
0.9984476296532913
0.4831401567383843
0.0340510152034067
0.9659319503126834
0.3883750547426714
0.5308027938105648
0.9244322527368444
0.35492918119049977
0.9728544557709119
0.23735780974866316
0.9448184046572484
0.600707478068103
0.5873995644778575
0.14260634209351353
0.008472972600234274
0.24217685443609982
0.3638778425443209
0.6797154779376015
0.25516037400485325
0.5795924416255993
0.10657850564400073
0.6847040516449004
0.5749563439344976
0.8214146913582998
0.4640122878041041
0.8982628267690899
0.9569536837627848
0.44149269465038277
0.28078360282603376
0.9261262202881855
0.3525811545717227
0.6936244508408024
0.4317888679081935
0.6971872483042171
0.9520929222098321
0.40702010335473016
0.795796031222481
0.5561945125646255
0.9355583384349611
0.8207580340432854
0.7177497156016865
0.5797424963568419
0.4378098475042065
0.22142739744883866
0.016010063587237888
0.8871532702330385
0.3459551034435111
0.5525815701633293
0.617472361645063
0.5250268947247886
0.864365835463464
0.37785716686415427
0.44254655414567157
0.7285406983724751
0.2098248400003181
0.4334689919071386
0.2941563652030921
0.5690503918960279
0.15235662880518752
0.6355651610662756
0.8798697837867037
0.6478632904855869
0.11800828370912109
0.6247246716280179
0.03133845811008096
0.38680663397140236
0.8200775979271651
0.7151897538265566
0.9581862328076003
0.3893351502836274
0.01940407148755907
0.051888330271404826
0.5642709760126483
0.6864500447504707
0.10637570803314
0.1395814861328667
0.9668542550630101
0.4205179636573252
0.5688221920670894
0.9286986266483648
0.01594086007288087
0.3064954567861363
0.4755519398271908
0.712937549982837
0.7573364504590984
0.9268013295775902
0.28195851814313544
0.508078962003421
0.2044237781624546
0.23379690303617862
0.11351573789631997
0.4266436595116475
0.34423251210393857
0.4102048842709841
0.6733259871681916
0.9465596420556093
0.6834085065044768
