1556360
0.009748537491558351
0.6434370590151953
0.6018422993479278
0.678365229808711
0.2879113743463664
0.08012468037183629
0.7103882641385174
0.5262912369647801
0.6326941744280966
0.28914981720485444
0.6867933690871136
0.25471401889229395
0.39943529036920467
0.5809893341630998
0.7368426663356813
0.5674224751685338
0.8311337125962989
0.08800551887715169
0.04399739009204473
0.5916442657510348
0.13523429627418093
0.9348387975242192
0.32688794737574
0.05603209639015694
0.9245299659267209
0.10248615025779284
0.0944525544874879
0.9687335996127205
0.7407938661913462
0.6358887424157313
0.636386897336938
0.9949733508957578
0.6204555912900025
0.6840019822952108
0.647364320682564
0.7650910182455217
0.7363008789162234
0.4744469922543838
0.7713609767222729
0.30131197648938024
0.03816701821301727
0.8443707888447363
0.5696455137464415
0.70083330326522
0.09225871659944584
0.26168387140810856
0.12188924592516925
0.6223412284083348
0.8056954958954607
0.1426753367388942
0.41624741976385093
0.7440183508015568
0.23689827404540542
0.006914487428340443
0.3290202739394812
0.12780673390243524
0.5631570192618233
0.8665617986111208
0.18796731072851813
0.9405188147328839
0.38403729987743185
0.5863598016532351
0.7507537523030731
0.5286540239133009
0.8863058845119648
0.12472946156220399
0.9806473460728705
0.17227403481524683
0.26802623113719903
0.9458607794517092
0.11892677227445525
0.7798208249432338
0.9460826841890259
0.903806755112533
0.9115579100523529
0.9905242610543531
0.14757594401512686
0.02415524852517703
0.5791939430404143
0.7591097733873213
0.22747661028227462
0.08057643640043677
0.7114074042129367
0.39237444158475554
0.6318759099442036
0.852509429558206
0.9448957578415438
0.27462578599320675
0.4470546137263939
0.3953639747604055
0.7073527525951887
0.533461466190292
0.9247305042119055
0.8547077789833891
0.1402253094152769
0.6327923568425133
0.40569273756606594
0.7607471644436029
0.07448944260590618
0.4475249150951178
0.28924287788070757
0.281402948555846
0.6033341972577368
0.07038586498644794
0.5305658153038427
0.5138192684007031
0.6894319887985874
0.9469681800749739
0.3593108635765109
0.23737370612851627
0.014788694188737295
0.7397902611178045
0.5751830466014783
0.14458004834530347
0.22814462949257197
0.8782382429174898
0.5899421146045659
0.21834971063320108
0.501480532595228
0.8978325171951285
0.44494239337766894
0.6725519181034596
0.4592681090409769
0.807076604431653
0.52060593557113
0.10562563462023766
0.579549501344052
0.7294209226556672
0.9278137504269204
0.8662757574310754
0.4776860558739031
0.7975383767922591
0.44733637374931834
0.12415913923575095
0.3892047538478548
0.2379947352619538
0.1435480053582351
0.5945900907084121
0.2883791723319209
0.33162718800649205
0.747948708185816
0.5941191233675008
0.7249482970210257
0.2419754071321365
0.5911424189193818
0.09288622803372903
0.5995133333817907
0.3946522865721236
0.21403129217043093
0.9446692785178077
0.702476214651135
0.3405711498653624
0.17389083381402204
0.03414699540154997
0.6213453391827022
0.6495367419643505
0.5414702523421947
0.5971838340508755
0.9993712579852503
0.5045456795464415
0.12129328984346799
0.7779205159734041
0.6005465908499708
0.7566374703517837
0.45905229759644406
0.9449584171530827
0.27939684148754607
0.7261052961811072
0.9290851564341667
0.0488822452399047
0.21500726159462524
0.2722257547414956
0.09940088319639717
0.5543100491662772
0.3906315037688117
0.3941475442331258
0.49526234150480386
0.749700507671634
0.20651150708251076
0.9452577261169139
0.40362942350315234
0.3817437792089785
0.03410300279157741
0.698047722957751
0.034530160483230654
0.05883662445539262
0.8453701131310862
0.24789433993358656
0.9687618881711777
0.33418465130363906
0.505132727594996
0.7552527511559542
0.004270439996598707
0.686205756217969
0.9713627973503396
0.03576343624968625
0.9086763170714518
0.09232022721534772
0.49291849482405137
0.9233240968774443
0.5035192249945895
0.628436669090093
0.04478592074056886
0.8219929070010397
0.34553493937826907
0.2378795348712771
0.5877898988176776
0.05831922568632519
0.4807708216972979
0.06644083155891223
0.08895521619572555
0.2711028256142819
0.5556383932969288
0.1278789261257749
0.36875260026025014
0.646764399317836
0.9441302776375377
0.6352164272946179
0.9888336360681081
0.8417517441237337
0.9343011464568923
0.14167779541326186
0.638118938766405
0.7000173952181009
0.9476999900907263
0.5149993836272299
0.013578032781828897
0.11439377549708984
0.44168793193926426
