557975
0.9824399916516724
0.38848506172917296
0.429195318809073
0.6406029820190835
0.10934587452691391
0.7288306049937614
0.6444817099408859
0.9873912003406847
0.19523746287518995
0.9402067943988252
0.14714226360514138
0.6852336676729325
0.7516340219581036
0.8907223037817583
0.7241221360066323
0.7683374946118703
0.9473985985538871
0.5514204042423206
0.9622042837996588
0.564581076852465
0.745949386779798
0.7547256420145914
0.13898043499749735
0.5955056294517842
0.37609959686238836
0.17728770389295434
0.47382476053468436
0.5304249288506195
0.6385932443793344
0.25574463977349315
0.8806239184764688
0.7247338050769723
0.7187775746080085
0.2725916108054892
0.6658466177012458
0.3406462424820532
0.39648066355161216
0.9374947584629462
0.27384667576234445
0.3216758180567981
0.8036372308962657
0.8438371462320673
0.978522662503513
0.012543541425438676
0.9364727128983996
0.530012276704852
0.7543887267529157
0.3460413926802378
0.06316593363754341
0.11978498512246472
0.14939760659405898
0.47615352005200373
0.5128583123557857
0.47449010343595277
0.30397458954352996
0.6526321765121809
0.13862549782546352
0.6350809173692096
0.37781774935886236
0.05763909659668032
0.23079329357246947
0.21502780949987077
0.48391417465638986
0.47382253338869385
0.10362592780207258
0.7858645640485478
0.5957519024591647
0.1353911490476003
0.8251723931213082
0.14649064208759344
0.7644304168823013
0.3055289572226273
0.45156643919387873
0.4639563994435011
0.19878667216316903
0.6266003201016649
0.48107462835950454
0.9532855530555686
0.7196865726186286
0.9999037948629149
0.916653166187226
0.9206561327095593
0.9050465743542916
0.3693624870444969
0.6658915439698695
0.1406104583091159
0.8433942902499431
0.20386874588587156
0.2651202684946007
0.576814747145842
0.9025377129673181
0.053304393216402124
0.4135587534710151
0.6858243840532241
0.5184912418770341
0.1941476326072603
0.6047548996512346
0.84901749118303
0.7701910580210319
0.5752091620192256
0.8561640840794394
0.2386618573342827
0.7189999616542014
0.9439866587248654
0.8751421989338531
0.3349362099726827
0.5983406591356385
0.4425195200508102
0.04876476666054608
0.246227560543279
0.3932425672799287
0.9773378519877572
0.31939611580452243
0.7240220270664496
0.9705265370374263
0.4644466465763988
0.03523324680570672
0.5381998346668285
0.3858225201301274
0.5055807875081655
0.45021929661660365
0.6380534943747243
0.8910667696921447
0.48098477621325963
0.8209062622349669
0.009697333276615039
0.374366309435197
0.9029653263599166
0.039403150925100605
0.46442378597455425
0.7423849575565412
0.53912196894662
0.860802780687513
0.15020120645646307
0.620815878900095
0.6975302825864292
0.12017138040174091
0.3731136829186198
0.7912239284129449
0.7836515918949513
0.9553309640896358
0.9483743104159734
0.6230525480296145
0.7392150387604981
0.38091033109544237
0.8570498265410011
0.7424503449492098
0.45769660048781136
0.8860121250576403
0.7468702346742213
0.9832282284517913
0.5816038114746345
0.5812551178306742
0.2598508621254856
0.4587984843113556
0.9128089708977053
0.49090032385811233
0.08296562724206746
0.7534707138081296
0.4678270318417219
0.6994429038086792
0.27318539628578253
0.15673905227675033
0.06739582863233862
0.4363249098489911
0.3614870193947488
0.4820082223377895
0.6175479288374048
0.5726049460608895
0.6037755454468168
0.1864629274831877
0.2608757277476438
0.618927701869979
0.656524776964939
0.0035799836899508275
0.5835064763891874
