1044705
0.49859196728528143
0.07741247489558212
0.9161738439195993
0.08018278579894078
0.9333549997360636
0.7000268490018701
0.6297398292719334
0.05069392281730345
0.4784922945867034
0.04706077598552494
0.23750173294033183
0.9876237991483715
0.15323760044513624
0.3003285465294655
0.5495274308527665
0.9005285158908393
0.31039787823991893
0.3511372656806011
0.3193894378062948
0.15387256763564294
0.9974573941461004
0.15847826524149344
0.24539751601519133
0.7832697738790915
0.6039061589763615
0.5891542400681997
0.28631733396986236
0.8597125694845886
0.35820576514579017
0.7479143630037042
0.6340599044511501
0.028962661290670377
0.06707904551637456
0.6459527456783877
0.046883859671975836
0.09606086691028526
0.9447898112386117
0.6430910892755339
0.8957943907849912
0.13354534667696405
0.3642096481526147
0.04937113393625925
0.8485475749893872
0.8974795225029678
0.3813820268591185
0.7302716744787278
0.1342628215688757
0.33797833422152346
0.7429184006246954
0.6266144233085422
0.6201214282915322
0.5022663637522099
0.6262642451233128
0.029891145600201563
0.09173938435325901
0.10131625695793323
0.029006878704041283
0.5311592241056007
0.9499384871222704
0.5047215127345169
0.01685927614093541
0.9154264193358262
0.9321622689813717
0.6865324029514479
0.08736375156756715
0.03985278834505235
0.33499262164254817
0.5046773321587654
0.10281200814939029
0.9223258282223211
0.023861170924283526
0.8517993038036038
0.32378097131232886
0.4431707107542241
0.08306060444828367
0.5329804600982938
0.3709016234634003
0.8648737873068271
0.04302077302939433
0.2642777179974458
0.20975634298654056
0.35613930278600225
0.6562253872948983
0.7205025711567662
0.11944629297647291
0.8223580701066878
0.5381970242739963
0.09910532347174106
0.71448671315675
0.2836517068079525
0.6780313076932679
0.09075746516887506
0.5034276862102413
0.44096431597091434
0.8852425273888552
0.7539666905570132
0.8480008873263862
0.23907848477612947
0.748407424457659
0.9632208446414119
0.06452074765420646
0.10872812265512277
0.5387396738070511
0.4063551358221136
0.5062431498559044
0.2843886831141569
0.5897113737017724
0.43939626493249917
0.03540142668071666
0.8802235729375514
0.6427415797862841
0.6047315906180137
0.25955152359458156
0.800173759165602
0.7253339301218784
0.22864966936703002
0.3159924632339516
0.4785088143833536
0.8924841335998469
0.4179823806295583
0.5788936751064185
0.1491100831378901
0.7899610982882838
0.976861687694
0.19621476608033728
0.340648502906869
0.19579318048448524
0.08559597461987567
0.9495298966430746
0.9508573661400807
0.5343942008376361
0.027460550880807566
0.6960632878319603
0.9264528980397917
0.7571447615382662
0.5553245110199743
0.5005764920754537
0.9497678164499279
0.18207416047566793
0.9163810228605715
0.09011954164251568
0.7422191349064133
0.025509143403626866
0.5533286251691351
0.11494172465124852
0.5236063497070208
0.5707010722195506
0.9116618943992844
0.7647524041735557
0.33425957331002965
0.8029146414674317
0.997390353327741
0.9807702794155594
0.3765939504457868
0.8753143403383526
0.4414944226694044
0.9205474230311688
0.0917565117264989
0.4220901077640785
0.7519503655938721
0.767572479336184
0.3016548055482089
0.4773691756543247
0.093226928169445
0.04933282688586149
0.36367202243050545
0.021180963891547222
0.7359022751820776
0.10746458995545738
0.7543225767017439
0.8235231511845529
0.8549477460757609
0.9215881437166024
0.6274917047390897
0.4575756010389994
0.8124248144491701
0.16455966317357162
0.3083931823834969
0.5078931182919704
0.03003510513005414
0.7405014796813425
0.3778931178967313
0.23556112879272373
0.4470566121443702
0.6705210505492274
0.4839717463072689
0.09915569843049377
0.22506261368680813
0.09943006676245003
0.49483799134881734
0.4781242160850723
0.07325029364071989
0.4560618380880802
0.6690178727898612
0.9054235691240134
0.6329521842086131
0.8128061307935923
0.24257636038089647
0.905919213050675
0.5882282166910877
0.28601739408749216
0.6933208649850828
0.6598910654575472
0.1500170009209556
0.6584135109452418
0.35886692023814803
0.8315214762001999
0.5255649656392347
0.5131218337716932
0.6889317387176531
