29532220
0.5738430936547033
0.8919793638671947
0.6878009304148511
0.42696730421616413
0.9318731620019262
0.6981910060142755
0.8685993053336845
0.6457989742314958
0.0075407765282022865
0.9706579028438879
0.9269371407033358
0.3042902853177192
0.5849096562102051
0.7168434575856021
0.04885950976924369
0.9539962795824357
0.4532795673147564
0.22181570462880573
0.8725293392320125
0.4680296584113064
0.8252881365540814
0.7210614010224042
0.6772635695390541
0.9023349883972656
0.9639064812614139
0.3903550377361824
0.2810789827705653
0.2731587558312867
0.22663940435612073
0.23643215051705024
0.5317500260279308
0.5485714750423689
0.3744383740860451
0.1985879100838448
0.17266542714525535
0.38358694552911365
2.8971277565126297E-4
0.057480433036154355
0.7225714151548552
0.6287139289792263
0.3117366728668587
0.2122699125044789
0.8850769862274357
0.1307224015147277
0.9733664335857483
0.5889574935298727
0.37651339307752585
0.9618836180656295
0.42505531105944216
0.1242946933259591
0.7599701289055998
0.43034308907593277
0.4058331152466418
0.3500238092227105
0.6096821166416498
0.5383722713223605
0.8045471376825858
0.3325427141836239
0.08402381604912257
0.5875485533773971
0.6587980575329249
0.38490096775568783
0.9753190116323283
0.8890422233855386
0.6176315438884122
0.34757799222976515
0.25274594363448044
0.5532291318015277
0.8378104035751894
0.09976435101379177
0.4556094350673534
0.6829480078939832
0.9165619944172843
0.9192444713146272
0.023288228987385584
0.753561728402561
0.3693923045885016
0.6325701933621268
0.7740663922517677
0.17375888009596663
0.9535466993598091
0.14465223209486056
0.2727046423281738
0.5887575960200125
0.0724447720054392
0.9616317207724271
0.2113765584560202
0.07614234398569508
0.06459901359977427
0.9630174246044185
0.9354640631488933
0.7728376134037238
0.07500438256017528
0.3068224729580913
0.24703611222747213
0.6043396115270316
0.30088380733746334
0.24470183081842778
0.39851060374730307
0.4826208436611765
0.527139120218647
0.0010194709509228073
0.5228432321689546
0.1817586769355043
0.3854318747275455
0.5798058463737654
0.9704013035051594
0.3180763886565311
0.282450369868966
0.8106378541383176
0.9514799090251364
0.48101144396378626
0.41755818308401604
0.281530829383112
0.5405940208346072
0.28359658426066336
0.22055343947712147
0.2132920189116092
0.9161559998646063
0.6006378776348336
0.13979857744392155
0.3550866883174747
0.8739900981997061
0.37439440348338293
0.08261886165547294
0.8364831337071943
0.8026571975495251
0.630149360557595
0.7620142132304659
0.017788230221853607
0.19393844355531586
0.5341438943516312
0.6773243025471292
0.1570423859715614
0.04447923018819577
0.7345273279904374
0.2254755035678352
0.033477428271299736
0.39422504268456326
0.15390145978808967
0.9900140081725266
0.28776114135928055
0.11298422800156205
0.17212340621522748
0.46132226340034876
0.37642690277128243
0.34191795045333384
0.6684531631554109
0.36712384625241357
0.14908286222702316
0.39437146268652457
0.0016341383532967324
0.6911537511347788
0.9089574037171625
0.1961062006183737
0.49594571609586335
0.04463694616160696
0.7247586864268917
0.6475569804398613
0.05735795157432777
0.46867254359336374
0.8265206112216783
0.7072878149876846
0.19645662661860075
0.6695450276762194
0.05712309240854474
0.6520183640452023
0.31390802997045963
0.6400277443640642
0.1548818134615988
0.38642726608990874
0.7793992892125371
0.2978985716303262
0.0907998856998391
0.5356873403799147
0.7717540042684934
0.17770293429912487
0.7521137624538531
0.7671009413663747
0.7965338463614429
0.34162802475567566
0.08572791405564018
0.40319243306820274
0.5334416224713457
0.07601901734105976
0.17373235486286365
0.35972180300737255
0.49748474655288566
0.004174538357066271
0.5286196839277297
0.04594551732113017
0.14377181695852403
0.9690487045803614
0.6316009566948647
0.6129816744999291
0.1768678679645953
0.4063380180979631
0.5802060081600096
0.6627668161387797
0.17873586961013888
0.9301232629711261
0.35065804352639984
0.06645984829955198
0.7433301940026734
