4196502
0.5185013990584307
0.5972783053918442
0.6255934743925099
0.24097161179723658
0.6013686025868231
0.818109226147141
0.47717949339176746
0.44679941708976023
0.4082228109758935
0.6191088490544943
0.06617147916378352
0.6049451188930697
0.5128963925459507
0.29799861254539317
0.9434520429486335
0.6431038853349543
0.3983700199501714
0.8917741811437275
0.16704679203716666
0.4477324507146766
0.4073660261349332
0.9790436297728528
0.061802746199708825
0.5047612691386394
0.3620627840946532
0.1591733157643329
0.5618846198739842
0.12720342716001654
0.8270903359429223
0.19218823142127694
0.3997400014560676
0.7264550787688294
0.02399575448801805
0.011023747710483978
0.7727616025139061
0.08313528558705241
0.9519345342515423
0.8071040884261468
0.4139912504393045
0.364401226467987
0.1648128429119955
0.44947978802673394
0.9274671351610713
0.42808365206050236
0.20228477696927294
0.19382575727411655
0.21583285637471428
0.7058027942289817
0.571849983676621
0.13118839639033297
0.05852575294575746
0.7479653070326674
0.9599601946246213
0.5260527540680948
0.32624799367084756
0.08304879955209554
0.6009874343017279
0.01683154974445189
0.22448101011201527
0.33457421433714085
0.20510706734672457
0.7433586172827231
0.2812893490692878
0.9517032012439777
0.38118432162072247
0.75590056510784
0.9420799108704344
0.8635862001638676
0.6545299006468525
0.9313503492235393
0.530008466972874
0.640230214984479
0.7111040155161867
0.35341345767679566
0.29382599242038765
0.4308229142521892
0.04724560449649484
0.4230278825398479
0.16925513029177963
0.3032192742071349
0.8032689614823928
0.5871492280071812
0.4747710863928146
0.2290459142493536
0.9423138832652972
0.22456220095377
0.15702620132745626
0.5167446423582247
0.3490292305780135
0.7828807994129637
0.3684673808723885
0.7013940186437642
0.9265678403421868
0.17003142735378562
0.9112564542606812
0.18246711034732188
0.01017157907666233
0.4507039365695694
0.04066899146250946
0.5648896416194775
0.1876010081434546
0.2861694541270674
0.32986558011806666
0.552057307173237
0.5254542021503584
0.8184385815585815
0.4065659016635391
0.00418750344368346
0.513437260156597
0.05749065865740133
0.47456896155718997
0.1666580871885489
0.6497972287462725
0.2812293391608782
0.786936684499644
0.08005826663801874
0.016403015868753812
0.10869946320501411
0.8499644645384655
0.9968366637248777
0.0311777859435155
0.5355494853305129
0.13858965944940183
0.7475901100485615
0.4004259072496913
0.36799434838334655
0.08933529563582343
0.036688389170453806
0.25865810794208244
0.33157832769906204
0.17890656053131637
0.7573108622309476
0.6664351099433157
0.8371455221549613
0.631307711768774
0.5930532779324266
0.8403510112704078
0.18905120757852667
0.16113477757771666
0.2465558958386822
0.8234247170607149
0.6205020867686404
0.9597364874923016
0.9431260447508956
0.5809774312506576
0.7911298827783168
0.018807248066605387
0.5334583062043533
0.12408436423002567
0.9120754983283856
0.9572343206283481
0.6148622815076527
0.19835551069818713
0.0835520201720289
0.5236508906046592
0.9420255140038567
0.6024250430704369
0.875258892644081
0.7408834572221974
0.8827513085474057
0.48786794268141764
0.34940272245741877
0.0057980527506815704
0.5595767329540361
0.7127858022908993
0.7551757314949656
0.36810180872004117
0.6617558174332218
0.45370788187224753
0.056401004378352826
0.6246906753963534
0.04641609355501497
0.5610849348602661
0.11090356445523042
0.9708421190720214
0.09705753999237365
0.9312604278506281
0.45404796688867155
0.42497590041599065
0.5955656106107673
0.21373730032461824
0.8658301426463847
0.219122073258341
0.4134923342250518
0.4603288245525399
0.1722508453911593
0.05621440339969186
0.47224466981076907
0.34144077393092553
0.3555716579022391
0.023947473885830628
0.7866916636455554
0.9116294127252881
0.7349889435668493
0.9224250861866456
0.4613256445420051
0.15647836876619015
0.22645099909400823
0.11016155779095371
0.4351069438928096
0.12987644820393562
0.6163958321363624
0.925052892004266
0.8222780188729044
0.07318443116117646
0.8787112224895101
0.4707258501088766
0.7791541256513753
