4897922
0.37343256880871034
0.6700031675971782
0.4780780470858047
0.15830920221556743
0.12420823623165989
0.20428909309958776
0.04152996373993567
0.7412203179923109
0.19995375314079689
0.3034703074022891
0.7875267895967604
0.9324389606987012
0.022962268703765387
0.039847614161588774
0.7141614171826122
0.08611531578970877
0.33468970198526193
0.18590811684853015
0.2271109065431448
0.267495237106957
0.8640697467659831
0.12385867279075469
0.4992940330114931
0.22313622276072842
0.11207008476625302
0.4645248390285063
0.41228506422104383
0.9872257246816825
0.8640724256465273
0.4322567749959435
0.1417997218734428
0.6769550894037671
0.876926023022907
0.43670671498113844
0.41553078290056833
0.8801180505856626
0.580332727409527
0.4652898907190939
0.8364172030907648
0.1642064540702025
0.6078127344034936
0.5406285131831684
0.46853627980583235
0.4667537072040715
0.5816373221910374
0.02306839307274844
0.17626237469694273
0.07030381339757841
0.10347250730095914
0.10416819353488715
0.8862155295421892
0.439778741130996
0.7712979793332309
0.31799183294938993
0.2426227681384472
0.22058833857708215
0.6780788859270682
0.8696791998517363
0.5713109089342466
0.26981728742890854
0.6121052276549469
0.4568621858790268
0.14541499828069981
0.5871264740152788
0.32908228353026436
0.47975038578334384
0.49096260381888457
0.18760114255561988
0.9354946248894863
0.23073796883961928
0.026825429899132724
0.6586275120631244
0.46972792071747893
0.7112530935061159
0.7116090147312865
0.8957085105351537
0.542419557217103
0.2896086117893406
0.178694519363919
0.2552925723580203
0.15399289361189772
0.3771471641226646
0.8329875064337445
0.8310153868449164
0.17371778996901133
0.7925707329205912
0.3681292970885748
0.6328430242077643
0.4142770070977324
0.7791445581225007
0.004468107533985632
0.2898668825697488
0.7687116135030576
0.12398621684225841
0.8176944549462076
0.7372988613006424
0.7113751510743908
0.8946658343301427
0.2650785785089541
0.34617125798597514
0.982591892336704
0.3148880675116754
0.9528878767164461
0.46029279316888416
0.4044359599008869
0.23601977987484568
0.8731966765373841
0.38575523038484105
0.4276019786315216
0.19873221012094067
0.9833523558321722
0.46143700479023253
0.27067199597105884
0.40450111493288277
0.6277424014928792
0.4297959021565967
0.2925613218196781
0.24995077967195867
0.6870886999583145
0.4800638974686191
0.4512145391874969
0.0365594338382208
0.43510652738070055
0.46054936683747316
0.6133394004674195
0.5692372712199542
0.03228253167924333
0.6549003593336173
0.6269937896250425
0.22626040635319622
0.1748306442422234
0.17473470603497232
0.9066744496342936
0.11703922108891174
0.9815829047059573
0.38507675356082405
0.6487432732946241
0.04928706683672868
0.2645267825484241
0.9565910754375648
0.3127922831654105
0.9391910354293869
0.8302655576989603
0.01535640228539592
0.32337523449727024
0.22463928170377312
0.7934229194912008
0.9072464475188822
0.4037646751927356
0.6969703520640654
0.8050303993035998
0.6366575272701329
0.935761769086015
0.6752894727605218
0.6597884661974645
0.15065761247050746
0.19373363672064836
0.22657571429625734
0.9785787151859067
0.30397421813736525
0.5470689163339786
0.46925974192212383
0.8050514223536104
0.7640441099790777
0.08293838447327817
0.8050148828509155
0.7523930039481476
0.8671425231557032
0.3469072381207018
0.6066622884531777
0.4831735683965034
0.7013565830230273
0.5447882173037231
0.872760003297572
0.5067970901861311
0.6627188871770169
0.3688284444706006
0.9324802281243922
0.6240940456921973
0.24120188819052346
0.10434244988097674
0.7977066829552175
0.9749506133321892
0.5084161014958047
0.9404516261004398
0.21529703721176763
0.2156301367289386
0.9770854218244568
0.9451592441357173
0.5878715439034446
0.3631884172440305
0.9190744249307615
0.8694406863273131
0.08054092523549827
0.4270325522473507
0.39096858919397537
0.6769135783628811
0.10681536110399059
0.0631190370509066
0.021008074878133165
0.8465159121810664
0.6281482992685585
0.12108716741549308
0.0802247274757425
0.25992496173794566
