1793414
0.790217794024966
0.5980662831383701
0.17372104262368804
0.7387517436325347
0.8824523963393247
0.5869558688222537
0.2373912703194938
0.1343776158103963
0.5474152254632525
0.21539097063123502
0.3346881809281125
0.4962512020349128
0.6412466286106518
0.7393040370950819
0.30372098757923016
0.9083832688793985
0.8037927865181117
0.8002290938298603
0.6208672687419196
0.7306150211297258
0.9896557403543582
0.9086322893386615
0.9199975767229894
0.2739141954424297
0.15300026963265845
0.8680028334835828
0.3948437952210704
0.8495285713359106
0.48527852010632155
0.9857112821046256
0.36227228868807493
0.33716348630723814
0.5056110478325732
0.9603189755392437
0.7949032341224953
0.36337617742453465
0.790966720219592
0.23826841040339541
0.29497343707818424
0.9007943376240838
0.7465363582164583
0.3505348658833092
0.9284213573662455
0.1968499067595404
0.20931655964660967
0.2553974624991917
0.1968641443512903
0.9653944218507367
0.9714155248432779
0.9006068944286791
0.008939434455475959
0.5853153297495809
0.5940893780129227
0.2564462899306601
0.6075595618288232
0.779808449542801
0.7979214256788236
0.9182913480358639
0.5081245019138223
0.7140330507325069
0.6201626312237375
0.9771645833357864
0.3731833400725184
0.9987887714765373
0.06452933108227932
0.4611798193030918
0.21097590019629064
0.72698961909375
0.6032292589058056
0.5906960233487557
0.27224757816265277
0.4536396868231004
0.020660158571906395
0.3170139539726148
0.9205365840926069
0.017757538754747837
0.759400493761384
0.46288256788527105
0.7011690900030175
0.6583650968491546
0.10833802545626103
0.6256786911003352
0.2752497376570643
0.03389849851837112
0.10034115323716475
0.21365488100562802
0.5778229059772011
0.08371922538263521
0.44022094907466747
0.31562505958975473
0.3850229457043953
0.34671690453175497
0.6615417701546075
0.1828240799438936
0.0032945309855147986
0.8045158770408715
0.7322276889549961
0.7508824711705158
0.5568016882459589
0.4136393110928708
0.6586572065603897
0.17840952881897332
0.4173771667759173
0.31464194142043955
0.6562945122761602
0.4435410257266562
0.5007819626064918
0.5398337665584576
0.15009298330553844
0.1279258345339963
0.11872078895513682
0.7944350110057309
0.8104212465240368
0.3155484898538301
0.39185270390974525
0.35733374873140356
0.8569557671994855
0.8870037014453382
0.05933276477806004
0.7642170481828006
0.829775139025027
0.9515339412522695
0.6370274813340261
0.3508784016777714
0.6270271438792306
0.7274713143635201
0.7870473433238573
0.5467052577377594
0.8338280085937662
0.4476206093298557
0.7227211281775704
0.33947331866234
0.4790125851774154
0.24619685786715784
0.14922077445063553
0.40997270558714205
0.6044815086711685
0.09733507474874736
0.793100029284281
0.3495347024373454
0.007712882940992261
0.8792698999570104
0.3310638039579248
0.3691406122458366
0.42673076702958623
0.6362327528775816
0.2610531493056145
0.28428479437515897
0.7379005461556645
0.17941173175314873
0.2227710762533558
0.34572579293334627
0.38851567206645665
0.14232455858231208
0.9669420194879554
0.3312940708264904
0.13080781696317323
0.008555697013784447
0.08052130080477671
0.368354393241206
0.48072921434155413
0.6554905245885742
0.33296903120162047
0.8335663178328578
0.9636882463352285
0.07728271907577033
0.10900810304139386
0.34573621548594824
0.37181643555533794
0.9467194604639868
0.37432016600524876
0.10673867239830204
0.788707187442405
0.12255296877289379
0.6267212668819248
0.704519397953951
0.17587130576157384
0.7059433353038613
0.5433641755191676
0.4293656522007919
0.3846492826231035
0.8811669158851635
0.7049632063470764
0.9358268146137668
0.9162315263647051
0.5912531539584707
0.38825679943473745
