1624769
0.5960983577925958
0.6035915956083282
0.4226890495460883
0.3731184776108486
0.7035737544083416
0.0782012645428578
0.3643734752511534
0.0588324891239308
0.46841415136631337
0.24850411343764356
0.142243575304152
0.05678959754688606
0.2865612710719224
0.11023372643778628
0.5317294132668143
0.3452325841899726
0.5673284672313391
0.22747684572522697
0.33639897174616773
0.3769356887474191
0.31067415872127613
0.9988717736700182
0.8848012309014445
0.1408363903826343
0.3701660287491686
0.11277396102726278
0.5545834190894209
0.47838245214049935
0.625191444566621
0.840043780070741
0.5675861692097635
0.4327697418015538
0.07541120529409162
0.39173006073937344
0.6747389690879875
0.4009183277523476
0.847583031936133
0.736109653582458
0.4538156854973955
0.8786685632183174
0.41516198780219404
0.9905645564642127
0.5567329522590506
0.639814979647779
0.0065248422116098714
0.409323579866135
0.7278185396892584
0.7686593022533825
0.3196603020346541
0.3514929451870942
0.3025817031746153
0.7787121650679425
0.6118601964749
0.5487055541175082
0.883348963348317
0.9021432511781202
0.42465262112725866
0.9759881536188512
0.4145468453063794
0.6623528945633957
0.8830534555548153
0.29710045362437776
0.5699656629251767
0.8691772934546441
0.4481412711613896
0.21978177006669053
0.16090432056976833
0.4760076349795247
0.6679057430787086
0.02691775782671757
0.5431246041056103
0.7393728642609292
0.26911096721467676
0.7293158496668871
0.11787332339247125
0.5477456375018378
0.9348078588147285
0.27562146764379214
0.048707909600562815
0.3489522628600408
0.9031102391784518
0.32933123776171136
0.7195932103780396
0.2918838145387832
0.5167825399366152
0.8382899583341242
0.9723970933623179
0.5340016982851071
0.10998335273834847
0.6089042213810172
0.6814846669379344
0.3429879331822886
0.12381303510236163
0.4568242251035911
0.28106953490573106
0.5587186476017447
0.21528568898299982
0.3898262357819475
0.2677259858631442
0.1847345849610238
0.21025750697399337
0.4556120171361753
0.5872487894455394
0.5887227712101206
0.03547135277917568
0.3255182166689673
0.45487272321291217
0.03565309151392215
0.6431255952742885
0.2929710950188512
0.21473808018970209
0.46064880676417885
0.9525027547566314
0.9915996552037019
0.026097790728723536
0.5988738762521126
0.33499655784527227
0.9403671832865592
0.9241672817341521
0.8602919879382744
0.7015975274326952
0.9593163210892954
0.8216220016307552
0.33873810940127913
0.31442507245700135
0.29577432170985307
0.7534295143662876
0.51894746356637
0.24533485834126667
0.20885992346124627
0.16664456459797394
0.24084992383579718
0.5541339121733792
0.3638697920045616
0.4347227016432337
0.43535307642509136
0.5568866599745333
0.7789182794492114
0.2990700068738178
0.9110586781085839
0.3300814880257008
0.17008665518975286
0.64872611372735
0.0038242356323433535
0.4534982802636458
0.5740237931985191
0.8156640435133289
0.2423348401759
0.09595665149030475
0.041499954941277006
0.21164803255568376
0.10606070213185226
0.9115184565610868
0.22980778412316794
0.8833081797919906
0.7574126331315938
0.0819695293993874
0.7572667945582321
0.6223565614672789
0.3416137505404664
0.5734550973470921
0.8889365944416322
0.05556495574963183
0.3176579991155173
0.029276095546332703
0.03684970345155225
0.7699226797493849
0.34595271370111225
0.7367800732994488
0.779481225151593
0.3711716173532832
0.4163624699789835
0.09321632987307793
0.13002061199217185
0.23764166530535746
0.9526822949697583
0.539187910020056
0.8525101776197822
0.4059665728247571
0.4578936649548473
0.6321799790391802
0.40885264042088065
0.5057419130410193
0.578580289677963
0.31016328250684644
0.03972791864884584
0.8337914368671084
0.30318306101674763
0.0017663022273104456
0.021872864258875135
0.30797125037571393
0.3888138861038015
0.0737296698473413
0.20947028458273598
0.9454811096703369
0.42374348094657954
0.458034059469534
0.24623316795896155
0.018857707128866585
0.6796628954740725
0.9144496257085826
0.5796760630046498
0.2888502157868359
0.4385722969226844
0.8624775608063958
