1653222
0.21849061549528104
0.1344264452927787
0.5823722889376173
0.2758781327785781
0.04547200934186302
0.8116365739280115
0.14092982821928324
0.9143774797955176
0.18774715225426153
0.012691187704438445
0.7333652049750082
0.9696084260570017
0.5833601697158547
0.7813579156840756
0.2671693313193497
0.4721470909757851
0.8093018475895792
0.646387424508664
0.6575295686881064
0.7879050692529712
0.8035224672205081
0.03139670477023704
0.07062522649855474
0.29119190305746556
0.21600339122195078
0.2361869298182151
0.846642744434789
0.155062627554174
0.3377547279955141
0.7019893508073888
0.5953990938568954
0.9532396918873801
0.6925144133648654
0.6381810766753343
0.7677839483936297
0.5761564926026553
0.08624510264388019
0.772326450261963
0.8447481685998863
0.01681878060398523
0.4999889168541962
0.4488672987915643
0.5738989290535466
0.07775917621349993
0.6796301646787866
0.8585752130833507
0.8000038200659628
0.44498893832657616
0.12268609769812155
0.7207431416925333
0.7617226472482702
0.18875026301650177
0.5285488844219204
0.9574625062859747
0.8443660109350523
0.11812367809042446
0.9035147363536967
0.7289897571434992
0.06724622816868842
0.10291788689076398
0.811630383634941
0.02377159096953052
0.2290137526098126
0.4576124198481776
0.39112164146502926
0.7074624107597067
0.9103312250429939
0.6687682062933245
0.4851198483345526
0.9735048246839312
0.1845056244205987
0.9040526118702161
0.833772078333453
0.020804942369197832
0.38308996958078134
0.8581566209936698
0.21948333139402276
0.16188794422320962
0.5512715976991853
0.12838387306899068
0.17847933196913757
0.30840441514147554
0.7457058536982168
0.5712856521388167
0.6035575436481455
0.49938952465727415
0.881856063662433
0.24459239570178515
0.6108419887564891
0.27430994961332844
0.5556935444972609
0.28073418373686954
0.886333856976965
0.409216325596656
0.5469721046993234
0.60260081961868
0.5569026616449236
0.5056586282694472
0.6037339666697841
0.8246665559056869
0.46455451911415624
0.39121924330458757
0.26460354070714753
0.9926865737032639
0.7641724127004319
0.5631637569447685
0.34720737504782984
0.881749360292323
0.5339162088871641
0.8978159295525175
0.7911568514432672
0.5647318983912538
0.05491795684600487
0.624489303174366
0.9858431409352325
0.8017815075711349
0.5906778968111037
0.8628314534401624
0.4603123553269054
0.6065261718246182
0.5630332352244141
0.8972114596727746
0.18219516652340384
0.15276974147120925
0.2585433332907817
0.7175710690786203
0.021478174641177628
0.749610830109343
0.31968748322440377
0.8163318366817597
0.6875168566127028
0.6728503739967847
0.6320461760814975
0.5523376301101041
0.11221989597169946
0.6130040918066736
0.48082675802769526
0.19822720851996034
0.545516065301819
0.22389062910793245
0.519238779931345
0.003146358739396171
0.7923568852140813
0.21855017491925155
0.22968524168100324
0.2744053663481971
0.7486378230422623
0.2227827314010914
0.5008191785842244
0.634062088733543
0.017551956731706064
0.10336360947678669
0.5745918719127535
0.34931735150177523
0.5308936982147207
0.6632076531622941
0.22709800251390044
0.8252273839383143
0.6175601487333486
0.6080622247939136
0.36558707524321177
0.9804420288602876
0.10868539200927363
0.8944954687167824
0.5839109471802536
0.40794627256972515
0.5096125310012996
0.6943286733709769
0.8927302200647868
0.38991648180088334
0.960164952478087
0.19733463467948498
0.9497093723052794
0.3854064795755118
0.9309672382537628
0.2279060516169169
0.4080297462101047
0.3692995622414925
0.6908552656378576
0.7912805108572659
0.10020648099741092
0.04506289733549351
0.6526788635764772
0.6074842669647508
0.1837517504147238
0.6989799812188713
0.19355261818395275
0.7794475217082526
0.41106156984046205
0.8595427489928447
0.7891137329135853
0.36120479641903736
0.8907801488593966
0.8337933819746093
0.3059651563634136
0.6070638863251642
0.9238541032656016
0.5736823597635838
0.95361367843901
0.11556615474078258
0.8577817176983707
0.49135739561934044
0.6390338509263108
0.4003166509523456
0.26648784002834347
0.10438852128919873
0.7451790366106853
0.5211957941499517
0.39313493051659587
0.9233861466010094
0.3682188490128233
0.30042774460926613
0.4199632591396978
0.9134715874839106
0.677024750648782
0.6405433169237348
0.8337989879910003
0.5431798986233346
0.4878097423932384
0.2828973454149821
