1549952
0.13334594285614343
0.9871662691963494
0.5744717472561136
0.796444482915956
0.5440197132295569
0.5569835733468669
0.7614190305072309
0.196367054116523
0.8914481366250763
0.5976244209338539
0.3197661640962661
0.7693375516471583
0.24372714694803344
0.12270913806268557
0.8489684995482903
0.19054673582987314
0.012458403936905116
0.9013998345413488
0.597125302160385
0.9221142312125412
0.9015700136245989
0.4702768147357308
0.8246076463932255
0.9155469550463078
0.6620758490910326
0.9259968338716278
0.12780862786388636
0.5135178117877559
0.36563627821139943
0.6988771200848287
0.45510854435027603
0.012827239746352137
0.5588461985318467
0.7478496781502679
0.4399607339022916
0.8569933380766507
0.4028646498458405
0.3165261442827264
0.6495957416046171
0.4265320059146126
0.3406424992012206
0.014189897543054664
0.6096328514771394
0.7674733652748227
0.8050957845624978
0.9480747184160182
0.9028636963930146
0.20995703949808397
0.650638657917127
0.14945309374220772
0.49388312862111794
0.6223422288032423
0.5953588724007133
0.06743759164281604
0.563111572373626
0.2669549263070663
0.8039852091487488
0.36556542492610145
0.05007192969784946
0.9317152608752881
0.05779877774667519
0.7544137419258826
0.40962123220002533
0.5688868877919376
0.7285634474795556
0.3705295399990126
0.8739102948321612
0.542715433207616
0.9102829228849164
0.6803904629137174
0.8417973414392493
0.28406195811327584
0.450557626028363
0.04769508150258517
0.4139700083047336
0.08106119188276917
0.8974119753815691
0.541313328423973
0.20295829864121462
0.9301565971991831
0.26148184049666345
0.40531664240454635
0.27930658517979523
0.15338086831500308
0.34444135331594883
0.36920094651060276
0.1489010319424381
0.2918118332253754
0.18054337613380067
0.7125650507026807
0.5907355513293401
0.1625473546347468
0.6831126928104773
0.16397283823484898
0.46955533423343776
0.15279493910756414
0.7062138733421445
0.9444543153924154
0.15333377415830618
0.9602388511306386
0.8146832871212947
0.35180754646570633
0.4430422376937585
0.05687315714126606
0.6764698808210212
0.37525566971966173
0.26286740568253164
0.004732253067978642
0.24856091824595783
0.3171232486600112
0.9173531489249684
0.021014106746716665
0.4584468899791281
0.469946426575238
0.13472038353365434
0.3731867698118527
0.910172945654206
0.4780927988969045
0.1959901950880053
0.0191533374617886
0.8559922234715744
0.3271355629068604
0.3256722847153808
0.16261824012736148
0.8686595322530822
0.29690059748410313
0.07611453513740296
0.08084957690340067
0.9136642443484864
0.16753573386289766
0.5758758863437189
0.9571967935431352
0.8196922014443622
0.3088581279783925
0.0017185183842296503
0.3290395307136589
0.9244896391754553
0.42126485221175214
0.9228335322041767
0.9724653289714412
0.9575041342237225
0.22520336331889756
0.7142480199337585
0.2145027512961053
0.12564392233787502
0.34805034494577236
0.5441963627068421
0.7883810579400115
0.4281823077702167
0.8295045924823488
0.5725720514493428
0.6528850656270426
0.8750928028080838
0.12464956171009722
0.12774030301497008
0.5940685097135341
0.2488840442544229
0.8986899779013939
0.9944746917202497
0.9382933326881077
0.7041626714497906
0.5803220825099745
0.02805998660311193
0.7078820992867814
0.3233396867092724
0.8496014869910354
0.8401612344761142
0.999732943924914
0.3954324420138632
0.7692404482382563
0.041711648693142034
0.5816689949700314
0.7550187591991331
0.9922228432229292
0.19420101164619308
0.6164235189401142
0.33908387016656416
0.49885604620445434
0.9572423147970022
0.1891338472467624
0.35643617727477106
0.2842968855338347
0.8347752111336441
0.17206905759254976
0.19265835899295913
0.6173095068143952
0.6669215556374068
0.9857495823177025
0.29397978222589294
0.8660647407651285
0.15985495671289318
0.6212871563619302
0.36826644291315824
0.4413876109603272
0.7663575576515426
0.053281498402451666
0.5354797376192569
0.38155023641091823
0.046614796028582206
0.4086449121980693
0.05303903314741654
0.5025227924710974
0.9523927129739596
