1595838
0.7750681457205564
0.03590575027655285
0.2605550182344989
0.0425200057386117
0.233567304888447
0.5700150995464265
0.4477565048323189
0.07666684350218123
0.2207320877985357
0.15638570938602214
0.8595056131220423
0.909609611847495
0.3546074567680717
0.6477438505374117
0.653626910305197
0.46711022041127903
0.23672528950197058
0.606694642598072
0.6787588824089976
0.8888602215153634
0.6906205683478208
0.20593204127088738
0.5557653065285223
0.525210878337612
0.2941164810914654
0.8259995169544203
0.03139665026632954
0.8031442987713828
0.08594653932678797
0.08858479566758104
0.3876039703945039
0.08538737873677049
0.95017040282709
0.05619601218021886
0.9916544244323169
0.5471991245095901
0.13238442876072753
0.7337198547100772
0.22999436020819097
0.6228474670170758
0.5624625498873363
0.4151133390465186
0.08725293212812313
0.5512950921867494
0.8541272200193302
0.042995122153153265
0.18930239599901866
0.7177730340905705
0.3416559164367965
0.6017659974986631
0.7217847547208402
0.04130857129642873
0.9455830292283944
0.48549572893343684
0.7165571743821041
0.31880126515029084
0.6337113647477677
0.6472499716097402
0.8860543275975681
0.45024367563609835
0.06572744470317227
0.7568453288483803
0.6149710087650716
0.6885057377162134
0.654437166831556
0.5667134697774636
0.584348518511089
0.23280072961115228
0.7533569641034416
0.325320970105328
0.840364293126176
0.662563542929438
0.8879216201651372
0.14295533161029306
0.9908333858611554
0.846460351359347
0.981502982612036
0.8365872442146935
0.15301070619297386
0.1250032348718073
0.958160274349055
0.39914787428533616
0.7218040928330972
0.4364130134210581
0.6671145415345976
0.33132855317070686
0.2591113988145949
0.14731420763239322
0.12236154980236702
0.21246985191020318
0.836185645457932
0.6597528683038572
0.3519499242940983
0.7801842633675177
0.8482386977241932
0.5756952470584983
0.5547499966469799
0.6622171681748286
0.1585244561454643
0.46561736757958716
0.49591389457903035
0.37717446826518974
0.2582128665572804
0.3203523748799233
0.7111914812604128
0.8994283493153564
0.26267572184831445
0.353937005229053
0.31638429604817964
0.9890660591312339
0.4096629078053575
0.32639868423961715
0.4726998420164935
0.7081998084385096
0.8919306176068044
0.7932531872753851
0.26066229083847814
0.8411220071465857
0.2505477569767429
0.7060063112901517
0.9086925301949716
0.5433019687721359
0.9878718225509169
0.40503621283022595
0.2965086294997271
0.28644715570905865
0.48432329441233724
0.2461265608153992
0.9548930515354034
0.7053692795465789
0.41211584515079147
0.6564630050364305
0.0654805016202833
0.29017566089877544
0.9667303961638347
0.1800030863906794
0.3098849230262074
0.6600453710002331
0.7254647339902319
0.5151356227230937
0.7633563593352409
0.62361014312088
0.026244233470814282
0.10420568046913747
0.7325973661807988
0.573138315236906
0.5534126965377262
0.68730463328963
0.2826941259770108
0.46085433851412005
0.8256605491975901
0.8959219362534009
0.3065398563574053
0.4268721338290893
0.14725118831750772
0.3532458603061507
0.6908578981440241
0.3851838589036989
0.9671860477506782
0.21296005762024084
0.09234855891384575
0.8880004309691321
0.1442148057585787
0.5184049055870377
0.9987078336504099
0.19910666763694373
0.3350560667813156
0.6165153465429406
0.7375710654786451
0.15585247252828838
0.5940028366545012
0.9216051752612145
0.047227811354510485
0.709749100162078
0.19231724854250154
0.6695341009833938
0.7907884943587628
0.4501915931941187
0.6048281754839758
0.1558666501749174
0.8178545934513083
0.7221113204173705
0.8301794302998792
0.5025302436592147
0.1287772378777463
0.4642220448579192
0.49273946332534546
0.3630084352422961
0.04004772458485095
0.25614343825145114
0.8607534216252993
0.8308638473305799
0.8569625661110858
0.5418886788546678
0.08677424181237747
0.6007430657100072
0.5051691049671624
0.7611859289281842
0.6953594909410484
0.9104775659019935
0.8807257413407343
0.8799064309970146
0.8719156197984743
0.9393368514530375
0.05351731950503069
0.3080928298985064
0.2997830323389563
