1436600
0.9533302992913739
0.5137387521499747
0.42387533598155813
0.10126764431958624
0.057921135812942226
0.11935091853527358
0.8045004974211051
0.8054024829952002
0.3744023777546891
0.42203252769476896
0.049652134414272076
0.9253965839783207
0.2775058493239343
0.05236798256567454
0.932548196402065
0.9555591513242389
0.6279385018259404
0.8370027673318281
0.4506422039166995
0.24265317195137515
0.6958207906834986
0.21605610107995188
0.6156852989131777
0.1688818211406643
0.863484543196954
0.3273215363970876
0.6351190152647156
0.4719948810648592
0.5781720639960644
0.039249902229065325
0.23944894702592157
0.8683476053931112
0.06859244738493508
0.25832327920384734
0.46408856906574847
0.897174240434582
0.7899241516177795
0.3519427452314251
0.7443571755339262
0.9888755044488752
0.49159089691445934
0.34931363197228593
0.29990340860359255
0.905933933618683
0.011837519077490755
0.27994076493738984
0.2095923266490587
0.16678067270431718
0.8212944096823647
0.2872330765575045
0.7901402493862852
0.7900979811038785
0.18441747986921575
0.5058505341469968
0.031653403340399455
0.1715746321829057
0.9595821147851541
0.31101372064782984
0.7871703058501123
0.42860296287690747
0.18546763189431392
0.6316484354826327
0.07106997652722491
0.5018479210526396
0.6983877346869278
0.2922135542840404
0.3923879217524041
0.9856431599706519
0.38411230098218196
0.058534106891891535
0.1729306043437695
0.43741742538254147
0.01289857108271708
0.7167816236137026
0.2111223389251281
0.4303001294579476
0.19274823528240947
0.26941320193659346
0.4648495123046601
0.7090866917974515
0.9134672659108132
0.3205798019337759
0.2802289731405849
0.49635417610265087
0.45256171909675846
0.9224103483517953
0.8781588707540972
0.7273925836251818
0.23484229008766355
0.8552170917708125
0.1863396331149877
0.23006685339984678
0.9839844188926193
0.20525743732953128
0.29417861776223164
0.8622823110356455
0.8148208325782893
0.5111854947294573
0.38503612399464204
0.47779856029418555
0.7503511094908518
0.672918658599925
0.8132198473278894
0.414032217645959
0.8560184163385753
0.10039136540408766
0.7036963966078553
0.4658313271420006
0.3587409864028669
0.242435449977342
0.6441298009474639
0.22512769241355146
0.2952493472983905
0.02007275457135438
0.8049756149016724
0.4945389023343144
0.5651603788416472
0.540063007956216
0.08749504064087688
0.25480615072967605
0.8843619473110653
0.8966260077271397
0.5682218115265618
0.49693213855332086
0.45621732851873
0.31100681051425594
0.14810804539306333
0.639936859831142
0.5907303527418709
0.24780663143901482
0.6315701393871139
0.9523123745602193
0.453478984278165
0.14475477476796517
0.9538719410009687
0.3617458486735835
0.3417875291514948
0.04686520436747743
0.82839621761131
0.3360474798972086
0.8277375655282617
0.33440142793366046
0.9129053321784305
0.3043692397956086
0.5449121220254051
0.9369028594187422
0.9871640807360118
0.3434399293058895
0.7115559181304277
0.2689499416815726
0.7971945169217051
0.9365656538285552
0.7246596430078847
0.36358280903492746
0.9346818656987542
0.4368540039413753
0.4286130128919756
0.21544789825242816
0.1803682777767308
0.3348768132745298
0.7646065646248331
0.9331176665380545
0.43351604742767635
0.7479905813962865
0.05836837442812848
0.5109079088627855
0.3057234439373131
0.007650325761294652
0.41083097170241734
0.6606568539244349
0.7209142253768922
0.5557913147534194
0.5023553446833408
0.4533000402470009
0.07630887134314879
0.2148650435912015
0.4667241828286218
0.5741617866906025
0.6885267292849582
0.6677802194663534
0.22824874690472485
0.014325812701058038
0.12060130003440628
0.8186980080710903
0.7415876480141724
0.7129304723229702
0.12502411620769793
0.7853194560737874
0.15381455123153598
0.6168948409460009
0.2677592408329029
