28642085
0.4538402964886359
0.3908782754540914
0.9306771332511733
0.7846590519988199
0.6181054458251168
0.0372978577104669
0.7078548498317377
0.8367647634426214
0.8607001207943814
0.8541237953550641
0.41491197300518023
0.9487795957044417
0.8010565205060631
0.376498753166977
0.3417579902749811
0.3907110711568148
0.17361235149936205
0.4148189674926974
0.8706158426545244
0.5528364481759924
0.29570968394657426
0.38073174119850084
0.45000931368508945
0.7605707121755376
0.7947582436909786
0.9850707914494824
0.13856631288856402
0.03795390601484672
0.7014401511518407
0.7660420293841836
0.8098184943844153
0.9713852892076079
0.14539235002696826
0.21391100307628796
0.9068409649345943
0.28939723561396036
0.1405304542062481
0.7142070279549233
0.8342610399685595
0.32361854483620056
0.29027302462665905
0.3916660266570051
0.33991729210934307
0.9965341857240478
0.2685468028729483
0.08270389984823301
0.7819994171367749
0.8307268647652593
0.8261980010012101
0.8583108704804421
0.04252322108114781
0.7630148480460647
0.594786722156734
0.06856430221808385
0.047610082102123696
0.5600936927959577
0.3286564288644749
0.7179804148786952
0.6115817717991369
0.18709713842023212
0.49585568592164786
0.19579200775015482
0.21759505914374255
0.45348776571341853
0.4457482762351326
0.653699156876183
0.5580947823710767
0.9421890165548606
0.27373187876969285
0.6967538526511154
0.40626147582697336
0.8122389806039184
0.024058065484100055
0.10602498150804174
0.40659416510079105
0.958490886887804
0.47326622567719034
0.1567232695774302
0.32595840718973634
0.097351857947091
0.009475626562186146
0.2757475741790314
0.6803613038340094
0.826552897330155
0.08734751930687645
0.7490823963682652
0.49607693674690345
0.8099501572242322
0.06288011526586579
0.5882208484279854
0.5997334447405465
0.6741379434872056
0.5327599048054016
0.06923842939380209
0.19379235136824502
0.5693203592784383
0.032213948744989174
0.7421101345559515
0.48198197396867226
0.8506080552199947
0.5066179564435602
0.8248178850318935
0.43844522947794995
0.1931885471316349
0.7784926426558609
0.5817256528387392
0.7121182771860255
0.5777371254356896
0.6906344184501447
0.47725300351708944
0.09493219841111544
0.21921785292890938
0.8419407275089752
0.5999674425744342
0.6272553425283417
0.9975107004312521
0.016989829064220086
0.6977167055282766
0.3962769424197643
0.844739399452917
0.9604613037029105
0.7508206917098831
0.2897016676089038
0.01836510676785763
0.9497262393716758
0.02713290741732277
0.5555942664626959
0.7876920706798577
0.07405501575599549
0.16040015555322307
0.7938537935328588
0.25237881231927484
0.6964658113113033
0.6363232329786982
0.019806668800950722
0.19774193491746606
0.7967046772144581
0.9545343400830036
0.1553550031248504
0.4678939835042726
0.4591384409483439
0.2623376357759033
0.17525339157382236
0.929890411964484
0.39595478116228955
0.5214512958714638
0.09984631036394453
0.1445974784471632
0.3375469310661934
0.35061956433128116
0.29391672403576297
0.30735191865052436
0.6379745132253997
0.9745939540082449
0.5080762013245133
0.806144880576391
0.9116509340522796
0.6042846779604696
0.9132051851667257
0.017635524443027184
0.9254750901189007
0.39777384696999496
0.12855188997330858
0.5866408167944032
0.3484743566112365
0.5519422092482461
0.010329381846191588
0.5118324741210113
0.04492573680471179
0.9880949229233841
0.9646883986922745
0.8834637347334483
0.9966101520802911
0.5192609294304085
0.6589312829637131
0.3462353135909021
0.6362705762317478
0.5987033925245249
0.936137186726918
0.36744840854554883
0.7693336854598618
0.8581926672061246
0.7317867779989897
0.7322455264365398
0.9757387310806427
0.10341057860432834
0.9894806868575713
0.6366535726261651
0.28807564306640987
0.6743956558732864
0.9533854408117204
0.4053876314815196
0.5594011025997787
0.09932226170825775
0.7674867867670336
0.30648409642568086
0.993418345454255
0.0645811943537874
0.5179192530143012
0.4681138493141448
2.461378167207817E-4
0.500995414051629
0.32401581704180005
0.8577532587559541
0.03297813247137116
0.9396783683285539
0.7834821697086899
0.40281884851138017
0.10373280783259498
0.09079438055916589
0.44326692244105625
