3785100
0.6697928872409016
0.37585104820740756
0.6124913330463027
0.921470562952831
0.3359248157233985
0.08668475310621382
0.7187831759918466
0.5428285413268908
0.17047977701422057
0.5434792226437885
0.03934192485905452
0.4035171267155454
0.4803138149515057
0.7473619548738093
0.9143742145442383
0.6313848091447347
0.819056950464042
0.4546621732124143
0.3733827603663209
0.2653654494214084
0.8334209899870368
0.47943730901458537
0.9211861230756248
0.16841966606693914
0.08538233820603769
0.45205582742711037
0.8352474830363764
0.18864021122288466
0.6311204933780723
0.7111965390902321
0.0606699083144111
0.7224109639442213
0.8270284449951978
0.4381116425314864
0.9650319760225289
0.87644626468358
0.37274533918003994
0.4590279246352186
0.3421060610466171
0.23235308010093647
0.9137011681815206
0.9243943985250911
0.7411258634140291
0.09172090799336707
0.8855904230698969
0.314671561217185
0.19719223506596806
0.3339533289040477
0.9379200272167327
0.3302618898305897
0.13922116029824172
0.7386224719891228
0.4574678570091235
0.48067855148742866
0.9769153363993123
0.9572912672205466
0.14116436665236876
0.7026245114249187
0.5953406895715967
0.7227448005210134
0.06437584761527426
0.27800997143970385
0.4993361789191788
0.10419313765917126
0.6804512389976896
0.7417072214399477
0.22201743966023402
0.3567193487537468
0.0943174925307253
0.7884610269192386
0.9626602479049705
0.5049188249361043
0.6384409179958719
0.9699764493157926
0.38308041182152863
0.35070334125682856
0.4321262879288371
0.4003803438851531
0.41764321053581455
0.9580103869344787
0.18888330363284012
0.051708260582839394
0.27700718141851133
0.004757183799871112
0.8377795286505629
0.7012515845597387
0.5673261570642976
0.7898630626799653
0.9968975955509363
0.7806635952534974
0.7112669345249242
0.05868077219591694
0.4459966669144676
0.9363768425797976
0.12095644689538732
0.9472055329982226
0.6178739237338601
0.9256881683004502
0.08137058806843234
0.1334750398206519
0.8947726277353215
0.9581768564671072
0.9367040273954444
0.6587435794158979
0.4739253688349714
0.5696766838214044
0.9325708562987497
0.22107846870275571
0.8026197369941291
0.5761681298132212
0.3709068201453045
0.8685826205694611
0.883503586512121
0.5411219418415554
0.4523402322794797
0.793361465048094
0.2776842837677642
0.5397605124102163
0.9111190652399117
0.7785348308633645
0.521173502956791
0.0806948051154821
0.7329210580793061
0.7865332174314301
0.8851048160759467
0.6843208792222749
0.7410954643844928
0.9420742274505688
0.08382302799698993
0.46231483980833965
0.32636053719876335
0.3549191410117817
0.03554004875415784
0.6237477146792958
0.46819821179493903
0.86155802427462
0.9537695579859422
0.6398361815881444
0.28265708375589627
0.9125959590088302
0.3046193197160242
0.6541739575870055
0.38458393949781977
0.8222733913028866
0.747559990209777
0.32243472990431365
0.28460628133417776
0.6043745015523336
0.3351646549543308
0.6015813549061498
0.22902800730234973
0.026856879270992118
0.6390412383781512
0.36945988275462294
0.024018183183901587
0.7514163336700437
0.8724610145277282
0.9064986067984205
0.6849112408726516
0.4678617447725961
0.5520474014019817
0.9218392347759239
0.33120225539160986
0.2186566507895591
0.1030948493096997
0.5540099721180478
0.014523827578618476
0.15976581344100615
0.7030141966497359
0.7492934075488118
0.38557421149291304
0.44132439013756464
0.6671815580853366
0.900115816103764
0.14759157508272025
0.37577684261803224
0.5002261110825028
0.8563776659576497
0.15680639694530774
0.42102077842017993
0.4216268490297086
0.7308218726847049
0.235801586920241
0.5176836586474657
0.5083963796411148
0.4293897251377109
0.8045573336131924
0.7293704638651833
