1344519
0.5585449439779507
0.7081420453153394
0.0751886604034786
0.4723851321832334
0.9452934312808045
0.9556220956505492
0.6991414055865048
0.4408887762185747
0.41126868463822563
0.532413746247496
0.5922012499295197
0.9479593600325189
0.4726525633048265
0.32326439107385396
0.6299127268929673
0.7970030534717562
0.7219146174440871
0.636970281369423
0.6365680747279758
0.5551789476893378
0.43892761647442236
0.45454971270163713
0.8649485428623179
0.15196107168000705
0.07108936870985239
0.5261825974437169
0.1177481230480747
0.5693832953198609
0.7754719137674496
0.9692321677840305
0.16454125962421984
0.12684333339253173
0.6343876127804697
0.2141839399857457
0.9752536614723574
0.2549240624135002
0.9384107178163305
0.2947676251461857
0.08403081747724084
0.27077613545804347
0.22010372365903952
0.17976555884417056
0.19450807201928744
0.4015178069538762
0.9869529738886141
0.36538305452522823
0.15942479643990426
0.7039370581367064
0.6193446383985958
0.18650985536193387
0.19770812181781983
0.20681791829562557
0.7685112851449909
0.0882000282654326
0.1854295242882784
0.8700810051120986
0.645385344707704
0.27921703999081193
0.52437392649404
0.3130545406318933
0.3179282200672332
0.5571166636029374
0.05211075488878125
0.6541116440965471
0.6776972790396123
0.3460784359314699
0.14682060046333145
0.8074866071509684
0.6187312817995205
0.7645559976773538
0.5950961338648375
0.18692765560301616
0.32608380507052404
0.2082050715914645
0.6818662067030591
0.41700072958361334
0.04024053738333766
0.05971935033599418
0.9270078326781331
0.7010134068104911
0.34661227398350514
0.9441698766735983
0.9456204198491195
0.09603190243768966
0.09314124996494744
0.6633795653623369
0.6520667370411517
0.8957964778757938
0.26445397609239607
0.21669632678143225
0.6286178598209474
0.911542193707556
0.3043747891402552
0.8248489054520065
0.733294725644237
0.8058013092998465
0.2207110222149995
0.5817016225623288
0.20110233213342643
0.20138707199515282
0.26918668782378197
0.03494862087416439
0.3109097317795243
0.16292898915921172
0.15701705673814081
0.7419906069286331
0.9511911053386511
0.5240042353388317
0.6550647618547332
0.09644431423337918
0.6752155917700805
0.021137754829298472
0.5177754219791831
0.20757288265085327
0.7517397433850891
0.08917995880599794
0.381792336987578
0.07799323316586759
0.3505705048749167
0.09054686545619628
0.768852871332519
0.8598923493100046
0.883139930057666
0.04963510663946358
0.159365567524828
0.8637969360164554
0.48919391788828115
0.8995104351279547
0.5893926313866843
0.3486769827934284
0.9389419047190177
0.2011266065673818
0.17395144204075186
0.3320744988010914
0.3043515608165238
0.5791291085907759
0.9999108487524487
0.7884347130376981
0.18718426025185164
0.5470154526372628
0.21583584986415927
0.3200302607112838
0.3805305043782907
0.9808075273966866
0.8823880359281986
0.6740031236205235
0.6971205206523066
0.6668067936050835
0.04357887373485736
0.9600702606104224
0.14665772555089807
0.6941694768522622
0.30411136310108466
0.3278785977996541
0.5539801847059286
0.6846985611945944
0.05899229017991159
0.6543700060575465
0.4028903942114701
0.5838906863982941
0.5800573450022035
0.3911906264311047
0.2812737403438478
0.7590475134294434
0.42907197158780885
0.045284445877033064
0.615691737639859
0.08002998953818619
0.2878218478089727
0.7149373071444423
0.8668699862164919
0.4360236805385641
0.43718579427449644
0.5880065051938751
0.7450465869421609
0.36768373998291537
0.0518701172750361
0.7382128557643644
0.8416698900830781
0.04907824700202934
0.32856913561245327
0.19848272297526082
0.8390256380335297
0.8735898511234732
0.5608354912544347
0.6416909743582052
0.19775629388887472
0.30329608674335806
0.34101177092913326
0.639929774834933
0.5772269956996529
0.6994773521723737
0.39609725212914715
0.1684578486093964
0.6432471350154862
0.6294986808238019
0.482472619135801
0.287641827081762
0.6891900391265429
0.9119377729512653
0.8405158139778843
0.7284870944418462
0.19521946094226617
0.05021570308178025
0.337272206103886
0.16885030121991884
