1154023
0.7298160606294107
0.536319266386928
0.11643771868771324
0.6205923249481767
0.1595208132268523
0.4357082133101835
0.49417683103717813
0.6113361721640003
0.5925771510251088
0.19343694087017582
0.04800597436629639
0.7835291804244484
0.7296806731831897
0.6354273304236393
0.5262842384837346
0.34826240008086484
0.4242682487683922
0.57047754940427
0.39590812812425524
0.033216434372540626
0.9050243917012732
0.17951187229497723
0.4629655256303301
0.5041223105975189
0.8628406159597453
0.9894388903325698
0.036428898398680354
0.43769541596079364
0.4865020464552414
0.7854841732042531
0.7820894091090052
0.31827521100687395
0.07688723725814306
0.6033568454318962
0.13525641302512548
0.4004075400213837
0.4290078660504453
0.5299302988882795
0.068586671340094
0.28923444957638555
0.430321355343545
0.22043990490617116
0.9179018055141568
0.871725849366142
0.46427883208673204
0.09240898913844497
0.260430425103816
0.6213388122860469
0.2099728717448508
0.17698664355338478
0.022293128271757223
0.30613245369745046
0.040814474652320576
0.37926124988641996
0.16458491691878607
0.26841672441559405
0.17462586449599138
0.3688161039644555
0.03746252333595823
0.2839227711022466
0.6261559089160652
0.04194496625532662
0.7352344928026026
0.1267800008734623
0.009898537995122636
0.06687002657155017
0.8443276590304009
0.98382259399545
0.173144983474243
0.2155684805790018
0.7989208272632021
0.6127509103789078
0.4923267879548976
0.8556164375734671
0.5357761468743321
0.4466438911310088
0.11513999233693961
0.39366563591757564
0.036895691468324276
0.29921547742242993
0.05596779321488543
0.12974515005396714
0.033295212386022066
0.01644587539280773
0.8126938084790821
0.38754521654611096
0.8097924115484768
0.2890686069237359
0.6492545952329858
0.8921498992041946
0.3831186121070085
0.2001210706372113
0.44847543342410257
0.42442959418038906
0.5500094522524124
0.6278980145888378
0.5859940711150867
0.5130049674026763
0.6635655937839994
0.3071512035327837
0.6882284423491268
0.4293407996161315
0.27020646789253455
0.7702607209515784
0.3349183559794384
0.013449260149417164
0.8111999643697944
0.4580389800128676
0.16372690536767331
0.7750124475687619
0.04904005464584604
0.7849717837313046
0.24081223769479687
0.17710329410065873
0.14016012734744443
0.8974066657607863
0.46617041175405494
0.18396640544904752
0.7368503514362434
0.8373058549197345
0.8558099500233424
0.13402807165776975
0.18786563976847648
0.38337263079297457
0.4884994980467846
0.9647699116567251
0.41675322298781714
0.9345778257503468
0.20036595431596527
0.4422728615276046
0.2889768573029383
0.48176285479699354
0.05782838331518081
0.5847846825944104
0.4751499234254658
0.06314440879279959
0.7518182349257538
0.7190312947407443
0.5398337062795792
0.9636655306877592
0.593571743910732
0.24100279750500997
0.6334297609175169
0.8741216254473566
0.9997725917437507
0.5661696816193934
0.9690693846043412
0.31034187433725413
0.5978749250408271
0.7729621565329585
0.17864748623595672
0.4201823160139194
0.6194134561877997
0.12711511112771168
0.8898500223689605
0.3088399595627943
0.19666852102190513
0.7011814530490618
0.4209855373005986
0.12593086514155793
0.7678366794729644
0.15578207313889447
0.25226613159185274
0.388666687514018
0.8432482326808612
0.6793565537465514
0.4906605838567082
0.11802098049254905
0.024762897402755057
0.5385567488705623
0.39254025201933274
0.5219852043831945
0.9461441624863072
0.3600013930622674
0.40707572042015294
0.8448092487144989
0.13673501931253418
0.18882324039248943
0.2958384455052716
0.3409145545908673
0.8693762218964695
0.8351365325074481
0.7869924634425882
0.12177509744187764
0.2956504611415427
0.2849348381489719
0.03283806223357255
0.8964024341626713
0.8683198937492763
0.3597341029026567
0.3958106983080639
0.2634596149536168
0.6871122725031776
0.3042566068875693
0.832472980206529
0.4917934400738353
0.6895874089704304
0.9107411179430982
0.490539524052672
0.010096197034860088
0.024776148698690936
0.47708817682582105
0.9033722875437347
0.8542646748243484
0.7394497001270068
0.6318719704575565
0.6468105643301488
0.8586155408440247
0.9176250089235801
0.19580312428969893
0.20303391932330128
0.15361934579630487
