2141381
0.5622430672128813
0.07494820129692847
0.25048261165890906
0.5157373250314239
0.6656976802628554
0.9448135286587898
0.026657888505905336
0.8942489557084983
0.6153303974302956
0.058307326018048666
0.4399705062053303
0.10567051491550705
0.11214229484707383
0.9365439335675758
0.15194544096209717
0.6267399605664632
0.7721572506368702
0.29174528536891486
0.8647208600168438
0.366187931148368
0.2394817157719903
0.9102609940415648
0.11401027901133232
0.09815565123683745
0.1372495761058693
0.32471385868898284
0.6052368461634124
0.7048645716141796
0.8657147886989636
0.2220132209277349
0.012920033140726095
0.34931161150560486
0.23479754145387577
0.6176856377751712
0.5091850870821638
0.07213991567964961
0.846277773522654
0.5773828126221381
0.7679790675981117
0.054442332607346655
0.042968745518722096
0.6187653421952575
0.0031406805182101483
0.25624034245689375
0.8508129175320297
0.6771615955324061
0.6182520045807018
0.542787532495381
0.14249014009566296
0.9382818423898551
0.742746299662078
0.5555549854048218
0.215984090569452
0.9851132639339879
0.18077383386484647
0.5469128579828602
0.687445124149328
0.24563634804910572
0.32542259671821716
0.225657281588043
0.06519256557569064
0.4268486933294443
0.5187418625338874
0.2723562386737538
0.3687115194095041
0.48242931646033715
0.4054775833000255
0.6285295101750938
0.11574032582041371
0.5628816548765188
0.4044623641480628
0.3716015240887125
0.026601204307720616
0.48373058152292103
0.80403460147833
0.07268013099493387
0.8652339655720379
0.5153992227618326
0.4697109716075911
0.7644202473604914
0.4021904523921608
0.9612890285220658
0.29436321348745353
0.10052994336856069
0.8883240510544471
0.8849628379268585
0.17825392997976974
0.6384309255405888
0.9055939748875275
0.6049148692573103
0.5758871543600722
0.25139181246223286
0.15118426797584728
0.16003970484168195
0.5881450103925683
0.3638712359171832
0.524865290023837
0.7864944814999837
0.5563735702058314
0.6843720129730109
0.09157148766922818
0.6161988344507455
0.49402111103254764
0.14234548476230402
0.3456427064539266
0.09786470404384451
0.48626722233248765
0.2320516696775874
0.8280293717528591
0.7509291664227905
0.8010268752711232
0.742438760402532
0.9916605055379413
0.12804515087006196
0.5204756647892552
0.14496143250625693
0.7774453136419318
0.5358316971355568
0.8925405266886822
0.7700850522207966
0.9753925229605708
0.7719337044278153
0.3385064436866815
0.8021860240686288
0.18671775415411596
0.8609929149636927
0.6363841181300797
0.9639915423060719
0.23100832732606413
0.8288446271997605
0.11145150738722154
0.9746663922177521
0.06958848321610278
0.3776723470277715
0.463074045449853
0.7348862014676039
0.7059669572742948
0.8180894739445816
0.435240206573965
0.15864423847468334
0.8157984717180241
0.9645440756065485
0.8360045055518752
0.9951464457205772
0.4726512806553673
0.6474688187128211
0.3122364045046996
0.7844248747997625
0.3613306959893382
0.5741628298324453
0.07979775425676783
0.11616639012247265
0.37539252152297287
0.6840115158467949
0.9504638975812852
0.9711471696395151
0.485265605384251
0.8928136276231633
0.9341561961728378
0.563068221031968
0.5747031681589484
0.5948968953076242
0.029711443477531185
0.6937650294825166
0.33182841385844064
0.76615581127923
0.013830824975466616
0.4686212717628563
0.71087874047417
0.6620786787071363
0.6030113450104027
0.6800649918627399
0.414266556231352
0.9931940450337453
0.1904125872483916
0.6407846435465839
0.15397723011857345
0.734381587520024
0.02250143953821382
0.6107251461212975
0.18021655377946277
0.21970259419474125
0.9720416769627569
0.021726039562599886
0.4561385693779737
0.7013735353399689
0.19205233858042103
0.950416742302536
0.8140691712369704
0.4851607190876256
0.9982516406923806
0.44148440485575335
0.36673806694172695
0.16000157320334962
0.1661805432055089
0.770948487510366
0.7831738020733083
0.04210915460827924
0.40631604849614467
0.5864694507367515
0.40595724253787047
0.9257105628513258
0.8184166791694897
0.6865445864128898
0.4064967114806085
0.3680604482056796
0.0902126528508721
0.9881379298168906
0.5157042426666567
0.8449130458339659
0.5344980365137533
0.42231531683761403
