1438047
0.2693901580399741
0.5203917986065455
0.2894871572976805
0.22611486174936568
0.31933964212274446
0.32867997762514334
0.008000673471705855
0.537275243565058
0.6227312273269241
0.5757720979239979
0.5756795434044361
0.3456041390977461
0.7273082556950914
0.5024207581646392
0.5781699823090478
0.7709473869665512
0.6787086186210747
0.4876201765297258
0.1496381621854106
0.597788401343596
0.5524132659521498
0.16654374324992616
0.46305945781916846
0.42801289871030723
0.014638527397313084
0.5652406673675349
0.029907867851782344
0.8709614382960289
0.6374095479270716
0.8222607930872889
0.645526357179234
0.4748765103308039
0.48701017443458294
0.05901284024387632
0.9376528544256435
0.7212790797907944
0.824511926449872
0.5682376677055091
0.44026372562816163
0.6660688406157849
0.9706868136801089
0.5448144382660318
0.8138681867766889
0.6570220550203946
0.5053928565737797
0.25665524412395024
0.46611353028166114
0.7366762487812223
0.8994671934249417
0.9469941913020499
0.00618059138619631
0.5286276797921745
0.5334618178411717
7.268400525253238E-4
0.38368506329132956
0.32641704023588336
0.1493476164857439
0.00887833245473113
0.5432958398583914
0.9220967265997921
0.4854191806173076
0.4006885133717518
0.7860244379730711
0.9920362407019327
0.8574749594148846
0.3764110614242482
0.9141911333298125
0.5548291588175506
0.29729161357991374
0.2560728492317197
0.21575022321747162
0.25641039545194577
0.057677266245259706
0.7766365040065937
0.05906825798086479
0.7374929047784008
0.4866898804229288
0.07163840315038728
0.5886496747476562
0.8950465194687195
0.10505461647340897
0.24114470776297303
0.12186356267345833
0.9967028045317153
0.3988859675062415
0.6582922326597488
0.8237029577923104
0.8146327537012252
0.06596729707873727
0.6992070973972213
0.10630592667683536
0.7587498397079843
0.06753470756509894
0.5801054840716142
0.20269357171168745
0.9280363487605768
0.7413914562545397
0.06163401961172765
0.3273831256662092
0.3787790922088723
0.2563811960435136
0.5069115029771284
0.9864458180929887
0.2776230174219023
0.19339125192084372
0.7814404473587196
0.3401660606494471
0.8267983156423994
0.43671275754777583
0.6286052047620939
0.2249250596382799
0.4956194602550993
0.6235230284517123
0.09367750412907117
0.1992074727564822
0.1516026953740719
0.914877431291264
0.13818584880086793
0.2899046181666075
0.2817471027448658
0.09749272846475476
0.8087269403476215
0.9957679978037416
0.21837843927674083
0.9447721155692272
0.6599931702472386
0.7684632945027835
0.5938355158270028
0.5338080962756916
0.7810556813534201
0.4853502552486624
0.9594519994308431
0.9698290960073288
0.30721099258615736
0.83362238238781
0.94982969858043
0.9176340370750597
0.9800438462281176
0.8292120920160132
0.12682925587989802
0.09403653935825274
0.38217871306110673
0.5065667812955942
0.1372606991465245
0.7728607932173899
0.6228948409485499
9.257419536186084E-4
0.4973392688596593
0.27956158286687194
0.09041468339969982
0.8403946313181527
0.9323552882990658
0.9216641153706472
0.8168339412513066
0.5901458687802118
0.18064821679091236
0.7914522168300733
0.7525515843526104
0.0945296706823856
0.2773208839742526
0.15850809543836364
0.3240102770904484
0.6440857276763694
0.14665791851717058
0.22394953457400857
0.5518878154454208
0.5257351385529622
0.2753887813542756
0.34053134686384157
0.029463116340319284
0.3335272527898152
0.37510629929991235
0.6288964941868269
0.31133577978484206
0.9420036904554845
0.1626003430462023
0.9255059673380167
0.05060569288433192
0.8448554219704754
0.07177403148367467
0.6489067452849895
0.06803697824328758
0.4422131886241256
0.4542545687228621
0.6632918054624755
0.6976902101166964
0.6366271916063664
0.4941212676029524
0.5560118644612576
0.41120460481242127
0.24055586991135713
0.8349449790287019
0.27024041204204174
0.7815951687523713
0.6721465066853358
