1961633
0.9361882443503836
0.447585413309348
0.7140585267803125
0.007404731153818012
0.06869500458146183
0.042756388467678486
0.1427451160483596
0.46112548957812394
0.36561677316049934
0.46682144423415173
0.37426612118756875
0.7738426576462628
0.10079077353667987
0.7706856661372321
0.6619672263441481
0.6629397448796187
0.3282447287020295
0.13395927555413623
0.7060122433488505
0.6964937289293575
0.6416572248915459
0.4865263848085174
0.531265689667078
0.21822671483217737
0.8996905364032738
0.30477029399256506
0.7999695162395184
0.15181599524938127
0.42975497867752965
0.8810280216417014
0.09183830102484758
0.329467017331879
0.07919233262552361
0.974911497771858
0.12306446779554692
0.1087060625382269
0.7698822189475163
0.7008384284903588
0.37351211781260185
0.07883307087026725
0.8634749478143358
0.7043929050883866
0.44831028384423255
0.35188015276720686
0.369906550670389
0.11343877045071349
0.25760504776139004
0.31072333965495313
0.01586416555892134
0.20691188157625517
0.8958181850038174
0.23965661286571704
0.49044195479317143
0.969182322532869
0.039558218496201336
0.6459628916649988
0.6811431673590368
0.9287053039673241
0.18429255564054592
0.831593325812812
0.10223231297203672
0.6804987260264409
0.8809120328922561
0.49447243141386354
0.8038570623610053
0.6525679557979261
0.2771639049009573
0.9156057506704084
0.9901673135341885
0.5601527469336286
0.025536590717089358
0.8781348883836859
0.920746404067841
0.3582548600247193
0.44824035330097967
0.8115512788733766
0.8205386666673349
0.008891306523215903
0.9825979748175891
0.6495439759613082
0.15381382844732072
0.24595577866624196
0.006085386477157395
0.5221231787836534
0.43221535334012373
0.3039615992903981
0.4709562762095565
0.3041211259328176
0.9023372188439456
0.3205953255696895
0.5518537484956874
0.5975660567987421
0.0431478254990616
0.7334921143415705
0.1786961860684657
0.47768613916178626
0.8063961834732007
0.5161268062931349
0.22681583148383133
0.26131555000202666
0.7455839070434227
0.13625494661010518
0.7798198556301483
0.1619504897888847
0.6884565172316873
0.8107374277099398
0.14191172092121085
0.7099957023230753
0.9763617020981687
0.695616624689763
0.08624360639754969
0.3083682230360293
0.5248140994739136
0.22667348632354822
0.11717550791764064
0.644016690561443
0.20950585888113238
0.3057836716032457
0.9007719467276428
0.1369884046462332
0.2766939705514847
0.17782117327767155
0.026236518974602663
0.23884075595337417
0.2750370839275824
0.7403939862250442
0.4008323317595681
0.06398386555958324
0.5861561853985453
0.02310560296031494
0.5772124619611695
0.18159216992874017
0.7274559610617278
0.5489879800222954
0.37005207731378087
0.14670148208127032
0.6390340522484703
0.002389082978239143
0.09864669931026937
0.4077608160665309
0.6062918148446499
0.5524262526379722
0.8371412332260334
0.3520556364893419
0.526850797683332
0.6236934831743233
0.7783155541833902
0.6724645827816357
0.8691705833223845
0.5982163736038094
0.19048482814497303
0.7854902338822447
0.1953716560015818
0.5514733375714796
0.45169177055922305
0.26027561896363804
0.5949801050443332
0.3647884810484673
0.19740204005243023
0.7539993584973211
0.9456606048816488
0.6222036609112942
0.8113943255861165
0.6231777937927075
0.5317003005498036
0.3073886345449691
0.8535010776201316
0.11595523878000913
0.3067937281036366
0.051688998932739594
0.789024017612706
0.19803890346821018
0.426568945974078
0.7229672772990008
0.24073510171028767
0.001394127590522265
0.48985053527710254
0.3353530143680099
0.0678580273473276
0.6455111291593476
0.17626425059130257
0.34975818212678955
0.1864659608237953
0.4527476866168555
0.2502685632155395
0.511903555659699
0.014094043794562583
0.3186747565151753
0.1603625332155738
0.6431411433216633
0.023980259341798704
0.3597075219792476
0.9570203349344284
0.6786734147285309
0.24869844306933042
0.40785289328939167
0.4533338915554357
0.01841393657699386
0.2159826380014167
0.8268392668754052
0.5750804603512472
0.6297845572755577
0.5717811682831421
0.46957178722575943
0.011399744328990713
0.42471985172087556
0.17058306074467222
0.7968207216319916
