1523801
0.5182025923731663
0.8422234662177492
0.11337359644192446
0.7582061040185465
0.431975390579987
0.8152594026849965
0.9091223446069283
0.9979092720246137
0.1830273233685641
0.8311947045589647
0.5497177189891846
0.2751295282851235
0.44583398099827487
0.37077000706438845
0.4347521840825831
0.2468554871138412
0.6952536334048685
0.008848470014093057
0.26448849949585407
0.3076769590418281
0.14741837112798917
0.5347483995065685
0.6956544080995753
0.7832399198463682
0.8780486687662538
0.37954103562661023
0.6969795197427566
0.538775128299748
0.7566896116475097
0.7058783161129263
0.9512040660960545
0.19528433929389777
0.2229287255907696
0.13421848811237247
0.6583567079408943
0.22754646508190068
0.4877228276502238
0.5167788667403547
0.2683149438544479
0.8956157044789277
0.3320307034840744
0.02843638572553997
0.5171895509512624
0.27905917185520945
0.9857664132024362
0.4218304960640855
0.5423867345103848
0.6989600603395056
0.7205179457640773
0.04045876657700043
0.48892213275925767
0.38781209932456295
0.9586434650112364
0.4596983292901412
0.8917876771054463
0.8925497583750915
0.47778007512707776
0.8562044324895567
0.20836276455523595
0.6800313063517264
0.6213052817022726
0.9526779959177152
0.9841523996592507
0.9526323035217718
0.15569740533026355
0.8014797746823099
0.7974648034790675
0.836270845329787
0.07238279780536294
0.3416498486892734
0.28706496423651884
0.027662020451098557
0.10265149216732006
0.24823941691723872
0.7669754380562435
0.9282336467989684
0.8007593839446798
0.6436383524934546
0.584487675255178
0.6426237962822358
0.831677124080844
0.7895182510409541
0.12493664065073162
0.0038482987234732535
0.3535082047826824
0.15379180745452814
0.0887243511122009
0.05405065688590671
0.12305162003437864
0.9602421211646303
0.6992217964150697
0.17106337854584452
0.7065738764668461
0.25717275586552324
0.32125970132531756
0.7972740212337385
0.5444116379401529
0.7559052599106091
0.31750011268453415
0.863538709320236
0.13368021333007363
0.7466055659695323
0.9094789497121717
0.8986979972962152
0.46785511436910376
0.6603226781048767
0.11236317749925206
0.9976864609531986
0.9040911539383898
0.2858593160310584
0.19222331173660312
0.35495904787311705
0.4768404917991538
3.2075437610190605E-4
0.46328559216834153
0.8074745171253596
0.19363586915944575
0.8133275679549301
0.1052674040636693
0.0394049978476948
0.6483002508364591
0.6709140127758528
0.12494932572643835
0.18444551382404428
0.7459842562346591
0.6173962473107946
0.5926721602310133
0.7076412551192626
0.9662435741081569
0.9010420490227253
0.0750501007248926
0.10522383687102399
0.8387595437306083
0.028913579047103566
0.2567465245017987
0.5241696977871639
0.8032480277540971
0.570262673725136
0.7526907803944494
0.7353636435798911
0.9594805921801223
0.1012074733549364
0.7671111230494619
0.36863920289074215
0.05228290864782281
0.2394960480191134
0.7634663900735382
0.5816414866130627
0.7773260760202038
0.08691496744380067
0.15657734404895385
0.2133386867504642
0.4809866992728934
0.019090096342257334
0.6570505669417218
0.6606680182789807
0.34656591256075386
0.5296948110442445
0.1645527136937699
0.5923922846147837
0.11656382805772181
0.660918159579956
0.7645825150633203
0.7977008901776028
0.8878975613823563
0.7273775053674622
0.7922998912780324
0.8125034088604977
0.03497746816770986
0.15095520957684616
0.026610419946001107
0.870237925455069
0.8891961396045127
0.4032037196241234
0.055984684819821884
0.94232905365835
0.10965356190629427
0.8039716967174912
0.9894379696989589
0.5437316562987907
0.4759550040073248
0.13503488217016446
0.9751411190205005
0.3684116541481034
0.785613080952238
0.8037370259316148
0.1094840153599993
0.5242871991899515
0.23551127307800213
0.5550138497105677
0.6654475235568457
0.19001456695245422
0.2651166248735459
0.0059670556225580595
0.18547845852900813
0.8121137286995331
0.9519321913934112
0.959248459768609
0.6543098626831947
0.908255650326681
0.479627652818184
0.7206388747878524
