945513
0.43617121731903785
0.6427682170523532
0.9117180503848705
0.7894755216802095
0.7699509949096845
0.25014912706511017
0.7421297998910434
0.5325918928151322
0.1917442478785123
0.051250967219290566
0.13906525825343452
0.31262782143699763
0.0663289179014428
0.2983723936263605
0.9664428128303182
0.6643551852242285
0.5771462557368139
0.3187862092858915
0.6549892270678933
0.1983099983344484
0.16299463593620667
0.9760861147297645
0.6305477606760026
0.6515731537798161
0.429011839964231
0.18120500784230864
0.8662243081845077
0.7522603884897088
0.5630064635754671
0.01559025353078669
0.28754387445299967
0.26259903746282287
0.3703305885365413
0.6222071614123915
0.22358274409877044
0.6886299325219812
0.9471489502576003
0.755517453655652
0.914057828527846
0.3971045935699401
0.08941166016425672
0.11719602735323709
0.9646298595781242
0.4052087229828305
0.2286371734223399
0.8620433954553203
0.9772706020851071
0.8780694804674977
0.2291161354638861
0.27505947410502873
0.35635753081361576
0.6388802030156319
0.12311450694477499
0.8230237439785193
0.7667059526767432
0.6461235468323392
0.7810980241199827
0.09291588249744509
0.7486846309135361
0.6661320361477527
0.5765320114637239
0.8921240447276345
0.45348650298500726
0.5879474529318127
0.8828407408597503
0.7928905183489747
0.41697100304711066
0.5878099320416228
0.8222293337439536
0.4758006449134553
0.864471661792498
0.6093301264706862
0.06753224681686465
0.2587651978169717
0.4996164921602245
0.7445691877947276
0.28216951674432666
0.09841540791382264
0.3012870369800106
0.20135216173055825
0.6355956132499928
0.388289872400169
0.012899301061696455
0.45883360388117045
0.3255132447805448
0.3750777963396853
0.9952004557481695
0.4667335553920623
0.31521468409810394
0.9704614337983628
0.03820665306624993
0.3259276002928646
0.763731752389601
0.8866281679805983
0.9040484654263707
0.2653236287525146
0.6463078010075758
0.9761609735361321
0.5248704411500286
0.49416508976022544
0.4044231517281546
0.8358081573065618
0.9791702977231971
0.45381098423171895
0.06699877904059182
0.6145554595838967
0.659014230556261
0.40635063904718016
0.041528903200375944
0.41761207107463605
0.8632270916168744
0.8164278953944913
0.5658884002735811
0.44954220301485326
0.5204749321137957
0.6740259241364105
0.515982030542763
0.314328549134956
0.32749898270432165
0.14427541804343746
0.26140627132894245
0.3726562628350347
0.043678265988692955
0.7987486080512236
0.547089235817961
0.3961665582952766
0.9102220302623132
0.5874362099397679
0.870998397399051
0.863044767806521
0.6335021415702525
0.33483552556254104
0.004492286375153309
0.6685248357239805
0.5421914740703464
0.5833344101022861
0.7409402233690469
0.7734844931993188
0.6034098242047968
0.05963226403816235
0.11815568886841332
0.5336449359580583
0.9871416180801343
0.12474691967356111
0.882896755489425
0.6010024704168471
0.7054356512692272
0.44976912473075903
0.15844857310617
0.08718667895531373
0.4663191550393879
0.2299065432061268
0.1166170682487756
0.33885305647688846
0.4144733734851158
0.9467225510505335
0.34491264551415246
0.37242717948844006
0.16167688077859155
0.42608036276727723
0.46813242225212115
0.6379619209070972
0.7848746655019969
0.803677569178505
0.22654394501111497
0.5562082209678171
0.26128880204877725
0.909939703391545
0.2952336702124462
0.605670992817219
0.6801175185908052
0.7470606761568243
0.876522523904724
0.8328890783818786
0.21322194915367354
0.08126857457420511
0.0929855830999019
0.8086378902060412
0.26029104677358106
0.21887229888553772
0.4909341816923052
0.7984167046975686
0.6805261389040065
0.2904118274228509
0.8855939608370463
0.3460139748960225
0.9645323256402399
0.44757056278099916
0.28805816297928755
0.18291505045297507
0.06604874391760962
0.3556647955236517
0.9473193920513447
0.3803370703233858
0.5363400369589866
