870014
0.6542105593227927
0.05657472056060342
0.3963675792320963
0.42007357385742117
0.21240321827787567
0.7053764814902055
0.16490707546148897
0.8642036254967517
0.08239671501587864
0.9940662904102231
0.06422718089584101
0.4752841530882965
0.7692590771593442
0.6165645236148938
0.08208670712304944
0.5226547464469444
0.7338534602360074
0.1875377713134021
0.7902825949599512
0.7459380112267578
0.036233681290611
0.3130089240065955
0.803032092291829
0.4804621489775144
0.7317392075601412
0.7328708107072518
0.3433498128297049
0.2455337884466544
0.3832925274157428
0.7532844443960802
0.9505827210496429
0.08468130221247971
0.09783570063181979
0.9461489866146756
0.8376179612025961
0.6526960845659875
0.20689100520009363
0.39905179231602694
0.7098193278646531
0.25073201212975027
0.06413391093270115
0.06381074579710855
0.64235891135598
0.13275368124056008
0.2195661874860083
0.6682083546160362
0.0445830085099681
0.5883720052613183
0.08507972527569496
0.8049192662626917
0.9894215106739936
0.20085564675313206
0.07647570615645749
0.38991686439304607
0.6460864053963605
0.9573702159322862
0.20362684950152932
0.6214194320239201
0.678343906274757
0.2172166039000485
0.5258208687541118
0.07864710977964051
0.2560366801106655
0.4453237217935856
0.3950459087800662
0.5563062260266745
0.9185699295533383
0.8643793258762253
0.5343317551251336
0.08309312203850172
0.40302267163692584
0.4167293131110249
0.4816939731900617
0.9379348916114576
0.4283069483056613
0.6773153160653345
0.7293915048192515
0.6655291804508259
0.6789260509330785
0.061106238630061926
0.3994520704025911
0.48544800445485203
0.24527161412134924
0.7748618964756601
0.8910563824592262
0.1388871402863172
0.6643653457192049
0.7060513601410806
0.35409224828359975
0.06799153893047405
0.8521931744715439
0.016788538669330944
0.8054838677642594
0.264452633357656
0.4445242940602594
0.49592295342901294
0.8581596513665571
0.04450896800911086
0.49867855418301554
0.4496325798796139
0.1256370047216645
0.7424326488967316
0.5235812760229854
0.7353414899942502
0.3486904174992347
0.29970054476650987
0.5616007847896773
0.20240884594869268
0.7952748817399087
0.08937367368183069
0.2075209599869403
0.7535480261416565
0.4086444728334665
0.37544031501815434
0.916913334689973
0.6199532927223417
0.11364798455433844
0.29499044889817394
0.09759793660965144
0.457275074236838
0.3568385460404926
0.4593030532697816
0.6222442750576873
0.1384240450293902
0.5226897030632518
0.5255644328403855
0.5230673385560168
0.7564848359819056
0.5766755777857248
0.8302088469640783
0.009381086267292393
0.13662908584938604
0.46048021113636517
0.42162420406713563
0.31816890245318263
0.3054261214506938
0.8780108506200694
0.9068092195330549
0.9842705103844918
0.6446243726938996
0.362567128069329
0.38472562290031964
0.15797543378703383
0.19878272285897136
0.8368025178390966
0.23970469004224337
0.30194811552842094
0.4714272531029121
0.808922445045553
0.3329568657948041
0.0727162655571022
0.13892598106891518
0.6396448593172629
0.5493683978477113
0.7893352828291472
0.562941960804127
0.4901790010955088
0.21700397362149704
0.42146928973414144
0.05478093016432095
0.27489827193203886
0.7060559002986138
0.6431150500707724
0.6845811210312536
0.9470156674500783
0.9411058011223039
0.15203248489526622
0.8333363552543976
0.1355262934650625
0.21827188082390103
0.7530430734587868
0.3812453825474662
0.2688248825660028
0.9082514749060989
0.030092781946884695
0.38223778583580603
0.3626613335471972
0.41132925542779675
0.6285850366387435
0.4345658550760373
0.6452563554697107
0.7852181679959227
0.8416991233827993
0.7656088961751242
0.18060829760422326
0.8702302581248166
0.9331350372121002
0.32333651852431267
0.6757286271551234
0.8740362572446467
0.7229797414532362
0.5700690579781816
0.29359907576611666
0.6264249187477184
0.24064084467282287
0.2977994018577419
0.35694748146277877
0.30792032489206345
0.6839382779962749
0.9761735898706048
0.055157557658183975
0.9850322198695446
0.30911364466394176
0.6488183048540144
0.8855980688502416
0.8822821981694114
0.2641715080210235
0.48324599429996407
0.5388073003495972
0.14407267784936728
0.04885777665388935
0.776136626235515
0.7097345439805979
0.9423452877442808
0.5541259350588772
0.6817265654548508
0.44149044374581414
0.44192897213727356
0.9407965335392967
0.8064219471417258
0.363682939370218
0.5630872449953251
0.49703356310450675
0.7758250347285245
0.5857415999476513
0.704477217498378
0.6024274442529642
0.614504356175442
0.627880741263481
0.6422448750544523
0.6642727552782255
0.9930521942938629
