1499041
0.2932097947552129
0.6274033464633774
0.2184828091270452
0.581785017581095
0.28122606485525814
0.6480374561859686
0.5537162108170297
0.9382877523200204
0.725066109654606
0.08860364829251366
0.6727091529576562
0.22145600426991963
0.9198238116225339
0.8056419486684085
0.014600206622712886
0.42931665632792615
0.6229140542361663
0.8235034345147447
0.019839358895108572
0.2356837419774852
0.9124171979716178
0.009920784900491753
0.367740428348614
0.9272874091944682
0.7049060743480559
0.835282607402719
0.8075542982146009
0.12259976205364753
0.615172644857917
0.9489059820439042
0.6769663450010771
0.4584806616443504
0.3135138212913797
0.18707127967052717
0.022928756316294874
0.23461012161917372
0.6266732603636015
0.6592353179988841
0.32686615910287453
0.17005294384185587
0.02042907925963766
0.6755641161663344
0.4633341203903545
0.2969622510643398
0.4564454877304428
0.9958964285403314
0.5317836728882046
0.6729435647852956
0.7641347208191842
0.5241125278555238
0.27911829377222785
0.3600427481291524
0.277504850473126
0.3727460369338492
0.2972048747655166
0.08966997293374557
0.5246030206030263
0.7438162427936121
0.7350349617744195
0.34534243174739077
0.6693254498105435
0.7091683460892091
0.5872173144260888
0.5332400094152907
0.8639407392081477
0.24589330396437858
0.020978649590876364
0.021728869235286163
0.339348855804262
0.446705931101228
0.45363353270165996
0.21740321011963915
0.21916399951669885
0.9606091266609621
0.7937994349417788
0.2522727513753049
0.3420701180013951
0.1951874762074125
0.9158824223062608
0.22267525092665996
0.22113753561167193
0.2866350592868231
0.5608227657888343
0.7127306865336105
0.44067533587602903
0.9649141818306567
0.9925419869681776
0.6189886621950474
0.611484881097007
0.6855823825105177
0.49219699776927117
0.8750705037193856
0.17154103404784327
0.3803436062080512
0.3348151599669259
0.9830740179634821
0.5186703382410351
0.7702279633603806
0.862723733680489
0.502688692242886
0.4246120180211429
0.5093438613742153
0.30227951761369054
0.2734945908555776
0.6279537094205389
0.9518361587066899
0.6161043130694221
0.45096950039583394
0.18821116513223834
0.24373425364801105
0.5051575156072717
0.5018269137772492
0.37713651713889595
0.39474865764945954
0.9958897980041811
0.4606621166141105
0.8410881089156687
0.9996490945708993
0.8488620184720121
0.060735436006178256
0.8907012999361646
0.8552742556434728
0.5513160140424863
0.4170059084514921
0.5754164758474303
0.3822681524842533
0.23795931696443584
0.07489654367713205
0.11759021865227437
0.9406402858377323
0.002756813945192671
0.20232791202107492
0.6133827930131178
0.06548555256887079
0.8598263123693158
0.3789086205397002
0.5681587831230523
0.8816671587667727
0.6179283698865117
0.6024997054247107
0.5758502142481963
0.7383184838772616
0.1690246732961208
0.29509663293096466
0.06472099896658856
0.14595228231199675
0.48553242611930725
0.3392687810475761
0.7236856604162013
0.8565842709036514
0.23579050327914786
0.47058198615855884
0.38749150131323506
0.31657172558214897
0.606679110114778
0.7113210750475238
0.38003072380516334
0.10380970270819101
0.6343288573140012
0.44899057900717454
0.17054254523652146
0.9353954580867772
0.8040450146676107
0.9870352913349054
0.4127412629518433
0.6817480052139129
0.24339185748821468
0.3934069235501161
0.05406132378528572
0.4364020215334655
0.430093986244651
0.7268708538464976
0.6224037559328651
0.4263243347865192
0.6901269562594122
0.352724197316855
0.069839921016416
0.9397966196213631
0.42839475747942124
0.4774938692792001
0.45266331711875774
0.32364659914814986
0.819191736814256
0.6288669798005598
0.7615363124430594
0.4409493104747365
0.4266726182631412
0.9393191718360696
0.08202911392649459
0.8961491410529608
0.388500373124952
0.7190822487533237
0.5641378831847562
0.07483668428006152
0.751985896393525
0.33593956653587986
0.8358172801486947
0.07072183343964422
0.8303508825542381
0.6734724552402862
0.7888862425834737
0.1952483125020138
0.7088240594699102
0.32264685481156397
0.5560840454320038
0.919693443561768
