1114757
0.5622193756774223
0.1861997238567592
0.34325714766221926
0.47766358696028255
0.2939094279741251
0.588965175906195
0.7714124865842111
0.14154391724008264
0.11406782788850067
0.885501989759824
0.21534488881742608
0.22855064257030222
0.8338613093647663
0.6849774945199393
0.9519563204821352
0.2804842866939561
0.23702771709576642
0.3089635293306452
0.16365981273989727
0.4714330902366256
0.03702447366663042
0.27495540799402607
0.3209376558282604
0.18808002532174684
0.09761833261563413
0.02308572080929383
0.07839248028521095
0.8481123967905411
0.5435208102738852
0.2222859257472043
0.762639867980709
0.27528843616685705
0.30436039636205636
0.6308501224659964
0.7906943552842419
0.13131043336011916
0.6573137717539673
0.9427573684321139
0.4788964887116198
0.9787717674709785
0.0986934239573991
0.7213539113454323
0.2500893262828726
0.01285656379729494
0.407190134706344
0.4313895817855131
0.9239372215611827
0.9101255550465128
0.5759830038523378
0.6066806152164367
0.2445502758741942
0.07941983768693306
0.05577099179829226
0.9643277063346964
0.5988752940356212
0.7614101872088067
0.34865224972607334
0.9260686956010507
0.17127180544708343
0.3118733433463372
0.5104018192278622
0.5955201144547977
0.998034799556974
0.25571390021246965
0.15846169957485146
0.14520383200414022
0.5924629603784053
0.6006880621353402
0.7055132643403291
0.724209414373742
0.39587701108393225
0.7638271433542461
0.2051938206612619
0.2284687691047832
0.2478736973405553
0.06076995824398612
0.4924673093428672
0.4985777771032941
0.0903118082057045
0.5135223738781907
0.24886500312713078
0.029603337776723637
0.2684593116174193
0.6039846166727892
0.15165329098112001
0.689242653635235
0.938912897976687
0.47328907080446436
0.1301763067318933
0.8816589907048316
0.008874300396898405
0.9495727062689792
0.15716534039861219
0.10232800775321438
0.3960616716928651
0.6003142601314357
0.8642954359678303
0.2985167664483571
0.5153308550033222
0.7229749942367151
0.5286292851731269
0.2842449375003555
0.6824903146524446
0.15023492464105392
0.4180807330891061
0.16526667181261934
0.4542034899661811
0.944322597357833
0.9446515126906835
0.12600776567379468
0.839560787376236
0.9904007782500882
0.3415737064574732
0.009457175796682593
0.3274466699381474
0.5248352240628372
0.39833139529919015
0.23999646201826774
0.6826255117895798
0.37841581031349814
0.11033813436473705
0.1990268823361162
0.3059695376036118
0.23841294419386594
0.2532602141818586
0.01861746784423346
0.4357825818644617
0.14344112315502278
0.0434521494177319
0.34237874774414334
0.1464744515935512
0.9932180675788818
0.8553260226637042
0.8326856419556686
0.4105608833049108
0.038701414327247385
0.8281229996955376
0.38342870597383694
0.6252994054705782
0.44499593573226803
0.03402897931193771
0.9509400757884089
0.6568806963247773
0.09159302322950158
0.3020900270312399
0.846364134929533
0.17253935044948276
0.17837990993162045
0.45589724270678533
0.6071636085070357
0.2439173974795411
0.6063241544042434
0.39839054655501205
0.2663564095597595
0.89939413306706
0.6263979203092855
0.5818273611787753
0.46625416573560263
0.4212753752940488
0.6169981763602127
0.41481503314502755
0.6907868212769598
0.25476893644160503
0.7113558436707714
0.7706111838663765
0.7686745541983182
0.6083237238275069
0.3718099974332921
0.3724107565713448
0.8079723023807052
0.18303491485506618
0.5076427182665166
0.4843857838397918
0.7864210550958025
0.22684646961221167
0.09742065930116506
0.09137355380619194
0.20095041248271583
0.20126912755376325
0.6270153493319498
0.12484343737854031
0.014290023641084337
0.4336804926681366
0.7273149255096701
0.8391590591688285
0.7775160540632596
0.4401132007943124
0.6328264925256424
0.9020357332385011
0.5231922927649402
0.600427173537305
0.005393523237579134
0.5777994090412861
0.8214117239116328
0.16894021259763436
0.20432750869469318
0.2838831539739831
0.8901570849052839
0.13190922873899869
0.4998976400567342
0.6590684600385681
0.8752663796200906
0.9514020270608581
0.591016635468529
0.8915134443952036
0.9802633777499287
0.10780219515616607
0.5671970010233847
0.6215027792093611
0.7733902984786831
0.0017028101626603842
0.723808235450875
