946211
0.4568311375202171
0.9707484052734286
0.946680957780745
0.8475366762337774
0.6203908752104899
0.7046489005245535
0.8554955284397227
0.04219750270978928
0.1515982329529858
0.721108376595299
0.5227157092408639
0.16524429170514932
0.4038928444117955
0.5779204428793357
0.7848522562411726
0.44351948486714554
0.3533387813451617
0.33991863188213567
0.5893907488133283
0.8105594806169418
0.44959751337986165
0.7879564375325464
0.782267991818022
0.11881772622799269
0.0018922896149574653
0.14462303491464867
0.2706028811808008
0.41555276535977825
0.015808757109527005
0.5121675386984843
0.11388914216130785
0.2685616178199529
0.5469093231853369
0.20305679730041615
0.5410147738281522
0.6638081929455727
0.032367777106657836
0.9490056035702308
0.9220442476056455
0.5394103965946873
0.32366859483640276
0.7518711026071642
0.8152272189851236
0.0128666926389015
0.9177403791454417
0.7882171439716003
0.09205983984394728
0.03456204320861889
0.185131812842943
0.8791990458421183
0.12684536917254174
0.9195192502523398
0.4747806525893976
0.7183382774384914
0.2066129299363203
0.564932999496965
0.576741973199958
0.22391728080862505
0.840435916226076
0.24447808790561387
0.02263674972292662
0.8518418084350963
0.8148296868377259
0.35598372288624525
0.1398558215221345
0.434404942742734
0.022963021461038347
0.3638115307124625
0.30471881852559124
0.5194737727483765
0.2736362573872878
0.8159237527886112
0.0417139315082079
0.6699532256742471
0.7840360097416711
0.9456823511100838
0.8630950314168194
0.02468852146824274
0.2657722175822185
0.6457332988061242
0.4152706930329344
0.24054558806235993
0.7951930822082235
0.5531944430486194
0.7599677132680578
0.6311708174493537
0.6572741571409654
0.6580494161328039
0.7126260591815002
0.09275173017632843
0.303319467536877
0.5140637721268764
0.4842521691931283
0.5535568467635429
0.09055112124628217
0.12617158791772554
0.36355304504054775
0.8503179534613634
0.3995591795330309
0.2801815357428482
0.10328558516878628
0.49574735168974615
0.5570637301692024
0.7726987084814373
0.12094954525690926
0.859997498761088
0.4485388187164281
0.76998594875519
0.3345471817578727
0.013981026663885676
0.14265560107152297
0.15858412877125738
0.1358425164606254
0.33869418756541503
0.5546143228367717
0.5840265677688037
0.30017582124245423
0.28852365188767426
0.2988661433708577
0.12717217097004285
0.19767695600002355
0.14564545065286083
0.467281290269581
0.6133171031563139
0.5584841413932913
0.05671814534120767
0.2886044201482333
0.017584725857371364
0.6065410877646458
0.6298048943481875
0.3496648144974167
0.48888470149971375
0.21468824410608234
0.3836321059862021
0.45846690200081186
0.7027413163813869
0.4652560293899173
0.7723730803556426
0.9062914283089951
0.3688172811854483
0.6973827341202297
0.3842265153765907
0.9760251003079945
0.9826231031403807
0.013943264238136077
0.8389114082620188
0.641949261661621
0.8082090518118863
0.4769323742784528
0.5738495909657091
0.43876347458208786
0.4276883897052116
0.41703239543962356
0.1665882609858067
0.8318837157675418
0.7379313630947734
0.5260870615006106
0.9750695907117339
0.9631974918761628
0.37592789019132755
0.20069796694597586
0.11088831023817702
0.5138910387528467
0.4324717514953478
0.2650338739587157
0.5209232970660891
0.680237535404787
0.14004317121033727
0.4005909886554033
0.3392155441096316
0.43826802892290184
0.9880489759472962
0.11150820940027473
0.6917581350951142
0.9922346453272014
0.9917379797927313
0.16372559224735495
0.7108335211627917
0.6990020866118225
0.1893011557793587
0.7283999127120921
0.06044651132126888
0.3326087145656714
0.7882579476479605
0.9001363442809999
0.5386357398222343
0.28765320009906603
0.742771836339327
0.6873313260445144
0.9155218950541603
0.576917239952084
0.5120441657406052
0.41338235129464196
0.4744307640014348
0.44914909710774364
0.5855400344124767
0.6882340282789845
0.2701971911945107
0.7073659814121169
0.19459637731968282
0.31780904743126726
0.17637106634663857
