1022848
0.17660340398191698
0.626643516159082
0.557841296871771
0.4877534519006105
0.8065432434345643
0.08761165801019
0.45630416103992133
0.6563343323797253
0.04226809462187231
0.748506173139974
0.9080582555260801
0.7628367439407577
0.3731850982389443
0.6300001480643748
0.7842665879454661
0.01906014144662871
0.9838111184407136
0.9625508870236409
0.5785955336938977
0.0016371002881974128
0.14631562934264009
0.4094770868977563
0.7647319517430945
0.6117310104182286
0.5921045143451267
0.10309645262739453
0.2569508686043337
0.6888841052913164
0.1804712104292373
0.78427313634373
0.5028131838961318
0.930187125488871
0.34603542679009847
0.9391658075162861
0.9764987064277615
0.03195813674196979
0.19727440511414707
0.7031786843539617
0.1348395434152556
0.8963069296333525
0.9968473800647201
0.3469530578040564
0.667414825178965
0.163720994434414
0.8461796302797946
0.5742184178403212
0.12571224468590325
0.3575779399799194
0.4212049565148833
0.5640598897699072
0.36523950321107856
0.603217153586554
0.08120094003988887
0.5692586572341342
0.5611456965345477
0.18094998818230523
0.8134585918137243
0.28263819844343896
0.07625762474633169
0.36593850250057025
0.9552418736586906
0.2762953625996021
0.3586667504460346
0.4233728040077963
0.2485615624499785
0.8151463584211015
0.09052690706844757
0.2648930707173389
0.5288988372516547
0.9843871349275038
0.5292496144853719
0.832314626013529
0.9909630381059236
0.059030648142022635
0.5112686312302543
0.8346400595877371
0.24961651701347642
0.1829104971212948
0.561840234148799
0.6859275719923335
0.7154936745332234
0.0359458446546036
0.8620929105408278
0.7897652409782466
0.7466166373265928
0.631304115252495
0.9531023375407426
0.07441823336062137
0.8672005096593193
0.6480444406321978
0.0796038507475515
0.9357513090177438
0.41598312267748583
0.2983994798834302
0.4050321527297638
0.07933390154560416
0.36778630361270404
0.06149080509863514
0.31209109666556434
0.7051067445018555
0.19079143375175245
0.3716162574245444
0.2598478315255569
0.9221810636751263
0.3699895084961825
0.09690861219226998
0.048000570174347335
0.5136174878158015
0.6220391572039862
0.5188412245116765
0.9998939831878244
0.7897532323431634
0.9508067148311146
0.5123110558042994
0.8192810784445251
0.27942955167459493
0.7021074683444694
0.12015269672819595
0.45078123747119403
0.8879851861386061
0.6392223119174534
0.3831965064671613
0.46554679170000646
0.049267401533849786
0.1568288844487783
0.45154060494085313
0.7195893510115502
0.8667516555382404
0.23155130630124465
0.6462087426224793
0.2084006606269626
0.12599703046397182
0.8849518946883217
0.8135036322757367
0.3785261890653213
0.4421246141900267
0.41399152748337154
0.6695019954583261
0.35521847453480615
0.34018896103551266
0.9544376879701487
0.3751315000179124
0.7394871133668917
0.7305540550761428
0.3112758119906861
0.5715382536297624
0.30746996440874763
0.3429035670494579
0.9282298787359861
0.06585295394483459
0.5460679619893939
0.3096257417897045
0.40191353106239236
0.6082419946010601
0.8043312652325533
0.04657864212318208
0.0072829744926052875
0.8734446211287479
0.026208126606951154
0.4831261180621834
0.915479941803459
0.5082736908553932
0.28287760129518313
0.5200692813999946
0.3463960903729072
0.6200735770401
0.26865242328339545
0.8322999233596188
0.3987936143543026
0.7383990186168413
0.6234862489272995
0.32308385361131287
0.22642084605019885
0.40636962382929853
0.46898253266131684
0.9170582066034298
0.6708827604618819
0.07779819497257223
0.0630079223565072
0.568378379514532
0.5593237562375765
0.6975470785664
0.3201114794549471
0.9510746178354772
0.7334361901433525
0.893494055747332
0.03198566501329414
0.18240078234566037
0.22232293373433254
0.11952715773332745
0.08165448267334818
0.5608662776147322
0.3972292885720726
0.040066189391173346
0.6310019081497508
0.651984529133383
0.1006348685928401
0.6175443656084498
0.5862581493421832
0.5832420857502872
0.5107656754334055
