1110941
0.48795969962858043
0.3269481057074083
0.11598445289026649
0.28260815788510363
0.9440915029924073
0.7038719201926148
0.013267897577359022
0.2441226463884093
0.8176663315347321
0.2913656614809743
0.7956706603910659
0.7811532397691399
0.4494259051413594
0.5869573963082506
0.19202624888773445
0.4311117448912021
0.023096599049685418
0.7431645645286126
0.556465321725323
0.4969465755085538
0.27517759717065815
0.3441582648940503
0.9222459659826735
0.061662936695963344
0.5266300136856324
0.0729427243035734
0.38930497294587485
0.02834273742777249
0.5749359141406531
0.3899424009360012
0.2567628001139227
0.05111065666362202
0.054146022583622666
0.5758923154864105
0.2194856685651948
0.5621337234410744
0.7523826874517529
0.2695839970804106
0.7422394974434666
0.8362019084004849
0.21787067258696968
0.8031126050274667
0.7692308721288892
0.14524947484432083
0.38618061140997084
0.9791041674509329
0.9295792670780247
0.26597140335149383
0.4782887893206226
0.3239693905909534
0.3218470671197319
0.397639980993318
0.05233978607978762
0.48484208854758404
0.12268302774511153
0.5204496910448535
0.915913814819812
0.27560478807965794
0.4358271379522046
0.07866956972814299
0.8724737435752175
0.3702982927694717
0.2819437022488057
0.1383923048167378
0.8225730494742346
0.675085205233882
0.5807120995957188
0.06245750574605835
0.25749732277474635
0.19424203603350088
0.7449261517716748
0.1345591826840007
0.06224452577815276
0.12022860481744313
0.05849668493299054
0.13225118344254982
0.18846958785393908
0.8163379131269191
0.3814744151831121
0.48255924932370153
0.11147016359204209
0.2316853083415482
0.6755898324116508
0.39215958236071535
7.893866829984386E-4
0.33402399479899025
0.11445003226209194
0.6142043092173545
2.896915735847161E-4
0.2519856611082023
0.011882776199566014
0.4115344103209163
0.34926343243281033
0.6825326968198181
0.9531345750730772
0.7781470294461672
0.26369139078279324
0.5521159638455122
0.44885990319596114
0.9206737964013268
0.9109321325881945
0.30620665270036496
0.30461474684267675
0.8381258260408311
0.6469292383486517
0.679606841244107
0.6561833788537019
0.01692162925002816
0.3608930687023042
0.04750676396109543
0.2616851945587122
0.5852527968925413
0.46250707481422215
0.019502933533136146
0.9059737606283713
0.6272292198933569
0.4142920326869255
0.1387576671992835
0.7300238344936456
0.6378992565952136
0.21065723377709922
0.7054369621513088
0.5351975363082341
0.2974662015704739
0.6988906602464554
0.5838716520895342
0.9457003971224373
0.10643430479186677
0.06039009309640797
0.7408529533271284
0.9817307867884743
0.4059618263008784
0.27938431793451
0.8808320313079324
0.8903476708679235
0.565475961789817
0.9300226449655521
0.287416040039847
0.19940777050465708
0.5042511788108663
0.001707025166156284
0.8670448016169392
0.9571063331427749
0.8532206345706232
0.9134384381467506
0.5639727497722115
0.5931895229862073
0.3272981509543318
0.884310714727605
0.3174913717994048
0.07277164032261008
0.20815831415006214
0.9321396526871951
0.11538896283632138
0.10355741044991706
0.3115129688891529
0.2660587497068846
0.35966228226367225
0.492062876271395
0.9782552234085413
0.07470308688587468
0.34516745125053283
0.7256167911385653
0.05522116524317211
0.7686422704445357
0.7846825302685907
0.8206796930004536
0.9251254857136088
0.09792309073632466
0.16305558758363248
0.9224406658508457
0.5070804729806021
0.7472880473119751
0.10305149277609649
0.4770883497713483
0.41492606430949674
0.1196553713692251
0.48602324092769356
0.3216037419427833
0.6853377375567935
0.905918349663577
0.7113207784466218
0.6594932118253937
0.46134483584773545
0.6308335806112391
0.8396148305558615
0.36615296795718044
0.5237304255576494
0.7885219577994822
0.7238154125392054
0.8730343990675602
0.6630284216856986
0.468461456821362
0.5337760457005701
0.9201062136942691
0.4454970455149504
0.29305963828022075
0.9974895906951995
0.2740928467269994
0.7303280753413962
0.06852877130705903
0.7746069391476132
0.5850218459995432
0.40613661503114074
0.7803874097356784
0.7927276481337078
