1019383
0.49401992004882334
0.3757621176121315
0.16430558896090042
0.2006892930787687
0.20735979094711543
0.7182555978523526
0.0074514705443917695
0.7585916184043979
0.8633695663416422
0.6406980981416288
0.9608155971880636
0.03125178207109691
0.803781613653743
0.5638877511793324
0.6525668943665918
0.3492810216721257
0.548786612800266
0.04250009567892632
0.6178845844117398
0.7847457822231249
0.8666808899712178
0.9067867001829878
0.5093767410688466
0.4365101926987809
0.9794857476044063
0.6546634883203761
0.062057835523086635
0.6929149301758003
0.15716250451564662
0.23810514678268024
0.18234952775454183
0.8502917603111297
0.8523849300628797
0.2716952124468637
0.197106147851404
0.762200688480902
0.08202748473800181
0.08584970490760901
0.9656058893883572
0.4616098970972582
0.9317007344490708
0.7760529395697381
0.01085858127438688
0.5883210565147426
0.3789487158875958
0.9349607703931746
0.92178894699751
0.018410931026419552
0.4723634540654744
0.31511506645425036
0.8498882603203236
0.717553558893456
0.5580112806680131
0.9557530928489546
0.856224766702312
0.216254775194892
0.9973458666085823
0.49771109286321713
0.3501492630315981
0.02568426497187326
0.5899942771238265
0.24173475596500416
0.8217653420501038
0.3886911444581461
0.32160220909457626
0.2536186818792683
0.7354661748603585
0.7329551222879944
0.32332680122067603
0.48195095954078826
0.7676153662094807
0.10863656969667956
0.3493524185045467
0.4108301877899575
0.20015976265571978
0.7582874056709089
0.5302027213386554
0.8116201215509055
0.3834408761219479
0.3322718573291934
0.8278776560633271
0.35427936825759354
0.0038721053815617967
0.7773232031675519
0.0216782514022118
0.6551826624649076
0.027617324387993247
0.4099831321149682
0.774213073817397
0.7823122611187788
0.1833973262803047
0.04567091673812329
0.6495698553863768
0.8406616873628144
0.5046239165940727
0.40351600309434654
0.3309000364070358
0.45926626499684764
0.19826100571955962
0.12317142973310813
0.21845153272423945
0.5401884552690175
0.03277456030768855
0.7839855658913105
0.6500378625239482
0.38317693004164155
0.958542236095427
0.7585570721871739
0.9485100968316114
0.635689941432688
0.77761513963268
0.6142189889743261
0.9581658905292172
0.2671622194784188
0.6346414557572455
0.8858702251029072
0.4673133099929202
0.34647853328928235
0.15863833192315702
0.9688042241818592
0.2425519029231462
0.9737979624300764
0.3033152376297762
0.7562430758770836
0.6652805811956491
0.6929064959546432
0.659373265809867
0.5800082026718516
0.6390076175799096
0.6145797344183199
0.15139868617688668
0.005581755454076798
0.4534536911437802
0.27045276250200045
0.13603508290561295
0.38467950548937546
0.4382898839239756
0.3062151758471364
0.14500965730977744
0.25087175505816084
0.4681611875220245
0.9359691484354016
0.28533109218946395
0.5203110288175292
0.07706231275382214
0.5235449084319151
0.815218044734622
0.5668545685216952
0.19734022473890145
0.8888430251722608
0.2906813901720504
0.8209349351067844
0.4619583847915355
0.5000037088592861
0.26429306449158785
0.7502896404546316
0.4035373378636342
0.6295910668138524
0.6173496765694597
0.9314995199185899
0.8390989336198375
0.9424099471985091
0.6379230739398564
0.7393769832502818
0.031093419823874924
0.8684582665167917
0.6931388655828238
0.25625651853438636
0.2700301510507358
0.8586260496192027
0.49215584749681973
0.5380054234856423
0.531682317325901
0.6830492236290532
0.3141450563520579
0.8361388128072205
0.7152797982807629
0.9789249480469656
0.9377607872812166
0.4534764260733377
0.981065298134028
0.8095594369415315
0.756671035080574
0.36005912790372885
0.242383290938616
0.4682045690838752
0.82960314609465
0.39034705850810836
0.2731570189955449
0.34380382776619633
0.9306311859994086
0.1972498890313249
0.3378697798415289
0.21212742796097583
0.7402097185932265
0.03902437439004991
0.0777532839806544
0.9001398157083899
0.14952412914805668
0.7425665883457936
0.8946942090343188
0.124063784238571
0.0941281266964965
