812386
0.8732790703675826
0.9938506038767388
0.8224578394564445
0.03136942265519771
0.7729480848437296
0.22012126928247866
0.5327146076036132
0.6147144451250353
0.2621533213430379
0.06657120832272634
0.6606438548806834
0.988783420463453
0.8811477311683691
0.4458901942353387
0.02165291312801898
0.7439592366243493
0.8733955771263232
0.46073207992692855
0.3570421292352154
0.5957215053650663
0.11228705037686204
0.36958234557189396
0.27000393198186967
0.6167807192728034
0.6130625793276534
0.8476867802887855
0.5874537814128198
0.13711870027033268
0.03304240078154275
0.10372944016907215
0.04026628069302052
0.04356196485420838
0.9335402678549254
0.917678885467008
0.3477419364743455
0.5095946003652012
0.9142548215386553
0.4745755176547878
0.1275292454461292
0.36219976808061927
0.8115973308074417
0.980007234509263
0.2258119971688648
0.7423819604540196
0.10459240497530198
0.49507892198429815
0.38689190373222304
0.9723306845441714
0.07161287025118879
0.06930864116787039
0.7004116075100095
0.5960520604417027
0.025064199086948458
0.30603390903934513
0.2956977428455424
0.48298252418579624
0.8347017242184128
0.6348965194056072
0.6138218018616469
0.9472529759814052
0.6130560826557746
0.0599678523225341
0.42614244037126414
0.35173919907071327
0.6608422453867656
0.6931267008162607
0.24853162221792158
0.702491686149968
0.5948454191472056
0.23050646483159576
0.345532313089294
0.7976051901781785
0.5275145983292134
0.9765200115154788
0.006122663956411478
0.6505933919861381
0.49313958190798857
0.393356707440114
0.8625134135692625
0.4328474978297936
0.8348133244886649
0.38503969686202066
0.3158216555699782
0.06030264286265008
0.4213293668622491
0.02427901999192761
0.8352071059182421
0.7999125384856859
0.8263548184453752
0.3605921842347979
0.9465323766136641
0.655371686406499
0.5931209979977082
0.2916276361207276
0.04934580326272453
0.3172778649785506
0.4632716190267364
0.5088561907132448
0.54514523785788
0.363649341722291
0.38065698690886773
0.5070013458148406
0.5047057532749941
0.6487078387375096
0.24289972076605593
0.3337131201140159
0.45750524707635853
0.46770364959650856
0.22949681866717486
0.8770537418241913
0.636299375770168
0.3224793259637381
0.8423885137806854
0.2715263703478472
0.242360792623601
0.4615585520247578
0.3979062517538723
0.31978948885963676
0.6496281280575943
0.8454303033954778
0.3242789716790363
0.9821265695986892
0.9013323489621262
0.45007159048546297
0.615176016793355
0.8809592537403708
0.5640417361826134
0.37903867377002143
0.5013246334875381
0.6752306749839275
0.6474855119751928
0.4297266488446778
0.5773719298256008
0.2427904102701527
0.38300432566136233
0.907547651687227
0.6545369365324644
0.5777771364650726
0.6913443596659397
0.10648099134065803
0.08616983461865657
0.543708389964083
0.40712029503571134
0.26791788168223396
0.7383837731000304
0.8970313452084022
0.8456594566339753
0.6815588479127642
0.04932328785201823
0.03156408897725416
0.5638345904635157
0.23057652855571686
0.8673021403268816
0.720717375996394
0.11399103699564184
0.018346193017365064
0.5235548089816702
0.5485986368339276
0.7436426045861266
0.17318406432552813
0.7171064971865212
0.966829642728641
0.09193558877487762
0.09052418686444796
0.9421801387619007
0.3293036565536158
0.20698976981039563
0.9618978930130044
0.6881418190212445
0.3898440296340657
0.5731452860284679
0.8627676039691762
0.30729274972097764
0.44804608700413096
0.17307759624189611
0.08752213820311938
0.2765357443232497
0.46360181033615944
0.9238911605562923
0.8734014204494704
0.30332099855682926
0.3482438941468454
0.7446193091054663
0.2779709614853675
0.6845045499867888
0.40434894964943136
0.15910721175999543
0.7268535489124851
0.2911129718626253
0.9248044057304267
0.9729859176638673
0.034217852250742475
0.21494597384935732
0.5944928941455287
0.2780830930171352
