879370
0.5676124190796253
0.004695894044145832
0.3197796706245123
0.9999959258780239
0.3873464992787863
0.27224958125908627
0.04938838222260711
0.6983792207350392
0.6397268074374836
0.27765715101431465
0.24108486437633336
0.06238232162721813
0.1164058446198033
0.22529244419223582
0.21484584887075187
0.9188609384993172
0.6737981372255086
0.05431508579332944
0.3846614639983035
0.14133402161114217
0.6392217245495201
0.583337370087299
0.16659807310591424
0.32876376096353743
0.4045024275866096
0.05888732443760103
0.6388037756546546
0.5132099947778276
0.40854066360632435
0.15433142987153592
0.027244769652446044
0.3508984456169959
0.9532168416362712
0.17161863632505836
0.44272902661337654
0.7105693702243409
0.8089674954159862
0.01870957240577431
0.8561118312368748
0.02255334135808784
0.06802950963843879
0.6958190595956149
0.9026205196956233
0.8229950750307068
0.8903072670143379
0.7563889434659123
0.19627738922959836
0.667141629647961
0.6442289430111708
5.637335012165234E-4
0.6346651063609879
0.19323626873519106
0.8082610398720044
0.1538234511780311
0.2679917171237035
0.9802793211816738
0.8255173947071481
0.8223934612112578
0.8501175644749903
0.8552886664145437
0.39777770626567577
0.5317959427231747
0.5029603404341044
0.5831334565423804
0.5874976403071527
0.12267254826544005
0.012738460206904612
0.13621284551940882
0.06128106377600151
0.6540708087075223
0.056743852458344346
0.2578614609753693
0.2916375108442387
0.6866375022041468
0.7866691961686375
0.15009916406268542
0.817709395785269
0.6803854661012245
0.2846122904434637
0.8069739197362594
0.1978452511075569
0.9110118483754474
0.2498787203350803
0.24087156242376184
0.7608368333952437
0.393298272370495
0.4370195654708081
0.9306450139112604
0.20322124389152085
0.13524513148701234
0.09301416434737853
0.557487841379294
0.6656732609397727
0.5124756396072587
0.4807356507864786
0.2602185899770111
0.18608677789292438
0.8584308143470265
0.8379774897350684
0.09744900332861117
0.28957191409346195
0.32250258469780035
0.2674232341103866
0.0781561361170271
0.3322244522727046
0.13245806556629558
0.8255272500396991
0.022018235502538452
0.8946601973312724
0.42931899948160157
0.9400344350162233
0.7686393964632939
0.631608121481661
0.057980439674896966
0.16422904653128445
0.9318246194078176
0.7184218348350567
0.309782570961731
0.6432652601064422
0.5113245716032528
0.011205812029275841
0.5273633148316607
0.9372866200365363
0.6792797021130399
0.3972215019924128
0.15724959884456535
0.8838294983017836
0.3525498316994021
0.6645197006648177
0.4156884216249518
0.23196982709065184
0.2634927371586323
0.5346490072492588
0.5215247831411177
0.7721734282627021
0.9612636059068094
0.6583281719665526
0.2772732177493584
0.09244839603142174
0.819763391713883
0.5832189397476012
0.35784018316580957
0.8696414714654226
0.14277615067671112
0.4833109586754475
0.030125245229411513
0.2888014598175509
0.4595664609037573
0.32964436774501005
0.7583314872850058
0.8075813238985913
0.8506792690115967
0.7411719620255833
0.5482458875250241
0.6529810515682255
0.9923059387325919
0.26740440915115526
0.7282324574950856
0.9243980798375119
0.3096435867014684
0.9907155693453877
0.30915811724260744
0.4407926388299235
0.6756904384596342
0.1534920221761752
0.8406133395691686
0.8992952337134337
0.0173925661331662
0.9186830431407014
0.9689237446780462
0.8170541547698049
0.23361355755836533
0.7640758882050069
0.36565136412266397
0.9569008225750563
0.7655516365118248
0.5616335379343695
0.5485984934095884
0.03363362067145259
0.16548467589038374
0.21451208219263396
0.14347176246485072
0.4069400331007538
0.35480492021510857
0.5139322856909847
0.15420297006885397
0.052897187308604265
0.9578019411457964
0.5723347324535023
0.6323944804616493
0.011598084408710463
0.879248581360191
0.5689127851866081
0.9158196877355619
0.5663624411410044
0.6776001520495881
0.8706179225353656
0.8071289284822539
0.7230034145450407
0.912596757079734
0.8360755568243666
0.8438001891230693
0.27364056689352634
0.6657362622200853
0.6344849451591859
0.04467219619767604
0.2541707599167381
0.08196921457539774
