958078
0.25462366202783293
0.4766566392093644
0.8898925003059436
0.2862196915492814
0.18452953419426366
0.6447963090341614
0.7112419405402358
0.21502486355271577
0.031666396778968764
0.23184678684592663
0.5093350514575928
0.5845984420792707
0.016053621413010255
0.5078381094554796
0.06786661740270372
0.8140121594577407
0.05111863566143149
0.5702598195379677
0.3741517319961355
0.017159149063682322
0.6723984185052998
0.6694387143870137
0.7682045765105993
0.1921143624617414
0.044028379317128774
0.5615855909357992
0.23044855779131013
0.2469958126107915
0.584363504742054
0.9611229983284942
0.393463890629164
0.6656429548097674
0.8969979169955228
0.5005806160378102
0.21595256633691595
0.3977219914650386
0.8942538391872654
0.6086703897196216
0.16707868257409675
0.41934188379333526
0.8523445951869287
0.6053925921865005
0.706196573561561
0.6448812739090346
0.8467913899591422
0.5423866343563731
0.4538721748928781
0.9109107462446151
0.12840000463173495
0.19236087339686514
0.8667058356181829
0.22999326061151137
0.9837691388808821
0.11452247709106211
0.6158040339304072
0.8990790325176682
0.12812751860599492
0.4036928925144302
0.409890180846769
0.0852130390662269
0.002027584599694099
0.06684802021984959
0.7221225396588027
0.9310672687749739
0.2573334868273993
0.4440217901571346
0.46203764847445794
0.7924617064831219
0.825671630758669
0.6313253107686148
0.5036402391215733
0.16195106978894536
0.05388009370705349
0.021914414765159318
0.2776132926326208
0.3149144203331825
0.22034682016997842
0.5903204248386186
0.3972280088612883
0.5688629535880403
0.3489038179460936
0.14010983040052905
0.023921497330598673
0.38165703437935505
0.4029006828552938
0.9232090621531622
0.7937217704216127
0.9174547974951194
0.653758578627657
0.22497511876638443
0.46809076793326587
0.84134823773258
0.7125761615305134
0.826752665582042
0.4327619880035569
0.8082123686619948
0.818629510770636
0.8235510418061446
0.6581599299038734
0.07780043080167065
0.18012833916655735
0.502595646607348
0.2393440857356558
0.686925986009003
0.9983273672006465
0.5269131060280362
0.49808233234721366
0.12335766170829054
0.35394127394508124
0.026895788173087798
0.59121458775848
0.032535041878604565
0.8608464009016651
0.5284057986689579
0.2081236043531841
0.1257494674920402
0.9854371192824378
0.5895583865926814
0.7534674679002434
0.4649392492752623
0.07357427536932326
0.2822803101679512
0.9941255192284236
0.8422829304755773
0.16656791061791276
0.08542335943489732
0.40785573132464403
0.8919760676871632
0.6625675773319581
0.09740615746262404
0.5374957112993232
0.9865088461274022
0.6506265089144085
0.44870839366121884
0.3035687560965804
0.7022435160876158
0.6318555080169261
0.12035981765779258
0.566834998625156
0.03859344556555133
0.895519323438353
0.5861622509544188
0.683488498786861
0.3414986276421742
0.6546132101756936
0.9376192596901016
0.8055131108544669
0.3105329653512455
0.540266902536013
0.9872214475765365
0.2917532565764882
0.6656093699138155
0.6773754760022148
0.5036458801700132
0.8003394506218034
0.32034499475860667
0.740749144194382
0.638497048455465
0.6296546671088737
0.5514702352463242
0.6144362756431341
0.12458035769648046
0.5905415240987368
0.8891314804634322
0.5576118876531249
0.5317515030030019
0.94578934194693
0.46702362766679484
0.2856954195672652
0.14090147912288253
0.4214422129933675
0.7739390008826176
0.7160605525651104
0.20367964635340952
0.2170554709137289
0.1642901462519425
0.8631709339624618
0.8734479805892841
0.9719701929350647
0.4884960137232942
0.31134630409353636
0.43131655672483205
0.5943229732924025
0.6980973852488948
0.9875572941316678
0.777371213651916
0.3181846886013331
0.06688647454962271
0.3897466748415058
0.5441223912457652
0.7329802274622559
