1210024
0.1693458471224324
0.8798044619590428
0.7575842807423381
0.048140124399776996
0.7253255093490839
0.4665988201824237
0.5171473404189811
0.738053353578233
0.9458641907485194
0.4790918549315286
0.16197577403702468
0.6666009813392172
0.8964088078521126
0.6245010149966823
0.7869331466308889
0.134819379695298
0.6359105326242033
0.2512011762165376
0.9296166746097475
0.9638962899212627
0.7081076168847721
0.8507686095726879
0.3296648824697107
0.49494919758662226
0.7534834561559781
0.10207204800215552
0.5976923792856603
0.23403008205252085
0.6995399980234969
0.5159248273198375
0.9120789371403651
0.577634974241909
0.7689084216047215
0.06824090168233443
0.4019821326491224
0.3795413159903215
0.886132354861907
0.973442368120444
0.9655784213746242
0.6823055130890757
0.9255736158734136
0.26611149172767434
0.8568530818670456
0.17806236072486226
0.7322038691840443
0.6486061800672956
0.9824717893025361
0.34677008674038823
0.7013350377747011
0.8934403869511856
0.30230054092409075
0.8620460503996904
0.19774438680342166
0.8522624239875367
0.40692048935283764
0.0053195759694151246
0.9104149069285841
0.4851666137036037
0.21559613006593858
0.7521516130810538
0.20246360303180044
0.46583296270110264
0.7908489223561176
0.2756127113718978
0.34821150278897683
0.25317776805606296
0.8526170618598093
0.01406125455515006
0.6479017464308064
0.8665171210420515
0.11003363043415615
0.30778808276400793
0.9315949604465252
0.6095096769757189
0.6624087167771583
0.5690512260844375
0.8825346059610919
0.9096613370550602
0.8918497267855857
0.08794949300717836
0.29855037992553934
0.5441200683283002
0.7050087915717341
0.23339783139522907
0.7740439353481118
0.6803770495329792
0.6335623184898239
0.8947664241937339
0.17641991215204933
0.6214851653957971
0.015698295406135987
0.7276633146067704
0.2765142057921771
0.960935226894635
0.04940041245118898
0.10197999992101825
0.4325253638483306
0.07249811012611829
0.8560230295656478
0.1446982598254426
0.2885484206109704
0.7303946640384291
0.7227797790071796
0.9087365041088111
0.7870100409279261
0.48094374198019196
0.28715507746801383
0.5993574018074724
0.5200787828782933
0.16865964459946503
0.9975153015421133
0.3436835326447554
0.5707167601742165
0.057484077222461405
0.6059261872962965
0.8123485797134663
0.8216408499021476
0.37114961943966296
0.7230037513182022
0.5198399762819347
0.9066308802732396
0.8100293829347811
0.004054233993785128
0.42454620534450516
0.683810825252645
0.675101232595405
0.33709241222418684
0.3902758946258006
0.3711787482731588
0.10184854916306585
0.19942839396109624
0.24188879651762385
0.44911552898477825
0.9299271440377459
0.34714235458956033
0.3060951488112873
0.10317246564995997
0.23861914444913013
0.2750601796042217
0.5822451889010932
0.36397001781705074
0.504218329276167
0.7862342477277786
0.5036022060385928
0.29665695453993224
0.011104566040177177
0.6699525925168371
0.7072358603671874
0.6439308683763068
0.05514790681062032
0.7929000714529431
0.08750209438537915
0.4001875050640681
0.8804082884970876
0.009926657766243019
0.016188602428951926
0.8828137939115366
0.45893450247127343
0.6360530002271144
0.31320005069347956
0.10020396581659363
0.2778132476249492
0.414220192413147
0.515742251126439
0.17184468617707527
0.23351334294940607
0.37730507703315463
0.5649582166648652
0.7665165956520533
0.4650520368350288
0.5407198119481027
0.4697127469164818
0.9010184961071758
0.5799774319449101
0.9488993574359997
0.1114064272955465
0.2938897817577102
0.909551271386901
0.9780208552499132
0.5430851694090287
0.01260511561085187
0.2737952615507434
0.41804627885964585
0.14887293749862074
0.94041159990707
0.8223710363742728
0.8686262744534738
0.087443159343078
0.4222155119371406
0.21363166249892407
0.16087496977733218
0.6368813710041568
0.3799415929165981
0.7214428425238409
0.7226854382449716
0.36460770456495106
0.04321157079860838
0.7205615414466704
0.3728534906999559
0.7037182599736179
0.8006601382077998
0.5368116452250069
0.6112491202945856
0.4885857565381774
0.036905422971304835
0.8217924323694356
0.10469231252505895
0.6680174286725853
0.6258250251384031
0.08458908020676748
0.3306371767967363
