1103123
0.46815624446074744
0.3626745949147363
0.7407724499697242
0.0959684640089078
0.4214353741792767
0.8598093582289816
0.2508532211954996
0.8730487496406375
0.5667732799862085
0.9813657452788613
0.3775468686347042
0.3277537381437744
0.6846118258205267
0.9311553876939679
0.9053291339777602
0.5728006891557942
0.4415993591792424
0.0022922679117529654
0.726946977788156
0.1089194344871357
0.19439169147499125
0.8829003931534999
0.983872386150043
0.8226738867015513
0.31294887180504316
0.267801800699518
0.18268933500862672
0.1288609337651233
0.2696296778365235
0.7862079831125186
0.12295368476864577
0.9293931925507797
0.5052184189023526
0.6338522232471474
0.5693790553427629
0.49295675357955737
0.22822141402803953
0.9590900331287675
0.33539114212279975
0.3863692295969072
0.4916613714661979
0.2712672365857045
0.02649146882292519
0.4952742223094918
0.17460555167322767
0.2044633981505728
0.1852782550322195
0.4217470545121673
0.016120058883825616
0.24805933738346253
0.18958213209646102
0.003553760357568825
0.30454536134971455
0.015551046229147714
0.8671941391707824
0.5855202302688749
0.08183142394242926
0.7773916441212232
0.15313810585035825
0.0777387887492319
0.8967229871453594
0.8632094647144616
0.5008096445992055
0.9685823839773128
0.16416323060031535
0.6894657854093857
0.8498546603865745
0.6728777786519423
0.7700717618168947
0.886210967433352
0.32418880751246604
0.02088481483033322
0.6263214826639398
0.3159937394284823
0.9015211788894611
0.48571483559737016
0.8758708278019509
0.4792968480473715
0.429634987147022
0.24850560888325401
0.09651316901126461
0.17527305051905206
0.9040656498982773
0.40985919331308873
0.48246461723170997
0.5811623916043633
0.20224283545299115
0.05240207112833106
0.2505570439196865
0.7691927444785882
0.4230547351495699
0.29925522004458127
0.28882782823762443
0.3724244092448121
0.801353026975309
0.5381617288912622
0.8150976276974867
0.8611025966655882
0.44907746730754106
0.9152122787091126
0.7831440672161432
0.7636715940104069
0.5368333760121504
0.005599717391936987
0.4835862237159282
0.3382581327800428
0.08909006309585654
0.2277433272391962
0.9117367844637828
0.10850517587749553
0.9305721717670464
0.49965613150227506
0.09062698214660714
0.7586875655388873
0.8379583982754969
0.3030276977538099
0.1382781772017767
0.7300994391664564
0.23993055177321898
0.13045659876756477
0.9315539965373264
0.7741951787862607
0.39602567857318405
0.7499152602999094
0.8896335615136494
0.3731956317369298
0.12415545791797533
0.9604768802765233
0.7026413830138895
0.9653928452317024
0.898710975143716
0.10112661613698737
0.6092826848262941
0.30439338642471403
0.30397811493199745
0.09287862128264124
0.2572509458330142
0.5677281092980199
0.5089580323583989
0.28442054290654606
0.5666386959872443
0.14922925805869824
0.1536528227944587
0.3281207451724313
0.3291078638964887
0.2303875224630484
0.4715091612261677
0.13725010795336845
0.2219838582174859
0.8115740423080876
0.648857562249171
0.9618082054419783
0.7822074055925244
0.4232678639034123
0.7541798720510908
0.9663397617076129
0.4027888194787984
0.2409865798119596
0.09726302096046224
0.07357629590983383
0.5565697175697204
0.760367955750874
0.8875761165735735
0.2212519963771744
0.23410949776822576
0.9840518011415159
0.6511629019744398
0.5203390526130846
0.679746233196139
0.1329832735782548
0.8441369384830836
0.16237181558190683
0.9394689455354703
0.3280871469583355
0.2865253376243023
0.16650998766147085
0.2388617001421287
0.6112014860964687
0.990159939315119
0.2151822967904029
0.4783620179252126
0.07925680151951009
0.47557838114840456
0.10918161756134404
0.6754548617222977
0.1555590978115592
0.28362336369721186
0.41945057481043024
0.07422171231712205
0.1953284650025855
0.28291681022941717
0.30974837444637315
0.6786831359378126
0.11717529627510748
0.8471009605969136
0.030468564787426322
0.32224381136156055
0.927058334423992
0.826231374297946
0.3899372089432611
0.010094116646412576
0.4273018985040903
0.9100235425846698
0.4128204779850778
0.5380000239651832
0.4149341193575181
0.8815948510911423
0.9834067552465404
0.7141280821598356
0.9263559420551599
0.018013862469111963
0.5849533151154578
0.7004317317573923
0.9715077583548245
