970601
0.7050259020038926
0.7562361113033863
0.541559966215291
0.6519171913473877
0.7081913671431286
0.7160658992747255
0.4948335558159779
0.22855873791196757
0.6620309300447789
0.055515897425435834
0.38861239691114524
0.17629530808041816
0.9564759210644391
0.8574227864267083
0.26589268472795813
0.5951765456801833
0.5395004924342938
0.6859366535275326
0.9337807661347586
0.8678212320715911
0.47800729061317915
0.007149489507062512
0.6118820941561278
0.47039821309274354
0.08516808755609429
0.9957126390368575
0.19617732661735754
0.017264495168228255
0.4684947153664041
0.8986186386718139
0.6305946305544786
0.7879277295780995
0.17652409304791106
0.3516336599115213
0.7531148821195822
0.17337880054242383
0.3276958871728317
0.43561655243582
0.7520252339248451
0.5852183071021433
0.9943112381620902
0.011362067482276084
0.16483210025105666
0.03603045696100038
0.6784661713201762
0.5266859950068637
0.8429778370233746
0.4705023881100344
0.4487693546254775
0.38580434853914114
0.28569147936953787
0.6205681703281943
0.5566722337287734
0.11070336899180544
0.7446016873848489
0.01070130173180317
0.9302917254745943
0.032864843346214756
0.865085183286393
0.6161539124869262
0.6038334714873927
0.12496563682104356
0.7929208635269482
0.4288384971129702
0.24348220373739993
0.95848471048434
0.6841808100555847
0.4065004575956882
0.36748495165478456
0.6502615424968177
0.2823755724429502
0.16526623591085599
0.8135438497754416
0.5912877832460695
0.04293636384964916
0.9058544653343382
0.753960530022678
0.35500167931384785
0.6424644850187676
0.044319432374194
0.24830546369548478
0.3698508973275121
0.17261146465974364
0.2350724079865557
0.05203744782686692
0.011806648861721558
0.992712513328482
0.548775949104312
0.6812982436412836
0.4948610960250329
0.7950469679132603
0.20963598180425724
0.1369807535456885
0.5403577100920159
0.9907628702873783
0.7803574311592887
0.4690910573877083
0.7286849221706793
0.7646309372396248
0.8529249026672302
0.6967829890599702
0.06382352703823091
0.1772224298910282
0.7722935370000015
0.9080101139802308
0.544821909519465
0.9099010332983223
0.44665650570142157
0.9069132843254694
0.7535103096971644
0.38014990758421163
0.7597499704114723
0.503561989784113
0.5801764632957159
0.7206213517961676
0.044141146209844884
0.5075800329733513
0.6723808005243049
0.9283093477043718
0.3473223731614634
0.31300956983907346
0.842072501497476
0.224014436295785
0.9106975169855325
0.7199576193361406
0.3535435285563093
0.008277810114925788
0.22423907985363722
0.29748480008959044
0.5177267652352648
0.1129354333442707
0.27198041806086504
0.2897400399970763
0.31680346539400617
0.8142858842079603
0.33583463169006633
0.23905842576223602
0.39409345545575314
0.06416874198101696
0.11133373093612331
0.9929557278412441
0.3596388331154723
0.029935377343857872
0.7667106416430709
0.17082899613877212
0.27411588958314015
0.7758892128018043
0.715130507799521
0.3964199519501148
0.5743248160418264
0.8304354844284558
0.9901604391935497
0.831430448165723
0.40371698060917494
0.7019154690402248
0.18082727683981104
0.7227450215727982
0.7611886658478071
0.09717393816411402
0.8018621080713868
0.23682918422904464
0.8343693419199941
0.127569589020466
0.5209075248982302
0.1094681219516348
0.8727534387944702
0.6251006745250468
0.3174945237953084
0.791789749959251
0.24268682439855715
0.8174209729516136
0.4366578649010451
0.18339382085605704
0.9345326242843531
0.049993509343000286
0.6692892986387211
0.30754128900421096
0.6570378947334005
0.3919753499932477
0.03708816463382292
0.025143124060670763
0.6688735922834892
0.02344486609734675
0.08553800931791755
0.9131301038410546
0.8682167778854738
0.18160136877318833
0.47516016986672105
0.1491094078371682
0.47829476521249736
0.9463195742884918
0.9250767455218557
0.2793953069601488
0.2617134898626109
0.9147345994607581
0.6242770381285737
0.5692442531138852
0.09775815042541469
0.9917422313677713
0.06665895219266738
0.005365254015314069
0.6900760653989021
0.6372638550216647
0.9504701545594861
0.4268898190267948
0.19950110124728893
0.8231759285779447
0.5140077378818126
0.5657133867470416
0.4981685251916672
0.8499568790691333
0.4277984296588505
0.6022743870561155
0.10604932683995771
0.5359059417930658
0.8216109961232491
0.19379256978768455
0.3877271472380034
0.2929588616595016
