441589
0.9099228026360467
0.014522752045029064
0.8572051274067234
0.9998210096699576
0.7566910634830628
0.6634115012193623
0.13959595816782666
0.6500732250637714
0.1542943574050284
0.8855690357081214
0.44462490576487934
0.10105429711330938
0.11297169302446763
0.8474702096541157
0.814227417834764
0.4996063461229635
0.4417415355093609
0.6045662013110926
0.689252012746417
0.8136788157266924
0.032981206330566226
0.5091711592335657
0.43497569319897067
0.21101457200060703
0.8833029356479838
0.2811922215700061
0.5126176961632151
0.5119620969258459
0.608468515534375
0.26821101504806655
0.27505426187391313
0.3356076449345541
0.4282548459211388
0.00924097409815472
0.7484118209466512
0.4431235293690574
0.8055598492311153
0.8933528577957328
0.08879547251049358
0.9720737964416414
0.13603453215558736
0.07752754508617066
0.9583368360978795
0.9844655867015977
0.9102047849245727
0.4300120155852232
0.9562909306530659
0.9504825704205356
0.9032764126034478
0.5404052829990347
0.38401973388122856
0.7170327365024056
0.2709322835218868
0.04227940857869583
0.2599195519424957
0.0465886292725648
0.7820301082942737
0.031072515487970298
0.7154754684942022
0.007329943956534635
0.18293007286231378
0.3250921661528059
0.8720964279769914
0.8732107089002731
0.6529185325630932
0.5427553427348366
0.7080608695342537
0.8251044755605013
0.6311191291980989
0.6560935983435345
0.5563027530380759
0.6864927124726428
0.17494402576733004
0.7332753134412581
0.8436515776077541
0.0633012272647625
0.36012618668356755
0.6779389014668309
0.8423126702673295
0.4578295125697913
0.5898926352260646
0.5695307389643209
0.7886360939217476
0.18575900971811654
0.2562648617122327
0.5462579788492732
0.8440659015407267
0.08319526945176647
0.5438068609251541
0.12916428221982423
0.6606721608641345
0.2517922408481259
0.5517948897181261
0.29505212814607273
0.17682967562673568
0.1322308976719765
0.637021657730097
0.11012729579670821
0.11808768008872816
0.1087387904722058
0.6868230616062359
0.4703371278216463
0.7199638425155742
0.3583456357287116
0.07786427096941262
0.6291083020880073
0.44397778321075776
0.22706405081146297
0.4219999988278882
0.7263966354705719
0.8670464284427727
0.9956724139130754
0.2908425452986537
0.16848075992698186
0.6722438750251843
0.24267989182545668
0.21756195779383236
0.6633789035869393
0.9147288195183421
0.9515047184277415
0.39252475823355193
0.012691425896745545
0.15443349171077803
0.32670400814790235
0.4688777916189494
0.7866835578651183
0.961437275517089
0.057722523213696975
0.04821123208800593
0.2322538178982837
0.21176373590321862
0.30652444062776085
0.04841097505151748
0.9877868953269028
0.5015337331115209
0.14624055843957684
0.5158251261620305
0.8155301711607159
0.46753509198337484
0.09913691326863638
0.6099665819013956
0.6024272300651129
0.5921715610236772
0.22565162349275125
0.4120968822583744
0.7060658582419443
0.4546106931928581
0.49243695095481055
0.32402517387831065
0.7303373145730047
0.5638324335450204
0.6742374105921375
0.9256092159972749
0.2285264094854491
0.14506385858563253
0.44260570136893584
0.6622135409159622
0.2552289550771596
0.38986536314014086
0.5713116548453566
0.16343064877791158
0.9891592457216848
0.343048351932014
0.3311187639465031
0.8062568460347533
0.20167028555172528
0.6506892173733703
0.4856213422578739
0.17518208721808515
0.8627683924682719
0.266556524655984
0.2818918343150364
0.2144633730930472
0.34803298403611005
0.9074157291211715
0.9766117401523042
0.435092691446864
0.5763035989791643
0.6001173673176035
0.7460032142778086
0.48215695202356745
0.09927030801154624
0.26321377008420843
0.6673470565522491
0.0957230457347863
0.3270049829144962
0.8209068899146418
0.252386846288678
0.3308699683893631
0.5762974792538251
0.9492924269813781
0.8515297341101528
0.253748926182669
0.9340388465061484
0.8925467385551173
0.8463992897550995
0.4556267511918952
0.524215294800436
0.6913560955419108
0.9277209698772985
0.9172223862418544
0.251846529585545
0.6208528843675273
0.5486659449804087
