1541483
0.2655784815617318
0.18580979800872743
0.9180600782932837
0.8543751463410147
0.7770842138097275
0.708891513486787
0.9722579791269476
0.9876150930581205
0.62594186231165
0.9555680036766723
0.4819075221458682
0.19688879071729348
0.7856802810821033
0.6313182718242825
0.9998590037956473
0.6613912964028318
0.3773676803241902
0.3653792484436549
0.45910268728516646
0.29914841236301304
0.7123517907852002
0.5872171497877325
0.5457669356859443
0.0951444583227492
0.13747157065654836
0.49091384171908237
0.6649591299065934
0.11107009045642979
0.09900726808850824
0.706204850767885
0.11814327811890624
0.6670863932734068
0.8172793371202037
0.04753597773130025
0.7049346030398209
0.20807574492829184
0.7683286962810968
0.776560866741127
0.8744823318738266
0.7114820624453448
0.8413719598975727
0.13837642893266955
0.40598024000371125
0.9611706684739393
0.1454122684952176
0.34468936136502626
0.4947163727144176
0.9519851309778752
0.6361699595390657
0.892994756329889
0.2343171297538874
0.32600605172669217
0.4504185233174508
0.5181980889761023
0.8611012615430579
0.6727857493769481
0.4401602913607845
0.6821596736922542
0.5699186303655246
0.870214734199192
0.1220791791293967
0.9157637675231824
0.009325809325359757
0.7045692252715403
0.45833126054453566
0.3425172775364975
0.056894416199432585
0.08900864931579011
0.41288049542995475
0.6770238541686789
0.9645789900924854
0.5128808896766232
0.28580591118661103
0.4137723736913971
0.1403994700451341
0.868628924804375
0.34735515520678806
0.9070874269385829
0.1445063834028255
0.948018514837794
0.6641842958295906
0.8100857967005372
0.8764786167407578
0.8097668118034492
0.108102448077812
0.6609385287496674
0.7191658070692425
0.9267068752899761
0.811061745723236
0.11506466472002597
0.7378164408624881
0.7774854509440129
0.14228889313799886
0.3267711326445225
0.20684638259861687
0.24154092076289257
0.9094577005021138
0.7863933297006195
0.7677738096741609
0.33019319431836625
0.7713500003252663
0.8574561070330917
0.3479404003389225
0.5382415117253273
0.12441862458748087
0.8573874981551296
0.7062916547708411
0.7176324285352409
0.37256597573500727
0.6702781350592196
0.19437716984375553
0.45111618826650635
0.6839374588459146
0.17843329665044871
0.45252556340869343
0.3168842702425334
0.22170562806356098
0.06360473196770655
0.3380381715464621
0.8628157364097419
0.6551261428913591
0.059959547983099215
0.6719904288708523
0.7038020699975526
0.02311715999672226
0.11216612978435825
0.06265170867701975
0.6061694917180425
0.17448606703288716
0.11099425175441169
0.22734692065317008
0.1648406448127938
0.7286313796550015
0.7110955990456831
0.05023306193958832
0.07971715975872318
0.8234852160007523
0.4333490785946623
0.988869240479752
0.8329165658749073
0.8723264304615187
0.329177505302402
0.7371639125983245
0.8178823778769809
0.1072305267985475
0.8451902838425902
0.7059257487314862
0.14880511088865578
0.4369872139735168
0.8983625387134558
0.7399180052999271
0.2412646269489669
0.44678696390269734
0.09097643405656686
0.0701133851146355
0.7961246301616097
0.38232518101246404
0.6795603109051712
0.07426300570057753
0.5816001498439125
0.1151045117102979
0.17903491087972
0.1452970104923822
0.5615765588446348
0.672475533292878
0.04490531576816936
0.33935265166220674
0.3911274682146605
0.17484042486427254
0.2591450976749514
0.045295612402383
0.7247222177302426
0.9813365729520873
0.6906230422828371
0.5959726294705848
0.5296245913729427
0.5461098892973213
0.6129842337784887
0.387815504854947
0.7430935133684079
0.5785802744811379
0.35414679160756624
0.12723114940780156
0.034910071444459345
0.5746293499372693
0.5619521939198656
0.020144327679564533
0.28186156321448874
0.7298552352721464
0.9142356795904514
0.6280878742384122
0.5020075282008234
0.5037200177907821
0.11048284022465182
0.18880185178705322
0.5324766580271543
0.22473633285945138
0.897544749077908
0.8631636313382134
0.6291453899323137
0.6502564082440435
0.06875659314892602
0.09881751497640057
0.3725857166919908
0.17089578910452907
0.3268348717201863
0.9886609014163807
0.11725595019617896
0.8008861077223371
0.32456776629978656
0.9091214080784712
0.2935510246471196
0.5791107102139438
0.10371427274108003
0.9241300792272791
0.413400058134752
0.7413698373030283
0.6904519926442252
0.5866831129230075
