547283
0.10824195497031353
0.7005153565956278
0.9948050674142006
0.9671972250401613
0.14940043062713404
0.3896023524793223
0.9463520262974275
0.545756528511262
0.1054408887260696
0.16742001835639875
0.6352421407637695
0.6812245409291486
0.5748224845795862
0.9562317889916679
0.5358516425783909
0.7349032577741957
0.24480578751370097
0.636634921304857
0.2944265739127505
0.7669313859221801
0.7941111800336025
0.15657925175398846
0.3350307077616691
0.036792358700841965
0.6986019975542592
0.7586867034941837
0.9957549203825286
0.5217830743302733
0.26723626153267
0.6071943186140176
0.3541377951083583
0.9011642480643587
0.7423723893372237
0.9906770149882179
0.45826533739200226
0.8295363836875808
0.17746689836148977
0.6730924969819674
0.314339779330438
0.5365849292882177
0.7878933106060871
0.23594284079101235
0.9725822004198429
0.473258563383148
0.14837023548426342
0.4748338783554248
0.23584361265399267
0.9665812902706112
0.37353071995050124
0.5606352465566107
0.45117917262761587
0.43493056141890696
0.3321383425019443
0.7056341306034514
0.33188583972871655
0.263529228853456
0.25900667520106724
0.40500998453701376
0.620133793848557
0.7501970412651935
0.9449831288143253
0.47874345608578905
0.5664021983956863
0.18545502849907658
0.25844958624128656
0.12026583263569679
0.3197991412868315
0.3095466982452837
0.8088025451619246
0.7282035795649888
0.016241488657923964
0.12433600088765717
0.5971743066056058
0.18858278621011593
0.6594577929883194
0.8177665972349621
0.6702304796134755
0.8707766064293203
0.5703671263078938
0.19491389728626696
0.9732460137830032
0.872459161695884
0.20640480061873379
0.15664661745499386
0.3265079823674112
0.623332138147626
0.9189019100741497
0.16954384825486835
0.8459883429466277
0.5610925028224846
0.7003846134481725
0.6545113668108575
0.05791997881809563
0.9103592713910746
0.9591232593220177
0.8379079112758101
0.9198119253703961
0.8552585056780515
0.9239500318041896
0.13706670912134455
0.060662009175366904
0.3616119022700658
0.08865815860583914
0.6662833142391742
0.9472798005433911
0.9983669280122779
0.8476021592655101
0.5237768154527996
0.6132618159490257
0.14356974838052516
0.7933864990477915
0.7161989849695762
0.3905602483371723
0.7945478288513041
0.2871119419839969
0.593363382915087
0.6965658749005535
0.19523641429081195
0.3869580850095773
0.7968011611456469
0.5552949322610806
0.2585604836260753
0.5950571145503066
0.7666325010540004
0.1954287858405579
0.9983253296457996
0.8230410024003739
0.7499638076649237
0.4212298336404394
0.2645919616325504
0.10586129491623064
0.8108333644582661
0.5714610837833216
0.5677550860169261
0.618568916429821
0.9688729598305914
0.1336307332489497
0.17222579813250027
0.528683458544014
0.8214419941807202
0.9580771869089576
0.7383601114242392
0.8576095934098953
0.6902136503692257
0.08381591828736712
0.6738022033053108
0.47532048034189844
0.24772392612345218
0.6205228608424426
0.15133984915019527
0.2415820378070649
0.5305580265180837
0.18837594969582105
0.5333806413767903
0.06257796835751817
0.011649030449631836
0.23775101079065708
0.8243902432094399
0.40007303081264
0.9740275163336539
0.9559103817586937
0.726914586196031
0.7912627889891516
0.3649049842236183
0.30781290059811195
0.4128322739563641
0.09870998936771513
0.501826769688558
0.2924876238401739
0.36397294734547303
0.5174362899614864
0.5393946866344557
0.6119173975270058
0.15308140306988027
0.48872442388335857
0.5121889618014337
0.024893969475542566
0.023514787732161646
0.005261454957297573
0.998386521394198
0.369092779078499
0.37228090029041794
0.910918359755731
0.7022341537670188
0.7809709492363676
0.8709961301176916
0.5448179382251157
0.8843153061592499
0.5265632628231638
0.6964132004828456
0.11203263785252049
0.5341287848863924
0.5689475641681038
0.7342496850253505
0.2052198336490827
0.5547858286444901
0.5154468083190291
0.6251053869295354
0.09006044371776034
0.38424811521757063
0.16518082239006138
0.09730666499620289
0.9383668376425117
0.20624346456169507
0.0069592996578394795
0.6110277739790856
0.45658507628474887
0.4049284756445428
0.29620957808918313
0.30140577382391853
0.7765701010868709
0.8820190100125855
0.3126755933509098
0.28359820539482483
