6659181
0.08863532384856976
0.47691162404969856
0.12998207523686856
0.09809124327283436
0.660202808520315
0.14212793700567272
0.30054445929419715
0.009843876536938079
0.6472951002705553
0.0657337418575169
0.38767518373790355
0.42751415129093606
0.6573372775060452
0.9083222249431131
0.26720711551394827
0.3954852815540133
0.1782656096035331
0.9901884112364507
0.009497507438322672
0.2540863575841551
0.5654460748299329
0.7482166021865685
0.013300960222256464
0.2026851338494351
0.3266490204925151
0.2817457489622307
0.7480555995415187
0.8663166307142386
0.4132184431389567
0.8724698769840581
0.8707854928185721
0.4539354956294289
0.05628225727120284
0.21021039026877597
0.4831152335362726
0.7133411065095249
0.6163855479694847
0.007294208899294663
0.4262588665176802
0.11434123523081752
0.11942010984490126
0.7828210761630072
0.6147016923911743
0.15082551301998737
0.2681635322197735
0.5632910274882619
0.501547118597052
0.22837838363912055
0.8186973686803319
0.05889899386768083
0.7225793776499584
0.42072089076598784
0.265700954007559
0.3085768084464071
0.3143470047282356
0.014470236673617909
0.8106470897284302
0.5379717031832424
0.521108413983183
0.6071356088925055
0.11598092866259224
0.6985132661425286
0.6692495248562869
0.7502958960342228
0.34981544006952836
0.6423454552593891
0.7098219335788624
0.025909898257980735
0.8510338306727913
0.16801588473071527
0.7014153387131246
0.6757699419096884
0.6925882215602281
0.3702883140076447
0.7997717792702826
0.7859196984346086
0.1640259792291333
0.32077721858579733
0.9103201619278645
0.23011241271356198
0.14508833940356614
0.726800352943156
0.532746286184405
0.8530273177170464
0.514434590708525
0.9100097045135102
0.5614154894139676
0.3791432737314523
0.2809690675145904
0.7638098402087288
0.5847617036228242
0.4644894039676123
0.7127265061681202
0.9186698395275225
0.7438238503575876
0.19411804147127043
0.5202355969998759
0.6177559504801706
0.6147014381851215
0.6525058240987689
0.09261246918437183
0.04623151387528135
0.39493575405495196
0.57232201637161
0.6749886107255839
0.47805900925594236
0.8241246823842503
0.7537888339470151
0.9130786317006775
0.8300002962064024
0.20370613367035184
0.5090026490356774
0.09158551889991184
0.41605485603269754
0.5770801969235905
0.1709683205813609
0.5786734372252487
0.1488862472922431
0.017101358884499374
0.7555632151840957
0.14191806619094094
0.7814690080895849
0.8709965406182653
0.07195043793437861
0.7244876497122859
0.6414925665425434
0.7587373215547784
0.25189169645262477
0.9514822036861622
0.9920071553239106
0.5758629108077367
0.6962511704617929
0.934818923297349
0.24018516330412476
0.828115237587111
0.44774508361388055
0.7409552117544053
0.576747325715627
0.10131971396619521
0.2953523701863294
0.4353690253854392
0.7259931154931252
0.0028314969512734933
0.8403660711076232
0.6652991608388342
0.3069615033090971
0.9832932118307844
0.9484388329225175
0.1589156572828636
0.45142273879205996
0.9434325633107373
0.4173429077026214
0.729600523200286
0.7139149026021642
0.8260288919904526
0.4869549530865568
0.03850051954132905
0.9023460508229754
0.7209670620549968
0.3400060849198041
0.08501226281716068
0.32958088990115464
0.18789871400383995
0.7410434086845692
0.9742842668175049
0.7847600199434513
0.043097458479059214
0.5222548680068307
0.9596203363240483
0.6031005865580601
0.6772016776921613
0.7872929369646899
0.22830196088337973
0.5417934307422854
0.24145284748023477
0.3677746806914577
0.16780825344195593
0.5445199573269801
0.29062726626303137
0.007423988560152139
0.867869919878892
0.41878659686949815
0.41514656118785576
0.1617837700895235
0.2518233281373705
0.671966533956753
0.8220732894009868
0.6573106540149749
0.8333350074825442
0.01966052783727168
0.6034740847150578
0.0667194438151143
0.05564753899506325
0.6584224066400356
0.6048298100386298
0.030244432092441653
0.2031352604428237
0.0057370108269512166
0.9820587263705655
0.5670429032031079
0.7549251199107201
0.04473643155235918
0.26081721609511765
0.29963345365582505
0.7620095904275551
0.5467871883140207
