906523
0.14049396476847764
0.08080301784531885
0.4215413168226252
0.9345076848498322
0.461863491176699
0.44928903213926397
0.17513470745092952
0.3890086676998591
0.022607544064511043
0.8403549475442109
0.7054343365184051
0.8554990815008572
0.9619470918288461
0.09648853477923625
0.030041766266468706
0.4913794457863214
0.9724965864596511
0.2566693077032397
0.5969334296179218
0.32605102215077963
0.9934411192626489
0.6647194073895067
0.8553831685284762
0.5832606261257142
0.12295476488883239
0.16494695494684863
0.37019834453990386
0.322083152568836
0.10175643477380603
0.9075551717295958
0.07482752488575295
0.4863826340529498
0.5136297387751779
0.8011729634437642
0.24100312444461502
0.32336279189573225
0.8771738788976863
0.013032290150561954
0.7320548428700817
0.372748932739445
0.013741144940883077
0.7508007898437801
0.876263714839683
0.09518597994602662
0.5235987880875907
0.4859680188075074
0.34859184685041966
0.13987339219857509
0.8095060423427369
0.2377374305645379
0.060907150654941455
0.47092806248833663
0.4699942949651603
0.988555391640547
0.8056764441076892
0.38753654812687466
0.025755173843185597
0.7809661993177908
0.9254901613112191
0.9676822848119088
0.614830358934148
0.7937432899985251
0.30177087015174464
0.6803565664511084
0.5158255951938793
0.265544602822422
0.3770022229021659
0.11418999677459152
0.7219680600332461
0.4446638429680241
0.028028261748872296
0.06825835643273837
0.5356786896266676
0.9376068357031062
0.14553251293947
0.49809694132246707
0.18487870242867044
0.9096556060558426
0.8041597819673624
0.8598842838148839
0.12598150700348798
0.020469649421805403
0.706411346065392
0.19046562280940205
0.9469432005832027
0.5443636418584061
0.7586568625685903
0.5857262009771961
0.3572759111051298
0.6877907952119028
0.8770105809952499
0.6202141794079041
0.2756518882468073
0.5411582087206227
0.40642919225851215
0.9174450352485038
0.67062975269394
0.5686279744150076
0.6152393892735892
0.9485915842175434
0.9040372361045483
0.814649528682086
0.697263783939077
0.9555314393602647
0.39783879701281977
0.301052624720911
0.30034505357615804
0.904907497636398
0.3249451435026025
0.7659965898669328
0.7704912950751612
0.640667789923133
0.33000370796948486
0.5337601094005818
0.7600262924623657
0.7075296985549107
0.9266278400206117
0.7285747695577439
0.6570591883550537
0.9200003935827107
0.5315456302104409
0.8986628296136462
0.9205094798157909
0.525237472336102
0.26316654773879433
0.318726615103208
0.7536644236760546
0.47343281656865643
0.2654364661029164
0.357580399944072
0.3397194116016561
0.8538684303686122
0.8257797336018865
0.2955515350498762
0.9673851874339381
0.47527892407214634
0.3705504866775946
0.9847748906671984
0.5311896577281959
0.6493892379992102
0.5689533611055932
0.33982516060196266
0.28913753667855335
0.30366501554598135
0.24227179576056712
0.8006342112292533
0.8337229213593284
0.034034471169901326
0.9105332796299401
0.622363442009261
0.6526603210040435
0.21278052979360185
0.3680053135027278
0.4975174682998966
0.017970037943084605
0.6447729437000681
0.7028904540186631
0.6648805375428933
0.7850278981176046
0.24761105786966764
0.597334365925598
0.013805323402521164
0.43881818920062976
0.22261006010284656
0.059119787699763116
0.5093463437779309
0.06473747492480719
0.926960346182297
0.14927983254501276
0.8691442409341776
0.5923274677926728
0.30195492601486373
0.2778586326006597
0.5462417021066472
0.5389761831553944
0.5741851813427171
0.26237944520023493
0.020689120837531494
0.08867998278373923
0.5777720541138223
0.941001318356985
0.7900422967109247
0.9424819809103874
0.4378517686601625
