1661970
0.13258421748611338
0.22030657657532537
0.6138495755716755
0.9930212521051192
0.766851430010893
0.46074401135507737
0.3611596391661548
0.8947475387230992
0.47783386856376986
0.05400331621452914
0.21722622061035712
0.3846241465075919
0.6589137268186906
0.7720376997332568
0.49471336522832343
0.5017595705230775
0.7751599804805883
0.5637747627995466
0.2861461955971216
0.4661860029009869
0.8350538858845659
0.0914660559853564
0.6482347972847015
0.3615070432191866
0.702947629683022
0.9412193012734221
0.14395123067645466
0.6219996027959019
0.27047608354152464
0.8562862103777387
0.3809546428259615
0.7161558981539939
0.2329446154828646
0.31454657042436407
0.2588699272560071
0.6775986534772555
0.43070387187615644
0.0651441534289009
0.30003992087600007
0.7990570216807159
0.5941262681824341
0.7880818339149183
0.7312610128197441
0.1487549135194598
0.9691291069915302
0.5129150082538687
0.7791937295752714
0.5283681787800311
0.21171969079717834
0.2208523250451292
0.6720513006803697
0.4462880553540757
0.5367698120346133
0.4828379096755192
0.3282969659978554
0.3200526662473796
0.14961886949898429
0.1717967747233805
0.6947548519034588
0.8991035649343752
0.7708881718387076
0.3107362885759083
0.9664884682097403
0.5553110526715493
0.37254031512469377
0.6384960596161685
0.5500777057956666
0.8000410495999184
0.7132095629378785
0.5884165597123391
0.1587395663003538
0.9695532392093588
0.47564251936946
0.42933355090340486
0.2768689870827562
0.29088683707426977
0.7699607837936683
0.4183457220879804
0.7691486461970412
0.7999229993274896
0.1417297607294934
0.8305764915151254
0.8229149074699224
0.980151629390067
0.7561647904925924
0.9804842704410973
0.274684554421892
0.8915392619426191
0.30347670083999556
0.1332126885174849
0.015385079924210232
0.812191652309974
0.45703817800559343
0.5918290733409053
0.13851743060699073
0.011164479239569092
0.43694053530958565
0.3984376860141826
0.5888162699681239
0.18030022511949428
0.44032630646752413
0.3357238083784987
0.6488355577664554
0.9932519943865036
0.15050625147548125
0.715792102439366
0.8058947817638747
0.97438618541364
0.28441718044269393
0.8314996933434956
0.17265577694957068
0.49037781154044624
0.9225562803493912
0.620288533038047
0.6067361872535041
0.1694713826614931
0.893690446550881
0.11991187345764798
0.6455767454196685
0.17405589550131273
0.28800098511803796
0.6230120233280827
0.2491778003950862
0.8714806203864339
0.6476024348634745
0.8764573283085324
0.33309665142064937
0.6273109462629486
0.9689154966666235
0.5261266491703995
0.9911746023871705
0.384992967938642
0.5783003479608115
0.8154240674932804
0.7045666615755203
0.5395053418897354
0.8625350312722383
0.1514430679446367
0.9597138163307135
0.01660951893773155
0.21168720770381633
0.4371839614426172
0.6241202707696689
0.8511554433388235
0.8048617507927454
0.9227410768228255
0.1776613659051618
0.1241541006998289
0.35859369515033324
0.3098368813754213
0.22413297146273226
0.8416991864051919
0.6024349527454305
0.3093615540707584
0.39953467597113046
0.29600527967516777
0.7795787429368416
0.21210122482501892
0.9876201729515168
0.13820333477823032
0.7283275571765807
0.800046091453674
0.004247496570293552
0.677724417815183
0.38224351098245013
0.8990011782393097
0.18872251855578326
0.8837430710386843
0.7252647816864635
0.4669366701588161
0.9642377565517806
0.2982273516207874
0.8318100861728445
0.862892899676922
0.9155509539080807
0.33587363107598567
0.4268810816013464
0.28051834904995343
0.8544993736359723
0.4807782954672858
0.21023769029073747
0.40229573482468406
0.9828168482505625
0.5976192879120932
0.6145924793811661
0.7764921409418418
0.05463643386310313
0.861343177898205
0.39364648795106294
0.6806224603296597
0.6057551745415709
0.6026971649034564
0.9965718080898446
0.8389723970917238
0.8644317406863029
0.08334801112944146
