2809229
0.3807401386390652
0.5988769397692626
0.5303527860306808
0.740245244336012
0.2888399104526965
0.33842797180813355
0.1700003217713113
0.7969968212202145
0.7140119085831095
0.0749396661471109
0.855680996378448
0.8673154482995619
0.1200286232424227
0.002161514519922969
0.6837657073548533
0.7782774917843666
0.06022358738227662
0.9940689546692494
0.3992178598665085
0.9155741049996335
0.8300233437275713
0.27464645608314653
0.2033329486581562
0.9963368198008793
0.5472264867149756
0.8731142033623462
0.5028145753044037
0.14171333012765663
0.7213172434567061
0.6110068691961158
0.9026310042604876
0.005078905988224469
0.007479873670550807
0.5226680194514363
0.2982941987879737
0.577581479748662
0.3773243680983761
0.6800811717846578
0.9789185829261761
0.6844217947062231
0.9371522042078835
0.2840597667070267
0.7171277254887118
0.18808566804195403
0.40644687409486835
0.18585190289358378
0.7950009536161421
0.9513413636674438
0.8731428701502901
0.7198351071638068
0.5018052416703366
0.6140845235771606
0.6911371371379881
0.6948956593494802
0.6789231962197363
0.49029498863968024
0.6588926541375241
0.8927064054584785
0.14696231232590518
0.05210080980632448
0.976920038955736
0.38437211983604
0.41688942710548005
0.656296978746893
0.45075797513485427
0.9214826001731435
0.7544362997082547
0.34768686900835033
0.7986228536296411
0.7664836931900587
0.10978970975466307
0.11778067859451102
0.738724798265819
0.9723610141760305
0.0031425227677834844
0.15060812800555157
0.4718651120035301
0.9599549363860523
0.6115005689186689
0.8399203897832884
0.7539074297003185
0.23708032992487138
0.29994964466312424
0.35284192990055563
0.5744702869594721
0.25969573692084646
0.33202706254025927
0.8702954308114782
0.8204581948735657
0.9828581837369971
0.6653929083617837
0.6857961765027094
0.34899856698547094
0.3296532674303808
0.6527894185542599
0.8193915365545994
0.512031901943653
0.14042971999706888
0.9483840255905864
0.7604273744989836
0.7298887926011863
0.10692787729860032
0.3074025894030058
0.6706102773018514
0.9518285912230062
0.8773412733468771
0.6259003066871056
0.26633044669426864
0.8315006159448053
0.16137025042468456
0.704493906510001
0.6701711839723239
0.7861067902351188
0.5624308880975989
0.48764924039219915
0.08217223827372278
0.3265492008577888
0.870215329958257
0.38840531971739145
0.7955081105102803
0.46833348021192767
0.9126718127838496
0.5010899278195802
0.3090668572830537
0.3410287013236567
0.8368724706467994
0.7725910639240124
0.9872861233459996
0.8660425284363208
0.7613035623038358
0.5847992718314201
0.8025688446283045
0.11395368176528153
0.03617111391852912
0.7605746971874514
0.08778372735259932
0.2459164535647801
0.40689447244911625
0.99277401068213
0.10755106280739635
0.1117358561662316
0.4528677376075603
0.7885222537006754
0.2980771965081611
0.18689079401391906
0.3608915004978819
0.8021282174317494
0.5293818629862963
0.06419945302940533
0.4271955549328179
0.7125274885340395
0.5313433652741172
0.494593762785975
0.2463137465138061
0.19591672488377487
0.9204853066275017
0.34499017520581954
0.58075233905805
0.5787884160967127
0.3622897177575084
0.7057699314264856
0.19069733977429404
0.9887292776818412
0.3063734563858487
0.09881351872407251
0.6306242807875858
0.781137749152194
0.5969557474237106
0.8807948454327515
0.2235165745808193
0.2508991165265173
0.5256684828867494
0.7206836621456549
0.460386849144113
0.7368173208448217
0.5138131243902151
0.5251639515869192
0.20278022199007328
0.8685137276299305
