1129142
0.3352631677497726
0.6124403876620531
0.7933250984254727
0.7297070911345956
0.9669484169575238
0.05409009398840736
0.9185459336532066
0.9711385474366264
0.8297173749144173
0.33077890827345025
0.6162123327880407
0.685925045750301
0.7019815082586924
0.173541199852687
0.8006819569374467
0.5441839433297936
0.8426116929860019
0.15862925778595172
0.414001952205448
0.031444508266644244
0.5613328639233292
0.07647450221406693
0.22530598027070103
0.26155828213483634
0.531437307546366
0.3454943062751237
0.5903068778205484
0.12407324432673117
0.4983547968217885
0.9980025295601561
0.08998231889007546
0.8100486410736953
0.2248102283356862
0.13205954257464858
0.27195658970904246
0.694170350398152
0.30459205756144614
0.31576422992882713
0.35773294660120714
0.25199659852160805
0.39153505642546027
0.14366481354432026
0.6742099356042884
0.7101433038204049
0.6760557085069904
0.6711423099802969
0.7119720204991516
0.13602093125716064
0.7435581279191471
0.4615075436493147
0.1746624989742913
0.25536901426064207
0.8196571048820265
0.35965478336651224
0.7643077497492481
0.1264905850541712
0.19169236439088977
0.9393403682282366
0.2764303699959666
0.5210127256387831
0.6029198260801658
0.14596997751352603
0.5339831407679781
0.3282272389087849
0.06451861805069481
0.10822869963783732
0.9155976692229054
0.14619625144378434
0.6487789452814466
0.6791401691578779
0.5631985174384201
0.3563009149409122
0.9977217528141628
0.40866907838164257
0.9150190132512142
0.045912414370557486
0.526409979909119
0.22772639703836972
0.46959708474455697
0.9478479985209066
0.7479649304851838
0.3444251618793287
0.17554261321852482
0.39177480039858736
0.9924588643486028
0.04257246005944737
0.37172466877392996
0.9445883706214969
0.10685091049978523
0.3078948454006035
0.20526884697034176
0.9726841912299529
0.282307406359419
0.63167620281886
0.9323991244536517
0.8381290158306589
0.9516312370207084
0.7972570378204815
0.281332487023764
0.9789714891983614
0.6092604532271761
0.2873335813937119
0.760156246068861
0.12892944418745722
0.03877754924876797
0.743977918091375
0.2107395119341744
0.2928231871201914
0.9699475071879201
0.9508668480446602
0.08211425861386523
0.5973466590262345
0.6868561764835851
0.1833142079060337
0.7609596311837683
0.005347690574603936
0.14768320138237268
0.9164044425984247
0.2113790570905213
0.40380945531689116
0.2579280501571838
0.1549638529470858
0.9461411548100186
0.7906996720941251
0.547290744927871
0.6493984826384724
0.535648956850294
0.07760054776527325
0.29224219693114484
0.6633547619584477
0.5760129628116936
0.02734056451519007
0.08517261625614847
0.5759743991092211
0.3427877233690254
0.07147898670912911
0.11138146696564444
0.4280291555340816
0.5738064582021063
0.21189614060674256
0.5684540339354944
0.31106112580709255
0.16369798844320838
0.9081955659638972
0.33753418843364935
0.09354356123985974
0.2072323730124147
0.4947941456189826
0.8571763712322175
0.391626435762205
0.2511765443013676
0.9913899844748228
0.7850054910830947
0.12458934833388213
0.5636569752576259
0.5048407312339341
0.658454657855729
0.5434824358397392
0.0292139354131441
0.7174365567589222
0.9848411471247269
0.5990694442278806
0.9566450838090472
0.83962282883412
0.1348761123703094
0.13090580193529222
0.535729760510163
0.9547348293923341
0.5937501747867701
0.5915933525300537
0.3568546496806606
0.634746905224748
0.8349407499868785
0.482613368174451
0.9364658845826005
0.8257328551784514
0.6596090887017614
0.3199903679990689
0.6915953775774243
0.42227577613421163
0.03563417764114263
0.00760918704061142
0.2688007540311649
0.5634395204718301
0.29260627680410367
0.22580949078338242
0.4460042216171337
0.20048305960975965
0.9285075000521709
0.5523094632704647
0.08820107938620392
0.2699666049339421
0.06887743606342345
0.1549251729728316
