1657892
0.28103478273879823
0.5449195600854133
0.81812914212001
0.03629454123795739
0.9270158070942044
0.4917794849588054
0.22596162199739067
0.7590161195184959
0.6159496909859971
0.763884445798933
0.6370427260266045
0.21303334216788405
0.5850457709584925
0.8788171701061871
0.08379321642792503
0.7708213667229034
0.7839646129920469
0.6807064234538286
0.1465366710348932
0.8447085092041802
0.7512499861771894
0.33360012578316856
0.2786831236168519
0.514235861573902
0.18510638909351418
0.7714990006919522
0.9529485180272004
0.8372085996778567
0.6010062286363999
0.7608030881376703
0.5651087838910164
0.18069949910338245
0.8667099200772133
0.4587687085109332
0.3620914845284149
0.924489619731199
0.30932724416862356
0.020889074337324898
0.4555965799914745
0.9243516304204047
0.2959774693016992
0.6130965217392127
0.6883505336939368
0.09955544383136783
0.036197035397908195
0.7994765227032852
0.7142203354864171
0.08095572126962136
0.17262134387119799
0.21024637881810226
0.30270651695830997
0.7385341453441006
0.3126586395088212
0.5591956203735967
0.04822587454647076
0.4326158695937974
0.6040669862053079
0.14861543917876208
0.9810962266459413
0.4691430932363462
0.36592478163681286
0.8133333730428963
0.3208852791864366
0.12861834710207865
0.859199169826502
0.4190671142689102
0.8498188681743044
0.3038757149767931
0.17454567360694906
0.3120305795452575
0.9739319465661153
0.8870448045343519
0.45563750120335544
0.74319168448898
0.07695313767905665
0.22895518744955223
0.36163071751352205
0.8895188613651005
0.9779473023162528
0.33784331811274515
0.7631758801932123
0.35834623157706946
0.7835920517591126
0.8000030575514817
0.23425062418244036
0.9596761376953606
0.30008258416888745
0.5629628546316083
0.5561522126979388
0.4538142032858734
0.5872167719729879
0.10396516965431235
0.8991061215679608
0.9046841223909318
0.8275518162463158
0.7383321919153382
0.6632903650613716
0.8477276432476618
0.5859826321386229
0.8200209123554754
0.37007562324834775
0.09933682103210928
0.3709409671189001
0.6569355130442803
0.7746971401616554
0.40918034825906346
0.4611488687367993
0.7731557998596721
0.4817826734772953
0.3695318190362086
0.6354812429836144
0.6729158886209641
0.3603412540889541
0.12615710635736588
0.9112646042679301
0.12370576808381628
0.27831512102788736
0.7894188673742141
0.8440673550210015
0.3567692714700207
0.8473011143636111
0.33097782994676783
0.5954113768816465
0.30771409702933905
0.9493729697955731
0.0671490860289028
0.4487735539713471
0.4631484035556337
0.9954427201827925
0.6043856024072375
0.20899384255555864
0.2538314843289752
0.5317354535974987
0.6670808226701147
0.7555594412306894
0.5475826278636494
0.4016257798064389
0.9223838717815293
0.742567559663543
0.7471167038506596
0.6131413981673882
0.3172870886742075
0.29287503581807983
0.011895717287520036
0.023485456702023955
0.7518527966016664
0.30355838602361473
0.41066763734334044
0.10300520808528513
0.37700149450256015
0.01930154293650288
0.3910350863408646
0.0052680179357287304
0.8725382812492162
0.42283661111249715
0.9726747645762512
0.5409474941451854
0.4924718996570928
0.8145469381524537
0.41362224538108583
0.20429732554169544
0.8142686196285114
0.2857522891056955
0.4157687290552151
0.3031360670265172
0.5608070985208303
0.9610648841454583
0.40775987141840053
0.8352330393468945
0.4494162767482458
0.10955947172929881
0.9392539671104905
0.22482858096672342
0.6747334830416192
0.8616948203053238
0.23976386991264542
0.31051403262181354
0.3472934177239808
0.597530265226939
0.4718866084211438
0.45154018201284096
0.2540322665511763
0.5176283680695276
0.17032968023211092
0.6563831375041752
0.6991154719736052
0.5961108546033607
0.03873635541600129
0.18064712654543413
0.7897521839234029
0.617464662697627
0.06778772627550533
0.3224137689186496
0.03238593632440889
0.10466240331540211
0.8503718492023534
0.7824759181453829
0.21036730098773515
0.8348326789771603
0.4709723161103838
0.13761837050598302
