1565666
0.996879914726373
0.5597438884855338
0.31637609549465917
0.4648707034701871
0.20127171675092093
0.42287543320723775
0.7938217042390845
0.20579295932620878
0.013576881287924558
0.5331233205748533
0.7057957444665699
0.9869225425646427
0.4643758576558821
0.5255675571463237
0.7750501305304688
0.9270149645229949
0.4133056221308318
0.3947334064839825
0.82062263835133
0.4811902164978452
0.3686526849245757
0.0917486288230448
0.21577519337729134
0.932135751243154
0.29598528083092523
0.5701163049937255
0.8254127364262582
0.8073397405210654
0.03632918332532742
0.5175270761512702
0.8542096731890041
0.4529224521800108
0.3862496344296551
0.48607538245266346
0.5483853234572172
0.5033955216335407
0.22671079292345986
0.5066635021269338
0.5707185632870855
0.40300566285223227
0.5901857782670525
0.016539023768460503
0.1482024989570292
0.47340369533835136
0.03635233341949384
0.07150450979186185
0.7854080917235449
0.4360291634224941
0.7800486660368211
0.9226566627146114
0.07384338315580752
0.4638975992343537
0.10136733430506284
0.2845549546409658
0.41178416102638793
0.27503506979660886
0.5224546778889344
0.3535541324885232
0.9810388315217644
0.24183418532000645
0.3258657910146434
0.05739226726313218
0.6358803104719428
0.6766200117698012
0.9649617526253829
0.020137389737825084
0.822115151772623
0.832250671313968
0.8407758038034735
0.8177869085979886
0.9954215075759597
0.18405611686568002
0.9554304326734383
0.6804912005057642
0.4394441917885704
0.08282246105347335
0.7481287079651406
0.5082895306592036
0.11638804904910205
0.15259279474030563
0.17085228033919242
0.9703843281550864
0.5702573834398218
0.4383038292614152
0.21360787623634514
0.956393462784615
0.6208627672809156
0.056533976308073
0.9582473310047283
0.2778801998414745
0.08242105316713277
0.5389218506196161
0.1957494882374463
0.4701898337070245
0.39278616619599527
0.9017686826712926
0.8914249074112248
0.6540779877110275
0.2865194295753274
0.7078034425744929
0.6794592120807152
0.2063716527374274
0.8876129291059114
0.698464741572734
0.12030366666584213
0.6183744120535917
0.7014951824561753
0.21324938881956323
0.8066151112131338
0.2403005424738155
0.19314564990996208
0.8139775490706213
0.32790729725149026
0.06190398546948239
0.9142040370920144
0.04252386147956455
0.8193908998561537
0.5320260464760602
0.324134554924581
0.6225998875002603
0.3508585753136201
0.3104754201375737
0.5627289306655028
0.6565816077760936
0.7939436086227161
0.39196193624715014
0.11093281232655916
0.11476215294116388
0.8890296746785232
0.7623112050088479
0.5251620678071441
0.9731328438700677
0.33358439965662023
0.8863052285143795
0.26953559506014424
0.36557443894607666
0.27126510557681105
0.5757083131249927
0.8654495008361426
0.9832779985778884
0.9210734379114328
0.07097064990476876
0.670428200952097
0.8233906075250496
0.9010156578320837
0.00714718825373406
0.6398509184642058
0.22876282938795134
0.2588278290785915
0.5739497873591202
0.40915065134103323
0.7314211124257189
0.316285549688995
0.8041198909411539
0.6039939299303985
0.7038181811615761
0.7094606151606893
0.4849844693104155
0.9271228287448233
0.05579038664525693
0.02934049354543289
0.9383942525395871
0.4112909376277575
0.9260522156596669
0.11111956806656609
0.033432130450720465
0.19857771214031905
0.34315072836830274
0.9688223275825384
0.8626894510430403
0.6260049027599013
0.5147348940003328
0.38203195700452997
0.06338399649414883
0.713676969789609
0.5334845734412009
0.7084979581850163
0.1301773818890496
0.9010563834023553
0.733953596859478
0.7988459955288977
0.8686324903180589
0.8789712883351867
0.8775658435180713
0.381568089984363
0.24917611607031387
0.13710878794123305
0.37178032868343125
0.6072766917240587
0.3616146093916157
