2265683
0.5013345947211941
0.9259444559837698
0.3696719692952751
0.07171464974335628
0.6656255702805975
0.28997724546328507
0.35222785939254486
0.09269491591287149
0.3280738230073975
0.7287340283130759
0.14271091868850716
0.1507078790103864
0.4531922659140498
0.658437197380683
0.5415543337952448
0.6002217590980967
0.8448352933990276
0.872742659366434
0.5264706821675447
0.9789572005636532
0.19244630951830743
0.2652316196606799
0.5873668833937694
0.585781961105039
0.02190310378784277
0.578215165552606
0.16581411689284054
0.24102918626135683
0.5356036013918143
0.2383400112789913
0.7736642891041564
0.9279072557869779
0.8418066059312522
0.5674426517389252
0.8742434789068512
0.5650185387975015
0.6905745240149341
0.5548505256771522
0.2921093032276153
0.755807908622007
0.8638918491174318
0.6595136668516781
0.2671625163837039
0.6711313744005944
0.3650331309237671
0.6905705723380946
9.602823860678233E-4
0.4345209064859068
0.12742681122110844
0.8762325360015384
0.252247303090843
0.9356165394574547
0.7932059624016586
0.1381136168597008
0.6938374056621611
0.4577354300247858
0.1918147878096531
0.2988001753038424
0.8344670198864191
0.3163192436094764
0.9379889213804693
0.6158067431165125
0.37707270489745315
0.5589556507944916
0.07664627242111988
0.15387026613768096
0.13939527715535027
0.459120029435818
4.958574028118834E-4
0.273987613840909
0.6539072129119511
0.5602777644390784
0.7758565741536813
0.8873139093933531
0.8703112979630765
0.6201798573085655
0.5951990562680884
0.3021735666844029
0.46451786253563954
0.08866582118187105
0.6745838585980038
0.010099559091821253
0.30089898354032474
0.7757236085203059
0.5749000492027824
0.6424080013496
0.4541987577726603
0.7401531000871314
0.4095450092721975
0.8005479503630077
0.7199422335141602
0.7411381826157153
0.008059210706504727
0.23990404528319176
0.45566378737799196
0.02524286696595246
0.20209254526331444
0.9208214467377493
0.7214521339066132
0.6820806335807591
0.5116396984029651
0.3649574172026784
0.8853032482340938
0.18429669166014573
0.37036503711013
0.6277543124790693
0.645791907769895
0.7474873713700544
0.06075711990358712
0.908091927886057
0.5946584652315219
0.1530886975754917
0.6557658349854706
0.8020881134741552
0.041028224702282734
0.8658004571025817
0.029963261486869897
0.2296868254002028
0.021948716123817325
0.5540122651978393
0.218033389593984
0.23221529899300664
0.8689178097139133
0.833052420686536
0.46217123337720745
0.8064192571711057
0.7554040617240454
0.3117111209111887
0.8651490562254999
0.3953900995125835
0.01562538112581424
0.31103953214561264
0.3888637656477921
0.5505715935861676
0.40837730874657263
0.5049895085920608
0.539628151016519
0.8127476698135324
0.9196191675937645
0.20432050967177684
0.44609589553239437
0.916434105859353
0.17621384507788107
0.6083871373003605
0.2027076376753122
0.2773718254323274
0.9756265849728396
0.5705242956192895
0.12783574239946294
0.2372416298834129
0.5338875915691891
0.6256028406811504
0.6077605314287486
0.3148544598099574
0.8050716992500627
0.8413226732050684
0.7968043171303507
0.08129567339831467
0.7095535976324445
0.05324199943521102
0.5654136979448314
0.32632687138118244
0.33483397732290565
0.34481191940816747
0.376840202628842
0.4785100617548663
0.7283877464949278
0.28988959527152625
0.2046085706014641
0.7350129366067938
0.8001893089443262
0.33051908230548477
0.7697609242797908
0.8866883234196873
0.9501857456192734
0.16002893805656493
0.8120984467956189
0.6285752883715158
0.3612048547910116
0.3248639247786802
0.7982948102496008
0.7315219834438277
0.19122729618029022
0.9361074014535301
0.8095295199199991
0.9415569117927813
0.2570509384170079
0.5206520165402044
0.3288668489524238
0.20989043687380815
0.397478829806046
0.09816706511042517
0.931385075572717
0.602522479102394
0.8259194532936579
0.4433779632022071
0.20577136830697051
0.2389993184634912
0.6477226752007931
0.4658195465155187
0.13009273277929756
0.6558546611769154
0.4548975066824782
0.7933867858002704
0.7150250777233256
0.9363092429647922
0.253143863442851
0.9329992476596662
0.23984589469477346
0.027062199943249765
0.89936308577917
0.6446030127777714
0.8230759543526263
0.2424208040252247
0.7237663301341193
0.38817546536475656
0.5657424383600788
0.9980347608930017
0.44802099126232564
0.18584300773234175
