802166
0.22710788986053043
0.7337635789703599
0.47485663695981695
0.37453767960389484
0.5381207702475509
0.7579445430106053
0.8083690462888433
0.4783303512172036
0.6440844600776411
0.9840138256026478
0.38254135031821357
0.18946628656953357
0.02880533880316405
0.24673907039288778
0.9335513562070759
0.5094049920577242
0.7163771360488057
0.32142974306941086
0.4707079779971822
0.03369987071389957
0.014091108681344
0.1841100295422774
0.9531865462525474
0.16203536693437715
0.9211761731299862
0.5395372814713224
0.9134397228448425
0.29526505633661204
0.8824990582663429
0.35840398529205764
0.5541114769407537
0.36654960719697316
0.7712067393024901
0.6337715758805678
0.3406572303593892
0.6843833016010369
0.47920553248046005
0.585198119954183
0.5926515035693452
0.6954328836171226
0.8727158498422299
0.19926403622996758
0.16947535124831659
0.8727129385468501
0.8650189485395837
0.8584702243786785
0.20438233701104913
0.8653209601814993
0.9905997457099508
0.8999443061177576
0.2324608940416958
0.9242318592650215
0.5577808431547959
0.6697134519477488
0.04623709323177094
0.3554572242143398
0.3489780125637828
0.7183386563083229
0.9342594737498524
0.35197418784697077
0.007076962292880018
0.15582354060116077
0.7620858884974612
0.5527624067633353
0.8193556823212212
0.538016198830368
0.43133776511465094
0.29056152148053804
0.3422311458969495
0.5287471607615797
0.9816036399689754
0.8206767447752955
0.8698319247219694
0.6879804365704031
0.044727692888531734
0.17345842430360991
0.7410391349889843
0.8108571397914522
0.9128440433240458
0.4951905307811242
0.10694885663622788
0.987283668017662
0.7308541802795793
0.9041302824827216
0.3933664149062981
0.01818778630777207
0.8117318114918224
0.558546234324695
0.7227955145427511
0.16686630918780376
0.07605401623154129
0.5774961267236299
0.9988794127174062
0.934242510900115
0.9186755221406098
0.029354532121393606
0.5304338850514467
0.03678927525560416
0.5768257777894907
0.3989707614929705
0.7279964228542185
0.29058989001202673
0.558113386301067
0.3714486972230696
0.5249822121046548
0.7594833246423773
0.3347098895467734
0.9228293325099406
0.6601629197587132
0.36116397586986504
0.5387005522741779
0.7919914778138579
0.8100054703752073
0.29771223769481936
0.7803030281222164
0.0060677162762593495
0.7561296872689841
0.8640451124532127
0.8094338259803245
0.19198257294733334
0.44285498108643095
0.6746710575871515
0.2964373135386138
0.11459473699066236
0.6731569428754096
0.24159061456923292
0.6213532053903721
0.34132051219906234
0.26615811884459706
0.4883921936768304
0.11580673493921367
0.6496484454415571
0.2086236123046744
0.8355257542860594
0.37486287561585874
0.007068426897761326
0.6348590865242121
0.11432272024026013
0.8012143642430735
0.8213724077443074
0.6647332784885845
0.07571986512945061
0.8575571574022914
0.5403013345933251
0.35963700837052803
0.07175509356805454
0.10598117778074656
0.6479348162387716
0.4317785623905437
0.2659564426940154
0.6763369254772109
0.5063713856435984
0.193453431472274
0.585469272097716
0.12935572511977766
0.74267796865459
0.5757571936373642
0.33835448674147295
0.24512762370534658
0.3382230805988933
0.46581895859337275
0.1999589825775714
0.7854386245005796
0.5269952086125477
0.9880361923566884
0.3096571400871194
0.7174922561737521
0.20297385668207246
0.9821522375254159
0.45157330326257905
0.3392319167328921
0.40183941673655676
0.4963906313601636
0.4430712811785753
0.24267953416227495
0.8648907522313086
0.002178556922251662
0.49774425591472604
0.3855974931513969
0.5378003354153778
0.12486262079829846
0.7854232446186954
0.6022147410010328
0.22827836506483423
0.14917805365663916
0.21298088355625533
0.8726113073931535
0.09558279721757534
0.4908478450838316
0.5648140789214366
0.6481876575736084
0.41084356581507053
0.1718493068432736
0.2616937917856039
0.5958031561536133
0.350997449067031
0.46667470972315506
0.09002966247142008
0.9144517688470158
0.533451598643998
0.2488912584195545
0.14749874872749869
0.9222796688193656
0.10700325641903075
0.18481636357039832
0.99867654598091
0.5593626359053827
0.7575022158878997
0.6454892647056588
0.642753340331043
0.017402998607114584
