1588728
0.3930126393371175
0.7371490573366418
0.4598867841183143
0.7138738098278923
0.4458495516814721
0.7888605603906821
0.6847812275649442
0.2164604449936922
0.36209510824770996
0.9122343582615081
0.08404631727962109
0.5360478354719194
0.8460594656347405
0.9637110877656968
0.0793619649844286
0.7129456145864982
0.08961834741509744
0.38343144402904883
0.5012879106697061
0.6299557769830516
0.7749079154730476
0.5215948987840867
0.06291428329905968
0.3514404137036343
0.4489737934637894
0.6799851856752546
0.8017805021395777
0.9294119490909066
0.5097157741110689
0.47755832460667413
0.8930447760574622
0.25104394542997477
0.7367731172979335
0.5770210893541353
0.04699088798625006
0.819854402485512
0.800976013256053
0.13985974649290334
0.7404059331494717
0.1668344076796503
0.05608012926736128
0.9202376677143504
0.13976216212451942
0.29556810213148466
0.11191860044374913
0.23847210329484259
0.2978655263261224
0.16370005008460864
0.09086704056101047
0.8507132439394405
0.31122585761820143
0.22032015823671558
0.19318413569385617
0.6028543681114422
0.36639297018091743
0.9109059061248082
0.16164274874223672
0.9885356628501151
0.38791804264998697
0.9296644644348259
0.27303491017987
0.1800052896889598
0.15377925269642478
0.6928951108613943
0.4833220624534226
0.013907417646196407
0.7100811592661587
0.9708277408467695
0.46686963519882274
0.011950706510900022
0.22698443745347785
0.21016206403751903
0.6419625038893424
0.6816393780841652
0.14408308026748506
0.7771757211806761
0.19301594398561017
0.11775575018606532
0.5597292315754419
0.5101141250181728
0.8700841174702757
0.3610206080692795
0.5725055602114716
0.26407513052626896
0.10807461303323529
0.08164023765039585
0.02840771148276766
0.933378826818066
0.168110593625187
0.9190278596310097
0.21366980822524484
0.25202241443967666
0.016544049524497284
0.6266110251588859
0.4923657640646262
0.8555442523721014
0.7548380025208906
0.13172839118126467
0.11503643703241473
0.8958908172344352
0.9841317193572369
0.03909627544084382
0.15689485651712232
0.46988061581893925
0.19593404178282015
0.42907002056789056
0.40716983168728416
0.7072935655296073
0.7375517169553991
0.1805957437359701
0.2038664119457816
0.982398997287446
0.22459275077733776
0.358074306681181
0.05957670552737604
0.7030882198061462
0.062478067810942894
0.8732121180941792
0.05482123183876808
0.3327311772632563
0.30586551707822074
0.39137549929332305
0.5711705978914037
0.17221940538546876
0.13358144063370148
0.9297279362261667
0.9305467185587606
0.017491355557672006
0.3982188529257721
0.8903737495599124
0.5557438705029715
0.023617817826648735
0.24745802606148792
0.07935776507918613
0.989200396528835
0.6855834577952552
0.607338547020565
0.010122789760577011
0.594016322488979
0.40535412093125
0.47817501760625714
0.2317356375531361
0.901945633255985
0.52771296165323
0.20654018621620274
0.8268639621688566
0.1541358497195
0.4342401706667235
0.29210771965606874
0.9883627682493894
0.5456393308934759
0.4318511765284315
0.04941454260340239
0.11998777786556014
0.615847599647833
0.8009132333328037
0.3902105688807864
0.37779990692109156
0.005376438133576911
0.4343096096146494
0.04910165863481908
0.038323366320971775
0.24694607986126826
0.7314675452877689
0.34562367216210266
0.6417356801972348
0.2440858511773566
0.1106930238954319
0.9981681716601626
0.3120675092139341
0.09792633288434482
0.008769297269033416
0.6069148427052281
0.26083311117727004
0.9492113462954416
0.018142279679277173
0.2848388946631141
0.5700498849492439
0.4773670150669793
0.9899100640686318
0.5915648959197922
0.8945316963767455
0.5544820168032651
0.03378941552667969
0.4564749862303129
0.6219043530647526
0.41378805588932555
0.39452887781674306
0.047886911345936145
0.8978312717259225
0.37499540352868344
0.27144028388535046
0.4820051946109689
0.4099927480484479
0.32325293104142006
0.7822375228350592
0.2868729289280382
0.6121883970174153
0.5647464477807669
0.9377776376491022
0.7715898325321694
0.8477568326597176
0.419054826238078
0.9988181669205906
0.6777739570362099
0.5006458733889774
0.13594372622690742
0.5391581021133313
0.8677150890293669
0.41285180933052257
0.49483021004135586
0.5061869738679577
0.911897958848896
0.8807297174866887
0.5572831721070549
0.9339569177788117
0.3146770054883149
0.4551247423689543
0.9573558396613802
0.4163996892112497
0.4744282694896578
