1369190
0.6190904699162556
0.36773269581036827
0.21921238234418827
0.23769714564415445
0.8092724851313843
0.05970524445053782
0.1398878310170656
0.9372425620982335
0.1034362675802013
0.0020057636468501228
0.4436913850315437
0.33043769916807275
0.555740440442521
0.2126923647815877
0.10899079913522702
0.3964270932333567
0.7829945926657257
0.5596029146237564
0.49577858789683626
0.10953899278237011
0.23852681030069278
0.4604545520154917
0.9456417060991349
0.9891532693313264
0.28388843379256323
0.5474056072485712
0.5323478906776491
0.07404029017215241
0.674423627717611
0.6468961787633591
0.29856199912352277
0.21099364926980013
0.42359363526205995
0.7399282447012849
0.8204246495527427
0.5063254718362066
0.5938073990564158
0.8702891341904252
0.9080192170922224
0.1639071065390274
0.8953070599798083
0.5612291880660057
0.31411588083958597
0.2838051866742479
0.4587977922945642
0.4343896067532379
0.3997873333381121
0.7601355283313945
0.06727593780143326
0.0517375752750564
0.4745164563158947
0.3886959801142331
0.07453473386573783
0.3999538851667773
0.7435850558352802
0.20190660419552586
0.17488194842396132
0.7403065628703753
0.48726233047309786
0.9914218911424593
0.17755930870257508
0.8033197811162567
0.04102885787668098
0.21044542199521765
0.30358308740875495
0.4337121673799712
0.5059973805526945
0.7492938859044587
0.9601402106297208
0.9289151186143677
0.17060097777201844
0.9934645958257454
0.0303577039260442
0.23105824677114262
0.49736072569865186
0.1586364384434591
0.31709452074025213
0.8667868864192573
0.34224862391159827
0.10386072248189393
0.9710271647687398
0.740315897554363
0.4104811526583858
0.39722988120326475
0.3858475702908798
0.05714327790057916
0.22890495880004214
0.7829845056919528
0.35637457003180384
0.43732279335550983
0.48608417581398944
0.12259460601737038
0.6090688268850866
0.8023408965033427
0.7364624746077811
0.3815893766665984
0.8626897158651549
0.6967661038964363
0.6812018532670394
0.4003482296761115
0.19058330153566527
0.21502360545341825
0.6617604152428411
0.8994975220684706
0.9639883656794426
0.2767844746883543
0.8995646275836989
0.9658309789505034
0.3815229554431916
0.004056192696806349
0.1308332686496706
0.2616046102769274
0.08555502696448236
0.28344343014081186
0.07312511631937235
0.7096911066907717
0.9431808430721906
0.5487039294177725
0.11611135208119427
0.7693875323269338
0.7911930343657197
0.5083401158795064
0.08031691611602676
0.9953371041003578
0.23760682963692414
0.9227951989445228
0.49886660398006955
0.7585873848569817
0.03379229607026468
0.9132495972587833
0.580847103843535
0.761494512283909
0.07443888036760393
0.17868298400644766
0.9052319162122091
0.9262057069484733
0.5531864190606421
0.13093407779359367
0.6510986227972221
0.6796272024951682
0.3113240211949777
0.5390517814461817
0.1546591399366256
0.21610616619149647
0.22908834335310324
0.24697813942275892
0.1144509462881046
0.27917186352541945
0.07553578965127716
0.4989420103519243
0.26713114382204484
0.6633766912576962
0.6904982399042515
0.20675099105969008
0.8934104849806856
0.21808883944956414
0.927664902758781
0.31459682095313224
0.540145835964438
0.7215858919388747
0.8969166504822519
0.5078092591420392
0.16934088122089652
0.6290634156756545
0.09734605101138882
0.03421162614103157
0.3124957677415754
0.26185014288117303
0.21630742977249406
0.4335329275295975
0.6318389362073457
0.5606102510179168
0.5076513075855548
0.033520362610094945
0.6988053152439745
0.13708032140784576
0.7933642982941087
0.6970189564861298
0.04744794120606022
0.8650638980269703
0.013850166602558
0.8474920669687268
