1853808
0.1206381246810947
0.813160525099869
0.8503315640383002
0.9771801993213459
0.19028829125098423
0.16919109885082417
0.06046636816295303
0.4645047682583223
0.7315639733990124
0.40135799516484505
0.24247954129396732
0.27803518125459803
0.630696663424855
0.4926266638945539
0.09149196090286882
0.7481812527391376
0.6370868781670148
0.7487995324098145
0.3520945210962627
0.3649835117866759
0.2627584566092963
0.6639599318205066
0.42712279601324976
0.11645045640047846
0.14356229710145774
0.7293717745754331
0.9776531559157418
0.03528071499618601
0.5530863924593948
0.3411108820733273
0.9466213656962018
0.11878545175139199
0.9607385625970934
0.7593589002188738
0.4415650753460574
0.5532608532737079
0.5333164521806392
0.695504913217103
0.49265481498250663
0.49208160756100716
0.15394746347557997
0.9654053169875831
0.4179674944574976
0.20176967506471744
0.0429593771719291
0.9093748338248113
0.8118365478471352
0.4517108475000512
0.07953407889871733
0.8884738925518241
0.33646427274236634
0.6251340740723328
0.26970319179651947
0.9272005732409825
0.8219441727277389
0.7917095549350138
0.9094916274043678
0.04863695891890285
0.9113617304365913
0.5962871798219181
0.5452217515005733
0.998700490869898
0.31581885229301676
0.612251754662099
0.6513638945951836
0.9711606694532046
0.08588574230859036
0.8405325689233722
0.6006816784527467
0.1278885415162454
0.243139001742671
0.6502760194514453
0.8335863256893843
0.24601857667015015
0.48942775741948186
0.8312708106828351
0.28893672823338734
0.980384717091921
0.505064840589536
0.4709259986881297
0.40221011540877727
0.3221647396527376
0.39050286503745646
0.16483842388787318
0.011518837965944995
0.9792092296596786
0.33127680339826115
0.6278049601696969
0.641536750566065
0.0855738735206345
0.914496194309178
0.5782849466043629
0.6746082686719219
0.35540017844191585
0.1229563433995362
0.9132658408671698
0.9629689726369732
0.03228761262547064
0.4365280776872824
0.7211016143121063
0.5879999414515084
0.7097894285785057
0.07204884822979862
0.755614195519075
0.9946904270665472
0.7017593848254611
0.6129266560497576
0.9614365240983018
0.758446153662255
0.6683250560370483
0.6932436864399631
0.6246196979290716
0.919091420809671
0.1489113345812565
0.6191242033664357
0.9577385718822946
0.19487263022083445
0.9480350735871057
0.5048299607079091
0.25614132133071965
0.4176775165705712
0.5913496401674622
0.28355324747186683
0.6244426757393924
0.46807311723954936
0.6088545563413337
0.24948925769960972
0.9913091352046545
0.19183369413257767
0.549046348211757
0.6075336646101045
0.5684042206239421
0.5023535803606882
0.2844275100574657
0.8699454524660688
0.1685860324379823
0.5933062046953335
0.3100279798967611
0.6327699253712776
0.4407061022623602
0.9067257725297485
0.10472712005812534
0.001620018524570943
0.39374069590198146
0.8034116017058514
0.34891443545168455
0.48550942486052995
0.8029455294180635
0.25388601633289865
0.5073817299147938
0.004377396209053752
0.43613506099288446
0.12320428717657372
0.9102277926837394
0.7363149545378269
0.0556090450784239
0.010196592105570446
0.8741075098577287
0.5367876479826804
0.061336079967665214
0.07767783847055154
0.9815253087022019
0.5466696136149563
0.5714143061496744
0.657452323079827
0.982456631520892
0.4820314425927643
0.4521397077923437
0.8321554565973419
0.8765655211985087
0.37545621710795907
0.40626195032791046
0.4522388624234247
0.2780610516431976
0.773782675076109
0.09724053043404124
0.6989205380831475
0.3985680836605079
0.8532208526157382
0.7936324339608037
0.28185474499031093
0.1374455929179681
0.6368108717984585
0.4628516256930787
0.10314443567843645
0.5437789366048749
0.9468217477396849
0.26856951426658315
0.04513133545525694
0.8010423489248418
0.4029432963841435
0.20447477212400533
0.20957360296921357
0.6054478648233576
0.412127806152905
