1529363
0.7258305112570413
0.7711643431779657
0.4731148105856956
0.16438606503243913
0.4802394884568635
0.8622493668576998
0.9944300104069738
0.9986273929986489
0.6866287359728049
0.19358741027381254
0.5006668152211483
0.4864963323436038
0.3141244216170377
0.28563197600535173
0.4478340342842845
0.10132164978511948
0.8835547535064731
0.9610683670832025
0.3292060014620739
0.19943462193598138
0.21581366094030519
0.8299301242585297
0.029468661166144994
0.6608196635726823
0.8928007135636647
0.6973419146504433
0.7790691831646763
0.513107043191413
0.8685160638246447
0.507610242280604
0.5162358862270776
0.0662459725152813
0.005636776605712934
0.35717807479380426
0.5496957097414065
0.9823912744570987
0.7144747011846826
0.7299269533263154
0.07665617228996457
0.1368204601863411
0.4579263875703199
0.615365522901605
0.22607129162012085
0.953743753073189
0.17115250578172447
0.39512796575405584
0.5176427795533286
0.5371644590001612
0.9414026853956363
0.3772968320585227
0.8996768169328098
0.46376095622630853
0.9052081467075599
0.12093530765180915
0.15934869682106245
0.09818478021000854
0.4606720585450502
0.41572789460968385
0.09921816889990998
0.4862374155877124
0.6557308603762644
0.7154426118735042
0.8031952067247425
0.07207093276277732
0.6313888686478272
0.5715476414435177
0.5348100989828298
0.2689688407965113
0.3483099543462662
0.3942178999130075
0.7075597613433158
0.012883806186287039
0.35632059215194645
0.3074528419556556
0.8383420666949977
0.4283457262444089
0.3264959585309438
0.024767164118180585
0.1400222987801114
0.5250492299404715
0.8373400092342088
0.8184365551895901
0.10534548227270157
0.39505543378985275
0.108027487869646
0.5373018547657108
0.7604572557730681
0.8534179573730472
0.3913678741852432
0.7927442144731921
0.5401275664193019
0.21148167578538402
0.9909143972541548
0.18536532391015248
0.8199930613659042
0.16823215275979408
0.1797690233018856
0.2756257059179472
0.4091802636526555
0.9174810472627688
0.33181897102489444
0.9036341089165514
0.3651694682537878
0.15684720162807797
0.4187845913817638
0.34192352556105743
0.5620145141810253
0.6135569193707232
0.7559268145158309
0.2690509954554995
0.19838736164622361
0.9839548721930085
0.3783118219550905
0.054019544155379906
0.9382399978293711
0.7050598019027828
0.22634154056848033
0.004180760944999196
0.254513209170119
0.4365886835979643
0.6149656379966573
0.6380001213300137
0.02686741623678801
0.41279803482235755
0.9671884383407683
0.5036836533187852
0.8721173681715491
0.7760118377896787
0.28162334711410963
0.1315493204151731
0.1581474693092204
0.5021490354905526
0.2771049738059479
0.7124058841631843
0.8851687832684837
0.3138231284451276
0.19257753985075354
0.5526734483115873
0.4396658209149701
0.41205391894913523
0.8211727021313979
0.9750130903462549
0.4112161006312195
0.08913646363159067
0.20841152353713144
0.999340749544222
0.25219737782928664
0.8883923060989629
0.011387521719433802
0.49351302422215815
0.4473677242497327
0.8737274551813162
0.2331934478728135
0.15083344799786946
0.4042418671542275
0.768092287782765
0.18819815208389645
0.29201010860586807
0.29766272931563764
0.21589176468362437
0.0185276284011342
0.7058329152447421
0.867945156943433
0.6399943613290658
0.841382563016104
0.4338338737994044
0.6488258049595808
0.19126140097100974
0.7823752614910761
0.5659942846630194
0.3510991121103201
0.535288403772254
0.9117740617330777
0.6860848110817642
0.5765262334309798
0.980868179053364
0.6338616504659714
0.40432745134925974
0.09463795079398574
0.3449255113243598
0.9931265634087282
0.7352737688618183
0.49100128002517607
0.5424807562544922
0.28409390063610873
0.5487997010707808
0.6634322460654621
0.20694730382652415
0.3953358636775419
0.8417777708463032
0.4311515242917413
0.5775524444079034
0.37003911810192325
0.37941588626266975
0.4522234645739064
0.48657373261329273
0.10091464611854117
0.14862915491699313
0.9376638628994536
