847244
0.7108795027503132
0.4588093286760444
0.24025425522043242
0.28465917215904624
0.41780179441303245
0.7439897849364873
0.15752872533993834
0.6276709587643209
0.10519711005367494
0.7447942432093134
0.3566502010916719
0.6573803018592063
0.08369731569423833
0.903710082841188
0.9363685711389164
0.5913074368439555
0.6597208972267808
0.6123692349654349
0.12763150074767293
0.4754105758721797
0.6826961313438358
0.7486653531820796
0.39861589663575026
0.2805870351727232
0.40810391690385006
0.8734790407781148
0.41477891885783424
0.6263268179019441
0.7217810672182804
0.1864066518374079
0.7436078415827132
0.1259339143186582
0.8422137067604375
0.3252399979687757
0.15566092531981346
0.848707145160159
0.7200896671945863
0.36054595262595945
0.8666573324907526
0.6766991342272892
0.48816767744794476
0.8845463467964394
0.08978673773004864
0.3971480284875083
0.47956025704222016
0.9226000210227575
0.8230736458264294
0.21640385543055174
0.5288164020535558
0.5059408267204707
0.8835463565906344
0.0071472953572511155
0.4977289816477217
0.13592656247814106
0.818123146134239
0.007925922364349525
0.22658094049565358
0.042905510362096666
0.47054354505470575
0.882508711379116
0.4015838093037213
0.0969090157718765
0.6643361005950463
0.016286904237605704
0.1505502167807734
0.46272950822931636
0.6737279769586739
0.677925299565414
0.5313821710515667
0.608546007931376
0.897566086204271
0.206695301714102
0.4617451711280155
0.07510936143124147
0.42573333195791385
0.6993966678990574
0.05333786371077853
0.49160202741018577
0.9932078687288125
0.765502406254079
0.7604554143143287
0.6846387479959056
0.15382676430212505
0.7951372734973571
0.23008424966299756
0.36847507128549617
0.3739803664838972
0.8417269599611534
0.24955506899368596
0.8273436105902244
0.14587678483728472
0.6596317656292199
0.7278192255614502
0.2049381882492899
0.15068086866148356
0.6568050357262978
0.2177038159162058
0.5014187873637616
0.9637453180465431
0.523493240644269
0.08903879186791885
0.14491053159084444
0.7873164432485721
0.08022105454643935
0.09633934551250267
0.05232275290388155
0.22051025101066102
0.45178128867898737
0.7497651647748219
0.4234146129772094
0.13201938226988852
0.018676635480909032
0.5943677319582197
0.1223863349571076
0.28792500351014083
0.7234355832420207
0.23017576322548883
0.3928757065055013
0.5051522096113564
0.21645311316690719
0.6644576396113824
0.8250919617502028
0.7505209369607527
0.014481453959486301
0.37753934786636345
0.9479199522726032
0.7860092407198589
0.31462429169734873
0.30484488638811
0.5541795961384337
0.6727592431633146
0.3576637076724849
0.790365562687834
0.8838270865843731
0.6895203311944127
0.2667753964421241
0.4505535645419648
0.08773542712679638
0.9956383466262642
0.10116505621127292
0.8026740742310344
0.973794280994721
0.6743634086834851
0.4588847404620744
0.45793972932241345
0.8974198102677933
0.629163126165758
0.3390649317505574
0.6572895367655768
0.8001672780669793
0.1738919838971198
0.1310242235589093
0.9364642955619391
0.8229907286472138
0.057082101300541255
0.5361956664685575
0.7470688092835558
0.62479508998109
0.09128373595970263
0.9485348900377236
0.9316010260074064
0.522278677365641
0.5202991797189684
0.32005164605094183
0.052966451549110394
0.8336642765156804
0.7503166584846781
0.8203338047863726
0.7127861396865072
0.3567696977125553
0.09536571645464686
0.6624079294745482
0.15784487289481774
0.7409696273220931
0.743178883948787
0.31200868981519725
0.6703156401917317
0.622952396885529
0.23445951830098521
0.923304756725278
0.4649354366756874
0.7877767658305437
0.36671833747101057
0.2513561412771069
0.07509654199539939
0.2895854186810648
0.5832569240807308
0.4800539078938507
0.49985646938893813
0.4204334773537307
0.5885387622568858
0.37402026399228094
0.7051585640647743
0.651041700198471
0.14310412491419877
0.9139232980509073
0.4250950212627068
0.1838858822250986
0.73434793253725
0.1068872976283366
0.592832133614673
0.5568854211897801
0.09389414567492171
0.9771560619177913
0.145857828132973
0.8150553848191474
0.33796487193355973
0.8368932280224184
