491902
0.39649924691484706
0.12783828657091045
0.8440554953142292
0.8129803562723039
0.6361985672810077
0.3714331972938266
0.8453917813201371
0.26289983113618565
0.15082330566103008
0.1182911902881082
0.12405909350800093
0.15126617135866582
0.36432684960005046
0.6800482124402131
0.11435721844400348
0.6782962399877004
0.3993641554519656
0.3355174316682902
0.18984933974607143
0.4524852227787871
0.9460058992024908
0.6419648084126723
0.9007367623638747
0.2819815044029358
0.9634847354539502
0.775743972031583
0.45260582055882237
0.2226306249160127
0.40494469811238454
0.17746645658225335
0.7732572504835661
0.865384943358262
0.8514554540364987
0.3872368058371285
0.10124182647524316
0.971751843673739
0.6690910628668444
0.8470818866498668
0.14789120122098842
0.4731803185501767
0.06166245359150491
0.6205567180736148
0.5340458987355141
0.5387620542631624
0.18173185535422764
0.4336096132067734
0.3833471152072111
0.885349995664284
0.28382627420027695
0.1761417182324403
0.6658727785180707
0.7551734092731353
0.7563065190411781
0.020297287306289435
0.1290624692224518
0.018255665872173754
0.7521369228986309
0.6093723853220671
0.4272898222420082
0.6704169776779422
0.05384032918096071
0.3503320721150066
0.367105222423338
0.5923713991474348
0.7542117911491915
0.7032764068108898
0.02208532276001174
0.811403299600227
0.31190346619875986
0.5027984391522078
0.839390462803785
0.6643358328974497
0.549782479425151
0.7690284043961458
0.7595447925520917
0.19897993750527143
0.20400218908767054
0.1702592489096495
0.801618005993255
0.870979170644658
0.7030169044594107
0.2844016349599976
0.527901700889371
0.09394225921650223
0.9583084787813723
0.07311674332839213
0.2953376264888048
0.4829817420998733
0.08238299393251092
0.5303273988399897
0.22536863912182004
0.6952537216697153
0.11463422717154248
0.29590973860794056
0.3795479047880447
0.6158201048351426
0.031959993975991474
0.13571870652211204
0.7151553688062812
0.2631317790371869
0.5485563491865774
0.5807027741064483
0.013234990539799818
0.19565689500635108
0.46810388052910135
0.6907143115551514
0.12088000250016151
0.3896559151071579
0.641599005358386
0.8627240646007921
0.530257660060372
0.5278309363242836
0.9053729669807217
0.8384994596288868
0.5287793025505594
0.3895537521865087
0.72637923033744
0.5834081085228164
0.897984662858389
0.5656035688551855
0.6656201469803629
0.5058594988677159
0.4131248021896158
0.03382171406036738
0.1856220877276188
0.5659993449551408
0.20109084727484527
0.22681762489314838
0.7741575891786129
0.1826226789305223
0.3512505480013459
0.09883639644214537
0.8339519074713538
0.48887321119172755
0.04191833555280666
0.3561253040580048
0.2969008964756047
0.4101483510236008
0.8445989818062248
0.4536129212820684
0.46136546538628986
0.24173046465538162
0.7988086051440298
0.1804410097826108
0.12239798774433652
0.8890167697575773
0.31219114100839174
0.6578664209171139
0.6672935642264207
0.6998216499686016
0.9338123202616759
0.35527570481700366
0.44264999027889385
0.866076969725461
0.5729274048791071
0.2935332041019071
0.3641573899589775
0.7013572843973107
0.7911826587276604
0.9496086467476361
0.4366294679896322
0.711008567555481
0.38312510738235406
0.502407399726198
0.5793254991329989
0.26326053070517796
0.5780586428476917
0.9669532623248535
0.9104029532204038
0.842554223086162
0.8456991024551908
0.4525497271160184
0.4343782655162769
0.3204182957165077
0.46874464404563365
0.25027282043113686
0.8977635765964651
0.4145785284609057
0.7573918333167419
0.7061244643956244
0.43058530660048244
0.5235871734481191
0.023992368824569565
0.8684026997361812
0.4752801741822825
0.422109976833148
0.210458716046953
0.7113208391242295
0.4195029342180008
0.8811103871750318
0.36669151813794365
0.33163502263004363
0.2956693741630272
0.13752205515083837
0.015215619976997163
0.8910152032572763
0.8875972020243446
0.2796020673339916
0.8053753457817721
0.23412236952403953
0.5933963196226589
0.03700959862125075
0.7598541582749073
0.050830134689865636
0.43379918430774267
0.16875496747559027
0.8469474345511693
0.17075642706701244
0.6664110139201322
0.6275171293277078
0.5739315191142599
0.07924680508034943
0.5688986772779614
0.9454280520265592
