456398
0.2476223716762549
0.4657219645815389
0.1015747742820794
0.1054608598527026
0.4959154136310079
0.4151546808173706
0.6577282738276297
0.5954443754959492
0.9131311519748838
0.05593486342781362
0.1897436324128079
0.4352736206706568
0.5785141322165862
0.40758546263598694
0.8789560875585646
0.3674899335218582
0.41079402796475994
0.691857893801392
0.17934628829605415
0.8028655943136824
0.3420205125079854
0.2906906740516979
0.9650504997753877
0.6229066071850231
0.17465755072648048
0.5894306450757597
0.9024050629643622
0.3655578035148669
0.6734804520213512
0.5705815868993049
0.977463415056462
0.7458013025428604
0.1479223345647228
0.45400918596370854
0.8296513128256565
0.5341280141890665
0.7658664240941034
0.6414452246105399
0.043201854304074194
0.918400628676947
0.10648380553914694
0.7162984320120903
0.8302387436951553
0.6084165549748443
0.007566619392062601
0.2741927117276187
0.6028529174857893
0.10751719247232594
0.591908881175385
0.915318210022545
0.7762439823734419
0.7718798157157355
0.46763837471018255
0.8165945425786657
0.770974384715529
0.5056670166924726
0.48900497786480135
0.9198092152068703
0.5896113582789556
0.1989978861164472
0.1369818031504757
0.9213089295334193
0.5315074108563805
0.30574397075346404
0.533137612076543
0.9294851500179564
0.5791975549674255
0.2794423972035269
0.33559025874174886
0.8682093055759507
0.740867325517593
0.9381574202505674
0.282452641713278
0.44753741182830853
0.16557265936341525
0.21291070645113963
0.9460336911457702
0.7974175811970616
0.16136904578183253
0.14933976695174866
0.3401596745044616
0.6657983427256012
0.3412339018358541
0.47853315230316384
0.383330994523259
0.4194491632878691
0.997643031578766
0.5505297500351938
0.8620327568237522
0.9539695203559924
0.463888026346853
0.9327590495656658
0.46136800970135095
0.018875926255308095
0.6586984177009152
0.5157378301080552
0.6342844898448092
0.3943211701398671
0.2304590233899375
0.5396280694445771
0.5660170676490904
0.8179136571311216
0.7182891555203048
0.557799996170091
0.2569700216982179
0.553269036229711
0.9294770531882874
0.9873329960776005
0.795114323620671
0.01634003823520158
0.2962398207535848
0.5614262798065108
0.2180770550931962
0.9312350076016159
0.31950494169182664
0.6949804511811051
0.9754515224816167
0.0741492942840748
0.3333870022905395
0.5021499516952427
0.8934581477034734
0.7821975907809611
0.7312586505384582
0.9634553774953589
0.7169379155864001
0.05335011139778223
0.48279274216914925
0.5300840795937072
0.7577615118362196
0.24433856284667566
0.2410777235386794
0.27429599930873105
0.914089036777919
0.08531278353259464
0.5898862173835968
0.5473913111316079
0.3415166428374834
0.9731922761942333
0.013402207706418534
0.9904850879971137
0.35499816963603303
0.2800718436155202
0.9841897387276153
0.6583733445079816
0.7195309455001103
0.7187033154024374
0.15991193963661843
0.9630641540016487
0.34794726569964884
0.6439907235039178
0.05528572674614585
0.12108619628818018
0.5657537102793434
0.5375994023672396
0.7129850156273764
0.7974764751373964
0.5258129595250387
0.8221942008572708
0.8356803898204141
0.6793877517507707
0.05976348192220826
0.582485332004037
0.5611310904780034
0.7835455752054484
0.23842455206359003
0.7321754229135934
0.5632208464157805
0.40432356541898984
0.18003544798736382
0.659064335492792
0.444056122195137
0.7429949808447384
0.19302952626528658
0.40498328760926827
0.4457216027819876
0.42375731527035687
0.1691445992888806
0.9928932568644468
0.3550146620236897
0.2984159823547595
0.253023712260275
0.6003968751772379
0.10045671835322856
0.16915219863404563
0.20606132699352997
0.8970775599233664
0.9481061505725692
0.31758911466673456
0.5551013605510144
0.012492643607124432
0.3911741289312023
