735510
0.6344278548479579
0.2357763968994958
0.30428828366314953
0.9012163091374346
0.10163793582908898
0.9372592648311932
0.11168007770843758
0.2914837017006314
0.18212907099552955
0.15436032200960326
0.23555309861053586
0.17075944973553914
0.8643778807327117
0.5373451325108186
0.15733603799713747
0.9955165911115178
0.003817859222184916
0.026162347708382883
0.5726573845782444
0.007848738930151589
0.18722050709531646
0.11358758753569886
0.857728087496856
0.8330565605709569
0.4886483835673323
0.14774387141158052
0.4734541519769294
0.1272462474977567
0.5064150470338872
0.5177786510281882
0.9823585465816618
0.36139567816947593
0.08708819670788737
0.8096422899302389
0.3856179915552831
0.7121338410734415
0.44042384516149347
0.7933264042518423
0.3009973587854833
0.944518270173777
0.9282212065298592
0.40858509009906885
0.09719081735660817
0.11838333370966192
0.670439298460721
0.7530755254017166
0.4760549813030178
0.927372517345853
0.25351777271548936
0.4450188933739192
0.151446454418529
0.4885559881307223
0.24869632885230242
0.6318963918924989
0.21185254759347238
0.440574158723378
0.9522284378880456
0.34735966883346747
0.47373019298436314
0.27953709748696043
0.7447364701805989
0.8804480629219879
0.633445164947986
0.9644485536180715
0.7335574737561149
0.3143704221525061
0.30792986685364365
0.9577121619983044
0.8897797593710058
0.41652205523696795
0.11765466064170571
0.03131741591867154
0.7207723519187264
0.6170724632232352
0.8102343615734754
0.36559064116035356
0.6293609679663497
0.9003728750795051
0.04896794500516688
0.6949364938069581
0.5024055954446295
0.05159685056458141
0.8978360728453123
0.5137839662660033
0.7443861924339937
0.8504417200518122
0.22295764031208098
0.6459901438950111
0.9257051432388015
0.4843817650186656
0.20023340711335458
0.8022436374535749
0.45076592966878815
0.6658792617236452
0.8698806148269569
0.10254955717988523
0.16748949704499394
0.6811224183250193
0.2107897627527654
0.924665814362985
0.6377813638887394
0.8722742281941844
0.5211111528660448
0.8544004889663375
0.8675638501526165
0.8608797780628945
0.986204837954747
0.959968768503303
0.6553395517642786
0.15699371978410226
0.19106491430509254
0.09014679566837147
0.3598536092178015
0.6667540365494337
0.9915551135086091
0.404749271137102
0.8102741202192941
0.0105415225843557
0.5972696171752769
0.8859962788407492
0.2864113071012695
0.49452942555900936
0.9385591256098695
0.15062421772972578
0.981847722538354
0.04034085222630546
0.3912392151789911
0.48513468486581623
0.12945351929851556
0.3706963566055641
0.7147243545427787
0.6603638086380402
0.016612159413126326
0.27334757653286224
0.6228074367116239
0.7465945916147896
0.44658353599577805
0.8212573470922299
0.7510315455319855
0.8467224753280782
0.8127829693559682
0.01390034196468204
0.91057691332863
0.39252494855246745
0.8443565438883404
0.422722838729927
0.42581284802747865
0.40787371533395755
0.2542840747387247
0.07321368977401255
0.04114059125847247
0.9327678749446416
0.9753432411579793
0.9767031971658682
0.352480282621518
0.6233553605236061
0.40461947414922483
0.43692043031802186
0.9697310355025458
0.39564878811097404
0.0938482746676651
0.4995032003893437
0.648760258760017
0.8644312109156758
0.6207275449717731
0.6870698457319495
0.4449544467825335
0.24388614600765313
0.9554397133429665
0.4681251483935216
0.5350908536127659
0.32277540215098655
0.4969745967068355
0.7449873263122367
0.730265216943144
0.10452713685291415
0.09544567112678537
0.014086968715862569
0.8598379850468891
0.7113859231506209
0.7994438871367324
0.751402495097718
0.14483767170732542
0.1918154138152216
0.7715747926657751
0.006461562094594253
0.3989865557685791
0.9416332720844008
0.800676287367118
0.15025118012986627
0.3964908040401617
0.5518972894335865
0.10581609671687509
0.21554345739003988
0.02796300705130017
0.030350585225478732
0.6750188153016405
0.2925584602435327
0.9293226395679696
0.5082725101415567
0.21077527041192912
0.9985492211739198
0.11324545597305435
0.740871681300193
