506374
0.48832112774282865
0.9787617280088026
0.40500561959495396
0.24942689757887848
0.661712158884659
0.1811070327009472
0.9743560409142381
0.15603029262516854
0.14611462267518893
0.8572266379396425
0.5353832307814199
0.9863831507116421
0.7396543933415944
0.760790592508773
0.6516562159668942
0.3250056838508786
0.8261639880562905
0.4501614141974619
0.5230570684829582
0.27087633568951464
0.5450963674596375
0.2961673186269793
0.38883420675200264
0.762012124206921
0.48595290942276703
0.3202138156960319
0.7826997722002846
0.5975904151557567
0.33010774626346095
0.8434773213525292
0.3211541109260462
0.5099372278188828
0.3873244001541133
0.49140057645960056
0.3712589606923521
0.9678094132536448
0.02992510984566088
0.44243640695806585
0.6403706377373172
0.0027487885526785716
0.6144871027727905
0.9359630446856608
0.4578831602078398
0.24188894133372907
0.5991039708536516
0.9615205431706826
0.27782023611671147
0.5034458388601768
0.21366474759004572
0.7399945870382394
0.7211547412248951
0.7652259519292746
0.22126706631872473
0.07710043249055443
0.2980223915797202
0.05183640103994558
0.020794798730698005
0.9204963362882929
0.8025363677755637
0.8028835123893353
0.5838550525807107
0.4840823933490517
0.25669776924205656
0.5822981206681846
0.4936827683302645
0.1165172978989587
0.19493697541832355
0.5680264247087324
0.6592859593043978
0.6857118869416946
0.027108662081430368
0.12167816939530451
0.11501822148709573
0.6270353266170224
0.19530367017645
0.8793242668775505
0.683929404681277
0.960195852482667
0.8486288464310027
0.22748837589522242
0.18265910922508888
0.518234951415446
0.8001458103747839
0.7324779281585805
0.276302337594698
0.3518001514633444
0.6014484006945786
0.07655215842734786
0.05359004226771491
0.7728384480896074
0.6728973284165082
0.32102586343803563
0.8858917798507859
0.7840784401237472
0.5613202241906238
0.8642593444582006
0.15796144835273063
0.7041465029305498
0.5620238003016592
0.2915865339387421
0.014011624825844837
0.6428884205420862
0.13825414739128705
0.4245850708230212
0.3496154121528289
0.10744436758898568
0.7987803422807237
0.26869296886848526
0.8980993158098867
0.4268522291355671
0.3530652140013246
0.23102918515044524
0.4095045817380524
0.8714302136318068
0.7535267306863384
0.9343759078421344
0.6008584098651473
0.3129166969107835
0.05568204849484948
0.18863234948118113
0.7684104100318019
0.022321594355426355
0.37950568277540864
0.1976518684321591
0.6956540649238652
0.7346700688935102
0.13912189700537958
0.8772248123183469
0.7653669289317498
0.4232963572792503
0.22299104480195675
0.2390720100902921
0.9895668375459958
0.32107125235235456
0.25303818813188694
0.15606466843859435
0.008196466108519318
0.601924384270188
0.5287115792838508
0.4654885038734027
0.975511583191977
0.793248009882724
0.7707474474254781
0.2900212672278726
0.6525632413831222
0.428246241951175
0.3194571647389528
0.6601942717657536
0.954827539335213
0.6670201148115026
0.013641076843282529
0.007460432408766482
0.6659513793558839
0.6161549926847462
0.5787731222055807
0.86359260386503
0.021745794673527774
0.858804026549926
0.9868889297917266
0.1499875488040332
0.39297352105700833
0.2707375840607634
0.915649340261788
0.7695528077969556
0.3511405153368957
0.5425549915963398
0.13034048361841322
0.824204754320179
0.9884161913119022
0.9542319405194633
0.3401101736286778
0.6726081080532437
0.4809701239001213
0.8554030756622644
0.8385301005905293
0.21563862807182566
0.5344282610536012
0.9932559589720897
0.028611571005418335
0.2511520911787273
0.5308145264262943
0.2996393380972586
0.7536924995939677
0.4749945010720008
0.9082586836271626
0.999964807721764
0.20815148917756454
0.7217899219529968
0.5479149633293005
0.9387082145017488
0.08569471352424696
0.33689365374922964
0.7169498815712676
0.8297926336893056
0.5379999074853173
0.1500006488441329
0.4221224526213455
0.7348626837817621
0.4627908259667707
0.38124972788224076
0.8653928809655125
0.4484350399937532
0.6179549541787456
