4382462
0.9522667568246358
0.06116122997041995
0.6261380843690598
0.06710579939041228
0.09744050545445193
0.5741504878722448
0.43072855065101145
0.5020308105460887
0.8748272336730755
0.7676132509912074
0.19030125271815346
0.058754323373516826
0.1614313000626646
0.9134548945340657
0.06408317857120949
0.34648435882758144
0.9842104494125958
0.009030346458880234
0.9934307072426686
0.5425014644728853
0.586006448658258
0.1697857192832154
0.2791246339931647
0.5710860684375656
0.4547030628557308
0.022579820197804357
0.9707848115728616
0.58087078548451
0.6542647394733793
0.6114349795826663
0.8802021926789892
0.1625421833648768
0.18791127725841095
0.945630296401432
0.43761339442759284
0.0076067231572088945
0.7965353011633244
0.469465024506887
0.7984183959287837
0.9989736382190477
0.5495704429857772
0.41368334536508544
0.5775697674331435
0.0453970336689572
0.8208703478111492
0.20046590373035822
0.3398372350378065
0.3243586987370878
0.7587597240734547
0.8170580445651965
0.5063789236559822
0.9817617745520995
0.1572705225147446
0.3475181471777391
0.6515265675729672
0.7518449404828983
0.7146775360142602
0.6577337730987087
0.25841846330109963
0.4070151613684626
0.025799658885507948
0.5657675143601526
0.8780914255416172
0.42483731568492167
0.2961344045987677
0.6977582548551743
0.29386815600288496
0.7682062984339759
0.6887447851352324
0.6290177546067129
0.7313542385009645
0.21476830192369512
0.4189194076251258
0.8406266327229902
0.37408487242467814
0.24294517404788152
0.19697794421118442
0.4837475721373159
0.4458381920968304
0.08445629401903931
0.3861962160071982
0.9370380602110857
0.9028586083294582
0.1870202399011076
0.29067575151354197
0.6669584257816801
0.3427101697631729
0.9959587767209365
0.3170854101864835
0.9564359727671159
0.08120632638721847
0.6597136447439236
0.3645532264022582
0.6542588282994393
0.47483946081818806
0.9918264321032486
0.688588842507725
0.2157382793043109
0.4733594953436834
0.7807206282519616
0.6577680201932002
0.9545919017661433
0.07562821330183589
0.3286640859649784
0.2760127140130867
0.6066637479767476
0.8316017165397904
0.9225789291038893
0.0786512713768237
0.018012293564223292
0.7842704480899568
0.7919053847457024
0.027045367282804156
0.013060804363450806
0.2776129060024587
0.992514884573169
0.32442141192490703
0.2729184569351377
0.8700951879467281
0.5707068017860761
0.654646098698738
0.359645172563281
0.187975758994395
0.30761229171402804
0.20603707346222278
0.8591469296229781
0.9286506000070126
0.32186782718713647
0.9839012972325427
0.9835522271837321
0.38150134522306867
0.8172101188482074
0.3383454693227306
0.8733346369174924
0.7721848767137046
0.30168293264872004
0.3380040566726846
0.27011067299010694
0.45602962865183216
0.6764356217203508
0.6056824087177521
0.19295544284487176
0.4871805972394324
0.6946322176947891
0.49851369505189536
0.7442437256719996
0.3723614099360304
0.42477887107221757
0.06308020727700336
0.19543729618922578
0.8815983167694632
0.5178165596339792
0.02505109722129295
0.05890377719420414
0.6329778207032029
0.27361511934370897
0.1832397768498123
0.9387662770494757
0.7944859692129773
0.7300435999684572
0.9695866049054003
0.5719472183778748
0.6532037410403501
0.2565810356026338
0.6094231066733372
0.6199836298442727
0.9906103150072982
0.42447090368946294
0.2704762584255863
0.4528553798273178
0.17247121725330594
0.2467113779722342
0.8244224560480138
0.3779820661179275
