686736
0.3643596658118685
0.011293699261644807
0.9583550944727072
0.09215589346104436
0.8280588400656277
0.6892224095991223
0.5397614171930926
0.9983811798883165
0.6157706074640936
0.4560529945917061
0.7548495621918886
0.13446576852945147
0.6506463332313118
0.1276593453599134
0.20012421601147767
0.13378333631661887
0.4269349747664174
0.7037810500228707
0.4176116452098668
0.497589272010484
0.8808083045347193
0.3050025047244639
0.6316219006661421
0.2534549185444588
0.8049570012175166
0.2588876308500062
0.9852294294929018
0.36394677492999816
0.6663631486344208
0.650974500679529
0.6285538392822131
0.18221228438920367
0.4298184986555571
0.18856093757865022
0.3947109563215896
0.04898501739207306
0.2641723103775634
0.5386883567670064
0.21434354194389882
0.20462365239704228
0.8139564215492638
0.3964579408203458
0.8659304087677266
0.5501511335226991
0.0559492889664398
0.4157900596056303
0.1366111383589529
0.43286126790072965
0.6284050076067855
0.7919633807201953
0.9770533044684864
0.5549121406564582
0.9200868150704281
0.7237482480080648
0.7739277864987862
0.30742720968858217
0.1369094392943757
0.20267391031302884
0.4348467871297689
0.31797603409249076
0.025908201114226426
0.5779468866530818
0.5831585758953091
0.7659089283196034
0.9294166632800086
0.12776367221476848
0.7937816046541956
0.06787075168062695
0.36674947964620996
0.43123768496863246
0.46630004596604435
0.8649207896588402
0.3963500963271135
0.6798873931646127
0.6278317694680634
0.8530374550377844
0.5982780990498386
0.19360804213027294
0.6857185924759519
0.8903878860312033
0.6350741452261921
0.31327735287985004
0.9088781983700863
0.987593996774737
0.9984549479641347
0.5306209733569495
0.2066958303534402
0.24132848542540197
0.7299550383215013
0.18569045329995504
0.5956226627523654
0.5069252813036771
0.6155454255220929
0.3132834317079545
0.5961877000590666
0.622291165079387
0.5974240228804382
0.251861558417262
0.6869181453507401
0.29325632155145176
0.9205863213224642
0.4419988770660285
0.856702826930858
0.329603096736501
0.8374491948948085
0.43611957664002876
0.24342210573831402
0.7813646469948305
0.5307143340024839
0.5172607523795817
0.8242069430564936
0.6665853734415362
0.2828224402447129
0.48182228452183273
0.13147854955363358
0.40458797710139427
0.819762791161307
0.07974277100307281
0.008959469692151223
0.7728922400466723
0.1876673887357807
0.325266296747886
0.49313558994182694
0.19128361442672637
0.4825325410627562
0.3924425932521317
0.008188347071939384
0.40312973731688306
0.2465749418968709
0.09172830787208086
0.19620428444147164
0.17189579182646209
0.36914360121888556
0.9875348481665304
0.8695096492119703
0.4399106292553636
0.885772462313489
0.061294047948257546
0.7682653538391141
0.5067870480542664
0.15587340762309387
0.45058990723423187
0.033997899189645464
0.1765015482216643
0.5177327308986196
0.20213098069195579
0.5685299015003334
0.49499015677693925
0.6688883316906803
0.16481468644458908
0.7378137193597556
0.6542186388672129
0.7006294825825415
0.11886122356904605
0.20146032991734297
0.874036675827138
0.9272743310273158
0.9879716077524412
0.0012946500315782483
0.5897279558358777
0.3940449190181703
0.5136906066887927
0.4260578039500176
0.07101832134995145
0.22177327442345218
0.08463204847524242
0.5844157338156739
0.6774070974199302
0.7523362993561378
0.5079505957669048
0.06472249475324487
0.31503755403877987
0.795631157372434
0.38642053636484264
0.5375260046383685
0.30192381602899765
0.14706723865415017
0.42170879487045165
0.6655927079983289
0.7712037385789463
0.9439641748156244
0.4029058773150225
0.2262669347402373
0.9461884229384909
0.3599103008847757
0.8591048361665821
0.9222694358551469
0.10633063019514699
0.5980492622930857
0.3557955554027882
0.9595794182408363
0.8298358846372924
0.13742698549277954
0.19706727552938164
0.10483225007827535
0.1464920635112239
