846362
0.30448511148578505
0.6085981554012231
0.38916658463552756
0.013206892934670589
0.15399013692764496
0.7963711674067904
0.466152783972581
0.19425136587283198
0.9975965671889565
0.66042420040093
0.2961446980120178
0.2458351969696072
0.6460396255014609
0.079845563340606
0.43843655764993716
0.725273052829511
0.32999498660449633
0.1589682501818176
0.5473358075686436
0.327897083655193
0.5087034735174527
0.3998928982444808
0.8342307418710646
0.4848010824149932
0.5459141309211595
0.27789012127883783
0.2015570320996729
0.5709983955378599
0.13794132955914606
0.2014011698795264
0.33238492949818965
0.8429201755919675
0.4342964912917233
0.18308392563006048
0.7156382748899317
0.8345329488892456
0.37826867676099774
0.674327458582568
0.31449528557521056
0.8329552687985416
0.9129920775647286
0.9228842903036508
0.3443102436567168
0.22730541897752776
0.3479531623505763
0.901747237613221
0.4164343414596201
0.9786132312538068
0.3615536359579282
0.32712289926890037
0.1256027491989683
0.19398098294645616
0.8272600456518371
0.5343319430290413
0.011094351830538862
0.8047795032008455
0.8940342009094725
0.012691244286547332
0.7056594981201456
0.6465178504525079
0.5261534688602849
0.21391105710508063
0.0012501114269793945
0.8171255710334155
0.013193396707621763
0.8432659227537455
0.5068756732223434
0.05073897984865716
0.7978593943587597
0.21877482892901168
0.5514477281422004
0.9856839142335735
0.33751864000417364
0.44085303268058873
0.9932644200805437
0.6281991622192482
0.6146965925096721
0.05337407245266934
0.6378255995055612
0.017546392220532336
0.3424675619548515
0.5968073544330414
0.03695871965905462
0.0835037934062044
0.8725820377824852
0.955073098575949
0.544773604889995
0.953842415465376
0.3073378681470629
0.6799830854860168
0.6397546686214829
0.5172355088804815
0.3406167767773046
0.5406121693898424
0.6873370361479956
0.8761531297422458
0.909170828398406
0.389672078591774
0.513602609943392
0.4346451133577074
0.8221587228609192
0.06493564291326226
0.3882714205752653
0.7575180398270072
0.1550947859496885
0.4509860143312524
0.2739520237202794
0.010262689439272665
0.3437883739209313
0.015042174098693128
0.48865437892530883
0.7431899662378859
0.5945148706852523
0.10033855531105795
0.24985711996892623
0.01858563755278031
0.43857401971302623
0.011512969077967172
0.9209609927490878
0.39629484328546805
0.0025550749363728587
0.45868393532546325
0.16474842491656616
0.09099940481324875
0.8400423384494724
0.24037470429236074
0.6235086822219872
0.6935526469073247
0.9761590627650417
0.14016814250484644
0.19177745903811427
0.20908746881446105
0.15326095655448324
0.8879530404230863
0.42517795697350136
0.8062155656738841
0.1342559085368018
0.6938489039007679
0.13764037203061263
0.5944867735561103
0.31943893828975667
0.30137314160069895
0.7793154657649837
0.9513795916821044
0.863397083525882
0.7261407720901448
0.758786716563719
0.40544469922839466
0.9404517419229208
0.8473634799867799
0.4757252083419685
0.8488260396043381
0.8002708193060735
0.8016416330074285
0.4639197698877775
0.9002340983358404
0.779696631493943
0.6920189711279667
0.7096545364720847
0.5685491184548807
0.4925000996153711
0.469996719520409
0.9066947117981697
0.977582323419812
0.005684939291200619
0.9741800107483377
0.13668090435261682
0.8041255651526934
0.9291308192297527
0.016456502112614957
0.22252067315671242
0.25427083101555137
0.9947773692579459
0.09508327211570267
0.7924059283435095
0.8570830977421425
0.8822158474440598
0.7837847274524492
0.9133730901286704
0.09006130945495106
0.7594687140891206
0.09694099111000132
0.005862544846517159
0.8674235259868923
0.2509018103668348
0.163172700540546
0.6345225646006663
0.22010481829335127
0.3186279750735793
0.35310448637065384
0.6855421466612571
0.07545677800989314
0.849424322176497
0.6018163270846473
0.38708650947586276
0.9049900434337584
0.5761004735085116
