1337105
0.13805557738835283
0.1443550515682468
0.6908577206410241
0.8124970867030955
0.17286264532629658
0.918785851011422
0.8722969017079624
0.3052418064072273
0.6768664647851278
0.6298228702287998
0.25172497814062733
0.8143163439044679
0.6926715372189969
0.07200695927887912
0.12726076816397836
0.7158265643579196
0.6421521963741597
0.48751874898511405
0.5599874897283528
0.9729113975498664
0.5368426539647019
0.942715202300955
0.03095630683655093
0.7380259008112606
0.24971376337413753
0.3011863346541289
0.8251197133956008
0.22278046210760916
0.8241977384421123
0.4618200009645359
0.6615122180432795
0.8168120520038488
0.4535475262613421
0.0391513959800196
0.01184731254931859
0.8365773621587649
0.20209484484809492
0.20331252056614058
0.7538019654768434
0.21562186375140002
0.7596967803045502
0.9681869985499814
0.2906104082182618
0.909792700672413
0.5216383931047425
0.818913352747408
0.0351914677794698
0.7840275252712754
0.0684841500067861
0.20367011208359598
0.20488479701564644
0.2717655313076379
0.6838485577640724
0.07971454330663064
0.20197281675805334
0.15369077129128872
0.8927821933705635
0.39993582448402953
0.46551732833855175
0.38943194475512244
0.1294465620763673
0.15372286484354714
0.5716403889462867
0.054007254892945
0.5499773058497308
0.3347358474040796
0.5322317125155306
0.08021649111816698
0.6949117810611983
0.9982098064084184
0.6961653633175846
0.6888469031928744
0.17528416334352936
0.3917070481310657
0.3924608863275654
0.10047325812793007
0.8074671571919106
0.9957753206736323
0.4714250789103861
0.36579693595886975
0.654066203877909
0.19475655098255173
0.1976623938783394
0.9258822366200755
0.24164898899480247
0.21303089765641126
0.527943476137615
0.8193132922090687
0.8208187987338477
0.8982695826011475
0.6672728868872202
0.2902075770007838
0.9101176781301649
0.9108087447405447
0.9380987202657595
0.9191873609575236
0.5224714098798392
0.8870464329770248
0.42045807572105487
0.2988239716263412
0.411365115276803
0.18480294749952542
0.5249544818033457
0.7057335152855426
0.393664602157335
0.8898744905195582
0.6458142426887541
0.18341734214116956
0.30697555115752617
0.8655490408917247
0.3078708754267203
0.9431043682537856
0.44165861685823704
0.7606418943700802
0.7691777904757966
0.014266014544448091
0.35109584909406655
0.056648304914239334
0.8700515247323374
0.6321396149129479
0.7885294123961298
0.43089887403586835
0.029698825483921887
0.9365087919981865
0.14477140663536658
0.940142804504114
0.6831828662021708
0.17415483503563223
0.16830861794002872
0.7877732077786457
0.12433527130488475
0.7468060261905148
0.9378042014412419
0.7279476144334415
0.6743220628139024
0.1270764859056911
0.02672350687800784
0.4811458176836495
0.3309235642476024
0.8768001345199536
0.5507888242822653
0.8882464799550406
0.5701895140226342
0.745329273523124
0.3211934583312266
0.9139928806884833
0.7699822547842161
0.09978144784759035
0.639983259811681
0.025756988866770025
0.8040226976242275
0.744882302924167
0.3687388869258489
0.9198007640704512
0.7154048574070397
0.5269661713590538
0.7776701662114895
0.04477173671917223
0.020146980049726815
0.9848602332275619
0.3394590270869864
0.8809599188024302
0.11419796728811316
0.7097921868210203
0.07066524300515564
0.47388152358160285
0.46142024235968015
0.007125368720061975
0.2432349171406094
0.2920440318253982
0.7254212023001709
0.9146392329049825
0.28962880321752904
0.08128699703631748
0.7747070702465243
0.6252374405833893
0.5073136342114307
0.02188066750522233
0.5384848770320341
0.8863796463484321
0.7318367591948227
0.159604980981344
0.019539094543524316
0.004197018026276256
0.49243016245560733
0.7783196471677598
0.38096201951129993
0.6671660441639935
0.2900674586402008
0.10907542062387532
0.9151176105280466
0.922378774432586
0.5451230871772991
0.529605553442069
0.8760706894214025
0.2868618390940175
0.45026033430866297
0.19807584634668374
0.6108146974392068
0.15706100177456161
0.43390048991734553
0.88626031773314
0.15998288815095263
0.3915212888961387
0.19060293057664757
0.6298488919485189
0.515329122959862
0.18495768085858322
0.2669119166881375
0.6973824340161342
