381623
0.34669535872849155
0.48957880630545414
0.3402204121011515
0.3263389454682325
0.8849770073656062
0.6317851674678294
0.030389779307506637
0.4662419913043654
0.533445722184961
0.1154197220850306
0.26540903580296804
0.7881845347418
0.05649791055377007
0.8266778868050243
0.04477911221896558
0.5005129659792984
0.18437651989246628
0.7166678165413759
0.17896425719886078
0.9563736919641427
0.9513367663884901
0.20074049664572913
0.1911568239482545
0.04467024333370062
0.283942602134025
0.1560107455137011
0.39875360342010113
0.511746422987526
0.9742899662541016
0.7487897231233492
0.708265221497293
0.5827225971111067
0.22861701105195187
0.668375180753868
0.35367000549277194
0.8617635837781176
0.5686755786573446
0.4696224318949124
0.5357620248739634
0.38215822656357534
0.9814024208359329
0.6339458906572788
0.6788324790492395
0.8499424571905261
0.8618421402360728
0.6468774902929634
0.8110628555212069
0.5788990348752974
0.4749388354894549
0.8600344501338254
0.39629674847075835
0.3501188116785554
0.37372660248195966
0.15632594115959753
0.7973969076426181
0.4459097763695843
0.4546135686199061
0.4694546587870265
0.43518268547874583
0.4056920191274367
0.10486813848799581
0.022245444355738053
0.6219824443367193
0.6306179884454681
0.20308014437055788
0.7430603793879442
0.9951243193304595
0.8240091272646743
0.5702835640825452
0.6955355715128214
0.4532279595146841
0.396301492182787
0.8375919129717476
0.514102212710335
0.5069488351511957
0.38604457559348004
0.5956108168904313
0.776230126086834
0.9958656698654275
0.1525991614951534
0.12155702748005204
0.9620594583211061
0.19449095085809542
0.08153136834954189
0.94192685117985
0.15306245588367573
0.432923185293416
0.8103017820225824
0.9817207614472846
0.9036031440931819
0.4914487241292267
0.029700326369876517
0.07564602695713363
0.7827405932174641
0.19344008914834154
0.7455786027856272
0.1723815533177877
0.9283468646074933
0.8171870532131571
0.9957834027378689
0.6499053586187392
0.5815877800888238
0.17483501590168682
0.40879646884802434
0.7780469882638503
0.9770413974757108
0.4653953030122977
0.663437333915955
0.5138428729858411
0.15220511668722714
0.2988302332608137
0.8630872497684081
0.4959359616966913
0.2098694279685016
0.6095051786742015
0.07324418492476159
0.31617504715013134
0.3178124642991357
0.5298393387273403
0.78782028072474
0.889733361822708
0.26249653724544464
0.6787749130456463
0.8874445908935785
0.019480209255554715
0.686923737428981
0.7347247572154741
0.732135687554205
0.05600326961327229
0.23753500063822297
0.6089464639183927
0.3910602460903978
0.8915933287522015
0.7210130067873779
0.012830955210871298
0.6536949922172572
0.3946672743280927
0.029076186204778587
0.721381571354609
0.38956171842787857
0.7905192655115987
0.02782746599722019
0.3751999612281405
0.027805354216303257
0.4249539402133298
0.8279481670612718
0.2345830506458889
0.41323816290521054
0.8092699862960083
0.8530037209249576
0.9018751154981447
0.062073479399258
0.8382256276337106
0.905354747491465
0.6620077299873977
0.8884245872991444
0.5970326615087831
0.9926434768394443
0.7561995417856685
0.8017456783383301
0.22908903953595505
0.022551942645668066
0.6000769539356553
0.18574357884028658
0.9230742624770949
0.5995050599539155
0.6850154505331205
0.1608901578683376
0.1961958678661171
0.06421840240150556
0.6602912181936886
0.7055173314524424
0.2997895647435078
0.6054667367947744
0.883670579966325
0.164577797006911
0.7541393520446057
0.7431759607596763
0.549355057957733
0.4105062638929162
0.7312981552659674
