458884
0.02989710572193016
0.18668572949245654
0.4309806288060464
0.08859202785189868
0.7416127449156852
0.3579167600745097
0.6192423841167725
0.35740595411444065
0.3475607097062743
0.21783976449390163
0.3604262364362122
0.3229054917460855
0.012447714486248151
0.2310261864033134
0.6799538791018637
0.6720062830608803
0.593221800179234
0.4410827059353788
0.09753060152346271
0.7070342393394576
0.7240836712439012
0.713195583784966
0.19494888168623092
0.22995560601445408
0.47738075820099735
0.7046343306167037
0.19631375781332128
0.5301924817821443
0.0791747561872358
0.5393200556641391
0.8798120061406711
0.9369914373210277
0.1592488886929404
0.7651017214279158
0.9067489833660398
0.39047751929086605
0.7975488966971407
0.8061736605502979
0.7014290274365591
0.009939789021052303
0.19252725672355187
0.788105849411304
0.34455579059863994
0.6935584374379292
0.1215874698217565
0.3092482315421322
0.5531815144396862
0.37069800457085955
0.4898012780837431
0.45980899646269324
0.7118353376136418
0.6460547338934248
0.17029881472835295
0.14869599376587195
0.09231196669547048
0.2243607396651256
0.028207310717291212
0.5882493700115281
0.8537044822345197
0.6850111794627196
0.48974190980574306
0.6082826831069605
0.14961565573647606
0.887895209600718
0.2690272886811974
0.32338898162252094
0.6860844058699902
0.5348750570738424
0.8974563101087295
0.5612568749620446
0.3716153308649933
0.18577202006252935
0.5138680996871238
0.37478131222175337
0.2798004980137483
0.33338211980975474
0.9685546829799402
0.907042382852945
0.005375146803812347
0.9789578870360288
0.6700814871283706
0.8557647390324518
0.6361492869407239
0.5177575532011408
0.7611342685085442
0.7926593387720224
0.9861098763103918
0.6436762125498457
0.1480809168732372
0.6330880457576481
0.4390890850547361
0.41263802210438494
0.6286634014955317
0.6227808225511807
0.7377459216097488
0.5663423211420171
0.8632118826332223
0.31087452008617034
0.3192103803177746
0.7111211842379204
0.21699929492517722
0.11233079368495369
0.34659016538953025
0.9710788543666351
0.5648313823817505
0.2278304310679513
0.4146422771373368
0.2903489816696144
0.9936936164931423
0.8855298278214696
0.01826295914575371
0.6462183592025258
0.9652533600068474
0.09660463630425842
0.2640510702961161
0.05303081665689158
0.9072416484089035
0.3752949552441218
0.9780516099976447
0.3861986496370805
0.39121598623448195
0.1642050295424493
0.3168876203789154
0.7363128262747144
0.023931852595605374
0.026899619270001618
0.22484040298973595
0.2152577016153897
0.9305272824333528
0.022378630774917196
0.596039264103797
0.8793997571138931
0.23995148994399318
0.059800118943146185
0.7987736913630101
0.7093339512004447
0.29654496878841907
0.44686115609170296
0.2980428758582778
0.3913354682203283
0.41640501888597714
0.2915350382363977
0.4728079651533831
0.9825785251665567
0.8831474055324028
0.8944025192091489
0.36601531303647816
0.41034828788617783
0.5349013317264152
0.7776034077417368
0.02830948275336953
0.15488544523511427
0.732851218149919
0.5364744670025208
0.3204571089693973
0.3961677516524513
0.7213659654028
0.2712282426239171
0.5248535024551025
0.366846253218441
0.39073213996733336
0.9585665401946519
0.8830863091458944
0.6467185671544119
0.23573479959685262
0.7569115976980355
0.22438139313674121
0.6585350908302942
0.8668056390690615
0.9039767030895679
0.17885803884506513
0.6805984747303212
0.7751853118124842
0.5616873289204494
0.0798719814854042
0.2785306888793466
0.17952279752038713
0.6910028856572085
0.5513264967119202
0.17674585687548716
0.6885615819691607
0.7979779480228347
0.948683169049506
0.23958135175825734
0.2030386580380218
0.1824415657913695
0.2765055211905967
0.41270366860460395
0.949649585511712
0.14196154351195944
0.9407204670862732
0.18731932488944625
0.7909083645274532
0.43629988091614047
0.7103838506523041
