647118
0.39288580257466255
0.9869586174083304
0.20135541553528558
0.5615881323200329
0.8984306682930839
0.3988680508579844
0.4166271359926397
0.6552514849025587
0.1082520661506513
0.7176655275988315
0.9765224052855559
0.5608796782369185
0.9746869568831842
0.6793563332857331
0.3933723982669982
0.9799932018496798
0.6187981748389686
0.3833776177155055
0.1688061119590636
0.6457637207030685
0.5492450871195038
0.7704328617065935
0.9101741575701041
0.779505867987101
0.9002668871166997
0.0353707380775955
0.3400014920308191
0.4700214780465459
0.07162141376359021
0.25174995651278287
0.44898833272812644
0.6083952462941835
0.6464866776311035
0.7669587551567015
0.1768668923002833
0.5586922047650202
0.48774631010216385
0.9902338532902005
0.1704609232692933
0.5741090370656305
0.4687439024341056
0.04065047402872857
0.36458395931681686
0.07848278214189297
0.3815057553657909
0.34813157467964284
0.35895156463420397
0.3246621011433497
0.18359514379878505
0.7077506404950926
0.8230713499786436
0.6140976927788415
0.8941758117380305
0.47607986968271376
0.4511142041187629
0.21611028068589755
0.13052560632626753
0.568060772112678
0.3100588423766715
0.3606457140861744
0.4881565276277876
0.6638522769883762
0.7769410738006274
0.19492895321386827
0.7108599613173675
0.5673365843762901
0.6448279430403221
0.3922794310791009
0.8714113605680567
0.9714407451504066
0.3921764682509007
0.18045265210997274
0.5893318761958413
0.9801577836448386
0.056525179874779896
0.9172239705765335
0.6490184105446247
0.613127873642275
0.631006212709321
0.9825319861697187
0.249718588704691
0.17586695580209422
0.41095446751945486
0.6793511838103967
0.5182397284812736
0.8172062746749408
0.2579294263822224
0.039564049820408065
0.8459465465955445
0.8152333445949927
0.3197546524606837
0.9164554038705794
0.07351495343214776
0.13400099314421643
0.34771845909093946
0.5120526236595843
0.5400745693900971
0.5754980474746553
0.3858686916836881
0.5353871465545337
0.5377855655595675
0.41485152184608953
0.2723737027874812
0.5168544835905184
0.7685606199888683
0.7514568773685149
0.08921037103113971
0.41420099280536715
0.9865557625787966
0.9347094908876891
0.4239791040110774
0.5372679021390305
0.12821865015683775
0.3302369488221405
0.06643527782367076
0.9914738648452402
0.8810966863322983
0.3810083374642891
0.5523648776367507
0.2941197123832956
0.823271451199022
0.38742346790714643
0.7887218668544546
0.5529498969350113
0.9771997315035045
0.6814611615899022
0.8464835385621602
0.6130071745431259
0.8649061303177491
0.9021927768831981
0.8914690139382301
0.8756684183407455
0.9258854917692824
0.893443141007084
0.13840565482631995
0.0728509486051534
0.46473818121759414
0.3391081553622449
0.6598164698215988
0.13973082475493648
0.13247464909582662
0.6276145991047914
0.8588414462570214
0.4709151373589212
0.3135905235805758
0.5942342128961519
0.4238941541495542
0.26786307181989444
0.6904266834743273
0.7284409873112067
0.6230944309748853
0.3894510831999185
0.6869936811432497
0.15322663550618332
0.8677068140537793
0.10292972346334184
0.4563531185830756
0.18426633027578676
0.5763535791269996
0.3991208607228255
0.568813480448882
0.5590531136249292
0.5055601584210255
0.08355590871406005
0.5826112179252584
0.48959580671158265
0.8772299750123931
0.684356813184878
0.23441240275343544
0.5370019830011281
0.8299346422298239
0.328013574193044
0.07388451165297971
0.932244319685893
0.948444484225204
0.1258133505340976
0.984750904103324
0.3746346072036548
