458319
0.5991755629218726
0.5703459596291205
0.5084419092952638
0.8623374988557074
0.8165877892644742
0.28138972786419303
0.9790422912509398
0.48395928198190596
0.41515724548833166
0.9060774245101533
0.6910580813509163
0.019243509932517888
0.16925880767876966
0.3576854598631781
0.9446814083074866
0.15610606754099832
0.8197362121743318
0.9292871380548333
0.9236330488499827
0.2703609693530278
0.17438881206899337
0.27853530413386973
0.8279906818654931
0.6005478111088295
0.7104049628377123
0.09973201097220119
0.6277533891419433
0.6845245378593988
0.7817993959489982
0.13238620699432135
0.5563131695816759
0.6489207840502309
0.6999520521999739
0.9845610228464748
0.018669116821615428
0.787273090436565
0.1516341325919628
0.35966455055254276
0.6761333613555942
0.4886403678318726
0.6464463256716325
0.6669389481051486
0.0874418197552359
0.985723897767911
0.9443834370279574
0.6687547543068436
0.4355977767709236
0.5799934832587242
0.7042786661343509
0.7719186003622549
0.5504389982025303
0.9710471385825686
0.9151695181559486
0.8055541738148624
0.6488346339660351
0.06840910927222188
0.025166965994748103
0.6447177606774729
0.9575808549974989
0.19619661506840547
0.06619790455758856
0.8367612759478931
0.6584793240469933
0.9145633092392413
0.488030668398843
0.46655736132841163
0.40074589278407025
0.7765530538895494
0.8612817184010335
0.8570526583621026
0.9628115348117108
0.21497493306652948
0.08664134443066618
0.34321671065714
0.5137412160920667
0.4111363641714213
0.25634492025181765
0.28030575114222156
0.32391052693037437
0.4357483758167925
0.8539552553032299
0.6514623827423554
0.7052442295257588
0.1720429295183168
0.5498109301470268
0.12502295451381185
0.423234652220037
0.5321195239081905
0.45203434401364806
0.17850696724019643
0.8161217565103225
0.2597641936677988
0.30678248267134656
0.9541137898093782
0.38103156500443003
0.17646106840776032
0.8064619258455575
0.8396536102410955
0.6425326514702872
0.07204292232074772
0.8609196205801307
0.3791912571686792
0.7059851342405028
0.5674037858870932
0.41415908260638323
0.0092831002792223
0.016220652591606655
0.18392337839958883
0.14792130472845344
0.28953852267308755
0.4915054403475162
0.5427294969642115
0.20350842486336607
0.750339378187849
0.38340319786415233
0.08665132388696484
0.8745175970053559
0.21590225505422922
0.9250681251905203
0.9686925339679717
0.07569105570254275
0.47746978535293394
0.07366278019290684
0.7830807635002096
0.27687809519792617
0.4892689805459065
0.4270093077906896
0.628425390596033
0.5061431097019559
0.8389763537413478
0.7002469591554298
0.5872429037696338
0.9723433008129421
0.10478044074341075
0.9851822671591183
0.08208536265097566
0.8350384978554033
0.8527346087182313
0.3831833146212307
0.7257342204242384
0.6583849042545189
0.4509445083037438
0.5018822463875817
0.22139802408896558
0.12570328591427327
0.5812354951259132
0.7366156758774568
0.5885795174347985
0.6627013182082049
0.3142976975049173
0.2194455421399647
0.4912538482766473
0.7198689850842837
0.8809074564324245
0.8117676656073721
0.7272263118243882
0.5983548087084146
0.8196755637275296
0.5409291815237957
0.00101455629814029
0.8686699962801568
0.010874359378420406
0.4369399594212613
0.9473269416863519
0.6278562343646782
0.21624727474594763
0.8122773877384926
0.9981848987107937
0.06829231551169734
0.13630576493932578
0.6459476057600378
0.09396430683669776
0.09010388478462827
0.6694706553428753
0.8823811141280181
0.4271065941526059
0.9791790619792664
0.011515722319254906
0.13640339708925775
0.37697795991588356
0.4940826000325542
0.4691238167712809
0.5074369746944182
0.5453304366737668
0.057699616077156346
0.3779663558255212
0.9492537042590449
0.33404634560826263
0.13322931198416
0.31356969492920717
0.9160115601272995
0.8203229152156208
0.2791882343566642
