1090076
0.16912261606570966
0.13102973776545546
0.3338176612349697
0.5135749858268337
0.31859725812306006
0.7799423464909195
0.09437504400714325
0.5192408627583093
0.6000854635857774
0.3763375138493297
0.9730613056688928
0.7712687169377586
0.9659419504317514
0.44257572012173807
0.590162706190895
0.047258256463448056
0.6152965350718037
0.32654845912762986
0.44822305825551134
0.7299660219541357
0.3008536779205788
0.7600079868202608
0.31764215006239016
0.3643593965505687
0.31517833298025977
0.24781869024105896
0.029741799690722548
0.11646971332272382
0.7718550056403165
0.29438708993482043
0.34981584286771106
0.38883588199722374
0.20022736148883757
0.3221588411281866
0.20912488770979276
0.02408757222635871
0.531995862515197
0.8919544595717741
0.3374924538833506
0.11122471442622062
0.2737714956190923
0.4960487807787841
0.2571043466345335
0.39840829894680363
0.03175371835070295
0.7622809508496186
0.6733083198040319
0.7115845606761351
0.5830209786454579
0.38111533630961236
0.5296565244931211
0.5800233262337484
0.37249306072296495
0.4474565813068784
0.382128370139029
0.4778582964206344
0.65544395232817
0.1951540735148224
0.29141698744876177
0.7049754966093759
0.5025150334464611
0.29451498736812054
0.1323575838612635
0.9511033402681576
0.5374981285874931
0.9817768464195117
0.07602148622554461
0.013716263914299365
0.5877286980884471
0.29437411954419124
0.012694529115897857
0.9733708891674316
0.3927494699038836
0.5969658476136317
0.852904667410136
0.36935232316673994
0.1389751453052639
0.40057407391928523
0.9688578262647013
0.564015259076568
0.8664094945120655
0.20081578893840402
0.5200873866693986
0.5359630235669424
0.7280357163032769
0.6910938552724252
0.04481718293045711
0.8002147769973457
0.6733222301358438
0.24274527957856462
0.4924840061899468
0.017769893401794468
0.37435544944087995
0.9865277533191247
0.8230599381752344
0.12748518246326324
0.11643205235202247
0.17845863625182457
0.40526119648139525
0.5099394752194553
0.9345132283411614
0.7879028964528141
0.7084246378169229
0.7759671559463226
0.4927638709145049
0.40693955762731515
0.20177899154995949
0.2618006137644401
0.07646976888340262
0.6474192530676693
0.9500326301719194
0.2082688503147384
0.5939466393566255
0.16575765179524538
0.12564574424403618
0.903257670714453
0.6706244967599146
0.33539316055468404
0.5458491371731375
0.7746448714431831
0.7583116884556913
0.37296927127128243
0.38641815546151836
0.5351807267530269
0.6797129968587666
0.4166856595032069
0.4244049317122611
0.0012931578024664159
0.18159683652604197
0.653893845523559
0.5184774503257634
0.13455398424893916
0.8795759594990398
0.09989718258636004
0.5482098898908986
0.1875503781158151
0.44328800809260493
0.04104691963665874
0.7026130612844871
0.5751640196723337
0.9928308204914249
0.472609287066696
0.8333897948987178
0.23776788550451622
0.45562897863512664
0.08551121576035148
0.5698452861192711
0.8146084359168407
0.0674777427571126
0.4859552262696665
0.030077385531736667
0.9036488546606719
0.29233104401028265
0.36802684400104724
0.25701772202641426
0.04840691383491513
0.18247068199237848
0.30180035443506525
0.9580891676298806
0.8628283051937032
0.6040135824191355
0.6480821954705748
0.7336911151201678
0.8819953249143945
0.8122852362658761
0.8658134971923469
0.7424190037987236
0.3094767792493791
0.5774067785359217
0.1392863237752877
0.6698696574870823
0.8213846287320122
0.43251414869591254
0.8197109153693325
0.9430799922439436
0.9827094436032363
0.645347872546406
0.6493044594188154
0.3640910805698653
0.6332652394636122
0.1985220513360072
0.11595368890640023
0.7238256575339895
0.8085815109870353
0.4046021217553992
0.5726378284799093
0.5014118377797977
0.3753388011536366
0.7791904013723966
0.9481800368269641
0.4542817480526533
0.5814512814635406
0.4485396214448417
0.9745288165416733
0.7608184047411408
0.1476580187707287
0.6777841158054003
0.860653794917108
0.3900200429366547
