813643
0.36049227230297676
0.07169947811585065
0.2542728354981446
0.5415962210345817
0.8657561494758973
0.6219709823781787
0.1500101721844097
0.325105172687289
0.5071353571968367
0.05327228063045886
0.12621847810689701
0.3281873837995364
0.60634724071434
0.8550251517591241
0.922580179112173
0.36164586370182605
0.5392223907129763
0.9765324443428293
0.906736475998025
0.4630682817862297
0.3263785183916942
0.4102459005001222
0.42057488603200655
0.19088203559680417
0.22765261880728138
0.7912512917792864
0.3454395451970812
0.34717860059233774
0.006215885085943618
0.7006231858437654
0.4804108077734208
0.5303383643567847
0.6113027477988111
0.5761226610237864
0.4889336870263905
0.33743283552104786
0.517744162523749
0.005780772119819755
0.23645766977092864
0.61157649268935
0.8560024718126075
0.7082316296966839
0.3153826931661846
0.8608454820250012
0.7681630755253318
0.6882286360685432
0.4334897847320952
0.8630761653437838
0.13334630874532938
0.8965982127386443
0.12816668351030236
0.5148013009432938
0.92026023166707
0.22095551278754466
0.9611222577941193
0.18277740371899276
0.9451231051736482
0.7868267634485901
0.9469162393333851
0.17300194025470927
0.7399424142409008
0.3583932970903583
0.4735132716241358
0.4448143029919098
0.5691443806355282
0.09389291363578833
0.3842033850874055
0.36661990077242645
0.37180650981491437
0.03278397570891234
0.20761388545765647
0.1349720669030413
0.5522530579688433
0.47009859607045146
0.7461702586381421
0.46019146277950373
0.0935311719073958
0.8079808572821285
0.36324632385885747
0.25939854143323116
0.4262934744659723
0.5652270968516699
0.34537738636111015
0.39177944927167185
0.8498704750234745
0.9727150214319901
0.6582921072407446
0.9211011547031464
0.07282404916546936
0.985928882042725
0.2641521421372409
0.9969373459491908
0.6170310405462485
0.6053584632966736
0.9222713650073526
0.20876097881497702
0.41235400022835245
0.11136963210253514
0.05671907569982082
0.18600603360391288
0.898213523653094
0.19221484737150119
0.8415945566961416
0.2923948433195923
0.3438850779381738
0.9721718468614784
0.12839327796885114
0.49427410915092307
0.9011000247054134
0.6313696674022726
0.21976762160777918
0.8703967913455546
0.11053984883344647
0.6496810298872491
0.7801178802284701
0.7745333266223817
0.1980685005470474
0.7041304356090928
0.36583223678688837
0.3624902923609725
0.5170576380726213
0.9025879416488585
0.15662708575159912
0.051560320637455415
0.9199155081916063
0.3460886011277048
0.47432194307063014
0.4931222567354331
0.6749393600663852
0.9779379526761832
0.5865159573873235
0.8080558083898345
0.7838684233891714
0.2998343350365048
0.11001585632160171
0.1598302884247359
0.2010224711373454
0.8135589935737505
0.052498173450655106
0.22157257422775378
0.5066686379159747
0.9813553081615459
0.1607708502217915
0.7311141836927688
0.045267520111028414
0.08893897662396999
0.7801330275842511
0.1219634701209179
0.40350654280138176
0.6421507852922186
0.8717136073691039
0.16834325375427706
0.37353721022329445
0.8315844913123077
0.18330289238231712
0.6888806988363454
0.22359004720494458
0.15909242277023727
0.8240738497362916
0.6162303823953181
0.18114942589635474
0.535891447343935
0.6547224746003345
0.15885763546927512
0.5231275519165597
0.03406283231430074
0.9719398993646473
0.35640432939992983
0.5629855326492608
0.0015592663186710931
0.9397609997844494
0.06150431259011635
0.12650665780591963
0.4354031117785391
0.1002178729017108
0.26861143670896215
0.8159349641108024
0.3485797948226541
0.0818586913970708
0.7543481003250695
0.4764501167901606
0.3632009645006611
0.317075698108249
0.19407786815999073
0.7994575310605497
0.9158322048274302
0.17781867482193314
0.2758505054657222
0.9239298660616396
0.27045016835365954
0.44415323359202186
0.8455638750103894
0.2300447421374613
