718838
0.6165946974947144
0.552351359036791
0.19560124727881978
0.10880001998331978
0.12452981166185129
0.029995098225837902
0.2118979633256063
0.3403024731387051
0.6926597065370366
0.3140091754151433
0.1881725025710853
0.5664951918719496
0.5051717295985383
0.06965046743637537
0.2672541220049718
0.2715637325186505
0.6489398868677121
0.5578706074795554
0.3510555968984008
0.3014761930606822
0.8124608399743957
0.7369793129632642
0.9706654487400649
0.09746951427244055
0.4644088399507752
0.5490124239524976
0.39468056871288115
0.8397807849974885
0.8349602076760444
0.5872463605773927
0.4927772328654474
0.30206893657867195
0.8872961813163018
0.588370982119957
0.3139018498979498
0.16716800186422154
0.7371998097115363
0.09615315726957008
0.6870952001159648
0.6612576235776013
0.655421534523632
0.2029935258851323
0.40784703883432694
0.6262329140184082
0.8704950603556056
0.4915994391806262
0.7340104082323987
0.5689999952361318
0.8789431008196315
0.17106732642625644
0.9826881843773559
0.8016195198946099
0.8653208497106164
0.9299878861396756
0.9931369993436225
0.517665639924003
0.1363021295216661
0.21375804497058803
0.10061645222125215
0.5378630872040758
0.18102167751746734
0.47410376339452875
0.05224436791689968
0.5020104218502989
0.08414430495587033
0.43588823898591533
0.988301913118491
0.48439298487464
0.5386396747700607
0.5796002693901041
0.2110646809444846
0.36633390310667135
0.6319995314425755
0.8474876222696133
0.9681192573746945
0.8122276022410667
0.912641400441401
0.04712130624565991
0.888257137794817
0.3643444998761991
0.9825012588193504
0.5482459778848521
0.025420929218074484
0.996892300070248
0.0073250196104146514
0.6470926482488926
0.6898103757830447
0.4512630808363469
0.08792661392668233
0.4069003269734208
0.3751389250480456
0.8120918036669436
0.39368862363768653
0.8742127109276594
0.12716386499678223
0.07769686689919986
0.3238384432938476
0.3175873492523107
0.6409963542812952
0.9286681987113042
0.7325415594495257
0.5386743952062726
0.22333003370796845
0.5048144669773104
0.43061091242961014
0.36519235274971595
0.5106101930644381
0.763375783611676
0.7596393274128803
0.15114912725073504
0.4952979157526636
0.9103534097294301
0.0236194316791708
0.48172613876488757
0.9797664264290921
0.4720042295965682
0.9586239670145775
0.30856433754186763
0.051000038857910934
0.8049915498668495
0.22287648699678098
0.42576090314530324
0.5491486440800497
0.23138096705315858
0.097550690993084
0.5377055966382445
0.789123263341114
0.5286133736984897
0.20289448087156858
0.16695651241500886
0.9868017100754811
0.20478431639144323
0.054782232650848806
0.3036747480254349
0.9400453125127977
0.846002694254178
0.7135569754914767
0.007708318199336928
0.5196114002264858
0.8352983937001103
0.6100321214808379
0.14023535237101759
0.43617803948432954
0.9114927085101889
0.8727793018218296
0.02394782612811497
0.5670814710127359
0.36164136162731375
0.12633816557080835
0.10907634399760635
0.8499984788074765
0.12210506351867345
0.7817401427502669
0.6571274944212787
0.38068929971069165
0.7009978694879095
0.29874734846835227
0.045025638576451144
0.8880494354525289
0.6287087027993823
0.7634650316228152
0.5394207175686815
0.20210140306893531
0.09338724557974865
0.3954933370138688
0.29424461520559453
0.6791903093745768
0.5247300429377584
0.2755432923664537
0.8841685757818206
0.8035300859858152
0.15209859118439495
0.6674480089901722
0.9024346530816005
