1136443
0.5040809304410246
0.6740249014077863
0.801209643841014
0.4714808943677762
0.5539912978109252
0.6643759004906387
0.44307851477528826
0.6633218556408811
0.6168393368704723
0.5540608122707718
0.07585558604109888
0.4870306157193406
0.4890261402943836
0.012519588052893105
0.4722076959807948
0.29696153063381436
0.07515810411326318
0.18401851556234283
0.09637563518304126
0.8180847866684994
0.21907473977929348
0.3138556013647611
0.37894490201914344
0.34789679158974207
0.23258154179813118
0.7591074420110583
0.7947449611726025
0.29509690204608763
0.9062204690909021
0.6294315836736808
0.03846270019421405
0.12720425357915577
0.3459805157675574
0.5583208291177943
0.855252017480626
0.8822970105052597
0.19567138337406798
0.2663394795526236
0.5025658512603903
0.8893134774276804
0.6767533490373955
0.6452535491352077
0.3946333921835713
0.2368624027896845
0.40573690164007015
0.06560013955215738
0.21244925650169932
0.8322483533705869
0.1338360398675713
0.49012401047546994
0.649837920175182
0.600424669060537
0.39437924698304905
0.7616423013051049
0.010101107195202852
0.48684537704820985
0.540552748047518
0.12628057561346973
0.06795155992723301
0.44869464961498673
0.8093707474439956
0.6516570625658922
0.9678821754551056
0.5457303291364619
0.8573378022485211
0.7044741790743486
0.4428140203619543
0.5749861216007696
0.6790884757545284
0.06310905479893991
0.3058128299292716
0.4328343818936058
0.9423605744274076
0.5581784751916589
0.9928586486646609
0.5334197237078038
0.5509771734761835
0.357685514754581
0.9160984545742941
0.16423113646689136
0.6820845411889798
0.14323835730940093
0.5247067508636996
0.6175883414210431
0.6347120793284878
0.45996482772530534
0.26442530846622614
0.301075696196608
0.5737914981120138
0.46512846868687263
0.07704731211385629
0.8004651046382427
0.657092510363993
0.14908531523772095
0.6875573782132478
0.04542685507806432
0.0921024332107434
0.8571028671545546
0.6893339516120113
0.31133531709437734
0.38569783813528136
0.6016959377305809
0.3567658064419591
0.7797341548195565
0.4215262863069664
0.2225168602829336
0.18982974380505724
0.7755336854632262
0.028336805369671758
0.9244698265352966
0.42662212592641036
0.600770479874908
0.3870677503074069
0.10460274680719395
0.14753161415899696
0.0927677428947673
0.965321579427474
0.6644622188517378
0.13868657735775503
0.6487918023276055
0.6649253933155365
0.1969801755958781
0.3825052615242036
0.4798091552338638
0.5215977637310019
0.535593791992128
0.8996224944544747
0.2827051855893732
0.605311279924226
0.15818268654308854
0.6791620098919529
0.353333931338755
0.735761621879165
0.8495406949143529
0.603268414390674
0.40202648742685554
0.24942364628991787
0.8434817034658776
0.5970088470510161
0.978692592445482
0.33299572818426626
0.3893126830994236
0.7161988301871698
0.46640859560776693
0.3726034571573984
0.3172889696916946
0.5234028517737479
0.060392104307725236
0.3589544558080179
0.7138003791229292
0.8963050716795159
0.013522031560951109
0.635706362182958
0.2594190614959815
0.36284118508407015
0.7000701874739278
0.18163010645147104
0.13157311712928554
0.16392735836756134
0.7260685243737115
0.1767212150011479
0.6284927838102752
0.5073180633036226
0.3977437572771182
0.818231740976384
0.832208430811519
0.895069339397328
0.34870941287259527
0.22466651592072595
0.6957631355149703
0.9822798064720966
0.022112399471948985
0.7941068965145333
0.9134346058524853
0.15622660356406026
0.005689738881312523
0.567795785232808
0.8126447455946476
0.9127093574862793
0.9256983723240442
0.9907385102128132
0.29236743838665313
0.1503599455960114
0.7199392859049494
0.9581433844790127
0.5252282514032873
0.7038714475102135
0.6306042422518484
0.18984749594095185
0.7391225086796411
0.7935451770816229
0.18443217884279073
0.7844418895201599
0.8990607661864285
0.5812495273295151
0.7606693979569112
0.2706326161068514
0.521084089232896
0.6918301416397921
