699267
0.08658575508653166
0.5954422719829923
0.16747363143611416
0.3842059307748986
0.1458068705177641
0.26717889211850676
0.3961122721821839
0.037830789751109206
0.5364803747602578
0.30566813448651153
0.06673898120529398
0.7578965165478243
0.27430141381068085
0.7430655176346752
0.9429690105141887
0.19659711441079042
0.39968133494438696
0.16563545739107355
0.4713359637802341
0.13797082989021936
0.5188504142935118
0.1902049428263448
0.4672449634436916
2.804379427383541E-4
0.5854439670440881
0.8285686479864194
0.1926081701893495
0.17258915709106082
0.8121285919664598
0.40894407143943456
0.9710678181238858
0.021133067202295464
0.5910833131123673
0.09564461063210472
0.054093435321973526
0.47628784954789694
0.697658009391927
0.07645893340696619
0.9248738811747542
0.34237193416699097
0.8532896763551736
0.17179594914147334
0.6068071662547085
0.8602238954953249
0.9317643878402029
0.9604739908679798
0.8295235600479964
0.5964371124829755
0.7071711361549116
0.5141042227105117
0.09776074353848185
0.43333021297604735
0.06240116548673513
0.48533749249549873
0.8070426543733047
0.29017665560309214
0.00380440479609756
0.6048151638948529
0.5549957402620197
0.2189128433322034
0.660622482992269
0.6074840712437165
0.7082702188655075
0.6864888631511152
0.6870752577905802
0.23100638505549898
0.1024157356128611
0.181221287824598
0.13048630042359877
0.20731560553593953
0.475694403847318
0.7619534733021687
0.8805896691169016
0.10293942962246194
0.8676966093126544
0.8065231294046203
0.27316900220957097
0.454532038192361
0.7497576533653956
0.00998285056095205
0.28543712914037833
0.8931269106637316
0.09655681797637838
0.6332145622260887
0.031072612133694166
0.8539429719535212
0.9569122422713641
0.10902415263772713
0.9395871498686105
0.028146466448901175
0.3366686962344234
0.3754974419305881
0.08770595270625658
0.9287915049305322
0.3677076589053646
0.725344551632071
0.6397004129572548
0.815232431957049
0.8044920974026563
0.535154844371987
0.24912105718181865
0.7486216240268205
0.8631909712159803
0.9699296662099046
0.5761356619783181
0.7356765313351155
0.2983117518155345
0.6459557830666038
0.7826858928935004
0.7587201353747299
0.397901347677983
0.27902743644599337
0.9819335932001308
0.9870690937534007
0.27075939683707284
0.5452206334504536
0.13897481592864036
0.6181647404043791
0.397740131612059
0.7378680227005235
0.8465592114697076
0.6064115984755224
0.9241020641153052
0.3170785624305573
0.7325579573782766
0.0035091397305677674
0.5809976775208696
0.11709134180376268
0.9951835850716858
0.756132267656297
0.4415777345572405
0.8019478780123945
0.7074707302170277
0.5851367362222265
0.9408181170776034
0.14141327640282142
0.0842864438028108
0.005035654245914567
0.7180595603254388
0.8167709774700901
0.8631449327173082
0.6333139610012307
0.8773834198435682
0.7600620589858194
0.31436088941228413
0.6862175486330976
0.20332999099307836
0.4805348311931592
0.16658219787019835
0.9609746074705625
0.7180978194934327
0.43851573977759883
0.910501282667331
0.6639764866817447
0.721246025510379
0.28960840500492024
0.5265518086092882
0.16026629397618786
0.1140541717903415
0.7410723070775175
0.6716557922611445
0.09175308593619824
0.37807680045938397
0.8374282635602014
0.7555932334290442
0.3398905072578565
0.0510631586273218
0.7237834958933322
0.13932473687778546
0.9931284702978951
0.923294743700548
0.32306340744016415
0.8956054394469205
0.8202672057321628
0.46352674791501103
0.9072837118806736
0.18648588525623067
0.7479130323002838
0.17610173485612757
0.2431909516303199
0.33280373238153527
0.49355556142294454
0.6894372185128966
0.8490451287938665
0.07752812123963027
0.8153567560318626
0.38097119626002096
0.9120136011420125
0.3778255024932988
0.8055617078236481
0.25478279490564926
0.5845903194023694
