1104002
0.29997475041067534
0.27651238708712467
0.6054877122812452
0.7036502557919628
0.23676616985220067
0.566565065056157
0.7256414019874137
0.45719372394774915
0.7187773859125607
0.027782709848168108
0.5437651528047606
0.16153106497859682
0.548926640923912
0.04809437038103315
0.6162435921062219
0.10560307022630255
0.8539621147395366
0.7076830471134044
0.338724682709994
0.36932812290872163
0.9170533090685938
0.07268465014754144
0.5912859386645546
0.6293121015263061
0.3324087852389863
0.6888505180476027
0.2865139386045761
0.2279529239475957
0.10585202270227523
0.05364635809595364
0.45077622409969587
0.2009158084613928
0.8145449904491535
0.7173309683040299
0.5363484789821603
0.5331522081302116
0.8345572846831892
0.1918780278592116
0.6356915898800413
0.645079349565682
0.9467357295754888
0.031175085941181013
0.1490569753263551
0.9982330408353566
0.3393378757049331
0.2867535975212211
0.2427308943846126
0.7536522515729347
0.1401502402733512
0.04037477344705154
0.1276111087686046
0.6164484511864646
0.13132002369780993
0.868115731727114
0.7864426474676195
0.35645850055065287
0.22688696168829303
0.9001711926359003
0.28292164727263114
0.00757521078830381
0.6260096323951828
0.6064062619498465
0.1970095217061597
0.41729452459332805
0.2941383071861785
0.5597655601810333
0.04818201813056233
0.6432145334711294
0.5698946836156182
0.20796522687066432
0.7919711295078637
0.6746656121905339
0.24717593105288216
0.11846396898752765
0.6050402174440047
0.09534734470657247
0.44000894643804045
0.25252947701561046
0.2101656413934826
0.5967926403141954
0.901938264953367
0.5712877825550018
0.9348808556629267
0.702675013125602
0.24223856230608742
0.679962303253864
0.5461722997096726
0.6704199022098919
0.6580013437060133
0.27608037834545207
0.6584981883061917
0.29927712574760645
0.38415227416044473
0.8832452842680832
0.17353541053755828
0.29295546935226935
0.05271403306032352
0.7241417351521983
0.7774414019453839
0.9001173558131242
0.5481371294056652
0.6147635667333844
0.9950513986657468
0.7874753767383192
0.7472791931239408
0.44642228868546807
0.6803138315902132
0.4879287291577876
0.7406204471619937
0.1629158552715131
0.1084000820880835
0.31012276050479604
0.7455618975776818
0.13730688726899254
0.027306656850821565
0.29600950938336257
0.9431594102221288
0.5060803482685831
0.12540154972914574
0.6694334084068843
0.896405787839106
0.32802053263346154
0.3762490137856016
0.23146097051054637
0.04117975016627273
0.4009679487770036
0.6331795529886027
0.3271185913740642
0.9802392858103539
0.191686774954115
0.6634553007778468
0.33339841893043787
0.9561444613723091
0.6123938003254538
0.5355131151824063
0.09983692725293347
0.9307522153795494
0.3120703353596095
0.9026511757655873
0.4106665172725029
0.15693401982503874
0.7414986482208816
0.26265718751555367
0.331485973589578
0.9924248021806608
0.4980349517193071
0.715259358444061
0.2535901751484033
0.9762192585281517
0.35945114322160776
0.08791401841148261
0.5555454719246029
0.864689847650275
0.9757479240785777
0.5553266528087836
0.06429251387492863
0.4076081444548676
0.40366226779054903
0.03923595307413286
0.91700269458426
0.13350941358683
0.5406623480986796
0.7423731322953165
1.1092426623837692E-4
0.3093477653031135
0.04354336688608995
0.14414159087805412
0.8733918536936804
0.5411473869454634
0.5013085054202325
0.6654452232586602
0.9746423744213666
0.19036274863943015
0.47283865802581315
0.9962258013957567
0.9444784331775878
0.8949190301060252
0.4969256898794877
0.7716533384757291
0.1109495602919025
0.004411265235284345
0.33556399315325913
0.8815455341082675
0.5301197552739839
0.6656988788968324
0.5209653648017052
0.20247589327138482
0.49145881008663816
0.6281400999502978
0.7425825458772511
0.9531621982795683
0.06583315641624488
0.5769682053704217
0.7324973847862588
0.19111051241367283
0.09908122353938997
0.948819845108523
0.08584920406453633
0.19212210845662236
0.035602823238800485
0.7351831617447185
0.8875502293618425
0.5841539400037772
0.09408815826245942
0.7375413793473106
