1633950
0.10735437860818176
0.14315606264831315
0.6114567455182195
0.10224518758432777
0.4724164827374999
0.10089175107898096
0.8212723579474253
0.7336553201842505
0.9297991499135065
0.6633796007990631
0.9393448740577764
0.36085449116156043
0.8709550211179111
0.19347920579079148
0.1919259463944426
0.6162350991916689
0.006032187252508869
0.17227480944477847
0.34084982856861423
0.4735281796213202
0.14792095554414386
0.6212945013387121
0.3351667534950936
0.7883453256724209
0.1942805636942435
0.1412351531116668
0.9502613702154497
0.48606434807836507
0.2803546650684319
0.10274560605962757
0.6631436979610646
0.14989673592697572
0.41620484960804494
0.8109546826333095
0.5565459168247083
0.37623286035545944
0.9190612140933493
0.6578118786992182
0.7446531623102747
0.28486852228760184
0.6048105552929882
0.3749425719553131
0.6697422334666511
0.9984747349879609
0.01221130241942836
0.5046019627391773
0.6316969731440188
0.7386798083962269
0.8992465068961566
0.11744447516395407
0.08131477757505312
0.4253910405667115
0.8730949747763619
0.6232089278386473
0.533513795566882
0.31149122136397345
0.2935217865888565
0.24405178196801136
0.4379957344584531
0.2368024168326528
0.5240596183614508
0.3501440514060993
0.9826146516405344
0.5432179324081725
0.1961723501545677
0.39328025591962035
0.5986470659043372
0.5571608483013516
0.398663095180827
0.6166304284269121
0.8873543642725834
0.8160352730670494
0.6079086921874496
0.06739906654811612
0.7936738535994373
0.892094605665182
0.7340735600688529
0.694037810013455
0.11556959917869136
0.7501583954454314
0.8742755304941617
0.470791528329347
0.8565201632099609
0.06486782528915658
0.23574705705038856
0.5597397023407362
0.5038152690662288
0.8186770463387683
0.22035517047046027
0.49412893764403765
0.046778673592026476
0.8035358432138281
0.8464142288544888
0.24667402957687523
0.4367302930526399
0.35722675232546164
0.5245453794842984
0.832638574778521
0.23444530442670541
0.7795775528155792
0.7014073589040941
0.7898888320557157
0.3910639166732449
0.39427777624743776
0.03844336498166667
0.47674713546154845
0.4648501836074901
0.1487861335057198
0.6023589986338893
0.6333539531235488
0.08889403997707246
0.9778228515963169
0.009866872611417388
0.0633810687724331
0.17379598650891437
0.8951993227611622
0.5913033771091514
0.6103201039508777
0.15456857280093017
0.9242451818849823
0.41604376711730895
0.8262047357369431
0.5724352492344653
0.5288503628012554
0.45721192775414843
0.8605065056103516
0.4199012572697285
0.16514794248990228
0.2640013432615125
0.1330779325014284
0.9714175166091601
0.9381212039854825
0.25699427072394243
0.29739859456935014
0.2721531479766187
0.11792622815162468
0.16518654326330418
0.8490137594568236
0.06383788976202376
0.44747886527860326
0.1829954418357732
0.48893647680828234
0.6893309291206381
0.7558632275111788
0.1413484546770537
0.012918402554748298
0.4365179607237113
0.38137631779110914
0.3590213845967112
0.06487614570430467
0.8573334453199397
0.30353124749484073
0.8687141683356842
0.5663937858356105
0.8291507063350911
0.685099350535118
0.39692316096763003
0.014104052033976133
0.5134775136195896
0.7332794955848665
0.8174894075366187
0.12288444534409504
0.9108401724298401
0.4033402703135123
0.7957717260368314
0.48518655694681434
0.4109345647753643
0.4885892204369069
0.9937151645585804
0.015450023036195581
0.5935676770490591
0.06728006624580452
0.5156541320253075
0.9534356534753935
0.5486089503645306
0.11007805182648367
0.24051137570665027
0.11144432107124436
0.152115281694576
0.290959987706081
0.30812271622432974
0.8677718839369225
0.060989620267234756
0.6899343564520768
0.3057392956570446
0.13238248645644768
0.6699781774225546
0.12772409912127958
0.6353281904414126
0.1406659654518133
0.9125060145200636
0.3305629960917881
0.13311329682521134
0.46727740799841355
0.580797159467171
0.9875136933499312
0.2598682536105681
0.09444023719869044
0.7909196878208883
0.03322395284164137
0.08379388118857756
0.7177265006484104
0.32484214429198377
0.16579510473787595
0.8373826078899946
0.7272112404656794
0.8442828161603596
0.6924446044354571
0.04549272714509445
0.46303036897777206
0.3900784317499777
0.28490215374837224
0.09392594774905383
