1173556
0.462798078160775
0.6803315761599266
0.583236762132184
0.19236774786771893
0.3853077658963836
0.8935298894035189
0.15175139924927772
0.6955084526946637
0.8426814690484022
0.9240828018894681
0.5957224677838553
0.885910247507628
0.8419556757961764
0.2848343642569492
0.8596224498041019
0.47990533595612117
0.4586154443111501
0.01164972913483453
0.018866906031378083
0.48336410644598626
0.6356397391382134
0.056466511779404094
0.19838420924438982
0.11748266689391051
0.8443143661005069
0.29144961335652075
0.08337601257210303
0.9328987361386593
0.6411450825180317
0.6197643299234162
0.5668546580724872
0.4343107201561639
0.7147732280361645
0.9433640457662292
0.34123888157500537
0.6207812658835431
0.2326169365553301
0.8993219510208589
0.660234916857721
0.33616528948022706
0.1690311317191875
0.343619585033907
0.07242486631186229
0.21960987276620703
0.8250997328068391
0.5349368452716169
0.6594297744570182
0.3478314932324893
0.9347439685975478
0.8508718738271887
0.1992103656426576
0.36888341360910537
0.5926510115028876
0.6551513038273054
0.7190132323552618
0.04138461385015291
0.7365973029911689
0.6267746965293991
0.10266605467509904
0.6136886746408057
0.07006134639370876
0.46066937655677587
0.7733703915520395
0.4042292440605495
0.1205910816576855
0.3543151252831823
0.985836141207297
0.27728672223974904
0.595211332804054
0.10593053271240738
0.9305468780362851
0.4476779419731013
0.31622684533109735
0.9671960542437203
0.678140726648454
0.193379275588217
0.7990971208536387
0.6171213462437924
0.9733368427028287
0.606850705172439
0.9686293283848428
0.7535473213426693
0.025532443244679404
0.4738365771404389
0.6005557262065018
0.8349063622191089
0.7371412905458969
0.7326765478641587
0.8226331593043762
0.44724665039155354
0.2609390498018105
0.7376678829061926
0.41272107131558466
0.6201595280571718
0.38412739500396986
0.7267782751348948
0.6908663618562575
0.17013182889258183
0.9995225095318394
0.4770159664974438
0.5182424887145074
0.8109773236787166
0.8432205299392956
0.1200219395438652
0.28786140689174156
0.33838512341762805
0.7532865227874715
0.4859567365876373
0.8202965275641405
0.6692548029165513
0.9354598762921432
0.1455119921511806
0.7622257158375533
0.8963714149785648
0.10956334378521981
0.5278852499724741
0.4264235342356306
0.8051060900750635
0.9542492986401919
0.10681348654020317
0.008902045436868011
0.49121106370027323
0.9679112207822085
0.6672695104544323
0.7722200940066348
0.8174101192956276
0.7200342667467535
0.09218263851188979
0.09355093046466734
0.4513690671759063
0.4799538177983146
0.9415530451672222
0.24191888660881122
0.13876321277245796
0.37893642047067544
0.33558697334853627
0.3710855469252633
0.6825413951558553
0.5866926369738538
0.2989878348269489
0.4928866776248715
0.8231197101585508
0.4648768436942645
0.775296102554535
0.1303909563893242
0.8441200276970959
0.29782400082011584
0.9781784479651411
0.9410723933540115
0.26440177581968216
0.9947193699705987
0.6108247717534963
0.8472584590566443
0.4195179594039731
0.10759151659540878
0.7551191269937715
0.11443581487951426
0.08435961862784636
0.6159652612180485
0.9090090204836695
0.3775667256293469
0.5436350635877515
0.19170563421797926
0.7335044898929161
0.8313886824951472
0.6779636607340344
0.07653018728260175
0.559997028515789
0.6727406516486014
0.70074657816489
0.2798610932886012
0.6040956922287228
0.41127927521537055
0.15460942062516003
0.5361351680707815
0.13393569060095722
0.8495192094987709
0.6560950102638183
0.3483840121952285
0.5489228101498851
0.3739514146103712
0.663416833169548
0.4888425476347814
0.4391342484035293
0.6960639048337448
0.23446706489798386
0.5275394670265697
0.21610502829997003
0.33540990391467507
0.3409051072319189
0.3162679690086111
0.8324862226922892
0.9464384346265386
0.8090365660382984
0.8680310226943381
0.44106962426179597
0.0566226587463563
0.3693239867455149
0.7410002610924862
0.5829309372919779
0.9054916080823324
0.6137547742770788
0.861223369464836
0.6399513409217888
0.8524917117489509
0.8839234471448779
0.6997596922941929
0.8387357959120764
0.2561739413515135
0.2425693450880907
0.8576194155409219
