1406302
0.050952937204835846
0.818023667868058
0.717442313067313
0.4058266884891758
0.9993806704101309
0.13131987552418678
0.9487531605114384
0.778122981444437
0.24944851601814755
0.5787312188800304
0.22009741944461492
0.6202713433482095
0.5428254796501354
0.7819264088223306
0.607624181410361
0.7626183946860736
0.6126109190435458
0.5222968526782831
0.6433546587098607
0.40151582604498537
0.6089424441731293
0.4239597124914477
0.45593778409667507
0.650398227330313
0.6593440049057268
0.718530000856171
0.8257628731391713
0.8527603198662741
0.8898939989829775
0.09572060326427789
0.9712326167132178
0.43697045259067224
0.44130167405062093
0.9846489463564814
0.16913195740498876
0.6368042167573882
0.6282379912255226
0.6078005983606143
0.5044114019171259
0.10177616620533836
0.41077430039920904
0.8029186080666196
0.14333659974734891
0.27779325347966966
0.7735408544914328
0.9176594184452084
0.5288377585052072
0.45134932009178463
0.44122421704407766
0.04767553158011628
0.808026646860085
0.5194245006772392
0.5982807068959002
0.510855314330519
0.6192304610746611
0.872449591678706
0.92625140034181
0.7287715084773382
0.08952549854670089
0.25913991288147586
0.32382081879635405
0.6209594628258995
0.5236362476133063
0.1396994266319337
0.13277053028192176
0.20846665415713073
0.8011977184085259
0.8278399409685301
0.5572355984670209
0.3701858447728823
0.9417626313654754
0.6722570861778248
0.23418069814530595
0.5988036273425957
0.6455671250588578
0.6346485036942072
0.5897694596351075
0.16276750049086575
0.8729516257020598
0.8840563120576908
0.6993091404985705
0.29649391815028026
0.6864666916867371
0.44626030573146214
0.8577105329329249
0.9131107768385404
0.6470759351984088
0.522144194447603
0.9629100544703997
0.8623477611861091
0.029501317298384788
0.8204021192098067
0.11646005455730579
0.940758498368262
0.0016387973200535644
0.13764851897881136
0.5534998212022562
0.7022785633044344
0.6991049837244595
0.46293896402780943
0.12857876089128528
0.6141937140316088
0.8183586628415074
0.08390572370769744
0.10431005749800304
0.25691346954876104
0.9504732648636198
0.5281565282665054
0.9165917407775847
0.07551472094533662
0.38251990684869197
0.6862806304117899
0.9231393978816721
0.6568410388669059
0.5046526202941599
0.13175129296611698
0.8813326793180963
0.628013188039319
0.2783710192205663
0.4782095653485017
0.04688564315479138
0.050527258238380335
0.4450677153956881
0.5960591438003607
0.3366089523394922
0.618686148150913
0.2838513099783124
0.647997579367702
0.9565391255084362
0.06193161931539248
0.7637679244411333
0.1970542989891887
0.2609688257741175
0.8977135398263069
0.877927615650558
0.09090156877929456
0.37841894863315895
0.08485374860778006
0.795674385460918
0.4326492689290157
0.31735192852365024
0.18693207484386964
0.22382188558079785
0.7110301633291105
0.8474330050360227
0.37104248667662487
0.029108740987843773
0.08182749061676498
0.4414041859994612
0.9393372542810913
0.7414114696016221
0.867591743100031
0.9581433023480285
0.11909837675343649
0.03088482172581708
0.5741395833147809
0.5492387181832838
0.5216441079744563
0.6320826209234611
0.1100219349793864
0.47941755298522215
0.021200795147982676
0.4742447425270875
0.43909490578584653
0.16542362863180682
0.8019385621502276
0.9693191921246507
0.5965216748380665
0.7584486111008348
0.9746911979517163
0.5079202430380337
0.8549789368622607
0.021978225521701256
0.4744502261423188
0.218307298860847
0.840537178611805
0.0899226888400042
0.9155433066179438
0.9546010329708136
0.566628643965948
0.9291587129174044
0.7034780633909778
0.29783732568356536
0.6797131542992358
0.9761178836803622
0.9807520273006485
0.07709086260220077
0.6916962644860121
0.46881466239017444
0.9185001921238765
0.5477846371817419
0.6118502478898955
0.4537140010241034
0.45667191908253535
0.900433041204025
0.18493334425573926
0.31109768315034825
0.8424988860325563
0.21545004846112403
0.8923982415012818
0.9130951367695943
0.22033667069808305
