1234411
0.3282863102710527
0.9800258827185545
0.2053031761382209
0.08553228111614763
0.3240415597364227
0.03801613829917716
0.08592614558916734
0.6307907808617798
0.5418325483815635
0.07851210864997438
0.9456267764999959
0.8855838813570527
0.03657817808303143
0.6307303172042197
0.12678436278361316
0.0774646112346854
0.4194973859198148
0.10531398189421681
0.8626166306645457
0.8287211086301886
0.8784976962016954
0.567222257037377
0.9646275787801452
0.6426243871191083
0.9657651245392633
0.10041365440986938
0.6411026132585297
0.6305942204784812
0.4322491245830664
0.14777663312769895
0.34987989491467075
0.5849278157256379
0.987369061947477
0.5662063362605637
0.515383920648254
0.31130677410097973
0.36715122224243046
0.6494215319041613
0.2729164074110777
0.6011171727738035
0.5051386690456693
0.040060583778221304
0.14245613889524011
0.3456890421426677
0.9177985451178649
0.27779180256181524
0.6797280278234056
0.0728807880409219
0.6397846529485667
0.7116173735784312
0.7040592154633046
0.6210052829608603
0.17429588360740278
0.642246658024704
0.6605477668332221
0.7559141026175701
0.9599033156646368
0.8543591361177172
0.038327439914698
0.2841266360357132
0.7976028287134295
0.14877299878117622
0.5372197524151693
0.6182119362894021
0.5304813537210956
0.0909802987367695
0.8518226319651073
0.8102002695282488
0.023269211610017715
0.9552056835727694
0.525092093196162
0.7846226833183287
0.1501824712608204
0.7620899530858555
0.31273211152164715
0.8748466326098125
0.0668431188485229
0.3832959001373235
0.895214925076432
0.7946961868014907
0.5156969146426833
0.9177787258677058
0.576012149884745
0.8619157152378482
0.2942322354677269
0.9321588674380825
0.8126249084000894
0.630856181244395
0.30143524891836715
0.7015802368260904
0.041258767310686784
0.08883351980139198
0.7703004342906884
0.28763226844860124
0.27649746158933164
0.2239287927563256
0.3928476853828551
0.1463592899706091
0.3940867027755999
0.08157029551168538
0.04898011780542788
0.9720765927711508
0.8379477675619741
0.39305809826310756
0.7616500049001741
0.6516571149106839
0.7317978176406126
0.48126144938866533
0.3181821340540586
0.5291485273881215
0.021262069814429352
0.4270403747063657
0.7212377214777099
0.6620257372340529
0.32412057117224935
0.4145126772681498
0.2627842572152308
0.38807885049559654
0.6243403913473591
0.7641078384586816
0.550569210415708
0.3158822492881691
0.8098013453300639
0.4094202659333803
0.25897948060979215
0.8019858102564034
0.32413191764464166
0.47719340906624197
0.7247994827581815
0.08441417368071313
0.8798290854122157
0.18933816194980424
0.7632655374976285
0.5047556594886529
0.26284421413578285
0.5217077222314775
0.2409456060433225
0.6700677264883269
0.748074548061053
0.9264227210538549
0.009356651526426507
0.9810210226532701
0.5407078099250571
0.9528596206734786
0.7768652668151225
0.6841494497834576
0.9601253773502473
0.7869866368170644
0.3762989694532263
0.493768952421041
0.7910769978425393
0.5695511764153343
0.6718294227402353
0.873073162029452
0.3410981290921892
0.8506931188984611
0.04107087916518071
0.2641093596332583
0.26364847945786385
0.6918789425227592
0.966970487637722
0.9127830163287552
0.1332086354505465
0.7356216929467149
0.778949389948908
0.44773559198010626
0.09157881687057956
0.029272167468188948
0.993887183530228
0.0408841158854546
0.6238820609646887
0.5112369383341417
0.02492388979356308
0.8026079271672527
0.6682821336534209
0.8462996030894816
0.24968762968410196
0.04601190135011601
0.8151834683761757
0.7312910514962943
0.5594385088310789
0.19239168883956337
0.3096892279280422
0.8831759596923734
0.5467513780639104
0.3839715880448
0.9353507147505928
0.6686920204458249
0.431744455852767
0.32018075848298777
0.6277493089815359
0.7379994082978276
0.6754920024217633
0.4401788751867869
0.8432104441308635
0.08436815667331754
0.9841432217296009
0.33703816922178853
