1557125
0.4743274468062223
0.1459674123718011
0.05736471684194211
0.45669532424207804
0.2339190251290616
0.26234986773728397
0.6958197231110643
0.6280486152367692
0.9699480476572592
0.254754502402726
0.1647011093262558
0.39768256970269333
0.6626180801355355
0.27534637413164487
0.08640178534425635
0.546662536766978
0.8588137377087987
0.429248199798248
0.2603134333231083
0.7746493409155968
0.9261122023725846
0.152798654665258
0.6589021508333656
0.6787155370623483
0.5354066468936893
0.8426472278694248
0.9027162137590765
0.0869559998341558
0.6708783635419909
0.8686503267903398
0.566285764520803
0.7182371930427001
0.7990615498111175
0.5693544144276359
0.07800585623120393
0.808374128345866
0.5680034110539969
0.9509215880624112
0.2944782595958222
0.1682196988805793
0.5530292531662734
0.5886739657490584
0.05341917714001476
0.12059652737494486
0.11738047774370242
0.6650026636494977
0.13912390452000956
0.9006962965908292
0.41400127799583364
0.16820874717341083
0.13061116522163263
0.398517252826589
0.919007261809457
0.023912404942251442
0.5449535845964245
0.5721057452109074
0.6578773014073253
0.33398818057656054
0.5369332240715476
0.4668129402937461
0.4621678819825331
0.9575535305357491
0.17104363740390605
0.5384733372973906
0.17755648355901277
0.3843586094782653
0.9429932681871613
0.8973565996667403
0.7332790480871775
0.22299578106159246
0.7952473337188305
0.16494027159041713
0.37853385403572615
0.6546669729926451
0.3447786017466872
0.8669952731276332
0.1931821253404571
0.8878180544579721
0.42107974128945214
0.6741723599580844
0.18808344214081996
0.9897692594030433
0.2986232879276619
0.3452224918005007
0.9246622870364134
0.46854093471735325
0.2003376215240784
0.9281793037778473
0.6038087515649743
0.6313948562403551
0.7473006772123263
0.6312774237284059
9.758943796845942E-4
0.056180673248862556
0.03473523801924183
0.7880759723523493
0.4573423012049287
0.4773982303935792
0.9255230781546109
0.5102010151488998
0.376167514179949
0.010956281764194387
0.9698378089455101
0.9463168663626693
0.3189753466829244
0.9199288688671576
0.08312902298914915
0.5473813083114719
0.8479575865124772
0.05818038604218356
0.7445732810514171
0.3759346997675177
0.7189990498545271
0.7195511595830167
0.014240089205311834
0.2911186326895536
0.8939822946171789
0.8673655963384099
0.10960422435838357
0.791315020758839
0.11153821830618715
0.6223449565773604
0.6306680051381665
0.4027419811125684
0.4321667012954957
0.4465774535769147
0.7778405923623354
0.7650374550050699
0.2566591130982079
0.6770186505511608
0.0678535313127776
0.9838081095862379
0.8060123986037205
0.9340651482968504
0.12037507975966177
0.3953150671094181
0.9465322902922854
0.4590654667726546
0.06161843418962132
0.619914188038899
0.5455809362677725
0.6192013620637856
0.9711219044696088
0.6685633995404632
0.25143201177219554
0.6589945356193085
0.5840115895621105
0.910655607817267
0.7049544022778772
0.27476237616442334
0.153440589508558
0.9116298430468412
0.7113531536438868
0.7416680314522683
0.9765305993092308
0.5052600786432044
0.8269541901201833
0.13257984944851908
0.5920257726539616
0.9782150542755084
0.149027274383426
0.6337753365148867
0.06900018972228317
0.9134290620613856
0.8358994229613116
0.08459547719198057
0.12334443318886845
0.06401752909075731
0.03011861455686038
0.6464757267140218
0.02238849943724852
0.6109182179817997
0.40918603198996584
0.941349448557199
0.36790167542352215
0.2951324885199397
0.5463817126321892
0.09024091595531214
0.8838427412586114
0.20938773998362847
0.6284680709903118
0.8299346223297492
0.2776164359332228
0.4842365360003563
0.8475615800708594
0.2889282927894451
0.09222526394976716
0.7100538909059949
0.9612222419995088
0.06344698833021944
0.22158824675835465
0.6990889820829473
0.09781779984401129
0.9501165511190757
0.4224312971101768
0.11067320298798167
0.8734768490456528
0.06396413301463444
0.7235364140551881
0.53788163054337
0.28245397584863197
0.09873477969140987
0.10676990440329315
0.8853904231154198
0.6244868179201889
0.17108264174068033
0.21419278169626366
