882691
0.9200376716497716
0.34547355107053457
0.030711299923672275
0.46040001739864456
0.8279404654935356
0.8824545669366712
0.7418882852013925
0.6620403110867499
0.19484471044709684
0.4114221020179545
0.25960148841734343
0.3563437530521312
0.8736925257596103
0.9879035791727594
0.7104512661243986
0.8502572421440587
0.49941426894222674
0.05485184110058272
0.5202295644450678
0.9036609620287166
0.053604115682315046
0.2402996686156491
0.6007672611535234
0.6150800787916311
0.7233820310350212
0.1622822282244406
0.9058734673124333
0.9375432026131741
0.10195837227442839
0.8708187796519672
0.7500742188044763
0.05447694553245985
0.38486198491053747
0.7335027531813714
0.3434278236593893
0.6004078672036874
0.9784886011712539
0.15425676225663099
0.7115151964498376
0.3723768453174334
0.8565710915131303
0.5040677835683108
0.541772960091507
0.7453528309265487
0.075368666117552
0.03802439614668596
0.5256580871807714
0.4785661954271898
0.08981784900157774
0.37473700376651486
0.45070300335130076
0.9795649701851444
0.9005824473074941
0.3222286624563415
0.6373399353719973
0.37892935749864776
0.6058858821715082
0.44864290784616023
0.3124444065634593
0.9609633816406187
0.6322042742869366
0.8166218617717166
0.16486731545697264
0.5943149328294042
0.7743437044578506
0.7269667384812195
0.6377958712841022
0.8113587020910146
0.1881210209573887
0.15019957014148821
0.4786037902095239
0.09630858453951441
0.6478121018785481
0.7639038653534461
0.6889212348559121
0.75940993344099
0.7057274927194919
0.15922878603279522
0.2959759602917805
0.4981938969535237
0.8727202194770333
0.831699957877471
0.3008264194591229
0.3766596740400099
0.5761260242633826
0.029487431211943638
0.7499291586175543
0.48938257767464877
0.44558168786599583
0.3965392511996486
0.1235517068864147
0.01992946605491397
0.42736198509897994
0.6184967596849437
0.13786404052069456
0.7515950135250788
0.33432204179329383
0.9560660889393007
0.6171105322892414
0.34335597389024786
0.7012259101678955
0.6335273235873614
0.3080855777629813
0.8450725975830043
0.23418867147499212
0.539321108680222
0.381206247188156
0.9933498150809644
0.7181539600805885
0.5911604748416094
0.8907951932810231
0.8031031886676299
0.977774417055348
0.4198729631084517
0.651757843828985
0.8497577512203052
0.37475773379426447
0.7341860887240651
0.830657939587495
0.42314047230226826
0.3686863822148536
0.8429274717953976
0.046266009221029525
0.4265098740829517
0.868514609283922
0.3316180038723988
0.9279753906709574
0.4927992774107671
0.45839084631815885
0.817194791048513
0.890050925622239
0.2950329340905118
0.09415019381558865
0.037608408767885626
0.3454958746381078
0.43900713348962717
0.5357657691665946
0.2722962211571298
0.7053926270139884
0.6437109172882092
0.6062437539003454
0.23504237865043942
0.2878931267246422
0.1385942938744158
0.3488921030232486
0.13249176744687152
0.6956056934088578
0.336674338354807
0.29258803517482934
0.5395939046598525
0.3109445652354813
0.8786025619969008
0.3286149812922209
0.10750993290921829
0.30607917449042876
0.08519934836405241
0.1528348414757119
0.8900244477976249
0.9674406947236326
0.7045949152835088
0.8334064530054257
0.25126052354351913
0.1943130401407579
0.5949979534563196
0.826957433176555
0.9005056053720271
0.7468565930992859
0.645246792582755
0.6850603482108276
0.5892122645529917
0.1909825783457657
0.8026805846997698
0.7680610619004781
0.400746855465554
0.5158168454173797
0.5515002276589647
0.5147512488892855
0.3652160755872276
0.08406174746155703
0.5646723823549302
0.2040729475461983
0.3397096765147709
0.9163852908171694
0.5385623726427666
0.6889883367584055
0.7085553933908129
0.3080370150906202
