666604
0.11303090207096411
0.635643523946125
0.7752394054770284
0.9627943807052307
0.9757631592908486
0.4629283031409994
0.142112557537052
0.3268680793987271
0.46104024568115876
0.2793512825311739
0.2753381813034913
0.2753738117486637
0.24392226624007485
0.5771052219589374
0.6941897037257266
0.9560821433287435
0.30918437902161144
0.37764880004021184
0.9722701258752672
0.16257248493073384
0.751484999083111
0.6174234963937026
0.11035264234737285
0.8918082352000196
0.15060430278403603
0.0961362169615183
0.14708750216496558
0.815672400435381
0.6513003580324394
0.23068024079598104
0.7958140151003271
0.32213377304063706
0.10877511218415037
0.6595247136593133
0.5802860573235162
0.16159671024497801
0.04843801662397529
0.9504111460910913
0.28294078064358086
0.020120466874874787
0.7326004807376744
0.27845237330112727
0.516409412312497
0.5335762892158026
0.3269294343030599
0.9622380772669026
0.8822904581560405
0.3554440532010761
0.015933468421931885
0.17230848613883232
0.4907749842449042
0.8958325812093106
0.9294510660397878
0.9593653104659456
0.5805346022078196
0.26044050696680354
0.9110546863517808
0.988847452534944
0.600352817221121
0.7355577966457575
0.48448061355807437
0.014006269290552154
0.3923007226801868
0.8888404351192424
0.8556394647714981
0.1713733564441311
0.050828447852390046
0.9854737203859408
0.4254576092148633
0.6405214315622489
0.6229639566030564
0.9554726293772081
0.08274487022682764
0.07427667221534773
0.06188112910447918
0.5902502435605138
0.49647979120393726
0.47604906497856325
0.7494196087891007
0.9952180725207891
0.7333480473554631
0.8777042881832313
0.46270859080791193
0.5800652582322527
0.7890662258446086
0.2544097981845943
0.8758679500897548
0.029495815429231298
0.04096705153514146
0.6021439746380565
0.5598295934122265
0.7645867081357625
0.20451874738846076
0.9990664994379925
0.9716425466143854
0.37856160938116534
0.10789555097006975
0.7737048298201752
0.10919581840908377
0.41065835242361737
0.48641251464222324
0.6109203278236691
0.3481131138571263
0.6079010610250719
0.04258231858570172
0.5408745409555907
0.47464371870233835
0.5169703262360641
0.21774759011608025
0.2767247793741665
0.08169451924993565
0.8469980380718906
0.4776873915014872
0.29353523984775476
0.3047181927248557
0.5489959134622517
0.427292050422851
0.37389839188633567
0.33999287493231556
0.9687599962601215
0.7383452745592265
0.08501857397539758
0.30989908555980394
0.7474756378618601
0.699648496384439
0.7975177892292199
0.8181200983870907
0.367881082305197
0.18016723704000737
0.40798186946903015
0.9722616581598835
0.37372978244128385
0.933574762143632
0.8852720791110792
0.7422082478111321
0.3264247504386947
0.4665135633350953
0.124886208081602
0.2696024377041548
0.5050812255642076
0.1430905054731343
0.3661599200220039
0.14715474910010673
0.20490657588581684
0.8045670094916297
0.6038577953370551
0.7460617317469608
0.24366887667628512
0.9459004413270111
0.008710621497342697
0.3856298585690373
0.9471590401396126
0.4097388404885599
0.3607139411611575
0.511273854120154
0.45193375658594603
0.6336658784746845
0.8945101985376198
0.07537753044182016
0.6372592023483625
0.7179385884049633
0.7579347545068742
7.64719029956451E-5
0.37805877259084864
0.9686556118353022
0.49281410940861614
0.9418411002867105
0.09680054738686561
0.11523886908327607
0.5613620148396907
0.5748103225866116
0.7846430189473635
0.10130739076836759
0.9620275157009036
0.2631448118698906
0.7607904837215933
0.20446643470248405
0.4054062102364383
0.30224050958169757
0.44389255449285814
