34796439
0.02888271391429298
0.581676535966413
0.44800366315883966
0.16103912929678255
0.3729505053392037
0.6750664627123348
0.27133573997614113
0.5472564335812399
0.9591739615156265
0.7363244221227949
0.393676491075878
0.07736463650653758
0.36040829521721696
0.35300159031280276
0.46050614359623365
0.9079675696075081
0.4212692273147517
0.9379807990684583
0.29343757966638107
0.11059604304931436
0.17263071565498056
0.59871503701871
0.4077086890801389
0.07409837923335139
0.28365010634160726
0.5642505023012742
0.3347853143905011
0.7750978324575217
0.799507800167876
0.3212822314028694
0.11114230808688963
0.018617000043199883
0.41940808682659036
0.4781324682633561
0.27055335163810534
0.03889096194400876
0.32822088484373335
0.056604880790248946
0.6182547813328042
0.41232799412287746
0.5678776637638593
0.9730151922425011
0.8011447210327302
0.615873375533312
0.7844103933848854
0.6043299800186882
0.8793485687107423
0.02445338440755651
0.701337925364291
0.7355631705616045
0.47839800055127724
0.10268481789010908
0.9497326808285717
0.57304091189178
0.71892939974991
0.9006950183825726
0.35078974569469457
0.28183444834108007
0.9969418042264161
0.7631755330306229
0.8431136425789759
0.16516699794081302
0.2157685007640151
0.9949048323348012
0.5277546410434618
0.6105433883552128
0.8600173116941763
0.291941324476373
0.0017386659397510273
0.8667649238226255
0.31611618103791383
0.906141427286628
0.3963777110263672
0.8454986521750126
0.4081595262708969
0.48386956476956133
0.30004292220313655
0.22508358849062848
0.6698240181724036
0.28670374373972185
0.9506701173675639
0.11171390135268133
0.7979113352131567
0.3650841862312103
0.7138398402601763
0.8810158498133672
0.7506715145675282
0.9340120815048258
0.9519405076334945
0.8407031801722127
0.005808198981566259
0.3606540994177635
0.23316675727694747
0.90978836945669
0.0769178806682842
0.5252215855518664
0.07093009104317616
0.8277387193823776
0.7284281086647229
0.9450409490978013
0.6457830612000024
0.9192851842910912
0.871161595037247
0.23974595881643745
0.5900935347011602
0.3063269627976636
0.5372711024122331
0.7744989975532428
0.4255160153240427
0.8075786205770561
0.1877194409506444
0.37380287517965494
0.967585444804265
0.34539395616596924
0.5747966405587108
0.5731277410589276
0.849610317240869
0.5226488560072396
0.6962125915513941
0.972399404155946
0.2325151924741824
0.5336215113742214
0.6529791719304273
0.597678491091401
0.4271608838206228
0.6367199131658368
0.07175349719042534
0.5305411511603684
0.21244618760991552
0.25759193286639737
0.5872318987951741
0.6660127247751648
0.9881019375703919
0.536672296720583
0.7997206926527822
0.6152942100379812
0.020458142071703156
0.6459052700050153
0.20190270129179522
0.4390412077597641
0.9870922542713386
0.27196248710559623
0.3940061682653475
0.08084640802445164
0.04554256292602166
0.753626701127667
0.6147766135175343
0.5150758287246363
0.9177939649594258
0.15398598992635615
0.6856683469816445
0.10981967376962454
0.24455414797353836
0.5808956824437269
0.18853683171693691
0.29445276006193544
0.08443698622196705
0.9168243215143579
0.6556217174194496
0.9269114094931149
0.0734032378943118
0.2622486929809428
0.39621800027133025
0.142210644145213
0.39250085350778086
0.7350992655962652
0.6638930192177903
0.54354652024364
0.6978878421687482
0.8264564550987267
0.47982979113655333
0.6282561976557487
0.3209573620243008
0.010042821782307865
0.40480295289190393
0.3433014394329005
0.2844610862927911
0.11644177622319019
0.875988003401996
0.5258163573222093
0.04676858209856649
0.92150826258475
0.6664640212996779
