5656701
0.3291953094564237
0.017803687894936582
0.14613155122973787
0.4880905144045816
0.4080180133026441
0.4634648582360129
0.10945136767473373
0.10000031749895721
0.8455260369640927
0.27645231704118156
0.5381019783253376
0.7164560750148982
0.5619960659949296
0.764554576208692
0.2145709909624186
0.15311098991767558
0.9159920283228982
0.919654840219589
0.5675115107994654
0.42840667328175
0.9224741757040661
0.2698148677391412
0.014942988578534933
0.300345782087729
0.23457976757725818
0.40550056380797805
0.3203845199980433
0.9775635762429221
0.4961414283331047
0.56334324592197
0.5767038275776767
0.7973125914630391
0.6622427900320398
0.4259856447145949
0.71334669436174
0.11484247134256964
0.6757486410103074
0.6558097431804221
0.7870297595502782
0.8371419557706979
0.23416654429458705
0.7864282176286155
0.8811829745914865
0.5565232050464604
0.055036803103528875
0.18318859548084976
0.44387018499558917
0.2942711612363166
0.5437241383717482
0.8618014907874906
0.476567498536443
0.4396213616531386
0.402717902106129
0.9227683030780811
0.6640345282876717
0.7244799622296576
0.5857547867511896
0.0452690625915223
0.18547930676277768
0.9393879254759873
0.8841636727785521
0.4069733807262975
0.9578453627280812
0.8515393910893464
0.24464706371611655
0.9831928889057363
0.05485222885548369
0.3489013028081127
0.7724081741077744
0.7393638365198016
0.5920098170809446
0.13827294083233355
0.4187282913495607
0.6779865009217703
0.766567236446747
0.2276572108665138
0.9755761200088078
0.22030154806373659
0.11382382173562444
0.953975427999662
0.570470801460859
0.4972078389991136
0.11114368939642605
0.9904804641348328
0.9276886202804266
0.08634542230050712
0.5183355514163774
0.3340213514942475
0.32118022777595123
0.13655329392851412
0.6041682834488219
0.24660011441679197
0.2682485241453373
0.11347203898677505
0.5482944585774312
0.17527774069449287
0.8492444206187684
0.05349522720531463
0.25136326167439527
0.2137365096432896
0.5328931226178352
0.9138663134929292
0.7671589890454722
0.3841167241114125
0.10568046319687696
0.23439322804054297
0.16257873411720603
0.4702490679168071
0.1828425637099823
0.021412798858585713
0.9951475469316524
0.5456314626903418
0.2612590508778859
0.2563104883328182
0.4602291413913484
0.41108103425205533
0.7154498163377739
0.051431817691473536
0.4057101644818746
0.5919727918260559
0.5092317748382313
0.38383523547903176
0.9808183697992476
0.2212504161012302
0.6023897117290606
0.47157517210149624
0.4040296601918987
0.37212319550607065
0.3169847358555944
0.19321571260099524
0.05593541912435607
0.5413837042910968
0.5416611189889349
0.9158217616476979
0.07662495048229567
0.5857552894206407
0.02687665975540321
0.7970036186228393
0.9213244219417207
0.9485684643569591
0.9714478372091963
0.48792812027573473
0.7259083870140902
0.2807608553821842
0.03771884080962695
0.2286363461559311
0.668139499517238
0.7122077043219822
0.8549095808524075
0.4289674399836173
0.2719306284266322
0.09859240149272974
0.7847117544997273
0.01251099740844186
0.6819380212731805
0.7158637339759624
0.9673788229428371
0.16823330897177868
0.8375757814980057
0.556073368820006
0.6301218518205134
0.050457252360403326
0.07572254409240409
0.7779835345870157
0.28542132334271597
0.4024210567777281
0.36763479273745747
0.8776591696728315
0.4389117985204144
0.6340536520837555
0.614800430610811
0.44116648255751933
0.47464228450231927
0.32410508469357224
0.8285562587676757
0.3901256461825344
0.3761141059574098
0.6544140236668633
0.31494551109102675
0.4865974711696509
0.9795272040963443
0.43349451493924795
0.10677042930010283
0.7186072489831614
0.4883423604226764
0.389998600125667
0.7321214633233141
0.5272167254170158
0.6844853750395575
0.6360144389578334
0.10848853175304596
0.4347584325681987
0.5932566234999207
0.8290054358957063
0.3898467665464561
0.7288253348415481
0.0056372744736200575
0.9035876741784546
0.7707626305334015
0.6513390158499168
0.6729241289645066
0.8255662600689861
0.8763249845778477
0.9761972028498052
0.6752703765446053
0.16611051986782488
0.5084930928564602
0.46012141117259864
0.16669494258846518
0.5336250322469464
0.7832753030686416
0.18030440124654223
0.1867897479387014
0.7178535392377732
0.6240190523096116
0.9567294118300727
0.2866375721236647
0.8094808065543724
0.07631497370946161
0.3746127223111635
0.15179746745766887
0.6967520372953135
0.07631787840597137
0.07194778818473968
0.5464177438057951
0.22637938688804293
0.9880814708016843
0.32646873573177515
