3495401
0.7660515880058666
0.6650179259425647
0.7140185271335517
0.7318552140559947
0.2359051428207466
0.19582072731810185
0.3036952201574211
0.415214926416667
0.05053643652066342
0.4879789308605882
0.32811932318090553
0.46984734701366304
0.7128065848060955
0.43246670632935635
0.29548198894725264
0.2125016303300955
0.20732954693644967
0.883049010910903
0.13101275785483812
0.7878209675109353
0.6527280464767582
0.32025726517664166
0.5109233118719717
0.5570403557893622
0.526749927494082
0.20117932240386482
0.18446499308193354
0.9442711495986511
0.5060057027750028
0.4523286192995314
0.2046072707324329
0.6126068135514188
0.4882592523552559
0.4143267801587497
0.22762216678035518
0.04099460910673458
0.38414035096416477
0.2826446855577136
0.7454840065737047
0.47693722562637275
0.0753490114350841
0.5074846049384226
0.6416382213448999
0.821602547348962
0.8749961113368521
0.9635575768439741
0.8851055639506245
0.5179126336178522
0.7122512435876983
0.5756357972618616
0.6441916847969771
0.4607141697522191
0.6374835888357563
0.38140856202872986
0.723007385660761
0.449509432883206
0.47617361949567216
0.09008594528624503
0.9521425462473142
0.25543924619644
0.14961388063780623
0.3780464783565909
0.5986361006402079
0.5576221719528667
0.4091875415062922
0.9889227640049765
0.4655954767664954
0.3046517473485968
0.7832059468000997
0.2876352587731965
0.41039386521771215
0.3859537964565979
0.24201175068568892
0.3657350878922989
0.9892833090319381
0.637216905300902
0.7557621003527333
0.006935164110826841
0.658530248453248
0.7803601528309855
0.6391584210842178
0.9817269081466464
0.30216904057451566
0.9270159320445905
0.1866257775119231
0.8038261849972318
0.39996000959554556
0.9527959751250368
0.6312768332600921
0.532585361450407
0.8658768157928249
0.34067809059870957
0.3830768635339016
0.7929858330483305
0.7882274805839546
0.11564996666528926
0.6001935724034123
0.4448679059696473
0.11840549315081372
0.737135187282498
0.7280156010831845
0.7266617888534249
0.7234519419619605
0.9532209241032028
0.16563798004579988
0.220373212353552
0.026070370750903793
0.8844484191773582
0.5663280196732193
0.04975166675948328
0.4691960050744922
0.543406733421513
0.5986424871540397
0.5823541756856409
0.9879894772223177
0.26941801553935807
0.22977909774072658
0.5354668159771107
0.7188633935597455
0.029308953361974477
0.13831227600651308
0.3323474260768252
0.46255877185019956
0.8968565430068552
0.0016086339514450598
0.2365836087194383
0.12885392715645505
0.9840324580405382
0.6200661947448548
0.7522362324557536
0.017989408810854868
0.8610856464813718
0.023646710490038192
0.24798987571453268
0.06552381542807739
0.2749614009217568
0.8671607596574483
0.2903114253531768
0.30767956426797916
0.5493925554084214
0.10890843426612007
0.1880831258205632
0.5786532806024246
0.9760777280498896
0.7378420731671923
0.9887136041396231
0.575460353394648
0.001637377636827253
0.22562146245449188
0.25982537762568514
0.8270371564694519
0.24306096053032733
0.6982347843367248
0.6351147989274958
0.9619935810924969
0.54041973495192
0.633059568529542
0.6555556876638288
0.28007432530401133
0.6811245307018441
0.605037303042389
0.7735210400084315
0.88253469390025
0.8913193738070548
0.6817355257141202
0.7378923933613851
0.8548110766187491
0.12584402443275178
0.848738897428654
0.5287671817230407
0.3692096180620922
0.402826301988899
0.3575601198281362
0.6079409141058767
0.6635230697027379
0.017666481238136078
0.7745432230141968
0.9886143546959825
0.11921641268737693
0.5141844868711439
0.974644713674621
0.6339457251441282
0.35252385423950094
0.11412934211631731
0.7244651958203677
0.7125748859408957
0.6981666156852343
0.4234906405211606
0.6128930146201026
0.927166991073601
0.5711273751946652
0.8206198685297648
0.20338894194092771
0.5979346089198175
0.73312369936057
0.4909472157232351
0.04165035295195829
0.3530952400812458
0.5664949612744482
0.8977609245384524
0.4188588975440758
0.3987975187996632
0.6378389751154742
0.10904287389834211
0.2868064692677743
