3394239
0.9905517279673733
0.624470166943122
0.3803488498028339
0.3096364391834092
0.24074327893207226
0.09126776735697317
0.570123358159688
0.7284740115295182
0.026642096795731818
0.968847161279237
0.2652142278765357
0.6578982342474561
0.20422220112228873
0.005225904027024275
0.3346078966530339
0.007282174379653061
0.3152564317053551
0.8753854118016883
0.5981361028970719
0.39457629436595143
0.4082745215833339
0.5284365921210331
0.14513321844808003
0.9686696788738485
0.7400675674094129
0.5515619198325904
0.2139722548345646
0.1673801577805628
0.369152237343941
0.4228047883784024
0.9973961571276969
0.2480013853154326
0.8171297501752254
0.42890409150060393
0.5413167622000018
0.648143677659245
0.6428733523467342
0.21627498956390734
0.9291529183761543
0.11710493241861575
0.5098912943785399
0.5097694258656192
0.9723916635569785
0.1270138464671844
0.7343973107809723
0.22646386244289785
0.8001640379640075
0.507514299165406
0.9607921961801927
0.46328434691795706
0.38387147222533935
0.7372072229809691
0.013532566180861072
0.22960493837589635
0.9048542089791137
0.8768349075749248
0.9020762787402737
0.6162270817491409
0.20370410559907615
0.23129016606082442
0.2387287558842407
0.9453084761189666
0.07350838932346171
0.59088447751102
0.3770576525988981
0.43950201829049484
0.2570888387653707
0.10159290542308375
0.7887920360877613
0.2247877037807452
0.11288637053655814
0.7423859049739926
0.10462011855722142
0.07647318032834405
0.2710932131489304
0.49685742662190646
0.2276645167199527
0.9676492554031134
0.8106267618956922
0.7767486615155106
0.008606144231860902
0.6992157975103928
0.8504464781765497
0.07162538980400879
0.016762044775181728
0.5296350820138312
0.5897572658495115
0.12687801456549208
0.3020067132275889
0.1257393287938844
0.42180332748854577
0.08703107912744457
0.6885649946796457
0.7268900752094105
0.5431154809781029
0.7460627229602064
0.5785420964517903
0.05428057348257043
0.37035243481840685
0.270530361800584
0.9471729627810769
0.18382361472424624
0.9258903257026284
0.21046986221242636
0.9475572232241636
0.4200407931946345
0.607453121279814
0.12433105455886795
0.6338993181810787
0.9513590591939481
0.379838760019795
0.9946797125846365
0.5516338530636826
0.6396041638877878
0.20140248003720618
0.6716878787164767
0.01771961555420687
0.9249191642146892
0.6642211568882894
0.5735570689685058
0.6249180749998389
0.806028666168442
0.38951094018506616
0.8584723748798262
0.7212841796627493
0.5723790024007276
0.11397711626643348
0.2818134289123454
0.19235132892935436
0.48576920180921546
0.14716169141746216
0.7983466713391939
0.20710733282042015
0.22504920806178952
0.32895969606949926
0.3641210850391572
0.6284301299707435
0.8105433761755483
0.24111375013666725
0.06367234245990794
0.8693286687313642
0.6517313835674683
0.8500893162907033
0.10291777052887163
0.8105974336211969
0.35244106953839016
0.3932337731380168
0.5131750894822914
0.8539079255487023
0.11316217105017168
0.4888592939052825
0.7782328308123422
0.6420383018730675
0.812722491865606
0.5518864297443663
0.6999231938623784
0.36817828688345167
0.008094611064237478
0.7026529397550256
0.20091403469789837
0.6344273574002898
0.6229038845965332
0.627291048406999
0.29021921612863866
0.7198513360150965
0.4843425538306205
0.9208473100102902
0.24150937084202562
0.212586555669668
0.6596021119784383
0.31638419190889844
0.5810556156865697
0.4236841810492352
0.6822991330072933
0.8959412997918141
0.756341232765829
0.3250371561347084
0.36686502763229145
0.6306120503558955
0.10625276533601369
0.6172260525442141
0.13943471872640056
0.6618645346705166
0.823094244970494
0.5933062791637311
0.03591938719435139
0.21385073233686103
0.4171619738672484
0.18206436651250346
