2771303
0.2833565270351387
0.4841347606876679
0.68801795995519
0.3986656847898219
0.8425769725424131
0.13064469311977756
0.2935477907560804
0.9595793035032094
0.9376639627739329
0.026351447918247062
0.587151410481854
0.8572526567593359
0.15218852051941834
0.591522529690489
0.25409840310693765
0.47229443998946896
0.6423029054401975
0.4299542217792177
0.13337537884101847
0.9598019273523091
0.7129288387984172
0.3392205075970315
0.03265294313194789
0.5133854812492289
0.9621283867094261
0.4061147836265374
0.4721198204443001
0.3347238527263552
0.21454897532189854
0.2825755392388639
0.981264692955744
0.8749739572860901
0.7708943018570712
0.8233891909797839
0.033137389764060665
0.45482196988388834
0.6161983884380516
0.5800232224326081
0.40928806324537104
0.09387421110189265
0.1681739379644499
0.4644571444923513
0.8437032686831177
0.975709710203933
0.44525802634490175
0.56935281601582
0.8619209894193204
0.5746960886146296
0.4048669853038652
0.566948971116594
0.017318106339481165
0.715170078756261
0.9065170889356188
0.4482930577263079
0.35292963369176644
0.6029777343578262
0.8873851440083421
0.8230517623996481
0.16249784271600975
0.8547537562879172
0.9085950884774113
0.6893256176516276
0.8500194365816423
0.986252146141509
0.6401187904553584
0.04857154753578208
0.83858532989535
0.8390657748573179
0.2762293791599322
0.8921553545573272
0.9193928683149006
0.19313636774660625
0.018830592823613546
0.65918558054365
0.7967502528053779
0.7326811108094818
0.8630696654507464
0.4624277650793529
0.03460048145345995
0.629440258423539
0.3984519538534129
0.5385599965496282
0.5045655856002295
0.7778624768560014
0.9016857843220374
0.8246369565708251
0.9027556494444545
0.8472686169562974
0.913944866889237
0.037998742839890465
0.8422766174998665
0.8262180951943922
0.8065860623915152
0.28497958087969133
0.6577677827279858
0.7610273649047042
0.15205413087694208
0.6803668668258219
0.26715509906499235
0.13811415475902877
0.015971510287766555
0.3570151180677037
0.1375387699375188
0.46207023154878246
0.19714069321511707
0.33017671740498267
0.5924800573428906
0.6853957523795474
0.20563891310093751
0.20415800414279894
0.5496469600030784
0.9615086144456763
0.2916307992403493
0.23792260351606398
0.563703630146776
0.4993934911157054
0.944097466423025
0.13733372579191538
0.7755539426408516
0.3603636968248384
0.46598923220293564
0.4933085781767341
0.3656491440358045
0.4818745454601655
0.12319036309675169
0.4519671895369538
0.3370144400708266
0.8093797126681557
0.8015652986530392
0.29169641016298975
0.027966384783939757
0.3181473016057472
0.5554813070187768
0.6946197190617822
0.3894772601483143
0.9719320628969299
0.16800291507787335
0.2677849552103152
0.18601387647757506
0.603768088141476
0.20914299144048643
0.6073182119885674
0.7784969074606781
0.15303429812352565
0.9722210804673355
0.08591698187933572
0.8453453201625453
0.8367231637748856
0.8210092232490228
0.9659241698369461
0.7207032474767386
0.9115862739878194
0.704535514672124
0.9113448353349068
0.8674972855009905
0.22656754000901957
0.9146345337640225
0.8667178546727949
0.3692370866714071
0.6926168255453992
0.37306454336701955
0.12687153360465764
0.7040263609017937
0.5571463001654279
0.10574442380833504
0.8419090131238164
0.697963710146585
0.5252681378165986
0.6889436167125619
0.8663200404748308
0.5151570282171367
0.839846036048423
0.8099949765698617
0.4961684248931114
0.6375691501548136
0.4846062077086244
0.3645963026240274
0.6072024748771253
0.7623881155874562
0.5962058011679754
0.23271127703899408
0.922942742936333
0.1769032904559582
0.39374799265310256
0.09478554971809006
0.46113795895325504
0.8110591662480543
0.8355023018902419
0.7791643874114332
0.6641387691595817
0.21216998302756385
0.046512835201064306
0.961295249716959
0.7122233376476839
0.6963432928987046
0.0841195717797304
0.5456979915394001
0.26139852436182764
0.7199782156079279
0.5815125835733154
0.8724192380319135
