3991608
0.25184998380626133
0.2648249370310528
0.4619489630504213
0.5897650963314043
0.7986965377506151
0.794194446722758
0.1412828908465169
0.07968779804124126
0.17871144861647392
0.8002131082559245
0.2982827479865221
0.8683681302186423
0.18767802222832708
0.7746140318937608
0.4376196014628201
0.09319146347692198
0.5538114434304083
0.7499488240785337
0.8454565265274647
0.9526716237668785
0.9317608229032731
0.7918529759026477
0.6435917762201092
0.6955864177933097
0.6551249273317455
0.10239942051571571
0.030572324781672267
0.14446236608117236
0.6897996568091018
0.594978126951387
0.45579258317089344
0.1219857062552373
0.3972298957304985
0.2967714988695108
0.6484524990782925
0.17900739772866947
0.6834127090110294
0.4471976679363441
0.3442307888265286
0.6543949406660766
0.7749500179742846
0.6587999438683693
0.6602410993714704
0.5417658513503693
0.030302353750521482
0.8900321394057672
0.9694645374297637
0.4625295603006866
0.5580642057743994
0.07994162020309747
0.2417209593161509
0.28561829821437623
0.5921851625479201
0.12868288030592057
0.7886001351306421
0.6017831444490188
0.028874300395774988
0.29681357378303075
0.41914976791086467
0.46244442319792867
0.40974017882311464
0.6299876204984899
0.904662164663065
0.16593230342936094
0.5770706352074915
0.41287404028366415
0.3813689220842482
0.8872454748219051
0.8707857225970836
0.8804631514388734
0.5575208208632593
0.42416115711455216
0.342886910081194
0.10380606436655004
0.5609080664277548
0.4265480992777223
0.2488866884764478
0.30395515238387716
0.6964690706067648
0.44824802897482496
0.3084625245928615
0.35304358801244773
0.11857164811667864
0.4921759284821735
0.4830261295882967
0.4484980963308626
0.10872853791138826
0.37332158475377575
0.7466048885139959
0.6582503808825689
0.9497103244427966
0.35995570825860845
0.8684584150879757
0.6389902778928862
0.4203046671006485
0.2225772638604413
0.1705364681558068
0.9141510903730089
0.5842558321180127
0.5433558553500294
0.24613675482045827
0.6778481335877248
0.4568914597804309
0.22833846663451585
0.9342285177458952
0.4811163007415584
0.7336602201792369
0.3202267860907385
0.7494555417981275
0.23795458535895342
0.9861504592997455
0.3919380554246361
0.6651196648914599
0.6983466914556429
0.38705789700568316
0.4331564658355145
0.4399154258121827
0.2597343273594299
0.6919791038966009
0.3121254907529304
0.12624516764998672
0.37218830647081347
0.6813446161438421
0.5498454138011277
0.039562911025891156
0.5580200102796181
0.9020842290905042
0.9350091265471575
0.6850350926157076
0.5998989821485369
0.8040393627152054
0.3150739883026591
0.953816808369716
0.7169156157103129
0.890117191434139
0.8847182489148204
0.45962025285483377
0.006865837936821828
0.49112929616354506
0.7863831937427346
0.963627477540301
0.6549133950262367
0.34828078260123496
0.2749685894339129
0.14865290194159164
0.963690575440116
0.18412189310717064
0.6713930141887996
0.7480784834873854
0.1668077643115632
0.24576313127748006
0.9437292796363955
0.03856322207881502
0.06873167347778653
0.6478684083084637
0.5316693361577267
0.03440946656306243
0.6813584406152715
0.5541124172962392
0.7905018705792952
0.5810468609838365
0.7965439748845371
0.15403731950316601
0.562656404742253
0.9727436334675972
0.4772336559316438
0.8793229085432475
0.9942801216427755
0.39404150766237656
0.006752670254568605
0.893280403604964
0.38226811831282337
0.8647954541104242
0.5507213952014881
0.5647124172699425
0.2018432108026048
0.9656772320362204
0.16957792795617588
0.7190127034498864
0.9558955160600655
0.2635070456791234
0.6677362511795639
0.3114708982360679
0.6245996231206283
0.057913388818272904
0.9766717499002346
0.17861220568453517
0.4729649691109379
0.8196930054533241
0.5693247755728599
0.05129639947640552
0.04592458776218622
0.5527269613292358
0.7706128705010549
0.24779721032596436
0.6499470204621854
0.8426839634818001
0.032143166911793086
0.4482144751553725
