1758172
0.11350438442999722
0.4682717726647251
0.25413208923170605
0.2333018008987694
0.5941353940509381
0.7735009876212345
0.18788096892456296
0.45980642961452656
0.07167919620146446
0.975252683929298
0.06198427279239005
0.663160265508421
0.900707694458871
0.1077981769341606
0.8951237155529882
0.003070155881189418
0.6645643291490462
0.8251431149619786
0.5901386101670646
0.7457738918560661
0.05301831506650889
0.024826343961286024
0.8238552471797047
0.7237911767066216
0.5166202913561119
0.6477041241225844
0.7481044943733335
0.565946999570069
0.04092163055211773
0.3970350554757657
0.04724433759567648
0.2030866637794354
0.2126159998950402
0.3463753161116744
0.012893120668933555
0.41865078379631204
0.7026074164108085
0.4055422850780809
0.865225310252613
0.9460753364861291
0.4002617007868271
0.731427127348115
0.36435906439610255
0.7817496631317997
0.6171693003410677
0.696096570964316
0.7054397655075109
0.9036180439554958
0.7889777249108867
0.9445349311273317
0.5774727136327675
0.39104324783229827
0.6560090561710357
0.911296269572578
0.3159157881702872
0.3845432569423253
0.1683137884072199
0.5077995604241248
0.562151194674173
0.7576731607424522
0.3438386912737804
0.027045745840005075
0.27802693280901825
0.3247462129877028
0.3266383485622276
0.868571333242018
0.20806304236699225
0.7762748521109328
0.27769121342531444
0.8837021085892955
0.22615173583502024
0.5177297256238429
0.015476076719781018
0.26102055930506207
0.9349029193620949
0.09450555308747799
0.24060142264162032
0.759163413871764
0.7821347190289455
0.4337291560531461
0.7333434405710687
0.8633052237032571
0.40174186102045173
0.0859686762105949
0.6922818968349945
0.44183147421810287
0.8474718038881109
0.8799698351890846
0.5757521428195125
0.9924413647371318
0.23067726562032653
0.7982379621274933
0.3860112559483161
0.9702499364566302
0.29619252336443724
0.9027421025155619
0.1700443473991563
0.526097577032826
0.27122318666228673
0.6585195943699138
0.998700011225901
0.25023642327123996
0.6137046157759946
0.8548866102174206
0.8424981137602738
0.33414743074038455
0.5930569015433786
0.5832023426536193
0.4051361972547016
0.5706389486811998
0.7954433960290527
0.7466361771403035
0.6506953836461493
0.21054030134158663
0.2117387854221281
0.21417559486742355
0.10673264719891751
0.05237345348576239
0.8750209835355532
0.14831237080020832
0.2613824102681268
0.350434377486576
0.40943159899077486
0.2671529903378991
0.5782622871343145
0.9482421424774639
0.22469349744040013
0.43293169898569706
0.7395520410214645
0.30695086046451514
0.20081463480951123
0.6927243665096466
0.2597150155589354
0.7358421567350732
0.5201811491988847
0.028409828354197586
0.6687564533504944
0.06108383266936235
0.225996521510044
0.4135688730303022
0.7491907194661128
0.7756776067933222
0.31863015125761196
0.2599744350387059
0.8268707000424173
0.3806605340469933
0.564848990235705
0.10833782655903079
0.8392880614708826
0.4701698363236956
0.434660917397249
0.451615931165669
0.7939213335269938
0.09739481857263799
0.4565607155908813
0.3000172956097138
0.8369761224716259
0.012259920820166137
0.2386903294883449
0.6317183737149006
0.811358821048668
0.5946012198907167
0.3378479623336652
0.01112028256246922
0.15564475002467015
0.45312849324887916
0.9696230351174561
0.5657752502488764
0.08766624538569057
0.6930255570142017
0.9765714127175285
0.8755618693205123
0.8764812899842953
0.19189226138414106
0.5950291367866932
0.381792735483074
0.0191054238127224
0.09818785670922514
0.1040244769752362
0.03673025965670973
0.4161251015270545
0.6068330752041056
0.35392240296968014
0.994092862990103
0.7921558261928718
0.5274089539743715
0.6437563392037999
0.7423441944231999
0.6495079059164539
0.9271518603154335
0.9365788858499062
0.8416044483825932
0.8871638803672117
0.2638434535331694
0.27552287015847543
0.7619579625028425
0.09748695458362333
0.2920557121876014
0.3637334921311358
0.23149719119451473
