1856401
0.4907175611217557
0.32413263529789327
0.6521336655554713
0.2324752173121689
0.6479491492656364
0.9015662546427724
0.6590433724257544
0.9995730096774462
0.266624183626502
0.41826280588359654
0.8935954815329227
0.8979162640301696
0.5857237481701606
0.6237784628654142
0.9424997573299942
0.05679797041699941
0.9900171042978274
0.36663079032569057
0.6287918007023386
0.8657126458897992
0.30251988634209914
0.9161403765452296
0.9999273383780793
0.21048799468103696
0.5135501087913454
0.358037483022705
0.28890174755248266
0.017247097945728207
0.5411512669683715
0.6160423310917115
0.5808692923398466
0.14828310894925645
0.44038881770352334
0.2761003983144754
0.6304193717949019
0.4751931515870582
0.20894242612280844
0.3944948870220547
0.2517339876038345
0.23828064515331293
0.4797417495905233
0.4873564107172189
0.09189562625001912
0.4785041395062134
0.33405261314283896
0.4250653059405417
0.9323148353039118
0.24140844696257435
0.4160827380377571
0.6259157412277232
0.0405263181822898
0.07676703285697783
0.12020858451631489
0.6308675921535205
0.27596302516551163
0.19162733617347982
0.12340208017483767
0.20684898018988174
0.27264645183728553
0.8132312293572859
0.728961446160734
0.8489883063697544
0.9363098634576724
0.6965965433828998
0.3223104929992019
0.4745258526209124
0.20442832777563136
0.6962506487506888
0.0303546225340392
0.66892628581045
0.10097356510745026
0.8091225504314504
0.6475838935829128
0.9810228593371383
0.17311071657556243
0.8461695002567498
0.9095182621657206
0.2507179850023
0.7695084081416514
0.8377571099390719
0.3039455780248722
0.44964076632606953
0.9426473173319507
0.6692777305099875
0.14716844103816573
0.4414658455955288
0.20999127158637487
0.9460675140522268
0.9319594952761207
0.917023209303005
0.938907601766147
0.7470119039518256
0.6935445189251442
0.16454158083410486
0.3444003151759617
0.7929521589998962
0.1779343654950668
0.4689842865305368
0.7282591038310197
0.9295022219772392
0.16750418635479958
0.8427485534266829
0.9691134201243684
0.40773045402368335
0.8897715114389264
0.042700150773707146
0.4949746404767982
0.9913109350661716
0.4133059273378942
0.05871830425021918
0.86758594997556
0.3055310969939854
0.6245078725535793
0.6953763623194937
0.775363092264843
0.8460298619316535
0.7381614604002384
0.117935595929746
0.25673171561060193
0.87699592540257
0.524206743702828
0.6405858985623034
0.02160851630792049
0.6631104947395124
0.9693462606531452
0.9711193637196235
0.5800252171115529
0.8759847992888609
0.40702250128923745
0.8947162462753115
0.4887064165077747
0.7507182330263432
0.5330655785021268
0.8155053578563402
0.3699078935886918
0.7962287589952888
0.029005727830929362
0.6460175348345428
0.43791730996013545
0.07123563207345507
0.8338870437698059
0.203445623609117
0.30131025488461227
0.5304194215530261
0.12071228705487891
0.19472794616300448
0.10488868488728587
0.9927460237076456
0.7568633763852197
0.9116251628312891
0.7020381047054796
0.5719905561362821
0.7665601869241773
0.6236610323055863
0.012855599076817437
0.8948336205718619
0.5124411601053511
0.9259407566032163
0.18547937048597807
0.6328592932864066
0.9681338679061688
0.4749989950610066
0.4199472266948012
0.7374442585395408
0.30048372244558463
0.20002174351295354
0.7211821461776426
0.9189868043089311
0.0015497193894175032
0.6901480354040037
0.2936849832090529
0.3283960980149667
0.46179662534328847
0.8248068179574466
0.12599568322527777
0.16012570310493057
0.2813607429374112
0.8732039090412441
0.4024197774089292
0.6036430691319868
0.263190873691756
0.5555131465004756
0.8902417065653108
0.39570095464121036
0.14080452555384815
0.6835637684340281
0.726147801093569
0.4879652569239882
0.8281514391056881
0.679350008619602
0.7874689348342819
0.9548274803703657
0.857351869183707
0.7442083719585894
0.0759299115483868
0.5937402098450895
0.4417516446311509
0.1104654003121881
0.7643389434525063
0.19958300194041767
0.18732833974719065
0.9443709307299032
0.6772620930505227
0.4415448102071675
