2757775
0.10734200348769696
0.6364183285305888
0.39801573700041026
0.32461228095525685
0.27561887350431225
0.21468325708189773
0.7870217859714349
0.5408609101361475
0.5923207398669944
0.8302061823930121
0.6238799921783774
0.06182121315254063
0.6964508051531705
0.1654887206080795
0.22363153115749335
0.24406429839714827
0.09448288158209317
0.2924545673229484
0.2847207109353044
0.923980249006677
0.31237489363787885
0.5581104080770871
0.15367097173254807
0.8638707761143672
0.08650961859307527
0.1896301112053962
0.9932943088251359
0.009058033058467974
0.03452227325599633
0.049310892076115276
0.16653433591728306
0.35083594903867765
0.41545301641671495
0.8589252929705078
0.12410807589625628
0.9010914624993029
0.25797585989927485
0.49110505486047384
0.8824080895635797
0.8841599051891914
0.3964957501283921
0.8901053857304931
0.6184202638544836
0.9626573383269842
0.9452093769274729
0.7252429670129913
0.1170971894091164
0.6892753390792669
0.365587622298
0.26947664967966256
0.4446325050077349
0.2073264495358368
0.5818293901241983
0.1095756741040329
0.9355969265793409
0.47576581692952336
0.20771909943730715
0.9740878183771547
0.9974961261301507
0.8070436816188274
0.12360211872152294
0.5053431067271059
0.7875785098526055
0.5593898356198653
0.8159001553170326
0.7076503898876386
0.11344539393778752
0.972894599011142
0.7398843777549314
0.6341909590906624
0.7484969434525806
0.14327974573499025
0.8076855236905818
0.5157757580554786
0.46120803843153546
0.13548649178456762
0.2718942108151582
0.21871827260200283
0.2310491364067655
0.22130826411509552
0.288781528598154
0.09314811337778128
0.17522885600189486
0.9684717102375017
0.31155950811343136
0.8948919276906674
0.034218986211133506
0.5442815222054967
0.03990929754880368
0.39695718357524257
0.6000688805571746
0.36203992622429726
0.9214151306815999
0.33174522314024013
0.1622857158301806
0.6614825255410008
0.6826306849925883
0.6430948375799701
0.5677023217796695
0.4376252513468194
0.22351881045499278
0.9918592786412366
0.584339232471211
0.9889839929197694
0.30151829040828804
0.885069916785951
0.8346506891892038
0.7455153456867651
0.855216551426284
0.8357009084104127
0.8891249954602642
0.27870617283317844
0.20955490202760174
0.629131438487393
0.006606221118947264
0.6906427978719878
0.5558895661257717
0.31580534347739464
0.05523126570869086
0.5930924291013954
0.6399768517199598
0.08903321826614397
0.35469818350560167
0.4745142778908946
0.14670266186025283
0.5486441884028262
0.024030580180372296
0.8835441590353632
0.6788728054508472
0.6352729051678333
0.6295109184322765
0.28356590224069
0.5207034407723048
0.4951216958288528
0.9971375511242566
0.5803394385929974
0.26931688680491606
0.837595194987848
0.4406628864500016
0.223382574895441
0.5678939266478573
0.6506919739358153
0.043821847499154076
0.5924768748766567
0.30930686673508
0.7726487830514904
0.8606846841175066
0.32948336785848187
0.07211175175243956
0.6647654091909528
0.7161768854578516
0.9176765002533949
0.5494533794752582
0.7120393463363395
0.3821204637225676
0.8665304123183183
0.4674820664331194
0.8409561828155678
0.7985027902678159
0.6595441302959582
0.01494947641429556
0.8831539099813321
0.5526151941198726
0.7384770559066185
0.13294838092802352
0.7621403982547057
0.4543416992991671
0.6643430642846389
0.42677635461087826
0.8295741434214164
0.13895228715335706
0.8098297414426066
0.6085748590972703
0.024299339696459143
0.8856234608562958
0.8275814861505784
0.453762573505184
0.9820621255325938
0.22722525527658255
0.18623685807890555
0.946514682470235
0.17489625781415896
0.9392500753831587
0.18012369064251588
0.1165744667115658
0.3394911563615147
0.748305127166602
0.3487008412926207
0.059104771886576035
0.7587873159617058
0.09039697422956161
0.6869895053402755
0.3036083819829565
0.41932106243073664
0.1250998563113035
0.19948049313115035
0.3261003675977725
0.8570966348340968
0.5171572293329434
0.35429669531988994
0.9032793654624958
0.027859386742763115
0.7181948544398463
0.09619299602216935
0.9751770681198649
0.4809572863210796
0.05971531730971169
0.7848022319753211
0.7128590287146185
0.51526737472824
0.6258677330698945
0.6502215244297468
0.6304977393283193
0.5889503902281824
0.6124498738086208
0.4307431061874728
0.010032732227532537
0.954494705701078
0.6037968100845545
0.8479745317614124
0.833888574510599
0.4972587154698025
0.7663539121466763
0.43244823829254353
0.14955297115692656
0.3747834226496546
0.9240619227760057
0.8522284982315638
0.19503714290802232
0.8345232566310096
