2107909
0.15404332477864302
0.25123730835437796
0.20259406576501415
0.05582302295822528
0.7945469318922525
0.878190210107186
0.12552389855356805
0.9318752478270194
0.8709564716859014
0.01835842695587986
0.6286945534060192
0.8874173422916452
0.27450547027629635
0.36043443499484173
0.26647243157012424
0.6315817367272027
0.362286823358161
0.8025403672250232
0.5762281303520839
0.10473225544193254
0.9785262674249993
0.9961571865203277
0.167537570666493
0.715539491073008
0.27991389236419517
0.35001127199725146
0.05499928859526593
0.039781025300997364
0.8752217234496091
0.27927761501626447
0.4096963597705273
0.18305001334372906
0.4434959774291588
0.15402682705957482
0.9903607887730339
0.58323457052201
0.8433179658695611
0.806638182305314
0.12972705706286036
0.5094554999108096
0.15831136511791655
0.7455183851920627
0.9650881467360942
0.349124734477808
0.6999611437675963
0.8415607339176907
0.6437171273204928
0.8140196169051651
0.18283587641262633
0.9429571655447249
0.8499224990976161
0.03880888134488014
0.7533878936123675
0.2049765598477853
0.5769053179972449
0.7443129416719262
0.29983233184802605
0.07381604000199193
0.8194216325808907
0.23443750156444065
0.34166879955604845
0.49269713469426824
0.5539642531313848
0.6939380517753718
0.3603004573219347
0.2693227036909712
0.5075777784289309
0.6451531206357234
0.9258131470451821
0.39733320718761345
0.06792583985473277
0.20972910287023472
0.3081228024447733
0.030807615177008696
0.7194859142159612
0.028455800444005752
0.17051348350633677
0.7228632321409385
0.7036083561480397
0.2601112799305145
0.3289770283719522
0.24821009257407145
0.888167852674091
0.13804285988118725
0.5805558623061268
0.3006316270722861
0.8198191893432997
0.5773931075952456
0.1508691889882171
0.906432950397502
0.7521826231607993
0.020676943694889482
0.2623624996111299
0.4006900895418335
0.6928420980303037
0.13088086645838992
0.012255809013492658
0.7959614338497903
0.9322058707840137
0.484377982676657
0.6127326001014554
0.026533649029657047
0.6311850434639744
0.7194394991226974
0.56465129747747
0.3076379043115661
0.18000140273396603
0.028267332388954625
0.28869101673108166
0.11861289184723867
0.41679321720838114
0.3855144701836095
0.46087790420461505
0.6630228570531757
0.6806321504000188
0.13491014113421584
0.5141798099439969
0.26940364203949374
0.7980163515091812
0.5643473064108858
0.7121166860694953
0.4663766054870181
0.6093952344459314
0.4573041564255682
0.5302770600426426
0.24517374629276778
0.9324044685818113
0.5226332020217446
0.3289820779439284
0.4155040319084201
0.2118656809685111
0.24126801644598284
0.7182885252815642
0.21101689874837137
0.9491654565536335
0.7293190897383852
0.9512039846175856
0.9292697236701584
0.2497663277994172
0.5664376553952875
0.4047400004622207
0.04208024813489819
0.7052786190667163
0.08813709140955772
0.5614236110688836
0.1604766687853738
0.45621289081950855
0.5155496952223112
0.2229783157665688
0.6137582896914171
0.8250486559768381
0.8090436896631754
0.4727304929998488
0.5548633153415404
0.4221160165546113
0.20838146934574364
0.6917612574419506
0.3848730335906342
0.634817851464723
0.35303339003249246
0.8847165701534351
0.277715894195563
0.010865096517237771
0.9189523632763879
0.7489148335682191
0.45886643927354054
0.6724207327841698
0.17065672850457336
0.011215691037990805
0.34786606753031635
0.3196895125770035
0.5783451724891029
0.6650433084897445
0.787267955087831
0.9352953459532233
0.9115181591587349
0.11657343355252725
0.1713432035646315
0.17339738259692994
0.07361046531010118
0.1112055595822824
0.7707640277710724
0.0988623410389925
0.6011907529737128
0.7692196485490478
0.2497685033443895
0.10164267435284635
0.12566429706854632
0.5676029330855072
0.43647811198293707
0.7560908639492928
0.45577951160858543
0.9244042359003062
0.19056365488133353
0.396021056750143
0.9391759546026667
0.03280949673128353
0.8827113429608217
0.7621489793764911
0.14609031565819697
0.8431257647957285
0.896446766822122
0.8628954098435637
0.5924572499886569
0.5510311425179975
0.916559833366096
0.3836450381573364
0.48351068622019255
0.9080252326187422
0.5702960219017159
0.37828403486802176
0.5929564775005016
0.9783937761384592
0.04975144722960467
0.7934258131639198
0.39209078203691505
0.69979691701759
0.5717047161121979
0.49667876922256604
