1122789
0.7837944388002961
0.7473042080076326
0.48831075356866793
0.3751313208741599
0.5737930666872397
0.2565483823594136
0.7602003112698618
0.5625547227220503
0.6491803739934656
0.9346000739559173
0.3646934971835678
0.15898759904685733
0.4674715229154731
0.8285039365463869
0.5789237816909074
0.7343515704043342
0.5838209738576274
0.2294921798893219
0.03193753880715733
0.2742902607231119
0.604238165699138
0.8161848824125117
0.872995709287197
0.35034093025603164
0.1243857471145019
0.617754307572167
0.9928748472234297
0.37659529180891604
0.5245237587964943
0.5723563394784867
0.319869720831489
0.9941623096749312
0.35709538134147667
0.04322201396552494
0.7726121397618462
0.6452632260252974
0.885310675708858
0.3009508629421007
0.9290050161866005
0.11181364796065829
0.0011558772117438165
0.16355292549839195
0.8208394646402086
0.18571144701479803
0.7573322455217955
0.2449717677920914
0.03627697010459563
0.8469406951505454
0.6402972660993149
0.291655887622997
0.7873375910815039
0.8426237214862523
0.8105308670001831
0.5191703880626891
0.1489625918688514
0.5400155967838536
0.48142440957164656
0.042265524316466685
0.4115486008838961
0.13560841915787247
0.9762495130776359
0.08443655828207564
0.8694377209527203
0.20965986713801632
0.855575579451005
0.6514108109475196
0.05683286473011351
0.16038960676272251
0.7743230009266862
0.7523576128981699
0.9577266667259409
0.2478510025134678
0.09318009723001885
0.7474685085935632
0.4353227197510401
0.5345119649360695
0.8272538593934066
0.2868061359076449
0.6609231551782947
0.21645360042473527
0.8835111669064571
0.7617728446337878
0.7546911148087585
0.9723315440738562
0.960058657486552
0.5025398208711259
0.13944638419811517
0.908168906370119
0.33276073961020036
0.20929379650284252
0.2150636315136608
0.43463552358801105
0.703184930851022
0.5897917716457883
0.8140930725547232
0.4987882287393135
0.26268030853504654
0.634753267336664
0.6450860778290348
0.49159484585614877
0.19810363377877516
0.7068026695130739
0.3183212271410307
0.259501183917787
0.8677363206258276
0.7596623377016513
0.24124230924500434
0.1642779211617278
0.07011980671937257
0.800419724788002
0.6200465751661874
0.28107765968316
0.7776710051143725
0.4030239480364023
0.5662894663426618
0.6595525485934476
0.48311410166855284
0.8743232232028576
0.4396658144966119
0.7845482480452789
0.5518657149917154
0.7450947540468535
0.7811196376565941
0.9306135502193389
0.5656667728784164
0.6510653938642368
0.863080994259222
0.6295058997900321
0.7667337851494633
0.6570077976543964
0.48486086941795503
0.8691389367631617
0.4848183450323129
0.8369156813854416
0.1974026549802116
0.9907712938897698
0.31549463750554263
0.29109424674251905
0.3298629871449478
0.7467676650741307
0.3930566566326166
0.9486252222354693
0.371268882802927
0.9445176834056332
0.7134530015719347
0.5875211598610012
0.917476302253459
0.15155433944378238
0.25607360633040865
0.29280611353371777
0.4627310403648729
0.5184963815890599
0.013828872998161823
0.6551682278707192
0.4038841515316006
0.6492867590435716
0.10786680675640892
0.4203989995328009
0.5633152447063231
0.7218147959306583
0.22323942778930017
0.542500198801378
0.5180521864728027
0.15521963714236153
0.2583927230660381
0.7528140518682492
0.05842278343742047
0.9321307424399855
0.29617870786397393
0.339551612820823
0.7409757289312678
0.5844662348767111
0.7865757647462274
0.9368120905687702
0.5495174942743787
0.8672811358212744
0.8422771478291408
0.9644325557851819
0.4256590217777849
0.6047248915956314
0.3960030997005064
0.19688974714868812
0.40731358641325244
0.4452110362329972
0.22069942521062735
0.7386723466763832
0.12420185732357836
0.6946217310971873
0.20941070300745634
0.003958314788883199
0.24516846362034594
0.852829410729841
0.693953897051744
0.75039817385223
0.2398938006047524
0.7105414210988156
0.7945945905322035
