1498163
0.5658918054499644
0.7318570895891017
0.6742812885594863
0.6019322406817516
0.5776658478612346
0.5423930864532577
0.3193607766512462
0.2837768644388652
0.9312447183040603
0.0754444973195566
0.5743614785977436
0.006440268699837826
0.7246728235075286
0.6838026100979632
0.8725179466418751
0.28061172032763226
0.20199848418555844
0.8260419517221899
0.7552963185496957
0.5004636023608193
0.6907611152181476
0.7375849141488224
0.6608996503353816
0.008328563225411978
0.6301692733042988
0.2927230014087667
0.3321641657041252
0.09944470357015944
0.03587545849603324
0.48836794916284665
0.6795914485192012
0.3576883593808792
0.6354302631225648
0.3220623004280416
0.4001268674616696
0.9368682757656926
0.2973017877381058
0.14127122915859824
0.8282278518907559
0.686546543682858
0.397272372642571
0.34305103029488127
0.11048629643101582
0.8792292494776696
0.8871792656252809
0.5922876169280119
0.3914468165070749
0.22928673674712974
0.37862611600566576
0.8868740580003105
0.862627659003943
0.3806825075619116
0.8640746506709165
0.7785178717900408
0.6758959343516243
0.0073403897872290624
0.939571583726101
0.6408997824383401
0.6982344737059243
0.2553513129460704
0.27784684330316
0.500600756973742
0.03592917137784779
0.363995028122413
0.37388383616714893
0.1402405704900378
0.4492405943524963
0.128371834993542
0.0889648405611223
0.24619411159151838
0.6113339825506682
0.06140931372194691
0.9327237871479933
0.5212197587507708
0.35709030846188305
0.682927773303038
0.4915041508484992
0.8514973727552295
0.0023532280253336646
0.8948979127311695
0.23986724851392383
0.15912316333328014
0.4951745106815698
0.9486626705154604
1.8305820265673844E-4
0.06914364112003235
0.8642110526959579
0.5796370666872399
0.8576295592675893
0.8403927040952216
0.5997371520337464
0.5089925679440716
0.5165440116320877
0.44391348156279586
0.6535832717394301
0.4667964168662371
0.15289054669069801
0.3913898551104814
0.39232020262118283
0.4223828720512427
0.7737409228275897
0.662580735311935
0.8931990496233734
0.9159047787201745
0.7040250680292663
0.2215008606536899
0.8688544788505504
0.6039335563604142
0.36642029467372683
0.11949300136793539
0.4230979539427252
0.6866246114201578
0.09123946115366821
0.7092976420160244
0.6476800943337485
0.8816445815275817
0.9196723192838724
0.35428690721656275
0.5152004430321127
0.1874947901631111
0.38057281897042106
0.45457065184489887
0.7284003741947278
0.7948565723454868
0.46986906901432646
0.15978956764501362
0.36384380371445624
0.6878566629992848
0.2515167920350505
0.24671818190747974
0.03627309105622867
0.9293384470257803
0.023948489957694497
0.7275659567329505
0.11835476299266612
0.9862568951395144
0.27243867875896965
0.24440590665816275
0.8319574217835064
0.5063135119556206
0.40269283741921125
0.8371451476825297
0.8579838062007493
0.1305639886077653
0.16671507956259934
0.2944168860591645
0.02375221611063838
0.12225783273745028
0.541851037601478
0.8292644937987963
0.2456612884388122
0.9664525733155741
0.39690293556672174
0.17495640467006757
0.3760543820603097
0.26705816958171247
0.8915443417557043
0.8149134458192829
0.2232453773093549
0.8813886143505483
0.7512851360789087
0.8777276320076738
0.6717441249613099
0.8913558946059478
0.5885536869835275
0.15731456245137843
4.250654683400912E-4
0.4051341039536155
0.7907004191138092
0.18514607342759215
0.03138216339814448
0.3958213407670571
0.5773558262403022
0.8422543682479324
0.5857468088260546
0.971994937606959
0.546201688681578
0.7871055385535055
0.7304904413683779
0.7897470734590489
0.16569918869546074
0.4963624839689207
0.6184082680405996
0.7740735371141014
0.11328947361583264
0.2514939600776791
0.6418619972693598
0.20333728489070957
0.3413782785989581
0.05226453870520964
0.21156131716349824
0.8201165686426382
0.6385580872707212
0.6720928369382776
0.7843097984572909
0.5385284538238203
0.6706950735704332
0.24668726216192605
0.49364193516274324
0.3930202748395196
0.9316969419631842
0.534249795406285
0.8478386585449751
0.11503427819052547
0.7423249348335381
0.962503710818076
0.34377887383131045
0.1557321795078006
0.6807882783175787
0.1544801084093682
0.9022943829211244
0.2221395709823335
0.011350864606561095
