1800446
0.8020327645644454
0.036295716225201335
0.021147716513060133
0.16316070207964184
0.6963345750645914
0.15971954639766228
0.7594393489808474
0.8373013679247049
0.6088162567323268
0.634342905812255
0.9657224356206621
0.6275761294594778
0.27030987120028205
0.031232081122238298
0.11442483930857572
0.8414074090487956
0.3427651581464457
0.7357015489937331
0.7108729130861378
0.8987470078597516
0.844250739692671
0.4080481411924435
0.1175644233537324
0.5939720720755558
0.9105454837166161
0.19858269318450494
0.8679919287032507
0.17932819133584366
0.6968578647241872
0.10094469569987752
0.7728465392943248
0.5093920761004471
0.10961377753057766
0.026596914772170743
0.6288083493465553
0.779939823675262
0.27595826162295833
0.8874297680390612
0.604469764210122
0.08516281234731438
0.6263614740352557
0.453403282634797
0.3890740960750041
0.6182492552606491
0.7903453263284401
0.5165765469374286
0.45418317486294635
0.26481870104531813
0.6567515710249772
0.07818891329711286
0.08179177075836286
0.6188034964300686
0.14514783895878347
0.21054200947300972
0.049265323564576136
0.21239211893095378
0.3553850372956816
0.132024599676131
0.9593686604866742
0.8321829723122726
0.9122689029726078
0.3847069581665732
0.7736771756374323
0.6916373827984019
0.8724432899393872
0.26849997040644813
0.039093815818199484
0.1964871407776554
0.33625155110488225
0.4038408904257922
0.931269153679572
0.964010321292451
0.819998951988925
0.8899183194069922
0.674921448572038
0.3077084082556274
0.9135610174589639
0.4358599971311229
0.5498082301693415
0.6431461533389374
0.6489086642827514
0.5410392948362327
0.8774112652204236
0.2411684236929239
0.906942146922311
0.9453747461793225
0.7984910384232125
0.5429794102311388
0.06448366544851802
0.3171537006044367
0.5038028592398651
0.5245864268641721
0.08259655643001451
0.7724765004294866
0.34086210454392885
0.8402936016531665
0.18389171143213223
0.1363556050336978
0.03933659996801997
0.29422954287627656
0.898768778318865
0.010631683611689757
0.2799155302765951
0.9518015379319914
0.07398479537361025
0.9187038805446605
0.11727146228804097
0.10252288183301994
0.46585443975189234
0.762537745759624
0.8080792195585828
0.384119378643206
0.6133214414902836
0.4805702341099515
0.7450513472223667
0.788371601710964
0.18985705677782982
0.3135886956330721
0.4036420794475659
0.9445103038718942
0.8826330635570612
0.003787675246236133
0.028900739416003796
0.49690608585884755
0.583799675460884
0.8816402472986005
0.09172617825941976
0.3945140219298986
0.2815596882725492
0.10355294479382371
0.27143978898792753
0.589503662201788
0.002426044798808924
0.8958238593424671
0.04251229391683509
0.9423668001012457
0.7049991176959594
0.19932014365058515
0.049152808702502715
0.1177875197770708
0.661139604257035
0.35268317222490675
0.10955243926464298
0.14068359053784973
0.810430962114499
0.34007296167086765
0.34608726284274904
0.6938519446766338
0.24745882207907288
0.3035318321987872
0.5776645653058037
0.8679357635816415
0.8855427646214159
0.4113372915442357
0.774511184965946
0.27549233522840777
0.44929707082689474
0.061497964804230865
0.04604082136296783
0.6898219817835795
0.7245685482692918
0.9807883472607564
0.28922633857779045
0.3255138694669837
0.5836776128859923
0.8842680539717016
0.0014490179815008775
0.6866961831156936
0.5870164587664063
9.663861459843215E-4
0.9063848491709173
0.8449170298685675
0.7310176435767122
0.16376584872683997
0.8835088336915241
0.48553673104220807
0.4338448920476061
0.9780630029396521
0.6409486368831304
0.9662773016996534
0.16842828664459186
0.04311715455148579
0.9781466077024251
0.8923141235889477
0.5482286027569528
0.1541826348699178
0.6358125164179205
0.650802950805454
0.7241641715718584
0.2362135081748743
0.20393551355323247
0.03895618397152256
0.18434473919597383
0.6688979644307178
0.41610975642866976
0.7848962845231128
0.651628032250313
0.7467834346943275
0.1036777998027516
0.033438816784970626
0.6255068202917321
0.15431490279799986
0.20284521508235442
0.43780562130446943
0.778170864736655
0.7789458179358956
0.8758260901548655
0.34791302915307465
0.2802552628516858
0.6805262580604233
0.3097602737463616
0.42155641174965086
0.16020888248647314
0.10023036240334482
