836702
0.7377244696584281
0.4532282238360831
0.42516497341535353
0.7677619471818169
0.8569633901210423
0.24810174970250976
0.3374643521314805
0.21151826505702398
0.3552154919314833
0.5613716286184436
0.6845989559739977
0.42381530250904853
0.9093436662981991
0.2381634990130087
0.8205162337783407
0.09162879693006165
0.8818492308667946
0.699625941234447
0.5868607150720819
0.19947661654370352
0.597311453416942
0.2805334761582541
0.7405765438449161
0.9613935645336139
0.40114833743884803
0.8812499798397769
0.7951014857549129
0.18066201393257064
0.16594226173167914
0.402037672869492
0.6925283684969098
0.36452033923359084
0.15506761439187622
0.693583765928899
0.11468741307693953
0.14915390854257837
0.7300924107352307
0.5676538548165354
0.9231491781737677
0.047937075268476015
0.5016859549167745
0.20750902240320546
0.0792109958872973
0.5371187048877059
0.36261084592036963
0.3102789349904138
0.5437051975484083
0.7295915086762328
0.2474769974476465
0.3848446666314089
0.32010344164846805
0.9285971728731175
0.37281467150419134
0.2931910136579886
0.576013295003069
0.004579442753114837
0.06126516346524513
0.26446757445596836
0.6436510513077496
0.8645188209523824
0.26813521401505336
0.9386716123162898
0.6233060960391508
0.26018610424093735
0.6162051717193919
0.6140886617925092
0.9146849458731297
0.1795254556900181
0.9270872732620508
0.8707192831386861
0.3455664378448966
0.935959780429561
0.1724086043287668
0.050523743327920756
0.7669149964191182
0.03928531376978983
0.9018208079540506
0.9183592859407866
0.5744264497642486
0.6401280025587672
0.9834969762216359
0.9608379323532676
0.4864972544841051
0.48235630571903954
0.49224723802187653
0.9514076404920042
0.49631809099430013
0.6131828436523056
0.3052294399201495
0.53559020151904
0.26123368030132577
0.8534983489457326
0.6261271877584904
0.6476842026161413
0.9708502123073379
0.5093464303104112
0.8536991730634914
0.09005245036377907
0.4933332374102124
0.7722332690533332
0.6279113199921159
0.4441586692670657
0.9275154218273857
0.970095999895989
0.3491023897400811
0.43619006198620636
0.5218970724265499
0.1736573574971605
0.7343645549725908
0.9105339633700753
0.6454133537271814
0.6538472334497404
0.9487167405152971
0.1316810733476148
0.745468113230246
0.6082210717510147
0.8903212189783846
0.48349990675959187
0.44846854152241966
0.6636624367305071
0.44597475264466857
0.06923132068996274
0.23960967828806312
0.27276422562844815
0.5789707520106352
0.9049710474104913
0.3949060195745111
0.5443687413971842
0.9097554570430287
0.34101188472015354
0.9569010872239346
0.46109239997150686
0.05575354808653621
0.5206098801590746
0.8107985052821725
0.1354205863407243
0.7084099032685975
0.8452822692012127
0.9323802606029552
0.9832722728496264
0.8295553284945011
0.6496400707220111
0.5161236338161848
0.7269991228907995
0.7569079547791289
0.5343538089235337
0.7192277913552678
0.6991967506925708
0.5461115657590203
0.3072315613816913
0.368843043107941
0.9711366418608529
0.837407623800473
0.110248249399305
0.9081832992377695
0.08438887744230472
0.20751767123635412
0.18761865183984128
0.7039288259412599
0.3795859079934987
0.6336387491338147
0.3933855896945234
0.1289070594143943
0.6186974489762266
0.55354441017768
0.759883184586834
0.5915269788630446
0.8734136473640529
0.4576651690466317
0.21736479123974473
0.515877399882644
0.5199637948430142
0.6560632592127379
0.832204088125036
0.4387377380160532
0.47901714462549183
0.04143129950570357
0.1349488329212727
0.729514266281353
0.9029440301496227
0.1126431527102898
0.5786697371617741
0.6112173448112039
0.4445451338464841
0.4989761176693416
0.5539150307189904
