2016384
0.05465876061113906
0.5488963039143565
0.16502658676807147
0.15812277587780899
0.7077754104168651
0.5876988223130262
0.6321585537230455
0.14282444655562465
0.3868975773591664
0.9036221762061509
0.6334947040504685
0.4882739587141408
0.037536634731720975
0.9156013775060998
0.7672473856975188
0.19656456301484948
0.9010847384319611
0.3394830146707184
0.5657300744570105
0.6695612813757926
0.08615240022363446
0.06529068891103773
0.5700771090690872
0.08027831775712724
0.3077738699379099
0.9085325401516012
0.4009989447554705
0.2517297602445214
0.2124903867103659
0.5597883518395573
0.3589163567063369
0.9993540849686811
0.5951635865918374
0.04463407635567218
0.9438406096465148
0.8242270573520329
0.33023056547803387
0.6329803801764914
0.07757893469242816
0.8885284492020507
0.8614405508541044
0.5959918930497499
0.8479767833141767
0.5948867716258471
0.7139513730947066
0.3316847301178276
0.3412385350692727
0.2335807697878698
0.5290115213161511
0.10862879624227328
0.12085049689161653
0.12055859856985995
0.5672382564470474
0.7102405554419069
0.20999568463895157
0.5502795689186984
0.6793712891926219
0.874812857178396
0.7284910951788053
0.5826696938522158
0.7929042519724198
0.36517187686111285
0.023656836676296367
0.9766797798573279
0.5023170851687533
0.48030895265685103
0.3170206719495656
0.33629860044787574
0.29082332123121346
0.16115920583043752
0.1538022973230564
0.933833026298063
0.6223742938399824
0.256122905290724
0.16122007867167787
0.6118242927696929
0.915694058561217
0.023821324117537235
0.6496836312691602
0.8902944734812309
0.18868298407841055
0.6508187038062176
0.3696689022675833
0.7192015653112414
0.716269321748955
0.23413910397561466
0.532293299542939
0.4263064046106726
0.8346067162881523
0.43590250753690085
0.6759496563730473
0.6465779444146428
0.562765738330593
0.07449624893426698
0.8049231408010409
0.04925209213688331
0.9180559982080377
0.7285623650127968
0.4755287913641686
0.007496071692478901
0.5480012556630154
0.7367130595481054
0.9910025829874565
0.8065506495054754
0.13006832032582383
0.10114374211385779
0.9292493474765359
0.4364223755400951
0.10020207145449489
0.492729358550671
0.3243108696889744
0.9264884147316664
0.5294920901201948
0.9282353439146196
0.31529690928205834
0.6690333836382218
0.6622556335009905
0.9051902860118521
0.5490145434360859
0.4647990818343489
0.2224415161426323
0.9802203220712302
0.027114724776929
0.48298205005549333
0.4548354989147074
0.5237907006754055
0.4594794477097828
0.5141099833074314
0.16233944957849888
0.32793554512218814
0.9141112433070679
0.6553455276387706
0.49101823276098244
0.8855021938769778
0.4836319992070235
0.055818914277643406
0.6566588290721487
0.7542888179479897
0.28068896157601253
0.2886367864978896
0.6412047217704282
0.7620506049024272
0.30237637511635207
0.5190236122605859
0.15139005621727208
0.704555667423555
0.7710980842662468
0.03417710515530259
0.824937409839583
0.5027186624475956
0.6039098959579652
0.3839655097293079
0.4920513633322081
0.3271310194815963
0.022730873028078302
0.788785248762051
0.7761519776318255
0.8906602424496913
0.8778990773675165
0.9344890341428402
0.8139056087801179
0.027058529301387413
0.02597280252606593
0.2297706229146549
0.6431008820156203
0.18232573684870867
0.666429950573002
0.0372599744549168
0.012111214093826317
0.42327884733924515
0.4477047768546635
0.06324222954955527
0.9991317114893465
0.6298636447399256
0.952003431417779
0.3906535969127618
0.7387906970348906
0.5866068745986122
0.27048146346827917
0.7468093655954702
0.8737317642466196
0.01847699895612398
0.19539377566890903
0.9341998968049461
0.6039259069681172
0.9465573765948869
0.038502560661856866
0.27432802307378956
0.5909557122716448
0.05496130348193029
0.1597768920259678
0.07816464160620984
0.19983054171010506
0.19737494368640984
0.09599096335315571
0.4917145882316578
0.5962978576467577
0.23870385834403285
0.5410967024497022
0.34297289549188936
0.3187093247018731
0.44985926000591214
0.5561529598112523
0.7523253348074945
0.4969367755782612
0.15884524182872217
0.7811671025552609
0.9783506100819377
0.6848943942790975
0.5059940176125916
0.4737304728152921
0.16226768014746284
