1692293
0.3658985967990732
0.7464931892191895
0.9019670593807181
0.9416062337628962
0.29058997616126425
0.49476347727428427
0.3422939875153106
0.2061029780893332
0.6219555678087411
0.1857115039832501
0.9956343071371014
0.2551015856780051
0.15462071418107548
0.32881276787114544
0.5171164962457684
0.5170267818719594
0.08467458589430965
0.9963901679685102
0.47127153917460385
0.7040761063650447
0.16243078945666967
0.15665729861328515
0.43085490460818265
0.2554257656157086
0.3522236879155348
0.23011587349696883
0.9282723977507192
0.46056386970316
0.9505952535457712
0.4931955760426493
0.1885484482245232
0.9609003074274493
0.3295920733170271
0.906819979806584
0.04375480622537253
0.7115837295019267
0.5491090955071469
0.2967162946730053
0.723063255804557
0.1647679888252379
0.2107866036222722
0.1541186603240673
0.24929444446316096
0.7193079413673649
0.4482923300678141
0.22271901491332224
0.2740917436222797
0.9897849657383425
0.9479741496431878
0.7035035289738323
0.8007269732891787
0.4541151033377371
0.677015455514027
0.7682564886918684
0.011659248964604574
0.15067891681817414
0.742996941864534
0.23121658929678746
0.2592143478248141
0.45493143555800397
0.6473068266215153
0.24809665752266885
0.03555477731095236
0.08929330550241821
0.06502105531777302
0.2748865312200036
0.02302395815149505
0.2951676329033236
0.8672569835116289
0.9977655362377698
0.5410065637897283
0.13501919045578514
0.09958074532209416
0.8724846409417809
0.12053393095264853
0.2419123996324125
0.24630017607112287
0.8818232731870412
0.214475617407911
0.9068554133268235
0.5351123203640388
0.35928376769604575
0.9433427774335731
0.9700606089820237
0.30025490618096295
0.4878488640166606
0.021786950060239896
0.362202653157349
0.48924902639766765
0.6047587077406299
0.6484650736544095
0.28170324330002716
0.7786716776609215
0.5297814337722035
0.3403476933564247
0.5006854408748835
0.6468983898018686
0.7615126835714997
0.9248224906067649
0.6729993664902489
0.5983107234271983
0.04317672967771924
0.13678675961068154
0.5826259499882712
0.31478831486332004
0.4351559019704395
0.05822257414539922
0.9479789144528514
0.1562107329161414
0.4676773353885554
0.7257913977218364
0.6358103848775405
0.14066824478121975
0.9603288209436583
0.46547392676452914
0.47822657590725814
0.1948265167562746
0.8954289898480512
0.12428454532283484
0.8729797152819972
0.15200913470169197
0.1134796088744291
0.9408028494998378
0.04619691214191135
0.9742191603537043
0.9306458902320682
0.7730438227840004
0.5221489865875757
0.6131075259384547
0.7284246310889908
0.613772187498532
0.5820482552027978
0.9947288239162155
0.8352321924111693
0.17064323911313595
0.22723937144150463
0.7605929569034069
0.9760999589876982
0.10289520882706771
0.1908263428923329
0.7106652687397333
0.8681620103535204
0.11995924358902177
0.0066260426430084784
0.8490840390353664
0.9139627632170624
0.8346671501017383
0.478654865865075
0.578523065472495
0.036339392040076524
0.07498707820602013
0.7405039003219683
0.9480056012325125
0.45413224227456206
0.8570679066898637
0.7807939649801745
0.44590297640377463
0.29426286221963815
0.4482018463155134
0.6788172515140625
0.42478575285064113
0.8638877153300973
0.805548450750502
0.7047600116754702
0.1782148180495935
0.9061440318727793
0.4053162539042109
0.700169442514417
0.6979381320304309
0.717144603793079
0.6721662575830291
0.7335098179566177
0.39998292759670384
0.23513316829244146
0.2521502220669072
0.46589821350724436
0.28116115701004707
0.05121096164325745
0.7692462782093922
0.682363014998746
0.14415455988574943
0.010342064541387641
0.43171164871107814
0.3905642492499759
0.1369581364714958
0.4832271305600576
0.8480371072037217
0.1640290873456497
0.9226973077022689
0.15931177684729625
0.004474546112047673
0.5340659907815725
0.6278906068482313
0.5770703670053221
0.1316397910090682
0.7252788373633945
0.44613356806919524
0.4589965281854652
0.20722421625753618
0.22658532795408992
0.5902936490440287
0.41368409038105913
0.6015142209741446
0.602341402782911
0.4579529561839216
0.07085895748746984
0.39359613680599637
0.98960599677974
0.4441132242629401
0.37886853138556886
0.4405989805051743
0.7765982072982808
0.6597051482036386
0.6923190656310191
0.9954573996425974
0.8878850907228817
0.9895988616931423
0.11129954914942664
0.8765221241694682
0.35820402993754075
0.623246902078938
0.5382480314280621
0.7957724524555765
0.9051417956098362
0.7572902235346982
