640683
0.0868431771185918
0.7033194369863462
0.743191135835309
0.9440103991007516
0.48260522714879595
0.7476084373998007
0.44816385431952
0.8771942089078826
0.8778576785636139
0.8395011184222857
0.39629516293975453
0.022352429501428794
0.9699224260349077
0.6406608300657026
0.6493066966808005
0.055662001961265695
0.46520183720525765
0.5600913771510754
0.9336675192447625
0.3678047465494345
0.8155605473434663
0.3990747189216244
0.23676759174149675
0.9234942062285121
0.8419120797184952
0.9553031444226587
0.15633239118649023
0.20993639615577453
0.07623956871995541
0.22755466042962869
0.043489553840058925
0.22626202696785502
0.9475898872047863
0.416727982188252
0.9317787725975103
0.9514974696666125
0.370216905056316
0.09671710790448751
0.698598868878991
0.1400828283708372
0.5656192495584418
0.20873429506123609
0.8183130741868301
0.6817651245550721
0.7056093056289706
0.5080084339586594
0.967528397452155
0.3016459356429615
0.030679443348589963
0.29602837795267567
0.1505587885442503
0.058093097619655865
0.5841407649077509
0.6500469407269602
0.43545178208473034
0.5105743485027573
0.8652617317984618
0.9342064851574396
0.49581469099629516
0.9089353796847058
0.6089837177244607
0.9097165868030177
0.7572521889180418
0.5591183976398694
0.6240850868774456
0.7102580706984447
0.5865720601698373
0.02641170339020582
0.6722672710184702
0.9117263226556315
0.46002289673381525
0.11038796051919586
0.8807332164512239
0.5189909684711133
0.7159400780379006
0.11612994850587555
0.8702360870290982
0.5838717388350148
0.8215737871871424
0.8572177512690033
0.01378656695757996
0.4940973587421269
0.6695528026796654
0.30314765318574566
0.24580684417357357
0.5160776717028058
0.5270000566224009
0.9856647765910551
0.4513447380301061
0.19909860573832316
8.719200435538532E-4
0.8564300165030397
0.3721516225417215
0.1299784652676239
0.8820404307579806
0.5295110486960766
0.4043902937191701
0.4761118961974211
0.7764404253294758
0.7264837865514505
0.47799117228067334
0.8767720117338373
0.9174561472905579
0.31912285384809636
0.006416577982365057
0.7678587094529133
0.4362256587293941
0.3896986812842197
0.6835863347957388
0.29788027764753255
0.6535800920356989
0.10592695580861577
0.21456998585878218
0.8402437379495605
0.8809456800103491
0.7395611657477464
0.2383711731577114
0.10274572128270665
0.2644233502321386
0.12058740811108304
0.224949773831138
0.48750353456490836
0.9613043853199451
0.671494978939556
0.2260457729714369
0.030830717462360546
0.2350719856765584
0.764465470235248
0.3988336872540692
0.63315166110582
0.8693343980518436
0.4468214771387171
0.5035479858221779
0.6533815213640158
0.6371218782338272
0.09625907782508347
0.585445103336219
0.06248129787057888
0.416432055428559
0.2293588079410288
0.4759205542060648
0.5862552627951912
0.12859465311391094
0.5236511661298608
0.34899233992386713
0.8205481243079042
0.8198130314815836
0.4062964694825675
0.8853176166386043
0.616578731656123
0.02354001182684906
0.0864002821119988
0.7816551319393686
0.11628883690452374
0.7004295663489154
0.9411161366981173
0.9283428617481981
0.26240360750472
0.3161792028942585
0.5044763777677063
0.9743981198380592
0.5041758537603869
0.9672310773628442
0.8280194265653159
0.20349510676328764
0.16712299490129634
0.5629556910342582
0.07527924819304055
0.8298725981488456
0.1253848942548469
0.5829709679529608
0.7551322566919869
0.29715443340918635
0.6289022644811693
0.738928681655258
0.8809210473388104
0.12195917893145514
0.1557681932108157
0.9188281400127026
0.5704535121943121
0.7744288847537307
0.1604109525473827
0.39245005600086214
0.17121624909988287
0.006905152838560191
0.015484980810426818
0.7422336540090886
0.6147755808345984
0.014523334534624066
0.30525853928006463
0.4399743698789027
0.6328357365187446
0.6748344295866202
0.5792544198114691
0.16689657058352925
0.7086884479901733
0.8657288855199557
0.08702697991806607
0.9077099032327443
0.2296104386440604
0.8333644707755501
0.27273271033529733
0.7850353870729162
