1122840
0.7709937134642467
0.13308054948491788
0.28202030858216875
0.32821463721550415
0.10650965309406846
0.10176401686025582
0.7133209431603782
0.9785205017924933
0.3783189817502871
0.8321113656153571
0.0759158749504798
0.5143925925719478
0.4585040896061675
0.6439103911068799
0.7702248517037734
0.9418380305460088
0.4574659797650935
0.6777880474639936
0.5647057245409122
0.960914949574546
0.4377230887866129
0.7732646264932823
0.5551788343202368
0.35618435583136
0.9404882268418766
0.18095405642153384
0.8561780188814366
0.036519690662561555
0.9085081680088702
0.12113969323610863
0.9195703104897219
0.5523877027952788
0.6197480723226244
0.2567214376294229
0.5558032608322133
0.007207052672598135
0.7073605606043153
0.6765245543599635
0.7216953145623188
0.5576360665653874
0.6449194819272424
0.5691054085005725
0.06698587043981596
0.815454705615138
0.15872316298273292
0.45474626704301235
0.6335390413097836
0.9108509826341463
0.6878262398372551
0.8845808931175415
0.3040144858757291
0.014948152492920919
0.6477658362163579
0.7961071402398686
0.5625606297403478
0.1572132035850078
0.7592429639740179
0.2573483712795275
0.038028907307150694
0.08504518192350796
0.6325167534848324
0.1601887027008443
0.16248316958248898
0.38178255343310197
0.6564155031531854
0.4458265441818704
0.9686495791919708
0.42231298859579336
0.522922135973561
0.25804525467765893
0.21035260594337224
0.06608231598796555
0.11183337123412451
0.30406550076082584
0.8264707326860997
0.5692668087776898
0.49653431859284325
0.1770429524432876
0.06590350583961291
0.7796227937468194
0.6957993287806057
0.2626288596136648
0.7234539391843878
0.9432218003216318
0.6834860014480871
0.6605585315434244
0.8600564448188046
0.04038589970647444
0.873506440016394
0.08787386621508819
0.3239931098704325
0.6736769244580806
0.9038014623479198
0.608704984233706
0.5241400738892328
0.04089884791860243
0.8215331047444749
0.11858494750227389
0.9095449990806909
0.27878506258059577
0.6441284248586745
0.7455211922824444
0.7086806768293819
0.21258326827846308
0.5246178294716931
0.1836122029230104
0.0742251432618184
0.9045646432043862
0.0939194921550881
0.8375131779443444
0.5155834487856328
0.6950647910216097
0.15565320919590186
0.5558540489522551
0.009330838691101517
0.036967681196215074
0.00317330349532019
0.6583554876294901
0.6917119164712495
0.33415309470904364
0.5875697718542964
0.42903714569659457
0.024779062696486442
0.31341956355034384
0.11643231368197504
0.8723932184828297
0.0778523661010786
0.19837093607004275
0.5027632100451075
0.331795276619713
0.97416794753087
0.8722090864335682
0.034909344859950786
0.1031285654774301
0.8454446926080496
0.51163863733506
0.8497773808891257
0.1149191153558412
0.7371284162405409
0.8887903268474954
0.17844452048686765
0.19077097364717133
0.06096056858548993
0.47823982763990514
0.41265293962887195
0.31868569062085983
0.009195856845636063
0.6090200054763726
0.87391356099657
0.7192921638420035
0.5076655536818039
0.844924238548385
0.3718325954706715
0.9557119989205723
0.47529566742936713
0.8134437017635369
0.3123976846004901
0.4988517795853391
0.9098299533267256
0.6691809763375585
0.3488800411146564
0.49015963993237444
0.10126233693265085
0.3658331487259082
0.440616633694658
0.35333817159204606
0.5663685103193363
0.7598969355566667
0.38884578307624795
0.3211417170131353
0.13772188944227182
0.1546771612120429
0.6781986634652216
0.34836306857991073
0.36228329876858567
0.456019950290258
0.24985237883688705
0.7586983692819126
0.6821543006942571
0.318926996869612
0.32590452697343253
0.6030282537527742
0.9152252972208382
0.6060191065645405
0.8983448915943066
0.38653729849075436
0.20620960053897486
0.836326809899955
0.7197508090855212
0.36759930707938304
0.44294498429410367
0.952353165710055
0.5866154612411782
0.863162437342441
0.5538377558092404
0.8362232082425932
0.8175149139266026
0.9035527902226098
0.6121974019457855
0.1136422854168434
0.944880039355358
0.21292083928914818
0.008593450771552047
0.6970757101691603
0.9418770741239716
0.677692266067977
0.9774023297876038
0.05848603247670059
0.7214232632219888
0.5236871459324226
0.35240037825096815
