795865
0.89762429660081
0.8504941810247768
0.13026715615448015
0.2492630390761882
0.42022444866649045
0.057838370192840105
0.6695975613991626
0.7920617942973458
0.6052232469900615
0.19559064103329582
0.10874316880865575
0.5933518010863278
0.6489525274993092
0.29766877643249146
0.706343297611261
0.28617500537265983
0.6107358635694434
0.8551534004654449
0.05942502839264763
0.9059139148756403
0.7077815486495992
0.13757691068133893
0.9033559751979559
0.47328932253303435
0.4855084354779038
0.3392574140231299
0.3949889809499688
0.8207784155485031
0.7064304992744436
0.7098827678254997
0.5756070394157777
0.5175367298102103
0.4252828964836176
0.6612481765428777
0.49410773990315116
0.749170704617018
0.18332429477797918
0.9801460691687689
0.4160892909378717
0.16799951634330845
0.28969248264647984
0.7739025560516625
0.3104763502962816
0.8468202438192995
0.06511177099479815
0.13936204243970451
0.644304536657732
0.31395295471493
0.3148130047210409
0.5022405957995663
0.39631080124549867
0.48582755375122444
0.3383830127740627
0.9080130458432166
0.20036051342832517
0.3866699168065766
0.9654179789363924
0.1771383680330949
0.6167374750122548
0.9099420220616222
0.16650541344508474
0.8320639154806239
0.5452731527814232
0.7750117499977854
0.3667899365697639
0.25551423816919705
0.46381549447243
0.023380712542616866
0.19179398804404635
0.807108413800503
0.35002691188185675
0.4284850427436907
0.37939600185347
0.5808246838295953
0.23016777885339335
0.1086528410978731
0.981689101875148
0.6935951716125699
0.4629320288601475
0.06225783105592819
0.37910569396929195
0.7516969135004973
0.9496882625368206
0.03288453326479135
0.3504876314835349
0.3938397256173848
0.012377933976055355
0.19445537826957926
0.1906733146541002
0.9702408320461386
0.3621321683088238
0.9059479154650464
0.7542875061649469
0.179552943894143
0.7514740824722781
0.41893276333633833
0.4207704833773588
0.10199864731209651
0.3850964056506512
0.24624504334174813
0.944976748382043
0.973530925997801
0.9099909082936036
0.4044269861201202
0.8056999269497543
0.027300569228537075
0.3554111090541142
0.5514600855108187
0.31275342335618406
0.9353564251825098
0.7227407656809758
0.8243354593545579
0.10113212304542474
0.3253281513581222
0.36373801224129165
0.23233503911323217
0.9873358394014583
0.5007323142698856
0.20705834808321244
0.6220235099737781
0.44458130520109707
0.5826610197577771
0.9044539558948597
0.21694959496594945
0.4642411535732589
0.9987481042098485
0.3250159274679606
0.3546525086316331
0.8442536777166985
0.1831457903326702
0.6898332969826416
0.14420787505062893
0.8317424672461866
0.08953060967469206
0.3956356596559121
0.8550803537052685
0.7426367698231346
0.4775876118457246
0.006562246426183527
0.7220870837880915
0.22847575756910843
0.6928777704755062
0.3725048184437745
0.23876042693927702
0.06083568517324223
0.7402576023740861
0.4271192470801918
0.24980665025228
0.9510653062332525
0.7628600672139425
0.5394042836187048
0.6580744153607423
0.29842092719560676
0.12116112603560047
0.9083155213067586
0.6711467141152329
0.3436687137086959
0.08085271333440602
0.7445226338266887
0.8587194007365365
0.5329802643200894
0.36891578052867346
0.6386332699165971
0.3354654195871781
0.7546062758149558
0.5863378491302728
0.4080846768938645
0.35426107195015477
0.6695046312698713
0.07740750675321206
0.6266115494808812
0.5791993897747634
0.1333898408293933
0.42888022377672697
0.26096871091189144
0.8126239682780525
0.3304648924631065
0.19241857819418295
0.196743551451512
0.9722904506803134
0.0580403865879795
0.6997282192822206
0.7761490957552598
0.35423361245973295
0.9998760115390698
0.6343263050908924
0.8834965891195189
0.6601351367980127
0.5284236724226338
