1121930
0.8248774418504151
0.505602828275845
0.5441193865689647
0.7170753564367929
0.9791686085212938
0.193861564526273
0.6346833829625591
0.9744769347886005
0.137129165333857
0.3720152980264885
0.11827079083463321
0.655780371572704
0.07620794874015102
0.18877646489491784
0.3532937183265221
0.3448620462105526
0.8514465774328743
0.30291309255902443
0.01135982284419168
0.375953695172913
0.42776047065095224
0.7613215930526143
0.13234286721270005
0.8789987221342634
0.9998373533405781
0.009599894514545126
0.5906669948872478
0.40040739936768155
0.28753064005628115
0.3522114834357163
0.6870820340102639
0.4773282992209872
0.5384515266434654
0.05032602804561104
0.573928373178326
0.9679935385942026
0.9612511024173902
0.18612945182954144
0.8664019078196022
0.7547860029553338
0.7970546179355085
0.9962903211264175
0.045657514738474014
0.623220736515664
0.931896674724637
0.6232930708917004
0.3862171961595996
0.1748047226233903
0.8136938002045427
0.33096042291253813
0.07371939832138985
0.2800225147734574
0.776634232062142
0.8396944414663011
0.0389817938266207
0.7851843562128287
0.30393741574688304
0.40703826818993716
0.3224589536972745
0.903690099778626
0.5773418455655565
0.9392439775900958
0.8749782783094499
0.4764230663890715
0.9986238820305284
0.08459585432523753
0.9768008126940877
0.04837666797621609
0.6454548719397246
0.9046511846063606
0.4158322425202978
0.9147209021556374
0.8692520504413696
0.5466596168739398
0.1468181228155757
0.27737240905716865
0.2786429788820617
0.6435101079237697
0.3195796177488881
0.09663238157526732
0.030761772015096778
0.44897044048195567
0.8428996715556154
0.03576510769800578
0.0327850998200343
0.3532640247811234
0.979968583982845
0.26589349033870013
0.27598182172316066
0.3198047750453752
0.3392985952668134
0.08744683420382893
0.10628115806731364
0.37112958870501245
0.8411302697811428
0.4335588188116726
0.4491195490853471
0.2869622899187726
0.37070902812731543
0.8072880461479759
0.9595935173004867
0.909457279251572
0.7342689669700101
0.4017654840860082
0.7284052106044503
0.07799376167403038
0.1458853186819803
0.848707249206319
0.21303383789132935
0.9862111955612256
0.7448022750720471
0.8308981526000663
0.7337103906764012
0.554667654131863
0.7883668954366654
0.43725434302180055
0.5996900666069958
0.04988820904529434
0.2663815969201182
0.18270995157287195
0.42554191274989894
0.6592365395610775
0.7922862365191063
0.3752916619480673
0.8690849943067036
0.6289307672562648
0.8369201329091626
0.7224602034054841
0.7518622531065289
0.890092766288773
0.31665718136470855
0.19803741356078886
0.8775747539797816
0.5522134206949163
0.16699523592340548
0.8722192897761802
0.7355697945199565
0.14259057466784275
0.21372424090403241
0.652534022993147
0.9671304925486287
0.03234530801899438
0.5557052374368066
0.11540586426807631
0.934551116112256
0.6752153454528771
0.9519596565115329
0.4979288366951795
0.872400701248059
0.2789176013755956
0.27646354101292014
0.047606843791963116
0.5617715892630063
0.12602459402548016
0.3324741425916773
0.5074541409144403
0.36061777626531655
0.39275387321764044
0.2706209182973417
0.5788873100017387
0.27911885153214244
0.8394625148546153
0.9565511840608268
0.04172025904547927
0.30794221694737867
0.8035801941396317
0.8857530532428884
0.8593823299553012
0.9227355028112866
0.8469189181056772
0.8723866260976849
0.10752340488893453
0.40485530420857285
0.3714408157361532
0.06644347823747454
0.6505434686425049
0.052216101248780844
0.669483974246311
0.25016097564598405
0.5785036259824843
0.13579928902278937
0.32264214792700485
