3362254
0.3794236952828173
0.5757208404475801
0.41892834340664087
0.976253608636589
0.02825978450425992
0.8891915802757858
0.93596966639075
0.41151243525075676
0.7148093981985827
0.7659284090815065
0.7133928107101349
0.9485603879112842
0.5970399235062365
0.9892238306643254
0.727488337544868
0.504591650734126
0.9227619119487634
0.6539433389671582
0.24129863646968652
0.2364991640983567
0.8925722956689823
0.06021274027501322
0.40282007129311814
0.8298493065180499
0.9192189799462294
0.3175255116125839
0.9875339656797245
0.5325234535315386
0.45377700421041045
0.17785317944348922
0.13770624873797777
0.1958027306218525
0.5530647667355498
0.812069564526303
0.4016775528489531
0.5109613986369491
0.2180982961761344
0.6150703049808327
0.5841003531847125
0.9395984519342713
0.48224812610882883
0.27032765834541517
0.34447767910423155
0.36189558617659134
0.6094360058466115
0.8044851454782977
0.6214257231511798
0.4485903683294955
0.18664321472166845
0.2636386941280293
0.2508832855901185
0.31353039067819377
0.051608903142520424
0.38229544471176613
0.9513017306190492
0.7485339549456416
0.4396759833179431
0.8444599456239581
0.0831598667596376
0.5946364801522146
0.9713981187524634
0.10168479543537867
0.5545205514892001
0.18328821630786774
0.9268822079420501
0.61325388513204
0.34684756458728994
0.4361832719362899
0.23362610139566953
0.6481680515872599
0.2514762559332102
0.11047758300545485
0.7707130515068666
0.16741711387317582
0.824154097826924
0.9713578940768461
0.3516069719679148
0.9264750259852821
0.466900162420543
0.32725455274521265
0.46601411317381325
0.9725590701258062
0.5902722477877208
0.7648446034723388
0.04797579490074477
0.9020020722804692
0.20804237297213912
0.7433421141719002
0.543072069026976
0.5581145308617688
0.6664631970235295
0.20542438915754968
0.9724586844699165
0.08587957311284944
0.769279874409082
0.5555513081877823
0.367477172415963
0.8133944924610995
0.1957792196203737
0.038491003261633794
0.7041469988653756
0.3994040344996034
0.4236645170329085
0.43084196187655366
0.7254824716750726
0.27249219743143727
0.5457609493208812
0.4800961245450095
0.5311801390791548
0.3755029099673266
0.6476816660137089
0.017858500845943426
0.3966188385902564
0.1935878368506846
0.02284793869948465
0.31689020723719197
0.9293347527133647
0.13876509692295314
0.3273532454881234
0.17545960478722644
0.10448527644190209
0.49424377418427734
0.9707780272483629
0.9688060944719571
0.3804314270213124
0.7635941387380885
0.6818329611138276
0.08082231296721842
0.6713369223547402
0.12581840348075846
0.6059857900060888
0.9529165049685205
0.05647727628982957
0.5759548816178467
0.6852949876106262
0.9376491969185715
0.5371778879224272
0.18777553892960097
0.4229028141483272
0.9220504356725736
0.6219836255840865
0.8838186495336764
0.954640301098213
0.6093436126572922
0.30154079003328405
0.4111630830610955
0.3563896170821108
0.19041957822572086
0.6502463664720884
0.8453213361067891
0.5490579412474831
0.4878623084125966
0.5338199997400651
0.8815252742849875
0.9153372740255841
0.3687227290957452
0.4459866423272417
0.7151903044449591
0.2569411312965313
0.016073335545779943
0.8078554837618173
0.6446412892772345
0.647561184117281
0.5270256774354607
0.8135542756002437
0.2230813537799734
0.8169548055128594
0.7886295012020127
0.36189808793763356
0.3996282655140674
0.5941178183523551
0.7521187966961455
0.1425227832618472
0.20418232760451294
0.6361193237856967
0.8905687064481617
0.19709202776769463
0.2766736882525923
0.05703138307322442
0.9364081694372497
