1457844
0.10658861166768485
0.7072246202506622
0.8575311873604693
0.6362594416750441
0.8898077753364709
0.6395650373674229
0.6712716389408451
0.8223237410477505
0.49265209383214204
0.00748340006067616
0.7907855667439514
0.9411810050541447
0.26720467678786985
0.8067855556097983
0.5081068598853459
0.2895037198050381
0.6491255456133413
0.9526681918316002
0.6493499762574111
0.35835552641926904
0.7678679652279011
0.503539632401249
0.8023243191331721
0.8622249619740826
0.8316190279723906
0.10814279299951157
0.5160784192990399
0.6195920296445294
0.3506286158019407
0.60088491286139
0.9290486129073426
0.21931127478602097
0.8167965245791197
0.6889662269075033
0.18528919642790231
0.6567253427690255
0.990384589380571
0.04477400102873896
0.14475214005350856
0.537482057128544
0.6485299156117106
0.1737544204288597
0.7768594412550605
0.2571914470163664
0.2729825568527722
0.14636285222120038
0.2898812314010728
0.49598833119613706
0.1022049807352976
0.9893710501936999
0.5262323042041929
0.43915497900272915
0.6807364988724989
0.23722594886550863
0.1711983483179167
0.2857944190839389
0.2873099987994654
0.3803288529144603
0.143028957114944
0.6649988592897094
0.4876509153997789
0.6459151415595873
0.2375310314811222
0.18595264892761365
0.926589919959987
0.09018381250547103
0.8622690963524846
0.33600708370076915
0.5966589667725314
0.7402050051780174
0.8110222652086722
0.9082712896391856
0.16419057648641888
0.6091948878630064
0.6500750215330139
0.3632096092231958
0.2074295337187677
0.7970480145389385
0.4180890959956177
0.8411418314923601
0.6208833987448189
0.14259486154840706
0.9807166771065994
0.05232514682167633
0.15878016537235684
0.6867086959552394
0.9178881202747449
0.805334204234373
0.8017273610747473
0.5859045333101625
0.8777411370342993
0.4977495539917418
0.23288368581522678
0.7278615485148505
0.7927301405088037
0.386240841721452
0.7323280030842608
0.13332039040754085
0.620730786090014
0.5016415777956326
0.2127373998201778
0.8203819010585032
0.10131571007165563
0.21276956502554223
0.38890493999004094
0.9757626005492924
0.08760196800336251
0.8939493175358081
0.2898564884041235
0.6037426302990281
0.29378050701942693
0.7326185069013099
0.17320115306159767
0.03513600220567026
0.6105394065515343
0.5799668234490825
0.3822820460640819
0.9844409223838849
0.4971512459950219
0.9378082869109858
0.19397713188916343
0.9903735001216712
0.8323295383206607
0.6696820593889405
0.6161908598399617
0.7147502894718019
0.21573376804763245
0.2292631275007443
0.5603268132496907
0.4716282002527533
0.45296591273152687
0.23629851030463078
0.470600047276457
0.7059568742573883
0.5974682136982181
0.17259846827210346
0.5623145676649919
0.2968712741969428
0.8042352560875493
0.602991060533719
0.8634742581034245
0.617221032449419
0.4607138305726416
0.2631397818018828
0.06121908899487938
0.5134900787529205
0.03623689788369833
0.13069745195858673
0.8992646178946035
0.6215582431467005
0.7847413987096725
0.9381688003948994
0.7070856527568633
0.1921503042497923
0.14962055391547546
0.5901128731655721
0.1277860481267612
0.7973285822871725
0.24325594763560554
0.3800679753807489
0.38396031776666384
0.46541110105692185
0.193323241633659
0.9771650985005573
0.14626753122621394
0.4505832937597398
0.6337863897578742
0.3038415115344578
0.18952300937795763
0.11596660266867831
0.8511990013275597
0.48344113313278714
0.2621921509832674
0.8178046238727403
0.2711763525375894
0.18740968832111826
0.02898708285439522
0.34044647936451644
0.03060493177828072
0.1831312749599998
0.36605557407075695
0.4985225990292875
0.41431586327229064
0.8036488426232166
0.8344019623432182
0.7637831451219471
0.06488785140114228
0.36119228140477744
0.07894662745660663
0.031023535767547572
0.27566345603176634
0.47270827790218306
0.6576781718681446
0.403520308946439
0.9828174784270235
0.9331115790771065
0.834367942347833
0.1777913734029526
0.29484892185049105
0.9219812500320909
0.7243225460027009
0.8838708710067922
0.06390502766870976
0.22952850682118564
0.5106102472546026
