1861944
0.02913032441381358
0.4007584630413904
0.09931082423036497
0.4405343577518097
0.4580191011720247
0.08434190141429565
0.8954207437297629
0.007935603078117137
0.3043700146176054
0.41765093811045817
0.7946419505739204
0.4086539485775392
0.29740215809998416
0.851980103162906
0.6565751070932164
0.460492640769134
0.948865835975929
0.09552638005201008
0.6077564367988115
0.9670701905494496
0.8093519765035513
0.39079224763199194
0.24339558560529562
0.9174304877143359
0.4766757694838174
0.2583715591190128
0.7298624091201299
0.19795644748013674
0.7979926915728222
0.3514791805371501
0.14060020121178896
0.34941674516999444
0.4867631667530843
0.09038615835821207
0.7682783269381148
0.3547596814299363
0.649974306807332
0.5669417904881452
0.7331852769434479
0.7457132233990981
0.26923039059845966
0.38556408849537405
0.7778004174786268
0.6522997196643493
0.8946637755533565
0.7868303147872479
0.9584761221530314
0.3976727420719497
0.7000493921140093
0.5701208135367376
0.6903129918380533
0.414919690721241
0.4677377695335444
0.13947469791605005
0.9032398298304832
0.11848334162178498
0.021217543535704264
0.08084005084059698
0.29076420923605706
0.7485416527758919
0.23861605337873015
0.8132703136156041
0.25527496191781296
0.7243210586434501
0.6910689658724115
0.1776892851456553
0.9409602427640237
0.9349237725827899
0.11614464156565574
0.6370227336364666
0.906184771590182
0.3191656259104081
0.34710149749854735
0.04291716129675782
0.19908554123960098
0.06422796012068965
0.21331482631722176
0.8970829396451928
0.9722211984195976
0.3852402414118823
0.4583742223180288
0.6302611806246659
0.3251267894645483
0.8922600172359976
0.7953849242835045
0.6289084504893483
0.7863395231788215
0.4338250291122716
0.3156626656490743
0.6703799051972827
0.7619174741843501
0.3602780947360473
0.01093237815108239
0.4254188195172487
0.9335095866466534
0.7678647523103208
0.006374889723252064
0.008420135436966403
0.8548624034501486
0.17255411910791318
0.36846751734934247
0.6101664303985856
0.5863917984538426
0.6961513509426186
0.7583193217461035
0.1542151047350806
0.8371510868721747
0.9549012218190661
0.4997585184493877
0.8691475804399235
0.5889368628978855
0.7438525674601788
0.8010211505364434
0.81324732519968
0.674035225055442
0.5121068036854072
0.11676691906405912
0.3017502543465288
0.3130726075092529
0.8825778052682762
0.650684533574761
0.581957542674392
0.5112533070866622
0.12061177875024909
0.3742626527343208
0.0644474218507427
0.8881280201436706
0.606509973557637
0.45017604125329636
0.01517173286667084
0.9254308821349053
0.6468094784856975
0.20531478521868907
0.7510881036792
0.036440568145271746
0.5429880041778198
0.6368848340679969
0.6557185638634583
0.6518657596096216
0.6167292583865486
0.911041594568333
0.09019328451046793
0.6625967918337136
0.36871596021066644
0.9782674883350077
0.2707404488178413
0.9697932009402213
0.9241663531940871
0.7987605982343786
0.7815801194179232
0.3279471219608181
0.4000843416890043
0.7399275439072878
0.12892534224451146
0.10952817081191246
0.4553341504536277
0.08654155352712045
0.6152389097111973
0.2880574646127356
0.8985947427299454
0.0490571507184866
0.9873395252608802
0.07539676530223793
0.5715616880153068
0.41831271232384826
0.7152796300349165
0.6156321510233616
0.1001590551802709
0.8530776539163261
0.3649767107069417
0.2981898307641253
0.5022606833226139
0.2710084809340696
0.0040609694528011
0.9322219844515729
0.04282353846975795
0.9443893091584208
0.5071956941055266
0.9737618402047141
0.8336275945415381
0.6037274397616422
0.8885321305583271
0.8499050732155562
0.5718472785103219
0.7389095168555008
0.28435838833764093
0.5009518841422711
0.09357197216970725
0.2893001873692984
0.48401528587141107
0.23667894007464318
0.2937308112170701
0.8815827032297532
0.6330995423674695
0.4056507409835073
0.31321538280714667
0.2687965691286204
0.40197003035483736
0.20540404453950756
0.7412405620410442
0.2219436565470868
0.0201508606670473
0.6121629424971972
0.31415340776108824
0.9514663210535866
0.6169772624679873
0.5767598532003271
