1515968
0.9043143037003892
0.8680644364268578
0.4057647501499748
0.9552158948292164
0.35435137730902133
0.5457347909347332
0.11697132680044853
0.46379598637246333
0.35328017852478466
0.25102337380468687
0.06664228315932164
0.04309043111073496
0.38439697883712065
0.005885372069988515
0.20230393301974003
0.524001323265208
0.9594245198409715
0.939914836946814
0.04741604221645612
0.12181990313362434
0.4248620123753315
0.1642773173649461
0.3823235371928835
0.2971528242904691
0.41504082378203244
0.5302787912599513
0.4047924479213375
0.8293221952205184
0.5958040724168405
0.5295209699352846
0.3910686834440269
0.37945073311855426
0.8449550715044762
0.04795752648325036
0.7721862050830705
0.8353296034743438
0.3339979132516401
0.6596947743299973
0.039332156241847493
0.8889908043114358
0.7152214426484734
0.5083677091512804
0.9661644983383699
0.5638733987170061
0.9986183652787765
0.6948943954619338
0.40753387248733086
0.2093538753374895
0.938933559187596
0.1614536971114927
0.6600320407031192
0.7157236471145837
0.05370211504856148
0.75522745615702
0.01255215514112884
0.6740851925239875
0.04959983362159093
0.4402029528088769
0.2668200679948737
0.9707963061431112
0.9639806333366205
0.779877714166337
0.22677276905552035
0.47978375519064254
0.2017631923026728
0.477321114171151
0.3423227069351352
0.28826433494680137
0.2430008814830037
0.07482948784400478
0.6567742518285998
0.2292879216515996
0.41867476365181666
0.5269781681628012
0.25208062896076
0.21462496516011287
0.8366897395227192
0.4203235005239938
0.6893481837482208
0.5059383433741744
0.004871885105248386
0.6145253543252742
0.6911616442535526
0.32455793645381015
0.7866893210200299
0.5354528328646428
0.15931160196063332
0.9119238837492922
0.4680876962818439
0.611115742706733
0.8768138751235108
0.6336667003690345
0.4817680795539835
0.6167901561394977
0.06841490981340292
0.7222704925287488
0.8353685637309889
0.6658978039194808
0.9950986394761563
0.5246916174214656
0.37309554590763716
0.6061310702758055
0.2580057759339145
0.812102585871556
0.5298162039954248
0.5908240600639343
0.04020892061879866
0.5579292613533843
0.9377412778866349
0.700479709947898
0.32095877345173585
0.6474505933992039
0.9365565786239481
0.7750474200380187
0.604787298482849
0.33012984550374336
0.5497464372415826
0.11532388348089428
0.5844061431588519
0.2940665312874543
0.6099628178709721
0.26676915972940973
0.7943396590733348
0.38888022924444277
0.8227256557667872
0.1473833961825204
0.2506589848144063
0.3401332582017348
0.4274124963927006
0.34600191406339653
0.6063177569670292
0.6141719988304127
0.8107184627809428
0.5957825106990197
0.7274723082796806
0.3915103593397198
0.6284631074030734
0.9912853409488581
0.9929010380567226
0.7298800519139902
0.6980789677766382
0.7442494116462506
0.2056800787790476
0.20291850283212043
0.9604162748814565
0.5429097159230145
0.6194179678051557
0.39937799229044546
0.22132357789106694
0.9159418095374483
0.7681373266954679
0.6311631670357033
0.7654586218592991
0.5480247832237619
0.5720084259774101
0.3509502069388678
0.28751664451588443
0.9076515746470155
0.9000476122387251
0.3269505065504319
0.4458577197048549
0.16944825382573114
0.4938034649554941
0.9583477912213713
0.10639333094132153
0.8030480539736778
0.5641988774016372
0.35705524119947474
0.11566639693057834
0.3979519858552697
0.725624362521958
0.6453744166062075
0.9984631042378741
0.2544044815781641
0.2047052724617796
0.5765508317002681
0.221903622293408
0.736291722970289
0.421575926819727
0.7870476072793061
0.03944787717053233
0.5955323143136038
0.0790912042048697
0.6744242580391814
0.9380575458472711
0.1946749324536231
0.4973572782996353
0.7738171338158211
0.5900837401860578
0.27025411048844294
0.7891580479857514
0.5362974982900857
0.436597775044702
