1897397
0.739134426630039
0.010517255400679826
0.5075869497005168
0.4212343236002588
0.517360961262072
0.015017983982511973
0.022535367183040833
0.27900639420274076
0.6751177785431709
0.8583935648677642
0.9592827999953571
0.7874322915354098
0.6155258712068113
0.19733556353252202
0.6501379187894896
0.5291950556006537
0.04199409649530539
0.8824109670152926
0.4293711732293729
0.6199928273566927
0.215102461420145
0.41610370810826147
0.26897606595817625
0.6269816315324036
0.5077186878861908
0.8475956652520543
0.4518255579084872
0.6185058864899279
0.3670600937553643
0.561596811900189
0.014145720546721474
0.5126526834947188
0.04241351113867298
0.24587875670301884
0.519109320552341
0.04178138247463836
0.9888923807953012
0.4897590658796782
0.1479372522498218
0.6958750314508203
0.8171112473342736
0.7961772582439347
0.7653493863547373
0.1848038838139856
0.30936822729221636
0.4222255628949576
0.669739771163154
0.05055104642701547
0.059391145037974824
0.9946364603979382
0.6995346869203919
0.5271611916740517
0.5052190926546316
0.29330780146661906
0.3396501002009146
0.2192632760603086
0.7879614443978122
0.35285390867556854
0.15973547271087063
0.8057148998906198
0.4950514998426504
0.9489261636452405
0.8930871425214613
0.1765807098092409
0.1138641067645042
0.2036787773129416
0.20120202160077738
0.693215511333494
0.4121950070154873
0.7781838849423047
0.7026250036069904
0.9817376370989629
0.7135140032845882
0.7662619256676886
0.9512863488670018
0.4412215117241902
0.45402730971869154
0.2687937102095025
0.15857484630159824
0.36611080051128475
0.5537454251600169
0.6413392421079656
0.27979580349789424
0.9740883883001048
0.027844220370014883
0.765451671041409
0.37136889932708916
0.3314245852205906
0.46310229849016893
0.8364746833291199
0.6708365935174262
0.7728467720018447
0.8171978439854689
0.08335071681858675
0.26541540595499225
0.5643705845158752
0.25068442513433553
0.6851894462977614
0.3650868025496633
0.13525507655067748
0.11865612975849338
0.3238221220586368
0.7543187575961277
0.02101651110706859
0.16828131701907223
0.4261834813849853
0.8546240363625887
0.8779159472776042
0.682817846912379
0.015537961415238777
0.41881734668813664
0.07499441144772523
0.21570407060536567
0.19841407368230202
0.05705806547848047
0.8871636533548628
0.028910750220763726
0.19234094637639254
0.9773265203329009
0.5099709656817573
0.2292218202154297
0.999728672619209
0.7936432447957338
0.8841776891134479
0.408187287303872
0.1270657317318995
0.8954505967629417
0.059207013949635234
0.2610332383411307
0.8705391382718558
0.2768846752847828
0.2975248056811034
0.31970130025704124
0.0341630341747271
0.2752191092359487
0.7272871328350684
0.17833036070873587
0.30346568586170264
0.912613541611577
0.5433508964796128
0.26695212422291636
0.571879959916326
0.8353931743446408
0.3471303289260612
0.10424012012676265
0.8779782305170677
0.7450309515552972
0.5953479368663112
0.7805424082633896
0.40413505829015106
0.6428032821266726
0.308259420548172
0.06821309574125733
0.23713009639435312
0.7207285923670418
0.2996253192109206
0.7629806281438856
0.28273243643886037
0.6345602044080713
0.007611569154577391
0.05579467551063533
0.09724804885785598
0.3985235666208732
0.6033031178459535
0.5363672871006945
0.8951196227264688
0.6443864589871754
0.4371081748819883
0.4739112393746199
0.20291015112603616
0.8470386839284769
0.3871374204166138
0.5295660518873065
0.2655057933001076
0.10440732166077837
0.49482672984721443
0.9893085903064098
0.06570728734066134
0.9919697619098349
0.34647114206366236
0.4458975398894611
0.8486867414837858
0.014141960317653357
0.03248533257812691
0.81127703548735
0.22676404432498354
0.7499041785376858
0.8955462881950699
0.7456874581038472
0.3249933195195456
0.18833294403932244
0.6401516098807393
0.9402493368867897
0.8991733759057651
0.5754740888880414
0.34137857311791486
0.32361804444480535
0.7487211969875063
0.8652223180367966
0.5710065675952831
0.44987078844939365
0.06011374610118647
0.9451447290401425
0.6326753409990222
