1214950
0.6383690642662475
0.8950002213435126
0.4750105435655283
0.014961879821149271
0.4836529004245387
0.6384533180404661
0.9191593525339591
0.29148233241787425
0.8278566092079683
0.8732608288548834
0.5234130761372097
0.7449260784254887
0.09180711487289928
0.14835011625120387
0.6973984092955139
0.538392410776079
0.29647743550697025
0.5194022466103226
0.8562043342322471
0.6940357555822202
0.3628404968348522
0.39689569340317254
0.29297415382686665
0.18626996547523011
0.665785006138501
0.2918260887024702
0.7469154293833554
0.8391220383088565
0.026961912333959948
0.14270615507620343
0.9420087409745311
0.5825854549254605
0.24824686089382386
0.4475525792787203
0.27418481545481765
0.7184206061831988
0.3438771769841188
0.5301337461029831
0.39471763134809357
0.44051522543941235
0.14871150251623266
0.7167496472055769
0.9476044564035374
0.8932888259912292
0.8932313301316613
0.33549398173324185
0.7673202956232831
0.22575852198976465
0.9290038188355401
0.39900786339422123
0.7388275397497266
0.2554307290397395
0.177152072243704
0.30781776300660824
0.9255509738955474
0.8128418521857439
0.048758457839040426
0.647737908052214
0.383196586186063
0.9405186859936379
0.06825684067464843
0.37246277904574254
0.16928836651033607
0.901337449849039
0.47626945466471937
0.8750613063856608
0.8023514183447684
0.6092604855959404
0.5362865158834452
0.45092277054291163
0.3622226797616195
0.3445190915038707
0.41085993706623614
0.41935063802625305
0.910324863686179
0.6215719516381722
0.3744234317028785
0.327367012603045
0.31915260121057665
0.2716980830707333
0.8429368043608001
0.21502895306302916
0.3713261179578029
0.002786020882263096
0.35224321704157546
0.6097328137063537
0.3977490437149376
0.37422009733529316
0.1334876543693494
0.8528319828187892
0.02441542272559194
0.28050280780715964
0.021872218001084298
0.8035741914131512
0.6410522210254644
0.6097790228211626
0.24276681194968963
0.2134653550457053
0.5677565692232026
0.815988120273366
0.13209228611278967
0.6821295124866182
0.1195499018528533
0.12752961478550817
0.3368430044146654
0.35437321134998423
0.4481405874040133
0.09629412704785623
0.5308694520301886
0.38207871469378996
0.7959521554390522
0.21734364863872058
0.7069135333170223
0.7838181125304112
0.8140203939294057
0.20030258430730585
0.4381465661347256
0.4710212859048786
0.366132001732106
0.6178162131623571
0.11737128453172163
0.35090699224055655
0.2123714232007896
0.45780203130453123
0.4001104728752358
0.4174310602637654
0.4096720661565989
0.06242558099529416
0.05242253597880342
0.5275688998364908
0.46674075000616777
0.6843944587947718
0.018053276490118453
0.504968581105134
0.8182664528845975
0.12654264106212032
0.5061993671873863
0.9870635076239552
0.5583175634588905
0.890320177050707
0.6218657568922281
0.03755822100391426
0.7733128714758896
0.01899125582181116
0.8709223509431028
0.835851962891427
0.800091584800888
0.48042418500639794
0.7142364577582152
0.9019329130559155
0.9997977172624327
0.22068557023576607
0.24493682452039767
0.0890323914738439
0.7278327311586336
0.4133000868947251
0.9246056314821137
0.5908324860265146
0.4073615381155463
0.5743854923893121
0.3456094187395664
0.702916274217177
0.7635310626323765
0.009530086715822228
0.6754025283089948
0.6675456024091257
0.8647780562118592
0.9904533569116086
0.9700718448138419
0.7572302143925621
0.320313204485948
0.49163597876588316
0.013405394826821238
0.08929034576341188
0.3815904157562201
0.5032184999772007
0.6781862560797204
0.45574376384989657
0.5517648048806671
0.6341455275517945
0.8919044510392082
0.5571429662926318
0.6634112920653059
0.7677253892575616
0.12303104926290964
0.9619234684842045
0.8031110941492795
0.8095278285523624
0.8120704860719367
0.06297674331007463
0.659919781917822
0.9200998652164846
0.9964674584547153
0.8232977413021187
0.8235938886484889
0.0893894774414532
0.5003991122529307
0.26424105925103036
0.867660746215774
0.766569799053593
0.9182471268684356
0.489516875119273
0.3053838125641789
0.4143399480057447
0.40137222188163735
0.0036375321450751175
0.30949351971643047
0.5052470745643007
0.7518912988481068
0.005374134249509832
0.17000281324979094
0.7988615120855351
0.7205178410314552
0.6377675184384319
0.8636795654742232
0.10406045641001915
