2016113
0.08556945624323664
0.6450645626587829
0.820565960526615
0.8634110128232986
0.9103141424842676
0.37760167127789446
0.3679213711872473
0.08896005706168286
0.10361193192551432
0.7471799411330172
0.5983959746679537
0.43610437012927517
0.34847347504238624
0.022821694342213483
0.3647690720371928
0.7336848296471703
0.0949869298390863
0.527926834243181
0.8506248048999088
0.6899256565155825
0.9599266736446037
0.8595720905336274
0.3295092358349623
0.2845340283789717
0.4902977777757135
0.05453180871752905
0.3636019141206742
0.9002524456624474
0.8704135804667608
0.9976350473565823
0.34739272117491615
0.05303341452838284
0.6432367400677854
1.546455955971915E-4
0.7566114726749348
0.14337999752816644
0.9103971765936523
0.360010602647318
0.5323286171841319
0.8392727397691562
0.9948011818912234
0.5995542662822838
0.19870611680944483
0.9894037621216836
0.1302164121876993
0.802911077530107
0.34807722782018946
0.9753279653237507
0.5893086051287083
0.5649761792264603
0.294512683462936
0.5451473859446678
0.7512554016927835
0.34255526231581124
0.001445943866540289
0.5707070233869419
0.8277225200120655
0.16677022382727513
0.37571725661929245
0.21155774210471778
0.6694159568844751
0.06081134269517385
0.2195351981004826
0.4282776593864901
0.5345152462853215
0.2156850675038967
0.5837062199455008
0.45160306611151524
0.6204479428531235
0.2479611512684735
0.5263442779586062
0.4640089309658839
0.18120497780418132
0.7075003164748045
0.19448963731791435
0.37621370372158636
0.665711125047079
0.6562429129663455
0.20129778512238938
0.5224875054956357
0.8215467232552525
0.678206290215301
0.9701207005966774
0.04222630959292739
0.4189012129547057
0.7212846609854859
0.1319147766996588
0.8262342530842933
0.270697302478906
0.910815253702955
0.6341695718259341
0.6509514863659841
0.6202675203464251
0.25538503425083425
0.14928918216424725
0.18852736962491357
0.20414677206467324
0.19417843825817171
0.30880230435446
0.44656224419945156
0.7770269807187864
0.36501461600799456
0.23849432058120323
0.27515348796587613
0.34755051465505427
0.0056819353189654365
0.78471348068221
0.43559631742041016
0.8903211257607186
0.662079432835687
0.2687983567975465
0.950650041088484
0.7551943577866709
0.52295020357668
0.8435056557740378
0.6800897537669559
0.01271008461597345
0.1613390265583855
0.5443426627278923
0.9847878224288735
0.7628829067767458
0.4361312388201507
0.96196933929102
0.04721629189029375
0.44544120077226523
0.05696172057533455
0.16970064999329515
0.45524803291426785
0.4563120327363128
0.19287980840781527
0.2248316940543248
0.31996399284265065
0.24712052827350295
0.21427359764445286
0.6956423543174491
0.9348128703894198
0.6459656969867286
0.373107832868651
0.4122232484488111
0.9504644752562208
0.3382412604238384
0.681870472707092
0.1973618118908539
0.32395241561714017
0.1824847680286682
0.9741927847773973
0.4521716901272951
0.04398433719361461
0.3764081876544829
0.6720347370003413
0.16356879780018918
0.6610629259217011
0.8144779554924544
0.23959369268319408
0.2690829366408747
0.6151020126265857
0.1266567402219988
0.5655167071613385
0.29306012682576166
0.8052091155938581
0.23461743322129636
0.20700549916610889
0.07896572020005088
0.35582852865046477
0.5095591874220787
0.4326528170486935
0.3407708677368736
0.2616686727875269
0.43989177337500596
0.1836590568148676
0.6262063284005344
0.27996852168544784
0.9860975590290071
0.6204032650993576
0.010185829288201886
0.7744063175457029
0.31199866058432535
0.8036813365211676
0.9906908684948389
0.7391494207300257
0.4789965214606836
0.8478881095021825
0.16626990263985597
0.6200929486452957
0.6334385430205518
0.4654221562393279
0.06733005310386209
0.6362767559465037
0.3196732631384649
0.5720653766118741
0.8286694246429284
0.22468026723736423
0.4056501707660819
0.37743434064170456
