1358522
0.2912545463903692
0.8933418002712755
0.7814911228047638
0.35611365082369295
0.5233301136771925
0.45798031924039606
0.20161016125219566
0.1857288866249155
0.23490460284689574
0.717098760781311
0.25643529386081676
0.49912407206093456
0.8450026799666633
0.44968788510721935
0.5867431038094952
0.09759529292823776
0.950173736931167
0.08066727961006603
0.44837341032037514
0.7740214132490189
0.6552575139676422
0.4505890331050695
0.6006629597975911
0.5301426941940947
0.07873900216200347
0.7038077087492194
0.4342221299505612
0.36265654721178975
0.9453191512066246
0.08644265189587086
0.2738207661369617
0.5259550417465754
0.975898564656004
0.7742026178514474
0.3245987602783571
0.4980500851362185
0.07933995183803866
0.9212820644916682
0.5562410408861395
0.30836142910078645
0.0234746151686962
0.7429329854069767
0.643006820286398
0.3330180060847273
0.7461233534147458
0.4363585593700411
0.40949221130602165
0.15841661536722107
0.30752293188918245
0.2009273158730468
0.40683639682877526
0.38482922957950005
0.1909848712388158
0.6729463090070933
0.551144589203824
0.25650876953777313
0.16786813302608683
0.5098537101436944
0.19650227739116088
0.31594693152854403
0.9402312553998644
0.39306374195062255
0.4596120958289288
0.21861035946962426
0.8746171189737253
0.5003746585234369
0.055429771122459615
0.31651678198326105
0.2899175060555069
0.7713634477880682
0.7546970958575007
0.43940057850232184
0.8845124459885358
0.4306459468985703
0.6051934696839143
0.8659098513461558
0.20827024444048203
0.9510233022531457
0.015262350726732543
0.39005681725256536
0.2389496357039188
0.9065482808633422
0.6454702230974068
0.6218052071511794
0.28739605922473954
0.49276852986246633
0.3492906138590056
0.23956735141636265
0.559106883127898
0.856089669718484
0.2225935545824118
0.1561266005774029
0.3340748921723833
0.4752985854184728
0.6729309071151433
0.65549312184603
0.4260774183358853
0.09581354470898129
0.09126424218527562
0.3288101058776809
0.34637055034617115
0.8597211346404189
0.38258080624863156
0.44169764417683477
0.551486824074278
0.19257729052866612
0.6764548998305364
0.976560597650403
0.1506988364433458
0.6784586430804386
0.1385661614587952
0.04026679266483113
0.36445537554098006
0.5214317264073356
0.5920218975841051
0.7223602439158321
0.7662235230580678
0.06237365549524754
0.7087061346260688
0.9567302590064116
0.48853312420053274
0.33747440538255047
0.5839518856195822
0.2507090653004952
0.004934444590308229
0.9989502453340138
0.7040119226326863
0.3746623895094011
0.7527094645651117
0.2989606606486991
0.4384631519166339
0.37843530566454153
0.3625782706594015
0.49267014050305535
0.42725551197163925
0.5319595385418862
0.9754370080788367
0.6833496813154477
0.9155659171215753
0.5834864928196304
0.5147472159257167
0.6429306060951077
0.16228550081858995
0.8473894607627462
0.054704891598729044
0.11091371105523462
0.6332150500003062
0.8604081586980334
0.6357940051051769
0.18731970646122542
0.5085279417699506
0.006690235761433905
0.6996133207242579
0.1075159149514523
0.29682609817325123
0.35027620300999984
0.01855612771993953
0.8215735805666914
0.1697398629475635
0.06059812649818741
0.2313318800544315
0.5735792237355117
0.6176702692732688
0.27496876701942696
0.043746133608592586
0.5834432927617638
0.7791389036508501
0.9297696765683424
0.8640485099623144
0.8807802070566344
0.5769714068445786
0.46722166750636374
0.23376090921971726
0.05330550193171202
0.9565635143467776
0.5964965562099639
0.4566489424828344
0.8512995701652528
0.34488468313444
0.3097296521280467
0.37584367829259946
0.7693591951859404
0.14843925345817
0.19295939618266567
0.32262527154503673
0.09691450767894239
0.7192079384266822
0.4244097865556873
0.010958207344771709
0.913806439459113
0.09662896112340702
0.7084262346529077
0.933852458627885
0.42670478281602897
0.45914537458647287
0.9944462832547925
0.6968650937215732
0.84604798296558
0.7517798631094136
0.6919796269382366
0.9556507304573644
0.15936533451184975
0.7320706420868888
0.5793476677950852
0.28058178877223694
0.3519181396370219
0.13586264443325702
0.24763553590953336
0.8527321916443523
0.04374066706210378
0.5080885407709431
0.3707478168401882
0.6950879853726463
0.8390870974168397
0.4213804704486712
0.46083311522088
