1108945
0.5897855991846643
0.8225008109083327
0.052667861619645207
0.8061025264672674
0.44346792462081297
0.06603092615749129
0.9601163110735378
0.6105394289411058
0.21205262073174602
0.9808941050449376
0.9071702789856034
0.5814381599855103
0.24631500616496949
0.49033276611951837
0.5883401522923081
0.21459958966316206
0.2622502517953629
0.05749233563268619
0.08139333019368766
0.4706636215911807
0.030976385955730934
0.945518343446233
0.22589319167161948
0.7358954064780878
0.8749486105426569
0.0674978661919684
0.3474714169232186
0.02926093143194397
0.20072384111353025
0.5777166232580232
0.533146567002867
0.7221799005419846
0.3794946858031968
0.9680376491114401
0.8774450802032318
0.6188386863805054
0.8251023138403836
0.3861064298757393
0.7971850245168614
0.9649848828673504
0.6551218502461608
0.31251766553600246
0.3678025698104993
0.7139310838507377
0.5892700477942898
0.1802947678712694
0.9755844021328516
0.3180369093885541
0.2945332791069879
0.11163246574749519
0.7065059616281616
0.1773677726370635
0.5521102086599484
0.7568965689060257
0.40328287658280304
0.9679804179282796
0.9014450109040021
0.04521074379632661
0.31656979883814584
0.2902045735171229
0.2981671875402917
0.3740194187165631
0.8172741320625575
0.5857075022471333
0.2075639580461217
0.8609619189288424
0.9854894629592245
0.30086493148622573
0.6643483894937965
0.6841032107775549
0.7806216044310427
0.5060763061741448
0.048335944764731575
0.8568783140051972
0.6386907451940822
0.12115531355791287
0.7744400670765712
0.6616616683867235
0.09482380388065281
0.26238981285374274
0.2395103372155425
0.9950977638303741
0.9172105280728351
0.8305231221989299
0.05327178645738073
0.6175002026860928
0.23141240453927958
0.26669669295271903
0.19055939834318647
0.901891166126471
0.43494778722426264
0.19947244359414185
0.15616140066346595
0.9399923174950756
0.6031758944546046
0.30477867738228903
0.7726237226030933
0.3372988244757883
0.39221284072477547
0.8578601582392974
0.8336860179211064
0.18247436212795898
0.1864551766320851
0.1266360331112335
0.5292251946255493
0.9084102078016036
0.810360956046745
0.16089244570898265
0.03017361059465362
0.03995442592725984
0.4003209808923388
0.5917769723231587
0.8657087945006785
0.43316682017696206
0.4727873849525963
0.34359607456107644
0.12475271431695534
0.993397963825871
0.10186701628383732
0.2287994727798035
0.4537953815249963
0.08852996314859929
0.3482189556578936
0.5784348396862385
0.504833056050742
0.36161667813301535
0.4185765247369867
0.491935496308176
0.8056948329182256
0.27719375212345854
0.3247647969488491
0.395841234653593
0.2201125595228416
0.8458232276823849
0.7334127476553822
0.0050730936905026836
0.7743674923765448
0.6185343357651719
0.015572790734597719
0.06625069925520577
0.7363302537689882
0.6838094145890743
0.9439676711036448
0.8722949383319291
0.55577889909173
0.9166558464107443
0.01218606799494748
0.3392730715985651
0.0512701919635421
0.0023388185000303707
0.6540789467654953
0.841537348010785
0.8486919332686335
0.4989939660429574
0.12230549840373006
0.8979328849784334
0.3951969628634251
0.6082025302352729
0.5163374211308562
0.10519168810191437
0.4796117222199906
0.3008056181363924
0.29975825812897083
0.4466570515691881
0.1211563534395752
0.6840832320592712
0.0942158216459088
0.32522190561355657
0.9303834676289643
0.997683728840042
0.11953314281025584
0.7861780664811948
0.9414222060687661
0.38826774843271505
0.8268690687531992
0.680493951443977
0.595210991756245
0.10639393523276586
0.7191183881091925
0.9929634207210354
0.14847488943638942
0.9690467204031182
0.9815194005783892
0.4641741712283647
0.603168950795173
0.03614722604062737
0.710761282327792
0.5706832006968086
0.10444519414891906
0.9880851665245549
0.799355530464191
0.5970200288704721
0.5501901645261534
0.6264636228004291
0.969543327457061
0.1218742241582641
0.18294031947909117
0.45868596046330345
