1155653
0.6940021376551646
0.7868866621895203
0.5532904948593408
0.40234704778443464
0.7652367278755382
0.6659070458898146
0.8982221042145014
0.9079023529123426
0.27795725313753483
0.9578875023488076
0.5927276950430186
0.3825853743606208
0.9760227836379507
0.5344927648528488
0.35843109698674813
0.9926742309685324
0.01168487499952453
0.14661097994723882
0.08020924039732003
0.22095527892471434
0.5175025196148649
0.8248348781874507
0.7676090338949052
0.5940743827230438
0.8256998480944482
0.787520084344333
0.42644957383716997
0.700962398690909
0.8821225264173143
0.8873784243562107
0.5781087025972045
0.6974172889461334
0.8099189126114089
0.5265690979352715
0.13812255029355103
0.24448435639015964
0.446879094528271
0.7261847958653308
0.7351121557650704
0.16407745074626912
0.22095247193964362
0.5202085640435853
0.8610393026678823
0.8897700548929205
0.9395798651261327
0.38077380646763315
0.9409861611010973
0.12324481534596421
0.07545363445427089
0.8215509046482558
0.2754992412649664
0.09668458912630673
0.8035073784952625
0.2938999556645304
0.2524738244295516
0.3998565840021512
0.33912675999321396
0.40551345141533734
0.7864026673146226
0.06578592097827607
0.26851471756577383
0.9930677315122552
0.40398808368454975
0.878388302138835
0.06146245473473677
0.1958176952792715
0.06655270897126186
0.6875671488034618
0.20242043692072287
0.1520745716749261
0.895892165319602
0.7354329333587941
0.4683361428609959
0.944703911079945
0.24292109226767122
0.5386151609961556
0.5472673657892247
0.6510067630073265
0.5223688781025487
0.9368895450338174
0.7662794705290796
0.6922345621042735
0.6883614025905835
0.038463474668362085
0.9521316189642635
0.9151109843989107
0.9224137478412396
0.6946840344277645
0.4875938126953546
0.34633356343101285
0.270144759880077
0.1491397816319221
0.2607113484918929
0.5385451415006604
0.5011026416889903
0.6267998992839091
0.8625037163640434
0.4760610830656268
0.7678546549746813
0.8823130542091475
0.6285975596914049
0.342770193533243
0.8956806203008668
0.05529217331574443
0.5519843645535104
0.3643572421191533
0.44603420307777064
0.34009143558767463
0.8777405801603871
0.6112536104880676
0.539226663655354
0.17235392660155557
0.8919027524290636
0.7864856195811117
0.7915230368744047
0.4613034604039251
0.4109148482625844
0.3609639020425678
0.3695587360424821
0.944690205841625
0.950338351842824
0.9124807299459846
0.5240539995082603
0.3376022493818911
0.7689689251104406
0.20874954664434853
0.17366464548000837
0.9522467154947625
0.9414897716224019
0.9176305294187783
0.5572052052397036
0.7348764759727751
0.8214865496953163
0.17689832280292517
0.2031387565446986
0.8781851363729585
0.7455072558556232
0.6776920171560504
0.5444510695461025
0.7703266613173406
0.09895428635232473
0.45641225764376125
0.7376658624893179
0.44714628069227014
0.9396437212943047
0.01929566146125139
0.8704764450770902
0.35080189669711404
0.9503105105535341
0.35581342312092334
0.19336017248153425
0.18286482598823872
0.27248393880270716
0.7168216364397664
0.3840783484027923
0.6686859726641958
0.2521371935130535
0.7008665170078877
0.24556955331603314
0.20715153546752718
0.4531941690668574
0.23678053447548641
0.4004428876530516
0.3935582747086558
0.7922815277625886
0.3172182772795408
0.4218908626804999
0.9469381156049955
0.4456573622622272
0.2736996412053927
0.7746828985309118
0.5529387907024578
0.5320079539889208
0.6225446034245812
0.20041525133124138
0.4340199933406532
0.14756582754548786
0.9978973426681125
0.3192973472777594
0.9591513114281318
0.2674271614947341
0.7098203948928188
0.44317789381272676
0.46395601720195945
0.4938657652193241
0.011811203515322055
0.8970519967553553
0.6810297619936468
0.3776604431434736
0.30846740911255643
0.38164393940526375
0.04349338927187152
0.595796133722945
0.7932154270556415
0.3600720010584574
