876274
0.570951261125093
0.5561864693015135
0.3750280282479024
0.9346702025063429
0.5660011209462633
0.7698400333666553
0.13374063061714148
0.7452323287762602
0.07026346882031831
0.6188334009533406
0.4860393173135644
0.7887664874699658
0.7168490742790211
0.8020501171386195
0.309301287322192
0.5147089198651894
0.7114233703396374
0.4528483117014235
0.7203477764993661
0.44775897001196663
0.11719773415961332
0.593379971443437
0.6034030271285906
0.5112663689225695
0.3292215841020618
0.32344256878041233
0.7989824882042441
0.7213810887517714
0.6627474553722535
0.4741497850211137
0.653149677548946
0.8342052911836063
0.030232097953838077
0.5396251470585615
0.38427228616581743
0.756949162802059
0.46051091665515964
0.6534326848564048
0.5869960391142819
0.2419617602890206
0.1802540645857098
0.17692225676237716
0.7710353172232671
0.6260547593879805
0.6277764365789976
0.7102964723244153
0.5922750817294711
0.3877592528014612
0.6009909997288806
0.6146399349613993
0.6679551186136703
0.4737565135274876
0.12813231381177148
0.9130109741203833
0.8087234064175542
0.3579848576916038
0.09257550079176913
0.889742883926901
0.592258395816326
0.10547039643801448
0.701886788260057
0.2061604949915009
0.03645176810827189
0.4304648602237119
0.8683055680216075
0.7028403242289372
0.22338036290848906
0.9924806276841075
0.5001180672774617
0.5370382323823363
0.5257518672142681
0.5280015562815389
0.7532574011028023
0.030024560504738118
0.2213412802300042
0.6393423508685426
0.3372272862522777
0.36081965349174894
0.5041760192552444
0.5293838123113933
0.07374387683380079
0.8962218152933324
0.38063922865468525
0.3311557791829701
0.8078402617953793
0.8846670753721644
0.021220122384233653
0.2639453699432295
0.5691060935666482
0.8046320347773973
0.757920890886158
0.5276287447522233
0.8997164257046191
0.6373920501701349
0.9755717555391731
0.5664084674790439
0.2172105170462323
0.2308822192774841
0.3343563529867707
0.4510573560261222
0.7780725128284459
0.4897509257343643
0.5416694219548923
0.3495713120215981
0.8888349548695383
0.10558786201680603
0.402773414954013
0.5282006915848816
0.7442543246969056
0.3883897408501352
0.5920285366920992
0.6236972508487354
0.5704794204561291
0.8409213601159133
0.4995762032701341
0.0020612701105012787
0.2665632676278967
0.5963145614997184
0.3487121528665338
0.10819519848403047
0.3024912521340958
0.7087237808081163
0.7728705232388745
0.5275368415873427
0.06530956310644875
0.8079555198311061
0.969641416500068
0.22543392565259124
0.2589648532627934
0.7136459113379465
0.05707215225926221
0.20908349694302786
0.3640141856728265
0.6849952436413345
0.8639854337520233
0.049487708237977324
0.04755358049121983
0.5587806625670472
0.45120346479043105
0.38168732069150413
0.45958963184780954
0.2692484013486942
0.9313974934139747
0.9603918469651496
0.9512385048248476
0.23615251840024654
0.04262345738132234
0.8118418384342109
0.6159675887754942
0.4116677221578886
0.6889603280395568
0.3834173410585552
0.1490242351468012
0.9607850307877086
0.9294775476090945
0.14186592195064207
0.5732924687954493
0.39953706341049366
0.6477347876293238
0.5138654379283644
0.5948216011852342
0.06737371248758206
0.37239407167068184
0.7534332235825476
0.03859787631673084
0.7678061955853495
0.49084407634390137
0.601450737420434
0.8642605713737616
0.8606250981483271
0.38882778705556353
0.033988155621973326
0.7642644533065711
0.7630301671960215
0.8106231648125236
0.6696362473071551
0.9842101397333944
0.7688146650778085
0.8349628774210696
0.7373882084825006
0.09862977213238189
0.6791386074105337
0.17329127171049763
0.915771586118998
0.4666844098978288
0.335530731572906
0.4665329776564583
0.8409823875267317
0.42577202049370877
0.3632965428426994
0.8879993480199353
0.8785730584606634
0.20585480345984863
