1997605
0.3314883059197997
0.37789296301459974
0.7813855923383028
0.3487349341650815
0.14319128342588083
0.06754130569566663
0.2850726179888686
0.6782768335846115
0.9286966187445436
0.5033914624002279
0.47270949011757535
0.6448016958800886
0.39889358548139275
0.7833232427571516
0.05623553160670813
0.7820165400875044
0.5377088549633546
0.846268064830633
0.6846535417853026
0.38387061583084137
0.05650510256297836
0.9505911199141089
0.9477545787830869
0.5127529313045887
0.3115133021934995
0.1756946868859206
0.009686891818665222
0.9844121263918716
0.11781856973252325
0.09921046609883843
0.5904490116421302
0.5405647669816473
0.11807776483184929
0.4169086714982557
0.8115271429537821
0.782316452125743
0.9570434216508993
0.24568046207669003
0.724564176890116
0.14690332897843117
0.3257181831544128
0.8183065843173964
0.5747758914927565
0.5626725383956445
0.4499664239572464
0.10067789042957465
0.8542124292209063
0.6251595051977815
0.5101806322084181
0.03772800213999983
0.18305094604682604
0.3687825727248889
0.8384438494707683
0.604941730448515
0.8872867078041674
0.7323586378160835
0.15627512757148376
0.689765600942305
0.7571645992509467
0.5222979031086005
0.3278445689532322
0.11684091973780864
0.14304371136449612
0.12214252187773422
0.7153850096229766
0.7368778620855682
0.9934409882468571
0.3257916046440289
0.811267015803048
0.9848440379758409
0.5788807002441148
0.8235781881011097
0.979658931217257
0.7354019962352363
0.7050841811651603
0.23256395409820352
0.9705720170425044
0.30413128055793326
0.19275276254039164
0.7081503076281794
0.8645996885231072
0.8321935606494361
0.0116401608455321
0.1892932689073351
0.2576333868948162
0.6480154727554367
0.20110765082159987
0.41238414022322434
0.7310579445506301
0.8457407225606611
0.7915002611020053
0.049459335060191845
0.006008693565692336
0.5725810402797554
0.8665119673468973
0.9632069108156304
0.5216704772314631
0.10353520287262652
0.31843029606395534
0.9891655285186943
0.31149954706065464
0.9880479377908338
0.42613406813580224
0.5978449777721913
0.9948585184898731
0.7175271747248342
0.2659529215039751
0.3449358340430342
0.21076872736787267
0.04354861604611726
0.18630846580710347
0.25258403158854725
0.8784418456447418
0.9936350223458987
0.9022692468686279
0.16594283898474338
0.09593504763089389
0.089452758308606
0.5512101142700261
0.40864630012290004
0.6824548901857886
0.9246028462860973
0.13546868614592344
0.06288698731766162
0.9037063745054742
0.5050084094178875
0.9906418487805246
0.31244304390665156
0.5698952931656937
0.5162429249010461
0.48823588340708535
0.7333026988484811
0.5368789750113212
0.28474299730273334
0.7068780350928454
0.6347176672985265
0.4642644101774711
0.4142728038441801
0.4573778076923861
0.013004499950287296
0.13235623787884476
0.12956557025998228
0.4233976456476597
0.22209710845438035
0.5495996084971938
0.7453760542427345
0.46354320069405386
0.01428629598016573
0.07378783306286973
0.9734714571601849
0.09842492624687216
0.4200812505002902
0.6142955727906767
0.017322225642480538
0.5135379704865985
0.8367310835627211
0.7980422389617245
0.9548228648011226
0.30647134458696523
0.06455967026490039
0.5060575122469354
0.6276278096846915
0.7167234902149197
0.19794640751432102
0.3785792104117315
0.901882931039293
0.47769835710060715
0.672491822218845
0.19265835129993503
0.7780523495010503
0.4508426674135326
0.7120275845830921
0.6122556695646629
0.79593465959826
0.8444408633001618
0.8823712442471378
0.09407949477360622
0.4542868792222001
0.5285993189114799
0.49821068384763767
0.25208051463581593
0.9169292414206113
0.18788274376730119
0.2615420765042037
0.33893960751594676
0.9242935268125624
0.8684369276303162
0.09219132005183717
0.906848259899872
0.00973642923440221
0.6993828927569276
0.5973060330467289
