1430788
0.7996276527654222
0.5337176861732016
0.2816324197535177
0.4189716761241421
0.4814731585860619
0.7476302312587639
0.13121548734768118
0.15793101262150144
0.24944160501629553
0.23432132324042665
0.8533675555521187
0.1286402672920166
0.28562309420252285
0.3095333333098603
0.11606414827801781
0.8140590627089802
0.978551781843452
0.7301265124984966
0.957750176197844
0.35111884952825967
0.7479697834834992
0.2574552648285775
0.17321947123778658
0.3746379545581864
0.39731321880508663
0.1444607396921136
0.22041366871627543
0.5499986170340595
0.47831720489998997
0.7259877262837507
0.31881240155832147
0.9456168056387947
0.3349485114104679
0.37699816162381883
0.3119259706509473
0.7267009341889872
0.8474204403627663
0.1619851816058958
0.6428316121962676
0.3500534176006681
0.45719654628689343
0.2361787814445585
0.3662676844978391
0.3361508636437198
0.31571522487137604
0.3675058740598601
0.8175899139455527
0.336627750314095
0.6538471134892484
0.5924071194130466
0.27437272133366497
0.2994013623281767
0.45217153079879346
0.047983244818194604
0.1767902445160121
0.4797760875428313
0.07505129277794176
0.22158598694877385
0.8871889710386865
0.4163146145488622
0.19091342004407696
0.09690927466242816
0.4347493829999062
0.5311836890243113
0.3319497338232249
0.7311223972507721
0.534140500932476
0.9937381935300555
0.9648953608793268
0.3419251923752644
0.6783198787253555
0.7387736390384109
0.6334903616558063
0.706680039895716
0.6463690378431807
0.5385989944521727
0.8106590696052784
0.05654124245775216
0.24338688425831856
0.515856212134814
0.4867607566836275
0.7425750553559958
0.7251895943016948
0.4019927497538769
0.2795294470244579
0.8505299094234103
0.7323507268308326
0.22799602869477187
0.9842356828294878
0.5955364879921702
0.7864966956165842
0.5851362420778043
0.45759971196958205
0.3050628522880139
0.13813852227674184
0.953598552975222
0.4266813880338829
0.1189308774391108
0.7360797042610691
0.6912821427710203
0.9062197960460924
0.37481902145413226
0.5511529538771037
0.9374967141283
0.27136484873499245
0.7513966674628256
0.1573116216303283
0.00967096303839321
0.08427278100356228
0.3104766021298727
0.3003075518773428
0.00791888884604508
0.42763084042961985
0.6514269197963489
0.5179067219592536
0.8032777173801317
0.18790403321471938
0.18845449398956504
0.5029250412666709
0.5655275077649582
0.844453445237534
0.02555101751518185
0.4074861295351704
0.20431412877427735
0.5855462805847214
0.23207225258986852
0.16371812350340087
0.12036778754275101
0.7974087381528726
0.9208291366011706
0.9432251281298709
0.1765315559611631
0.807995260347759
0.025186490360611824
0.2594395682852354
0.6151684319543509
0.5741184095134494
0.8168165325419973
0.24188472425770602
0.17180754996800807
0.8813837899913062
0.3129888440110302
0.7589615901257902
0.3885749729839879
0.6321851054646133
0.34732506011256015
0.9530459698502549
0.25327063786614634
0.41100655560612287
0.8990967568676365
0.24770284667895848
0.6665548984783781
0.470545484715299
0.27818810414149264
0.5088737194819032
0.13917621501258692
0.6016006694729333
0.08200588948474474
0.9034322710600216
0.43124785851591185
0.22682580972826138
0.22913589291395653
0.07903609774588205
0.7789011595928282
0.044794158428961284
0.892467908070052
0.718207089815949
0.7886931435029326
0.7596899484989991
0.3499223429198076
0.43445287558238277
0.1734967289868803
0.46405286017196223
0.43710572838904205
0.9616332814563475
0.19781513189083078
0.6223311087474448
0.5667806496683353
0.5625874028789882
0.3714298021032536
0.13901682527157488
0.26738775587603714
0.9621398330517505
0.2905160327594384
0.5165527263607723
0.9115181509724051
0.5050166129370126
0.35322021353035526
0.3417846500890498
0.6104905850285761
0.592929418740106
0.20649370204616457
