2819843
0.5463384748275902
0.8989917886761478
0.6642654001034884
0.48010603629622817
0.7549050494164243
0.27601844114657426
0.13765362042009932
0.12492448208638363
0.5785309103898402
0.08441337267593452
0.3187567666393757
0.3516855805541981
0.6400250743621695
0.20093946010682162
0.654107793582934
0.9793366273539322
0.17372202133213144
0.3876674594762166
0.7776239725445386
0.5945494716110502
0.21022620285116156
0.5735874610879358
0.44236297673534586
0.619409706250916
0.4059748701241247
0.5770055326704219
0.14539144075033983
0.5235810678137499
0.8986311777011902
0.6656070209933772
0.13390676994109074
0.07636092866733757
0.47263971114283054
0.6997003701481999
0.5871983492125614
0.21080128135623277
0.8788474135281084
0.8590377588736537
0.031729630156464794
0.15507663082711753
0.36791220016240755
0.11474286484697493
0.4655679947010727
0.975539152711646
0.3692930935160288
0.6752573392272591
0.24358448967302515
0.5714079339867985
0.7759349960400616
0.6088516482632923
0.506290753150317
0.46279810785982123
0.47933218096724317
0.7251281762008512
0.8228760380627969
0.42180289140233296
0.6404743594901537
0.5840771053179193
0.762952272196372
0.11059922706494163
0.6792500864970662
0.19362907151741393
0.31171053025398
0.411056334972276
0.11820225487799085
0.5552807470451866
0.3996377454900818
0.05708297689295205
0.22610051356888472
0.7222527246632034
0.33063741922414047
0.5139586366909923
0.872616193224753
0.4457714775464674
0.5613438224556307
0.7881502648370968
0.12745551380725617
0.8024507877464798
0.10961426453476653
0.9966246484742645
0.9156269870789062
0.41937962482073265
0.851629248953217
0.07642454391261355
0.4750893120372387
0.04340754511985834
0.10472598422617563
0.9732839535345258
0.45384664799497676
0.23725051778123907
0.18703551684371167
0.012315834039550833
0.23062776112444616
0.9274234058915374
0.09518970013097783
0.9243140132430692
0.44660703685928616
0.37763821830096633
0.047808804178478104
0.17796791818816027
0.795194098322716
0.9161894011759514
0.4051766092035295
0.8512970818861346
0.8327407154925631
0.4069812427499264
0.39445444675933483
0.26487039221911457
0.9450826769393713
0.021234269089874025
0.14498176584513423
0.9948822869877123
0.63315533247535
0.34054115753844194
0.7696550812308042
0.6859163272041026
0.9654918144115403
0.2018249691672337
0.6160735878020349
0.2912342914983477
0.3862326861523142
0.9808854584464233
0.35508400592343314
0.9826868729817658
0.06434690161229373
0.20360220174808563
0.274553650240989
0.9928493767292396
0.6230836412991888
0.4724958641219006
0.0026445941365275116
0.07874443345245596
0.39824507094225536
0.7012318410702272
0.8975586923381792
0.12952072740936837
0.33969052669619393
0.5607834111770985
0.5096673284308256
0.6797152133755566
0.2925527989934442
0.8583539991799334
0.8471355425472828
0.7352337055908802
0.6729676312981177
0.2937915930240197
0.6575956556979013
0.37094261071065504
0.48768751037300606
0.6681104580269446
0.5761205069028424
0.016772634010143728
0.23777173171871102
0.15486857970053536
0.7836917770914077
0.2134926342459188
0.493614476517205
0.6875320602003128
0.7705545002194655
0.889820196004671
0.8318932761701572
0.8645900663027547
0.9052937290491424
0.8892926491916089
0.3845904113594617
0.02906735446378439
0.773164920650614
0.558330816131126
0.4660601054212067
0.340213809626413
0.666154966348595
0.6961847124384702
0.6161848863194526
0.7225333042363639
0.18244574863318697
0.06295921054100007
0.925984358266479
0.5509471249615673
0.6243978108755367
0.9436745989932558
0.6966106461020924
0.8107698841679548
0.7718669973415258
0.9743253296981451
0.3234841813002012
0.2573086783148223
0.6516117758826379
0.5501579824568011
0.7943945661716055
0.7922793357028239
0.12374494352298337
0.656896979352292
