1099802
0.3437114194781079
0.8728657342446668
0.4626282709787036
0.8924048785074862
0.6144198342006045
0.27413178012091355
0.6223040199695259
0.7792714094079718
0.14551648257767757
0.9366280977265949
0.5455027646807395
0.20808365779330795
0.1243713124262219
0.9484178779933593
0.7004620294655067
0.9966370895477397
0.12198172050262301
0.9343801710039125
0.011235768208406771
0.10210574464598288
0.9636147153672775
0.25553039000443345
0.4848697626317574
0.9811967302811216
0.978154390783102
0.4572321030705837
0.13276376950714008
0.9575726283952668
0.6165412096572374
0.34755542493381686
0.2337360611079472
0.22633331217056774
0.8330106927785965
0.9356715645007273
0.5927515184323953
0.3021058492114955
0.682408763350944
0.21505486467297286
0.21197007159502712
0.30029972742041533
0.3026820040889924
0.4373970880182124
0.7097167846307146
0.4303417864202106
0.8237109201372991
0.09052114695029456
0.8981713671212608
0.4752137444260819
0.7719744882070004
0.26721458947735144
0.16201884748904882
0.8333721570860315
0.22510515283032273
0.49178567957196395
0.6679996736030801
0.9071394135595515
0.31121343988545247
0.35727800219755934
0.9792421004583435
0.23591147911493437
0.6449311809981303
0.518662074303775
0.3484550941311022
0.793036065994831
0.945443738418288
0.6859554381573009
0.82050581305599
0.2919730399714485
0.3913509526168323
0.2661055114537594
0.28760027847990377
0.1803562995209208
0.23301723141638087
0.21360208466167674
0.8092316042165065
0.23983426018148168
0.8051416208326336
0.4671695201384185
0.8342557804491777
0.35507414039887986
0.3605987992566334
0.07352107862561585
0.44389934992007896
0.06707280645277014
0.0811723738035337
0.7290412245220771
0.3721997450610628
0.9839245740448535
0.21162203454419481
0.006393663944573413
0.3543235034514236
0.9864549470806938
0.5105967392765419
0.9754367060906118
0.30340332468346487
0.43663583476132073
0.1152259365889452
0.27645971763250976
0.9229803649540869
0.27345707978835676
0.4757915124444574
0.9586371671706212
0.6248328245431276
0.963935535539719
0.23270366699480882
0.55773021096937
0.04091809236812838
0.7662018278111278
0.780073280537614
0.9544477469209665
0.9933502076662706
0.657112065409607
0.7884949824298768
0.5285124901721622
0.517780325692429
0.5785899398483446
0.14422431109282952
0.0033597271618132085
0.4232428181495219
0.3649123130057823
0.6027532193125487
0.16252980127082461
0.9154749409880888
0.8274092332301823
0.9518585910904437
0.3111977483001058
0.010913841040253724
0.9935571512790935
0.632518230414835
0.9549165024965243
0.8250189923286715
0.42420189787878004
0.5756595678348482
0.6725330930915697
0.3312646632028512
0.8656558090775902
0.4785266175046098
0.5713696512560973
0.856091246355051
0.23267124394943073
0.866520565033909
0.03014424871624022
0.4003003330750593
0.0638003931603971
0.0646903694553097
0.6587390273984627
0.8588234048935196
0.1424093373907983
0.6376194622055835
0.533806318997675
0.3484893656473246
0.9346218875366299
0.9472752424942892
0.805335959471756
0.14736142774549443
0.8597266882663561
0.22545854381191222
0.7116899086469812
0.19940935133959525
0.17908885643883743
0.9608099994689097
0.8892429933252712
0.7447280883603847
0.46636516040452625
0.45990111369926456
0.6176516250565216
0.39820933943701664
0.2048298723494848
0.15775797146144055
0.30290504542644003
0.9185180180377626
0.04687549818771264
0.6252356843874716
0.06769639484133327
0.984420372802598
0.6662614690846642
0.24898206608243145
0.7922837002673263
0.5269566023384007
0.93544064649829
0.24429955285356364
0.32889391201648044
0.5536454201997691
0.3683021570658126
0.002034380299830385
0.8988556742104747
