860180
0.4083586016456381
0.5311795230159291
0.5202725337031732
0.32191382666763824
0.9822707861549939
0.031197780876693337
0.6910866662342444
0.1719162176479262
0.6079977576530096
0.6109947659015696
0.9813107711056119
0.021170271827216536
0.8908275478819357
0.38031473715584374
0.24112363106540458
0.026250455127960537
0.3575301071665168
0.8836251734956333
0.8406804399236979
0.23532481641864778
0.8328787706219555
0.9674090007463914
0.9409964709490617
0.9301045483101859
0.6728658905070828
0.737556834222332
0.882098865095335
0.4885122032105873
0.7129197976159268
0.9947075506306008
0.30310188260192106
0.822420284236762
0.7786873120456568
0.9074552802916692
0.17624257215366146
0.5200072385565682
0.0024547691458107757
0.7116612765566139
0.41054680497748053
0.053723531900998545
0.9900375326757582
0.908679552772017
0.06067923703326461
0.8025553150548962
0.09097643792412013
0.776125424814437
0.462662467628451
0.1812187856279971
0.6391367115547812
0.0018865316177987257
0.8105342422444918
0.8691137029485763
0.05131364737254762
0.9053957970917171
0.7866441102834633
0.9883098093234796
0.09820614647225168
0.019756917614904612
0.8631736124116901
0.09253467033367335
0.4951277475280117
0.7741322253450345
0.8035972842291892
0.9980780544694599
0.19908228118425864
0.6378740781178213
0.7101840777163781
0.8127216449814125
0.44433916743502233
0.3662005364233334
0.6872721117502947
2.496194998706791E-4
0.6004012192903185
0.9217867933638144
0.8199319115813102
0.9557899770313203
0.394265441114365
0.23746407489380184
0.703766883604931
0.36118235637957985
0.9031354757389908
0.23228761442704582
0.20398159661024062
0.5397631800845857
0.9942518389117776
0.39655648209456196
0.4704821994248275
0.13640418259254994
0.5652639557157928
0.8209375194206747
0.4906555255350956
0.7113360981962334
0.02157605777881144
0.7606663155767409
0.6226065169276312
0.2552339286910933
0.9163564822177981
0.6978686013615687
0.6190161562638078
0.2082363307807047
0.5744079509261987
0.39336539322480146
0.6254152312519687
0.29701605528346
0.822854167542271
0.6038957946806376
0.5165518203299398
0.3917148488393767
0.6596057578524962
0.9815117218891823
0.7206634275965597
0.6285001449286145
0.8048267488280461
0.1689688149998716
0.37384714935193697
0.24369746980074303
0.6011299716505213
0.25825845523587276
0.24535451043024348
0.9218969573008563
0.6549883542403581
0.5889958928538043
0.37951999680596904
0.9731280722277224
0.9448561779344807
0.3291999716149705
0.8111654559512754
0.3231418115321095
0.8607526932779621
0.40307011089803013
0.028705335432462897
0.12603501651714044
0.7855680097408865
0.10868649430110489
0.08280998954250318
0.7898967488184083
0.38010913034266824
0.20313000723888552
0.3683680746355109
0.34385194341849723
0.6919116347025471
0.32333835235835606
0.14362103839780804
0.36882285759659306
0.5721007468088383
0.3580854257902758
0.7927255836690612
0.16452426003487108
0.6550927176830544
0.7897912523284858
0.6866337238135182
0.43165364068304035
0.332685813480068
0.08443994101563179
0.2520613061755298
0.5109324925836525
0.7370976104471766
0.9237037260503387
0.5194500868579855
0.13960115685772634
0.736763652010731
0.4454411285336194
0.9882107957631258
0.7611637187224111
0.344219376278455
0.6870579981493581
0.12116670015432629
0.6556257343290615
0.7371464040371559
0.11078995679152248
0.16000146132997994
0.5451625045867496
0.30167048307580036
0.430785714176556
0.23964657555635227
0.8741007575947998
0.7212578579594665
0.9589404744273768
0.9719269867429191
0.6622924028832543
0.15506310811651136
0.33974937805511307
0.7674166620137252
0.6874037647187116
0.9763405764473734
0.8540209865683855
0.1693379147446541
0.7643394446349759
0.37453837392745293
0.4371112154854274
0.3844719187232667
0.05896505106452221
