1030925
0.36395245225920747
0.17940836407327332
0.013429784380315724
0.6984885840650056
0.3873256000128463
0.355120438626658
0.706267473929294
0.42230503885854553
0.7545342260201253
0.9599860158644365
0.0993095146049845
0.6548048495905424
0.6145133890693093
0.3293501146155233
0.9251799960309454
0.17559158627077276
0.022828981790067426
0.6551174887325121
0.630422041761336
0.5127497208287629
0.9378128203233124
0.12341509752813695
0.1837195563913654
0.29124872635384613
0.6549349678028861
0.9543666494423156
0.012617866336147254
0.03126487946766188
0.2720951274152362
0.8412021592904159
0.1677731924631034
0.31014779346283716
0.2677728699659312
0.157995482200198
0.8811428535831111
0.7769536378363356
0.16948409621229155
0.8336435630760074
0.6581615623833018
0.23991239024235878
0.5917490866671885
0.9742711641169272
0.9238319492490836
0.9348921259726533
0.630785284303004
0.15706528175249423
0.028789728289673855
0.12686823476031728
0.7173958270054523
0.815613459176725
0.11378752169186468
0.39660090610123566
0.5500324987212035
0.29014129117933873
0.9296734520602693
0.32116960164515296
0.6567696778481762
0.9256135643553437
0.21482389476908403
0.7697086259331095
0.46793364110280067
0.06648496955497307
0.643122301498346
0.7046328678146538
0.5203896331958376
0.9189558730809047
0.6729592074693902
0.20383862556911747
0.5599963642738675
0.02990904006707662
0.8513606451915424
0.40080912252235146
0.8604959853882991
0.5662739312414174
0.25723596349983857
0.17725020627599786
0.035115314197181724
0.6693850805928652
0.8038679309242164
0.7368267024868709
0.9814112131930337
0.9059714623368338
0.0631514142512537
0.6387652598503782
0.37040210908090887
0.2407341941656288
0.12271949723550002
0.4765349487285696
0.2677841247496673
0.015040221267291543
0.7419789371897904
0.1495120189936615
0.05803907706793632
0.13207970749214726
0.7342090522316138
0.5944806344747068
0.8314987703903143
0.02090556080598671
0.06926200758188039
0.9190168434798841
0.7899383438937944
0.9800933943796739
0.6650341213990542
0.1102479658767046
0.028028839417775564
0.18633106046639458
0.21576154562118244
0.8801753927575938
0.25598718017296684
0.994066456435567
0.6913258592975199
0.7526937017582902
0.6430194060383655
0.14941358610001498
0.3341383486234303
0.19763447974743675
0.9816611624486224
0.19483633321516225
0.0788042363065461
0.4736085996118865
0.7998767459820145
0.6506998840652071
0.32465136800605265
0.85411582981663
0.8807862141277646
0.5256008498524503
0.9023399580518101
0.08033626467546096
0.8891478431372566
0.3294559218410922
0.8931536822794948
0.209212942834464
0.4492307600618629
0.041650796700895
0.6832044788623648
0.5068808551763611
0.07047067281219654
0.42112041420321866
0.2646667693049206
0.6751923642463943
0.7753093812699307
0.6360521137428268
0.3322891465097991
0.4930347429260873
0.14787644136481126
0.4379737393843881
0.16581486198999973
0.9043306152249341
0.7926791514100476
0.008309154274359298
0.6375748917346442
0.691057515297307
0.8692252636944513
0.16505325965423923
0.9394003110524244
0.1323180356808421
0.45150985523177667
0.833040073964394
0.7841336115697352
0.4694374401188015
0.9505563912826718
0.5533465413136355
0.9044012547351232
0.5722607082364288
0.7337093823741831
0.33569578254175547
0.6449425780094594
0.9332667124644246
0.37613400288868193
0.3422937940112557
0.3246731375010038
0.0038118287031873033
0.687985593599454
0.732353422252639
0.8307931327933106
0.9307617017293133
0.7749703634915365
0.49363042088140585
0.5996348038964866
0.9519636986161505
0.9105257665623081
0.24061601150808598
0.7375747539835198
0.06545955522233005
0.9246071177151995
0.7686013495877385
0.5402209256784999
0.1000316234107953
0.1470751193708738
0.6186491359072829
0.07921591156737606
0.9836222351069481
0.6829361433489939
0.030578043222479367
0.8433816001529056
0.8313609439489592
0.9421954221816765
0.4393861685942103
0.6445629393250378
0.45637929276549394
0.8988411856849814
0.10510964507901055
0.12841082566496353
0.04428850733133216
0.5114849343140898
0.5569332076072367
0.2664781539289326
0.026140777793923986
0.10244166103188623
0.27943953622701934
0.14838447612296435
0.6348896780431179
0.26254119121695585
0.47220490670538273
0.24143842616380629
0.2368113547340518
0.025719619159107032
0.7735183501261306
0.039989785969445135
0.2920423965361053
0.6404477223105367
