828217
0.6684825552328454
0.9469038286146789
0.3390897251476359
0.61747576764277
0.6831684558044918
0.5327998639374758
0.24338263244238534
0.6221882902870859
0.8516338350119708
0.7669150730562102
0.5407678044391301
0.41797232360997816
0.456465631403174
0.9248808338366437
0.6984952990019048
0.32857050966650325
0.3757735939496144
0.17708878324976307
0.4679037413184599
0.31878987064140873
0.14095852980346568
0.47795622606192023
0.21433883129838982
0.16489372038187622
0.46875093325845296
0.38692856384934926
0.32603342603822827
0.05705094740996608
0.22616943344763596
0.6199551925007687
0.33491370376461393
0.4858020800662508
0.29974263933829126
0.4631833046734657
0.8481175584590579
0.6756337208573601
0.5092837561058271
0.9198718473469653
0.5110802683617032
0.1461367493694956
0.53170260651424
0.6070354938717836
0.0013640060659306785
0.20485556498872493
0.7817851148546401
0.970086624895763
0.48697707007336255
0.30581893979946073
0.3345652585458905
0.34175088548230204
0.07374987059556848
0.24387591576982603
0.2678603047869317
0.7357896714738232
0.5134044327103118
0.09734268318240136
0.25373493422143234
0.03657098610702525
0.8472746036713549
0.6800994282019808
0.8341056816934181
0.42228757418184926
0.7202048659003323
0.019158902023403424
0.5783919990818901
0.44262932252003584
0.8149752473466815
0.034861121026207975
0.24006592524016213
0.16097461364385524
0.22967102830074793
0.16823175282523206
0.1041471941040103
0.1666729921889265
0.6487351623049605
0.17367418495444342
0.9491366357284755
0.06474982108926197
0.843012939469771
0.6750484565678891
0.434575229256135
0.25837054047984964
0.37491741647473587
0.369322415550817
0.2693619977316378
0.45366109401697885
0.38191548090734073
0.9543643111136185
0.21615925941546166
0.3369876143730828
0.9648542340610351
0.956077745495154
0.8436586284188313
0.30155759861359865
0.017217543425759763
0.6349634664402964
0.9511770642965126
0.933211429008788
0.2972235957950109
0.0633248597034376
0.7589969854217281
0.20453173552660697
0.16674380920669063
0.2817172841278144
0.2830603985158584
0.9719055490439286
0.6993442190396589
0.16687353940074856
0.7940715489116759
0.4219319493187971
0.7943208460797833
0.2732212419800013
0.8987588028294967
0.5715760285906014
0.5244203736321096
0.4462403684441312
0.5749909813795638
0.7907274719402766
0.19200845022543345
0.4482917507212787
0.4426390669964494
0.5863301062429425
0.471767575835767
0.18618099188328507
0.6585196511496716
0.5640064519076107
0.5775774901538467
0.3846039405081415
0.08645143413930234
0.5661091024598945
0.6070505492275673
0.7107538522513758
0.812401581558547
0.47438870108751974
0.08926574695645273
0.4227519704591729
0.6498941915406683
0.060976157017448074
0.28956453214653033
0.5881972715766967
0.012298189478477606
0.5731340264869372
0.009842593899913599
0.7990129114931074
0.4163074173713298
0.4452406996668049
0.46359140248526554
0.09490048423251118
0.9248710464799546
0.6457278781357461
0.3020143307337355
0.5000954353036812
0.03802756554194753
0.6872004332731065
0.020861781406993796
0.17675025764780794
0.8965410188621111
0.25472507929832233
0.7872007848137285
0.7031546503334317
0.17593378483396038
0.7402821935799538
0.19115414718548696
0.3961343690979714
0.7174546845694112
0.7106332136380126
0.5497149720605816
0.9143543250257624
0.7677175129405298
0.4813632024818415
0.16806269444519573
0.602882793287139
0.6801897184996932
0.5216168751549294
0.39837670552728255
0.16925774235988833
0.06940639803535087
0.37205343074921793
0.42696461982167977
0.31742841283362844
0.7027303304863621
0.12280373712299997
0.4675916093185194
0.9083282545846257
0.8646738724333412
0.2687210117713923
