845774
0.11867082715101307
0.09626116208162228
0.5334317006460948
0.10143108869254525
0.2717125708771896
0.981202562941118
0.03767884171491598
0.44768995821568547
0.7972705106203148
0.48148889941495177
0.35677501502219655
0.7425536730463783
0.28655607323620047
0.5396884066597285
0.01944710533496774
0.5001900209555672
0.8223254345345147
0.9851307117155316
0.3654340774762864
0.7205299427858411
0.6066820495465901
0.5651253534872148
0.18012772785630193
0.1446132395635511
0.8949524267291299
0.6612282876322402
0.9824090420612565
0.27562515890832295
0.4955531550789045
0.37259385953234436
0.5952267464893193
0.9086961932455261
0.12408803591987394
0.1220824534965469
0.859911127653901
0.7142956206421922
0.5844837999315342
0.3206767033501289
0.7429102499832324
0.6280566871277249
0.09079385291424857
0.9118921511372468
0.6275820851999385
0.41412962546454524
0.040369391746906125
0.8102507919434156
0.28387066094559665
0.7896661413612157
0.20241767430989432
0.3465191763164498
0.8651399744434769
0.9247968108679702
0.5955374538628256
0.8372949735993792
0.2941347873656319
0.9654711264700677
0.2936421061212271
0.3076594095640166
0.5689824014789349
0.46578694586097136
0.021751234726502866
0.21299509784023174
0.8453451690710225
0.2619448018660978
0.6814513740361542
0.7297021838837614
0.6322786255084676
0.3717195419352124
0.8803977245251126
0.8144279688241185
0.07704559292208502
0.9613500761608349
0.13104803460194303
0.767558826582419
0.10808157438420019
0.2860056718591878
0.6308908364214525
0.4791048289784877
0.15550254834215094
0.7804951344388997
0.43975048070190637
0.8837416993197305
0.2749912294723801
0.1536427774356145
0.42932112445616555
0.40665623526873695
0.7635933107235401
0.42276315857401847
0.5959028834679139
0.34297506420328794
0.7749004566716553
0.3139243686722143
0.1993834437056039
0.18093910644545996
0.016292297648100695
0.349197101818705
0.7198282926270396
0.8526187051457217
0.34235461746271967
0.2438452837444709
0.8076137086899612
0.7758475280016102
0.946286810144785
0.9444208296587674
0.24385666408722506
0.3371860867932859
0.895056252888371
0.7529840769239035
0.42496583524578646
0.15810832415090592
0.9542534090424671
0.5031780767595425
0.03845881243174998
0.08523780888007193
0.005045973175544005
0.6806437924463083
0.4067604018371166
0.350342737689634
0.8683262100038239
0.7132702563235324
0.44151748343268415
0.7569317732384587
0.02009088315126828
0.39603211779880665
0.2730361080687599
0.06767554742813942
0.5072882057374548
0.5606743854218285
0.39776695403504614
0.9905115440263447
0.3548118475274684
0.6522624351704673
0.6213352907044851
0.2911727777896468
0.8920172193490264
0.8326226022032565
0.16543233257009948
0.5960137000035804
0.7210806356339109
0.5949570104145055
0.05395476121816356
0.3913892036028289
0.49971720244784823
0.6444241138605314
0.29709978038499696
0.5744758456826655
0.31721848064221536
0.9762332943744413
0.45169329223584553
0.6653069909502825
0.20546669803649986
0.6658113865334832
0.8518489990105589
0.4509262813518007
0.2455270407061685
0.8748548962971829
0.1761268604346241
0.39994687826500486
0.805615263756304
0.972591185060643
0.045679136999169034
0.6594367231238778
0.6776831853025514
0.47332833084529324
0.03244307011381575
0.8259326350400009
0.26755941474594513
0.6993822663086721
0.797259348795866
0.9685191549658877
0.5375288847703614
0.6927268376610797
0.07486570854211938
0.5742906866308539
0.10042911265402588
0.919220699069371
0.8760354652484179
0.18514830071987232
0.7207871569460595
0.7360224867534749
0.5867011776712479
0.4997656648681318
0.4912161737983467
0.4258139511520771
0.6097236877444924
0.6256907459158402
0.12123574377349955
0.8407077718028036
0.8170374776482119
0.9839334972879799
0.1008759135853432
0.34422546916983154
0.3582229220439026
0.09202205582673861
0.9828694494344254
0.7914881356223996
0.3061274643650085
0.08139284685183523
0.6649330351040182
0.7457703775570586
0.21097661163997727
0.3411131356327394
0.34758249250322903
0.9938263989041689
0.8814873321493761
