1026393
0.19748455884243232
0.4269490806513724
0.8131235878243865
0.96077283724271
0.484073882445069
0.4760977638869577
0.47715347871664404
0.7774964608902571
0.5553022757281589
0.8547931402565815
0.5051767579214711
0.030235781013247753
0.6298498574231024
0.32991050136268163
0.8165854892363669
0.14778980988844614
0.941928374052216
0.07374198974692292
0.20226603846236524
0.8237428793266887
0.28277665470348046
0.6869300531079513
0.8795933881016228
0.013654898294747309
0.9505394781154745
0.5630803387542728
0.6234875067376876
0.13802140108720085
0.07596744995955118
0.8166423904865838
0.005911229167057996
0.28143874518173995
0.8353212446124865
0.6099040164461323
0.2732588373974618
0.3707932781607338
0.762058145392931
0.7354529603186378
0.04440536237611081
0.4139259454089551
0.22532505140964965
0.7372176786585486
0.32175634638816575
0.8851063103531903
0.15597646136238075
0.6862064566065599
0.27345891986685733
0.2547834094799749
0.26978222444560385
0.9663220346118878
0.8670045736499181
0.47846285126478394
0.3626841469261932
0.07113695270729381
0.7127746605135147
0.9831931909112019
0.734407017421808
0.464272052349588
0.4106502162195208
0.32002695080429244
0.4344235407298507
0.014029318511322053
0.2836274946736488
0.18695442346213642
0.818219592478861
0.3771869352130528
0.6294512287325671
0.9691915448198163
0.8519998068029638
0.9773732681474101
0.5245980444387439
0.2923357817324793
0.7104203729887083
0.9001935892631323
0.7745124633860823
0.3387865409698805
0.47463011395015353
0.11029150666640519
0.8198183897948265
0.8389597929497067
0.15684677078913756
0.8847847390398047
0.2802993741600621
0.7162094136432313
0.8528907927272436
0.2530228816386062
0.3467612293309327
0.33799997386817715
0.5555437111447689
0.5343724504456043
0.4154605985658313
0.20575946252497046
0.0492941484693582
0.7737420751732811
0.20060386667243157
0.7019723068679313
0.350979337740554
0.9888192388739541
0.05749084486203859
0.20545672921918878
0.36102567378965067
0.6634968987570411
0.402197901099705
0.4844022154387615
0.746436777099607
0.8487269625744027
0.9232655909102073
0.7816271959123202
0.5893733017623511
0.5650445699574549
0.7466764582122902
0.4176481433557778
0.004113530995894621
0.9402657017276652
0.8374783446078238
0.05453540204840823
0.7503796890780225
0.6613681153450003
0.6997295932298281
0.9871633224151426
0.8524596072216072
0.8713230988939511
0.8710121881377187
0.9583453355907053
0.371249103329486
0.5996542265256714
0.798579635734696
0.03047664677168338
0.7702857263117412
0.1797559515255447
0.4312765720385624
0.9886916661633712
0.7670396280448218
0.8765137955937234
0.26468723510753833
0.5991740226802201
0.1671727220362944
0.12452501649486025
0.6365406119486493
0.801141751964597
0.9421726247043588
0.36022640474281375
0.7852198382076719
0.572161551266573
0.729713450910861
0.42049445225048865
0.5562944277225021
0.7738300332595047
0.011290023797024151
0.8757898547839856
0.6703135448140933
0.7584915927551186
0.4531186042075127
0.46767695541000565
0.14966938289169673
0.8975462799748518
0.2839912425919373
0.028556312782558213
0.8431596178936493
0.4780332262410547
0.12771737263830296
0.8757060397537987
0.9839486524107285
0.6065583748813156
0.40798056245094005
0.6922360220013413
0.3699470337963522
0.8582679224662436
0.2998844689519873
0.3343164771757814
0.065199565255191
0.413451479864998
0.21515662179691442
0.837049938295397
0.48669216317988684
0.33549233856756366
0.976924719386621
0.1306144901162828
0.3630584867114137
0.46126439343379566
0.1651748054095178
0.6238125714218955
0.32998699011503285
0.09870868717819181
0.595446274733208
0.8639186479777557
0.8617000967067614
0.3562046265853097
0.5310141787126056
0.9397262538492567
0.8286969527234681
0.46448468570829415
0.022753972328029892
0.15895270687130314
0.2190217470633551
0.8942232659522613
0.7210800680999354
0.8016680335727362
0.46363985005257957
0.4210638138570286
0.6107939369817305
0.42817191888937156
0.3660745081552601
0.5447310097910564
