557581
0.7284215487569708
0.28641357681352186
0.2735783915986948
0.43048922155478664
0.9321231717677294
0.6198635509673882
0.42329973789564856
0.3964233027879793
0.31078084078262114
0.334813398606406
0.7709965255429249
0.49503317692120397
0.7916804249498876
0.6245839278173091
0.8929337819804846
0.5888673756678673
0.6061007042666295
0.5873506820565947
0.9889495909036514
0.8448682540093659
0.8492605812895863
0.42283307993296293
0.4962451170632156
0.4227131110858382
0.3467209096883431
0.33064828980390104
0.6401990436022951
0.3324257050610314
0.6267098872377497
0.6951996241992824
0.5991162749652951
0.4274754291323193
0.9667865701035318
0.3812261810456259
0.5818920589456937
0.3169638050853413
0.8084518703352491
0.6096492227580533
0.39589229115463787
0.7041310371161276
0.314762038471601
0.9351078240166288
0.01692133649814287
0.288298362300366
0.48369496069521023
0.3045843911644829
0.26396928147274523
0.9034938068995391
0.023964778960194
0.04077882188376314
0.9285001645534389
0.009393375342672039
0.15017564117695992
0.8643970814244698
0.6113639230487078
0.9988407007458954
0.5606507472700976
0.7462788014128682
0.07998413116954883
0.041092582060620275
0.12396846944207562
0.46329522524386635
0.1742950643125878
0.3410694691952607
0.219181924678987
0.22120779630573573
0.16197055952943962
0.7622735276009064
0.2498943784129386
0.6031842924358582
0.9718089162633832
0.734669303505451
0.5838079357276961
0.4044284204344031
0.9187070918435948
0.24870508286857007
0.0570581587400012
0.6213854446985251
0.3744788189360768
0.5227856587233685
0.22659259541322396
0.9782452491347061
0.33584064111878265
0.6238900336194038
0.7540468501731324
0.8939713024558053
0.9942111022782001
0.9196607204966063
0.6610166080070072
0.7198422642021882
0.22153782953479917
0.7451735744074389
0.7083197740799003
0.41050056969779947
0.3521880726333143
0.07873045601877471
0.8207879264643426
0.530760071324942
0.7630083637217483
0.3383993350970219
0.30432186695092944
0.6459329740978926
0.5319794130738436
0.6346597296690931
0.5833908529824583
0.6951937381458992
0.8904623837231959
0.9443938412173829
0.3248513377078349
0.9055055512757917
0.27485343856259403
0.7075966547076994
0.10790509910047363
0.16789286483159904
0.5305332731906632
0.2905611029244335
0.25021307768587264
0.568351484614798
0.22431915890926557
0.6079274008168988
0.00662613176790805
0.9424447278893675
0.08119688563841077
0.9508680028797007
0.11968877905158226
0.9056431777029256
0.27693059795187325
0.729812844916641
0.6200181802371681
0.8007222208686479
0.6902187562603628
0.4075023044710019
0.8498553171874335
0.39904021201263706
0.24638462740318745
0.37178797957064535
0.9145307310177766
0.9942774252378364
0.1691603509956725
0.8774841071469592
0.15428259867290928
0.7352238743393908
0.2979434285159841
0.47270581658874766
0.7728103253320254
0.6584622444997164
0.6249755721674906
0.5175122648161575
0.4591418716004956
0.9022992716922202
0.8602129815682453
0.5013066628889871
0.6958385086615595
0.0100574936303921
0.1412289672622069
0.8703268697545219
0.4592560947367792
0.06384651699086075
0.9713086143657135
0.987694096443075
0.18652717312986755
0.6291912883089481
0.0909666441068927
0.6658691019048845
0.20912331011306085
0.13640195110858422
0.26643925563210225
0.43499901855766276
0.33430292462114697
0.3763284911011834
0.9132714060674373
0.34051973227683197
0.8934445485004611
0.24615075795538366
0.06394117861520443
0.5995128346435671
0.3702112906974294
0.745111977108261
0.435533088173365
0.8876974238686075
0.671687279409148
0.49061249693421416
0.25679276902049264
0.3775713259898881
0.21207225965339838
0.7018374240895583
0.07346554073660116
0.903098185874388
0.24121583820911996
0.6811003208690649
0.9666415868881929
0.7874699443202113
0.2692182722445925
0.31234247152694283
0.49090144253584955
0.9378571916539328
0.013519819660429366
0.9917353962869883
0.16737469773187852
0.7846924120227926
0.02634608937319971
0.7070917375729244
0.5513962336716561
0.5229142342715399
