847570
0.030266150731464436
0.7466182530340383
0.8499838580104506
0.27043201291866525
0.9782652593319575
0.06641008208508348
0.9413396381263613
0.2323018802716451
0.13273279609669641
0.7990372967011249
0.27506889073100016
0.3677179421327237
0.2342785140210606
0.3788842439649941
0.0674975696598662
0.13591425576253502
0.5508279736443977
0.12889824130234984
0.6938314505819254
0.9714349539567554
0.40902423259306564
0.8832064278710591
0.8997396386974954
0.5917282253356781
0.8696617017514834
0.45628749383543477
0.08136334560558312
0.6578409492911991
0.41669010479256696
0.27574514280380513
0.5643222296620118
0.7639528960259695
0.0029583236006454072
0.7271760769966791
0.6140487924646024
0.4160588521129053
0.1757511255688725
0.14731975425225785
0.11778893056110706
9.280694360019881E-4
0.2913049491401213
0.9456235333298285
0.4928646352480385
0.7435405121469326
0.019870670576208616
0.03455107582612782
0.39630237366407006
0.30451971428140934
0.4415254918892967
0.6054080326886147
0.2376891527801529
0.9786520042736897
0.03781768095430993
0.2991538474384311
0.3301250864490357
0.4214029962111415
0.7954613303905623
0.9906139982637497
0.7534002094920813
0.45241171535934166
0.4556811976687113
0.7297023873496536
0.64903027365649
0.7632634229882057
0.6664399556586784
0.8647086297551034
0.7185442536999966
0.2914126725273303
0.4246635788223212
0.010400649505217019
0.15442443848663845
0.6129479632427214
0.7317130144076786
0.31763818445442926
0.09735741753892724
0.9539601384804774
0.8277334539530834
0.45138780211400154
0.9839622347850937
0.323596912949663
0.719144684723472
0.7904758642059451
0.8259198126139073
0.8314557118246837
0.9684198753891732
0.6251108941758108
0.5444355551120353
0.4677881815786231
0.876431756709272
0.547151952943298
0.9732245810914215
0.4970593379833014
0.2550288473364053
0.8032954800363729
0.038717686123553974
0.1437248391231939
0.961136913565555
0.11279777709873551
0.9279424908190179
0.4336604164991311
0.24356343199898
0.3390458357329895
0.762543858157498
0.8954974543962688
0.7398160864427785
0.4482348413881715
0.4116637161524376
0.32318919424628334
0.6526287102657924
0.3886055552530413
0.5969095792460796
0.9544524308773126
0.23452125186869255
0.8801400789686159
0.36939798795890566
0.22929974210756177
0.21360283351633358
0.6173103616341341
0.37186768556678707
0.7586975203206128
0.20496010388201535
0.05641856102107767
0.03811412117658264
0.2554558014971591
0.46935555583711697
0.7842637645659065
0.027505863632309224
0.9577756682564955
0.6045937089039894
0.44631523805476037
0.7441004684772702
0.5104506865256131
0.8847952820369843
0.3502673025647325
0.7478853750653434
0.35953885588225987
0.9989532104011388
0.15479640978514786
0.22992744997339942
0.46339247603274913
0.882525908993515
0.5035363664597878
0.4937224337851862
0.5262525485824283
0.1844573097689327
0.07073269704747531
0.561793178525176
0.020185897352393067
0.6668949949077912
0.24773291757862437
0.6095937636641057
0.9769626018395824
0.49601124031238886
0.618414324356892
0.9180339787894214
0.9035419646712292
0.9497140646131684
0.44684637304219843
0.43144701907059047
0.2031555998538317
0.5416688042911283
0.6319303599169419
0.8095803203770825
0.16854663228455424
0.94093269727401
0.9714538150953068
0.07019790183127805
0.9547437698270278
0.35263879340194504
0.12194284834753721
0.5331401346243064
0.9358200397013641
0.21754737598338947
0.3408909235422479
0.7971946793804027
0.503405916616348
0.1869166101577603
0.9543873264718594
0.907890176905081
0.6742969010963666
0.33402646992423946
0.5058648552688844
0.7073319599803045
0.8403157069778769
0.47482290972492514
0.7106306648839433
0.5964571879235013
0.6156602493607091
