4349024
0.3330564588230842
0.16582123986985164
0.5844892959518521
0.44135549679640795
0.4212864453567269
0.5725726824636874
0.004461338175273166
0.23547981958174335
0.7679183499361008
0.12786195702163217
0.45433092822392096
0.39507582994869905
0.9628655612669128
0.0937944331242676
0.5542965333928623
0.07076124113560356
0.7763360131913506
0.6843226568190843
0.6108782536076962
0.8958598938668334
0.12270787225364188
0.2314366463477716
0.45155774048819086
0.7393329651451113
0.5598562271664371
0.328096840345649
0.2788321234703941
0.19688185512767664
0.015733546589018488
0.6028477723061274
0.9527699838752508
0.04010174528762145
0.7201399712245944
0.32499499020708367
0.7254152817818924
0.8406353448700418
0.512001789301608
0.7394241676201153
0.4708931875387644
0.6395966955633284
0.7911097673833094
0.8865856049438624
0.881829239766443
0.8421047882956681
0.3881513147905774
0.6758634944382529
0.9357012772605731
0.4825879790773313
0.5380037613818746
0.14949387401129022
0.17400114511175147
0.6285893604746584
0.9586383878603448
0.19939135577583644
0.9825916861328285
0.9691242259237418
0.7616179937060927
0.4806890142801862
0.11340110649774815
0.5682113502987718
0.550053468564091
0.9034922197319628
0.14560612831431008
0.35501922708149924
0.5960176445013948
0.8782915758583429
0.4487117194325304
0.16913957076184816
0.4317975893767456
0.440676016753187
0.48044407595560423
0.0828200791834155
0.5379989937052336
0.4874322075721934
0.9291308427536676
0.2815594707508928
0.06639996947238014
0.6188116935296385
0.2932502438337278
2.871557047604556E-4
0.6965829473852406
0.500692735423477
0.9800890812097058
0.8844211304194793
0.7927579573737146
0.23555878731728785
0.9009570770376766
0.6734176696509806
8.216406460109793E-4
0.962661156119045
0.8421627329074203
0.2889961769288103
0.305580575780673
0.7954285501413438
0.5989639262250879
0.2510440452064664
0.35419931826829154
0.2481315852531113
0.9739642009320348
0.8412752273111892
0.544316946110211
0.5040055898169261
0.2619336003176972
0.5880380513106764
0.9739085340568585
0.2334804418651245
0.769790337353316
0.45523672387788683
0.8548507249933165
0.18386144548328365
0.2534880929144856
0.5841523244054672
0.4032833543485994
0.43075030383333734
0.8928106369683719
0.5590187763767385
0.5372421804386962
0.006691325358027411
0.5705843287523901
0.9455301513635499
0.9356702713809592
0.6039722613418332
0.7745759203574181
0.2860249880801632
0.14279851091782725
0.18620525304429103
0.398351435920831
0.825915191995988
0.4380185194228442
0.63725861266302
0.08162949065856595
0.992995604337459
0.1337542809500445
0.026304812844385017
0.5011705764244428
0.0545919897969126
0.8124709091500798
0.674196558129996
0.2000010534606078
0.4370752066412257
0.7688429415207944
0.9690767776657643
0.12577887805316668
0.9080887044542131
0.5842361802635154
0.7980746396832503
0.038365749298304275
0.1939084770062831
0.32804061600772805
0.537134936632741
0.3421783138895741
0.632673354368633
0.3540246807358721
0.7724727085259736
0.7006484912915981
0.14879471181855497
0.03976360423550518
0.31484135383570033
0.9981312586770967
0.1746748015443529
0.10332794800233192
0.6117471012172155
0.8288557413464251
0.14293291542608855
0.32380064377294926
0.3629381145609304
0.7130234864226458
0.8256595510266539
0.5908240377338638
9.42052606323851E-4
0.6669153272404781
0.10678827928955015
0.21326135874168317
0.7111211108077878
0.58687630120439
0.7394959474270298
0.3281893617728052
0.8346585714524871
0.14630591992153286
0.2626117503044987
0.0688221215144027
0.823086929886894
0.550288632613404
0.5283365799410228
0.8735987840121426
0.39441208280429607
0.544257361937561
0.2281433674529061
0.9485503924934652
0.17858412223459774
0.531090810151696
0.3945507242683086
0.43119463894046317
0.9340101747418549
0.5153028926315305
0.10353124175957962
