3227803
0.4625661955162641
0.8515774098259399
0.29147468577990665
0.25318607562339035
0.5093764065292716
0.38351347460089735
0.5041795131497768
0.013921292337182978
0.36168380773537046
0.06333815200868731
0.6012471626750457
0.19443220797602334
0.6929736228612215
0.383369036065912
0.1475827070710687
0.4042030696850274
0.5741736194654463
0.9715221994469487
0.9510617402260884
0.4394026385005394
0.9321847221938047
0.5127946718913236
0.2508227516158865
0.01903197288643954
0.8212443532572139
0.8702450050030401
0.5681997780844442
0.4581955066874708
0.12788080855820083
0.7256932210853204
0.6091202036700113
0.4956889957117475
0.5304117736383182
0.5808682910857478
0.7601123424707865
0.09173092456012344
0.8903858484071348
0.8864903884246288
0.5296379568335137
0.5165463238148938
0.7660608953032804
0.3997816934672812
0.7522850009234505
0.46164513740050406
0.4069588061585864
0.610158558974878
0.4954264426580801
0.22302021304975805
0.4137309912389837
0.21836441304059517
0.38627111098992384
0.22912226301912786
0.22901463078421358
0.2060617305666681
0.5118029005651147
0.31635241152503635
0.7626551835604101
0.9909084557291409
0.13492498423612098
0.19094568990099337
0.7486151777252775
0.5264022969358598
0.21719604007731108
0.4585014476333853
0.8810857181032228
0.976284433538789
0.14186577423161828
0.45104971326801435
0.3837614819696956
0.7700512375257584
0.09048715450077127
0.8364251100158255
0.42893598284160006
0.4291313803041138
0.24220368595237807
0.6558529902012925
0.7420185783317205
0.5425427223311925
0.33687922575720164
0.0030351362233115298
0.8022707660586845
0.6663515923716841
0.1715597352387508
0.031654981459391496
0.28200388988710023
0.7230147399362242
0.28432496774455607
0.35810568190562053
0.7541759558990836
0.6846921042347421
0.4204099777474479
0.2123765364529001
0.24227093939876176
0.9388765112563314
0.3725453106727523
0.8824165202342414
0.8865386929430484
0.7551936678008866
0.44078599482881986
0.09592621369453946
0.8571190843109069
0.6989844834013134
0.06666940041270197
0.988412521037677
0.6572696915218282
0.6702887484495909
0.16236222049200466
0.21747303869968537
0.12886090348669366
0.4861075991145366
0.27752745884308705
0.600660202893645
0.7974984657423435
0.5693296375291719
0.02496215765960219
0.3779074183164315
0.6760781970377122
0.3594635989518671
0.1206277356953176
0.8293832280315595
0.2832730641819673
0.518328097592495
0.9845138965110873
0.5157712934396748
0.42739827957449283
0.8681071783157771
0.09584874141890942
0.850357596036873
0.2562954143000077
0.26968749845999573
0.19948684155558394
0.06093873499828717
0.1803212972582573
0.3259516298481029
0.019878162931069476
0.8544479219229235
0.5382236793610033
0.8777090764761434
0.35484058922443507
0.2583283110390151
0.29463012232327945
0.7492048901544879
0.2934294208047319
0.18006609845425015
0.6330724532449445
0.09565326759734505
0.8305171846213595
0.19992834783978353
0.03991406954012888
0.007001494704119704
0.335267619936119
0.991833691034118
0.3622427845353967
0.7301374412036123
0.171508213310689
0.5534166140417242
0.3667376083095525
0.9860114567353405
0.2650754573652965
0.1187290297640895
0.5267124305775472
0.37865140995508295
0.5665277258134782
0.22565531976460362
0.12098541171481525
0.8198075814613218
0.1671910106541551
0.9150004885494141
0.2409182807430873
0.2259717073095907
0.2923224879448848
0.4493429224420691
0.9709146703530963
0.48377228356044766
0.5172482312656059
0.2571271766283951
0.8328618636840096
0.8252562985950214
0.3306505472120316
0.031103951716353606
0.5664465412649834
0.3063251435741131
0.6037515522583603
0.04010812261757135
0.45496906569895046
0.039600381976521604
0.6149596307574899
0.7492979502480869
0.7002273543088569
0.19725262137387156
0.026615695511404414
0.7863614521223554
0.8002358616132479
0.5698351463779722
0.6137964619251427
0.13982912276046244
0.4899911855288859
0.6439209462538007
0.6047024081675033
0.2305145421474183
0.5681905221946697
0.7443503587646311
0.20797829486673047
0.15823748469960452
0.8517549041511675
