3895980
0.7761537284698896
0.2743845504081728
0.9933667353128494
0.5752043155728215
0.4967220145470084
0.06855780641990283
0.4563531549844493
0.7833770866898927
0.050555140418963807
0.8111696740313847
0.7083054108458653
0.6536813678498654
0.7069266462191945
0.9926128458417537
0.26179480029481983
0.2280117781382005
0.35506041344462735
0.456413759813606
0.21345715181628955
0.7346593203909475
0.33192311420977105
0.9038920698699545
0.09859367420533549
0.5369887246936028
0.584494371802868
0.7811564708164739
0.6728548428384812
0.7583517395546089
0.0013833931021405288
0.47534774762862764
0.8372242362620911
0.8016509760362549
0.9879197870277069
0.36910941663415175
0.7399023408503835
0.3071638343951919
0.004353467775046971
0.5805871279295208
0.8123229358707792
0.5736813400489214
0.8385562220754759
0.1508283312562546
0.12641751593947048
0.10571241574577372
0.842625860070703
0.031273377814144965
0.9963760641368047
0.7434488040637514
0.22705126024681233
0.4711006818941289
0.1905352973756812
0.78238164476306
0.7766045950674924
0.3075075519426608
0.46765825107548264
0.5959061894578758
0.028884795715534928
0.22157984241337392
0.4067518719984067
0.5369454968921892
0.03944416481756707
0.23822286244549673
0.6607025485857737
0.3135705485637099
0.3466878857827196
0.6206970879500695
0.8313911411263976
0.6087885563881034
0.6452437382105609
0.8386221649511023
0.13758368405622678
0.44611699702127017
0.9782576239960998
0.4728826561123053
0.9267747992044955
0.6902560748020211
0.9670777501406466
0.7616903848912329
0.8682953281390371
0.11611781091335338
0.7110487519421496
0.9891271238938967
0.3573773564228919
0.6796647819097964
0.5106440813852549
0.07081282214891327
0.25850310312191926
0.9804577127788852
0.49392378922593894
0.5009144723617523
0.6212472226536597
0.4185054048424377
0.5593114019569374
0.29053063346738295
0.41295406367499543
0.21695667665638785
0.7869427496234072
0.649557887078102
0.6299751823908403
0.3073686446658973
0.6163463603454701
0.9424647212578123
0.3728244136553017
0.05573152643015944
0.6399733661043753
0.882969584362663
0.6004913556870888
0.9451251414873076
0.8201024968854823
0.023439469785123568
0.3152862130978521
0.6248274862677633
0.30090371972538976
0.3418961807425327
0.871972265345808
0.18589149770974067
0.7579516456230968
0.13283741580867625
0.9535749061310922
0.12965109898245009
0.4042379343203989
0.4676504412094675
0.5111388296902861
0.25831289796324997
0.3547393825418984
0.2062159742821843
0.6258381780765191
0.6357355891527241
0.040856541415707825
0.9133708565771115
0.8192266702007726
0.8416939706511737
0.7615454856873928
0.062217715971556564
0.8110481587348163
0.9743700495797752
0.25972258707914864
0.5908405486595079
0.10391032075080953
0.24350910764229572
0.4205310768089836
0.21980551876070564
0.06025765148163387
0.5406235800690498
0.8023147796561078
0.9348962010548152
0.3294619305216284
0.07282331335313597
0.7316531641894679
0.6928533071930525
0.5814819059864613
0.0032957347649412716
0.12056901087266547
0.7174587303224006
0.5084263378985722
0.05415503071896566
0.9970282935339816
0.719124394922769
0.9664872027735916
0.196324533684746
0.9791093331916536
0.9932168051191643
0.9480934427044799
0.8763120972542048
0.5687263022598785
0.6306679583589697
0.7977672831508852
0.7111831786140232
0.19254986746291902
0.008994369289721194
0.7150491654781274
0.2207320775351217
0.3757755487833452
0.32266542520889596
0.12398916839681484
0.959796766262411
0.2986485225879202
0.15883353724661664
0.93108630113227
0.3638582072618798
0.2561606941006238
0.027757775589882905
0.042189349577433366
0.727510354908875
0.21809441102187954
0.3168241293939108
0.7637563545337067
0.9980823516950411
0.7695946531288044
0.3528849508202847
0.8750017652238786
0.48563955077556775
0.20170934264471785
0.12971089555534288
0.22484404531952107
0.16578593795209262
0.4168453535198019
0.785668866748048
0.6811987643088927
0.9831347244901212
0.6158454670885075
0.10130994002956828
0.1400450554018564
0.45101048002594035
0.4413993738978996
0.12737105536375548
0.08782633019193886
0.8868904038551547
0.3667598717357673
0.5507654334865842
