1815437
0.8792187416502529
0.06678396232737183
0.8797508566444242
0.302601453008994
0.37703792299610883
0.28071241172475925
0.8281494844402276
0.8993942314260601
0.39776766858489476
0.7428373839742852
0.21947895873218104
0.8278684800393966
0.8641603390684603
0.22628055672758995
0.019687970561592882
0.33006132944096966
0.7133025193825842
0.26556932836780955
0.1982678215037349
0.1182742306317276
0.21296550762131206
0.667874503906343
0.11441028927492791
0.9233768079192048
0.12860734892257075
0.011137960044263262
0.9645869016446649
0.7311264428242996
0.45284920275301765
0.13607858003795614
0.9159698430984287
0.7862464218709871
0.21100630013812038
0.32363548050186386
0.9299972764946879
0.8317000002768645
0.06426157736030957
0.190227501929208
0.566519146654657
0.5945438922999491
0.04632795151933067
0.3302785479268908
0.25134180097990555
0.2299390104563538
0.7899531013123241
0.3887785769609926
0.588622965862943
0.29134267391088675
0.02637807151067173
0.5562201132129719
0.3044513561303066
0.8076008634366332
0.9738694325954323
0.44407106323278767
0.31907791507130046
0.21660512682929356
0.4707018775902202
0.9210141076648893
0.26264844436300383
0.23037348411757574
0.35347644028777736
0.7685040818578748
0.4729203950197509
0.1878605454192036
0.6334171250602582
0.9487643469977911
0.14332939043697912
0.08949684538243718
0.4812965870465503
0.8691641498596199
0.8259034618512231
0.301403128482133
0.8958992350949169
0.27398861763663107
0.9359064703150443
0.8674202604726416
0.20143810603374135
0.29793377837343726
0.2537243834020505
0.4735412619672633
0.19609967531582728
0.7752294067842674
0.6743911299812401
0.3720265146483811
0.8568980831058507
0.11411212264835835
0.6162838231655222
0.991429354937847
0.9952790334094547
0.9184424583298827
0.5678994450860289
0.5339540340391712
0.15342054391716997
0.06657918070689339
0.22525811758786818
0.5930133242524969
0.3329357362867602
0.14219450430744418
0.5523613634471147
0.7115487254474724
0.8556912751603065
0.9525348177297502
0.8832655945407135
0.8456212443778228
0.7707118627494456
0.3667010336009032
0.8767147844206971
0.8979761560182984
0.7416500251081476
0.8598434052189412
0.7329086743008647
0.8427302205381728
0.2760573076372298
0.9587360213005587
0.5868656520925424
0.4750257735931426
0.4907017903291918
0.250016134316805
0.4039724401111422
0.488440606738171
0.3464334846500916
0.7344442941427667
0.020695436678647705
0.4081383507512094
0.431608273324702
0.08886127824441514
0.19706132279557453
0.8891893942736117
0.924837714061219
0.8320878966438788
0.6773973822505546
0.02718760084763916
0.32584065916606275
0.4818346495014134
0.2919550111857614
0.6222331695600833
0.9074298922965317
0.5367580050785193
0.07442235128270369
0.7875476780429351
0.6121752652673725
0.5211206385494522
0.2189648826544348
0.9004326084559132
0.2940422245180686
0.38908322492186154
0.45531605391882346
0.6559774276768975
0.7883128323920435
0.30147566983935026
0.08157205806244217
0.9028694796035122
0.2823536544400095
0.15996588596124017
0.4617284552018376
0.015852719001658633
0.8553033165022452
0.31186499089536546
0.2686285765808596
0.7908272820501033
0.8565099885814591
0.5233772526531456
0.1328768724928041
0.23627843443228425
5.568079889322064E-4
0.6599243397440511
0.6444027276392322
0.17866706336662053
0.670971267228379
0.5092431968757107
0.8457438766983368
0.29961085873366644
0.945222370836066
0.836277294642386
0.4547499386041024
0.07912934236008284
0.28036713343963204
0.06845140711493147
0.059291412674472466
0.13192201995043162
0.6317156294224499
0.9757401866687728
0.4376902479882421
0.5925937496534575
0.016142057843332225
0.3320114651678906
0.9759722449758556
0.5309372097863277
0.17717663474446377
0.8224451034601139
0.876674038466231
0.8598271984696081
0.060771178009044746
0.39639887185180955
0.4838198686467209
0.8359769297660093
0.26863909853343926
0.8559128423068166
0.5848166646160293
0.047752295750888685
0.5203281556566103
0.7171145539678735
0.9923984904114463
0.7344343791269774
0.4256923109841253
0.28510679537435357
0.058383984938307876
0.38776691770968885
0.546186607699266
0.44249100106387806
0.02589407840012503
0.8493199170391046
0.806417121140627
0.867498932359234
0.2878090977970609
0.5361462799618801
0.8066356873673887
0.26977594584645526
0.6866276461826726
0.0024036523524086917
0.48237678156620767
0.7601793029322687
0.9645226559117148
0.7760588510215638
