1252325
0.85919184079711
0.6555254594932441
0.3522723131393035
0.29748748171179473
0.35844453553223654
0.8600403211345297
0.07187693238438408
0.8307271934399089
0.22438735258303266
0.46233718945124846
0.22005509087405561
0.4183375280737508
0.16324877070441246
0.34006684429695644
0.09844567761636336
0.307265222927514
0.2118173256996887
0.37395521609097626
0.5612249302486148
0.7858089486642338
0.186016999163359
0.33876361412281397
0.3619805584956972
0.040722828182048865
0.799226178677543
0.660777754991503
0.7990679265890539
0.4686932970029253
0.6856001210370707
0.009751065053372754
0.18230564551520811
0.8578692896065443
0.11541489565625274
0.1277989800603765
0.7737514039072563
0.9928208178150274
0.1474581496259184
0.38856082168685757
0.8914311489847586
0.530246864323184
0.32775047727943596
0.3270160527024749
0.8072776341286032
0.442948001016811
0.8143884604169231
0.7836623150541283
0.9191675645233239
0.9360254168744182
0.9850584629752069
0.3663328930120566
0.4318287259031821
0.501962274407186
0.16677812184761764
0.64875134033224
0.4425217493696153
0.7001897982923808
0.11668020355473396
0.8969916664434048
0.894784012686801
0.3219346753415663
0.27816130316097665
0.14333233597663475
0.33715567991489914
0.8325907262685612
0.6384758217283015
0.11156339527443304
0.8036908413697144
0.3715520159418507
0.22186319055186798
0.8386251845013674
0.4191897323717163
0.13339098086341983
0.8665543383054546
0.8345288992866566
0.5244703668108296
0.6544596577902745
0.9545114441994073
0.2758280392166388
0.21563131893853482
0.3854376908396404
0.18951192403045047
0.037481348316024565
0.1961394696221349
0.9430462541987595
0.35219673914437644
0.33376738693497177
0.7517102519874611
0.6030921152767762
0.19995980697366056
0.36098156404278914
0.4753298884710565
0.9222014195393266
0.32506343005667193
0.612966545481495
0.09340222742858895
0.8570482841468501
0.8361230562004672
0.4750975101371042
0.373886153632066
0.3875781084102903
0.1861115028723288
0.29316379856909325
0.6334212707868887
0.4446716864418263
0.334291287350559
0.3606589963698187
0.8028233012965341
0.8928903735511583
0.6999914568421176
0.17131162764420982
0.35896302143295444
0.42538909386103607
0.042902682212524135
0.8432591177615417
0.6859255902937034
0.4907781288187616
0.48757289999165065
0.8370879824937362
0.5894794824366743
0.7906609992221136
0.3990426734004502
0.9620333277195778
0.7562678191299663
0.46177011512875976
0.712068419578604
0.19295120668096954
0.9227668954183038
0.788067869362236
0.6181382317320125
0.005247807796838422
0.39894008501970946
0.1758760772768604
0.22249383092196073
0.7757694627435245
0.3776478074502656
0.16904125210896948
0.8976294277897252
0.29472801067058707
0.15325735184691391
0.48133981893047195
0.5802462097266897
0.5870562657705997
0.9715286243057013
0.3797713170671213
0.18539916801193468
0.051158808007126355
0.7377353914370874
0.2650839723417766
0.644580625014247
0.3888431714581606
0.22111393317393957
0.964821832548003
0.8137424564202634
0.9222875742956993
0.7111138019770483
0.0793779936107496
0.6427673279596059
0.6722208770821527
0.3045587475778755
0.7029839721229852
0.5496565368155011
0.006061243436942032
0.13270777972084402
0.9792604808194325
0.9007101572830091
0.7555801465667541
0.8733401289767749
0.24490003508413605
0.8622330355806512
0.4507287213232255
0.8353698172059013
0.9652473035142454
0.6598076855291481
0.7195835573174614
0.7521291068215055
0.27198855625021323
0.45793343757138927
0.9639398923618986
0.17434228141137598
0.6758564098896462
0.6558383660708671
0.13589956195240538
0.014944478205573763
0.4462018819502177
0.3845291120901886
0.812872506321221
0.365282693283307
0.2244808970074712
0.385650691080033
0.7967298998545921
0.17586953553884377
0.6701474417536217
0.2544870351598537
0.14741802698780937
0.774742252276613
0.32514148607674487
0.23743994067763452
0.9021618591290466
0.4826130724193153
0.4271042323637334
