1439838
0.38858279017116826
0.7284579450822192
0.776379539097245
0.1016496230498466
0.9103925111540118
0.4123763419311689
0.5511958725920307
0.22046533346137664
0.930521598239625
0.39326156986626093
0.03619012655904563
0.22471247321969068
0.7994792311079228
0.521743226299699
0.8300437863013308
0.382138187982189
0.23334911680813653
0.8400367348334496
0.3400336666601823
0.27151096301858146
0.27117876515406114
0.46183525313208174
0.631769113015585
0.7694333548560045
0.06843294409521039
0.563664484070248
0.3267395339709921
0.45228245807836753
0.005912491695985289
0.09039138754324494
0.7209209254440444
0.11997366785730046
0.4577961134400709
0.02464927153705232
0.7400723177666214
0.09843877626713926
0.8329721704809135
0.9732613973356435
0.6959860165720356
0.0841542329236945
0.18058405903659425
0.38331547908625807
0.0628385186677839
0.5567513706312525
0.7337213170467686
0.9163624413593908
0.6539215442184017
0.2046853242513409
0.25444595712792817
0.38128203133551586
0.6464154963538573
0.38413453742011694
0.9388518605482425
0.15467932853394062
0.8755006897629573
0.3627487977887256
0.9426120061100509
0.20224586105945075
0.6989841060680294
0.9875579104278257
0.2954772926449142
0.6553391881560804
0.5197526067135413
0.46029962795229407
0.08744755706672092
0.39410592126156674
0.7457461822374253
0.10361983443654177
0.32984342945277
0.24179239853021173
0.5657776851877917
0.35804375988011794
0.8212659338555522
0.18445865405180417
0.4244081206634073
0.7623124245103041
0.6814380165939028
0.4961305368974215
0.49021975815651087
0.33862327955000426
0.9551802805729642
0.771496232511861
0.7292117846602083
0.629509911374748
0.8342807240288354
0.6465727581150643
0.4186761637650406
0.6145406528717994
0.5967766703985098
0.4223390742696117
0.06679415796044263
0.8727113404017242
0.3211742764185025
0.8971521622754827
0.7393270586115147
0.6503527455076481
0.7973889850096845
0.4608335182816429
0.7371567238964943
0.9445687699488944
0.8266985413718204
0.9066327167999796
0.4170653805861477
0.31866617336428393
0.27975719507069496
0.4768461560946562
0.703025986225748
0.9287326698726385
0.8647283883811042
0.3736886433739567
0.4964081781475931
0.15946519470000975
0.546850243890281
0.3390859698550793
0.760886416582466
0.342545166775451
0.9562567608216508
0.935377259942428
0.5314714124456865
0.2623034926247706
0.9226345910573658
0.8434856118754458
0.47696695335163397
0.5411128740590663
0.48330409419271303
0.8359364654255027
0.9312886138904798
0.5408906491540443
0.3255699385245947
0.07917291097165491
0.5014623891016415
0.1172902290159703
0.644695619833732
0.07293807343988545
0.45875519410307797
0.41960524819081757
0.825613158695633
0.8440640670395447
0.12427088312983059
0.9421048738648631
0.18948735201692435
0.9778286073690831
0.3714794579498574
0.20146523723302145
0.2855118948322185
0.6921095669308254
0.1855287499932634
0.7401559955121497
0.8538223796064794
0.4378884128910746
0.9428216472089999
0.6370872989161782
0.637168801182777
0.4442243352508699
0.7042240362502227
0.34451731740721603
0.6769985656592677
0.21664029052420353
0.35140214252730706
0.46416592924385836
0.5938579900061424
0.24493304137969985
0.8381697904156384
0.025675412404406628
0.6225289706835094
0.07973955483191264
0.17736022227145543
0.9370041449790532
0.8490746752439323
0.4967621731962111
0.0386185160042114
0.5390352013628156
0.17997609547972604
0.6833757766233443
0.9936445719868834
0.6156263605868715
0.06279940865176781
0.25440973175175285
0.5127989734347482
0.7855234777601618
0.8733413114344863
0.43221840536307
0.7906166673969846
0.93400531994876
0.18595806950623917
0.9107241797248454
0.3576566642072857
0.22982171955483022
0.8517908647639142
0.7639367739961308
0.22224851522844635
0.31693389891013934
0.9238590409507125
0.2565236692665044
0.9780790364666497
