1414949
0.7363720628412765
0.9130042143174824
0.6611403436821365
0.46133740044420535
0.1503398259363069
0.10318252726603105
0.7822482280723771
0.39908544390498313
0.6495977717152663
0.1543293148524184
0.7264222091509239
0.4236267990666691
0.901514705801718
0.25264095712996204
0.630232355479274
0.03206926169788227
0.5347287331431855
0.6307532061432344
0.07687332920479106
0.9586711515038123
0.3383232826088576
0.3092377694146462
0.6217664610239292
0.8417056145187981
0.8927019192535858
0.31539840756716553
0.3218363100168119
0.6828864738832778
0.37694333282238446
0.22204865379550576
0.01568454812096509
0.4483851238807024
0.7163635487556255
0.3382109089387608
0.9739545533094642
0.22785086170322089
0.8092073955545087
0.7791841224239614
0.06749999210136004
0.3414798285392394
0.3028364739488554
0.945185832743404
0.7855416493947033
0.6650604905394573
0.2774765770957226
0.645781150375914
0.27681610976345594
0.2290565396369576
0.23953266394648165
0.22157016566303045
0.08379124518238035
0.8401706231237541
0.026674507184357377
0.535112245693084
0.3933430049413833
0.07246567101842505
0.5833419317248302
0.6298237130603617
0.43685855060221856
0.4800025464229071
0.07801356506581336
0.1885936409879777
0.13855152757321032
0.29408670862709885
0.5025282500521219
0.6631196424295235
0.23284453140055095
0.18559797702115
0.7189440517049653
0.09047364665744762
0.8499955749066048
0.8965118442479755
0.9008645878424469
0.1651658961392417
0.0037142125273524895
0.6746021192058621
0.4538578227055622
0.09298223927742655
0.5053343099317955
0.4814487214400561
0.7935381707815932
0.11712859360732242
0.5761804455485788
0.8862564297713783
0.8100775425878609
0.37772360322663745
0.833085086095365
0.4066236475592997
0.4543566134828757
0.9424386957820274
0.38158410981392343
0.8122827433274475
0.6436628440103146
0.4290923638357307
0.4671388396491767
0.5689667189049985
0.6037868642725268
0.6302633426416981
0.5068022572772012
0.16693947685101684
0.8395646792464279
0.9454951779555872
0.35206871633622616
0.5523596988001862
0.15735770043543829
0.22842278641094815
0.3182151632488881
0.25953163432311066
0.550658901633436
0.864158561802271
0.8562635969101706
0.1282282968046904
0.3039574244481692
0.5065346366785834
0.7407639643413794
0.6826557101690951
0.3701907591846947
0.9253045698183046
0.2999173850478759
0.3472598900371172
0.9335576852945272
0.8401662283568622
0.5241296745231415
0.679460444934294
0.08216106241095522
0.45147531616646
0.8549056848988312
0.710527999528249
0.6838949338296061
0.6167765380946073
0.07806510408012857
0.3032052844218871
0.8841855073767335
0.26778764712193437
0.023580783984835207
0.1583046743408557
0.1256405927497788
0.7142289741738473
0.7089108672814095
0.7323972200535751
0.22735853443514054
0.9388993210575528
0.15351644203393255
0.8648422230382697
0.8555912042653696
0.8526562643368222
0.33932669807357196
0.35478757110729886
0.6676527640831244
0.7484677733198675
0.6952336622323272
0.07740543778614306
0.5174099117049868
0.8704584610992242
0.04326943096420477
0.48350981127559167
0.37338524881946156
0.0968829195483446
0.15993850589399528
0.4878353706901277
0.01945048599417476
0.22521565407496003
0.9782486354510235
0.8186399927482705
0.18328193262473658
0.24305496297679918
0.9843035368136569
0.8749263664474424
0.46919505207169165
0.270296431220047
0.5468915368284255
0.017460371074144998
0.35967157929738747
0.5660388157314614
0.7593239339510875
0.005897105441261319
0.593836778340135
0.10794346245409103
0.86984811487049
0.9867083278978362
0.4313402110877692
0.7722760624119318
0.5302794489304956
0.03523733900414827
0.6665390492926709
0.06961719541289602
0.9020678716611785
0.7600910830676711
0.7705775200299891
0.7242359791118603
0.12483376109300937
0.8892110784300497
0.2079019746306564
0.12437931246213363
0.7744794208410729
0.07434801753926523
0.798946375369852
0.8162364691103832
0.7163020564087097
0.37429813552790847
0.9821676730575238
0.7660968865715587
0.1931041436722446
0.007141329538758012
0.9663068224334441
0.07322685307424515
0.07911859905308982
0.9978546198342216
0.0576956832526172
0.18024857970589647
0.9776350716411748
