1525238
0.008669960077595795
0.22872544640930614
0.8999180382549503
0.8483666419740532
0.5009003398347478
0.6842052540232004
0.35466149678191417
0.21077607705009826
0.4661193950144721
0.574956470854911
0.7363877297580865
0.8292288427750059
0.7930411605127637
0.07083756890318094
0.49758388725183034
0.5466826499071953
0.1099792827905568
0.5446756947880511
0.8441761470387745
0.5099177438628251
0.5426964293929705
0.17832573939408092
0.3202248098535182
0.31924214647557325
0.11658365067618226
0.7082451300871869
0.20243087835243523
0.32608990645558766
0.29355679724816475
0.19184072344483816
0.2519700844983639
0.20830369664300907
0.5373771477916781
0.5244765568202177
0.9776156515564951
0.1296504879410474
0.8606738037430116
0.1919140859205326
0.3268061008117431
0.37312746887540404
0.022766129945700597
0.4040899078190696
0.6402600931556065
0.32687295871225297
0.41945380554778156
0.32351763906801245
0.7809351715312041
0.09700448133058337
0.7342635329474195
0.5752347591595743
0.5795732492174437
0.8234646633828638
0.10521111120143722
0.6050969529158076
0.12677007396696083
0.9829630181211608
0.9019579620929358
0.7393559786987977
0.9854521610581214
0.5773593167185492
0.20531146754282514
0.9908395810068811
0.0978393574084504
0.12634271312318057
0.734339262094421
0.7556848567681719
0.01741668801344265
0.8100178263693711
0.2759370462540204
0.5494593870298594
0.10913459575464668
0.940017441958338
0.6375108982948071
0.8426370468460741
0.5300018180409607
0.17701877860869752
0.7655042615990953
0.8727783765408372
0.12743054485369454
0.5580485539330687
0.9508210185557434
0.034398379537881496
0.8741388000300905
0.4487195544804513
0.9767657690680368
0.07738690525133551
0.09611004693122982
0.9935493535943107
0.6559431301586779
0.880980108655145
0.5440562417077068
0.5017696584294001
0.44962774504108294
0.012664048054119137
0.3090242467121773
0.47654243074045266
0.7664377321155591
0.6300243621492699
0.6892326187751768
0.67225715976107
0.09671362581985021
0.5384387543932945
0.3779198945601676
0.6475907559978543
0.3548262023074634
0.3786416472639873
0.7609310634927776
0.7712699556658557
0.673705950032908
0.9855736859090997
0.6879647408236197
0.5329840588450657
0.424208108484291
0.9335610411009728
0.8128480795131251
0.3136525549882343
0.4164969388697851
0.16275242901903508
0.4859023720295351
0.47726163616313
0.08145322019209256
0.3678748936111569
0.22540735665337008
0.7607400244204323
0.9271797934271925
0.5227516877931044
0.9953675750704394
0.4588528027202905
0.7189995322222025
0.5126588306682743
0.873229579899145
0.8278503550949954
0.6409112169615786
0.3514795446655826
0.20389370668538453
0.4646161540212309
0.16228837548306374
0.8717485489610692
0.005310099234014043
0.15731613874697004
0.45567699977076803
0.09306111866960076
0.2161431767321914
0.8490592627111005
0.9898681121534358
0.6979546001426383
0.35743503421244616
0.9078373106090483
0.3569915693795722
0.17425279069335198
0.317892306485008
0.854019554281359
0.48319752827077345
0.21899648460997345
0.2663677469252852
0.06093564704470811
0.11956296377251308
0.9414663626971088
0.14530184181771588
0.7145880354217586
0.913180040633856
0.2514370958899942
0.8053361753193534
0.49529293154489196
0.4179543166130626
0.573684283136954
0.60400436015552
0.027056821931173092
0.12046034526351923
0.6908990073684858
0.2103531020811934
0.1297532312240981
0.9282731855326691
0.08454714907222405
0.4325398436046717
0.3046718936624313
0.596514184716311
0.6168437093934566
0.11689993300296897
0.685771353903618
0.2529199390888437
0.7768950567868215
0.5546706198897601
0.8969722841841864
0.522563315980341
1.9507242249550139E-4
0.37650548634582715
0.8700882482927614
0.7504266154319641
0.7630435569159777
0.6151069658602601
0.6984969910739476
0.4733458868615681
0.25208840501596286
0.4727512835401537
0.028414500934389353
0.602417147905103
0.4140759125684951
0.3431745230417105
