984947
0.3226405984584668
0.7427744143485033
0.10202601726714644
0.806234060427061
0.570903713155136
0.6997206164856993
0.8514325728982409
0.6389550658623684
0.6664394863114749
0.49851208695363514
0.5437210384508268
0.36801722034854045
0.7201964124977419
0.17966839794163614
0.8440794041527298
0.526431406952266
0.04206892522096506
0.22249869790046162
0.8369103026238349
0.5711023878748734
0.38281617011717106
0.6966068512588032
0.7245356726089526
0.36816812170654656
0.3008333707202725
0.14445765386075682
0.8034177305840821
0.2594519425611246
0.19469895859754216
0.7576564335644487
0.18704315006093775
0.9860591223791633
0.6254303229503732
0.625415209648761
0.9057496403198334
0.16409444402995232
0.04163702679077719
0.7057486521353991
0.08115773114997182
0.5826733243145663
0.9162695516575896
0.6982629935973126
0.8465026767482259
0.32584343289178874
0.6054186614101235
0.18197223200319335
0.5640444042107424
0.6077298145630693
0.9476285961865115
0.22239538380454504
0.6768664261741539
0.2541616156571711
0.7364449555172595
0.14925945025979037
0.22475728529929995
0.9642335643218463
0.7194261393066411
0.35945282232790654
0.6525010709923961
0.8417011044167932
0.7036048567785953
0.809444187939251
0.04378577314293364
0.1988030432931841
0.680394112378507
0.32720230713916165
0.3250722171193303
0.30405116065051274
0.6221897869928272
0.995722643128475
0.3011478715761885
0.5707210828757479
0.748430048741372
0.6385863351816472
0.6077233614358215
0.6642248664495225
0.6106290685124586
0.8725484126445835
0.7963123556013074
0.14423998120203496
0.30391099731369253
0.2829715735963446
0.8027677517480185
0.5514157031263478
0.476827426709603
0.024992565557062973
0.9932306562739704
0.2986724130046102
0.5817498203844614
0.5566284952051369
0.8298807398469943
0.33355537854048667
0.9848856923500723
0.2696005425521326
0.9537599244857792
0.30079908517023646
0.13797568677548977
0.49947315846026674
0.1430738511827434
0.8532042481928066
0.002986159290581547
0.7687767800889318
0.17275843941700142
0.8341245892057829
0.3166196365068258
0.14510261381752243
0.07473182819566493
0.2863054851520004
0.0832237586159752
0.2807284835630567
0.6781345758618641
0.6295127714546357
0.8926865289564663
0.0411547069602346
0.5949939378762691
0.8933342172063429
0.2741641395528597
0.626999604889236
0.00913078677255208
0.591732498592787
0.3169947498354563
0.7470242302181894
0.7247607186398491
0.6823729874697289
0.2169102131573154
0.7096266200820287
0.9361234501457537
0.06644559372874492
0.23866475800153708
0.26596591693705907
0.09060753904324403
0.2536448089892963
0.8254581373543658
0.6599469014760113
0.03522040167635854
0.14216767907540762
0.23103794428998314
0.6186161779883895
0.3598861359798514
0.3450347001970392
0.10212418756816788
0.95109128761492
0.48093678623530967
0.1317335440558508
0.8968067120214371
0.014964306143746553
0.5442952441096974
0.8481316497555483
0.8888236032793109
0.5561920403319861
0.6702309080351875
0.627798154790786
0.7781374376298964
0.33180487613970555
0.41020195354729994
0.3143215325618338
0.6049827578906379
0.4843372630597076
0.5411811968282643
0.7769044842453793
0.7475672434224024
0.8527021481136722
0.4839946616949704
0.22046267959020927
0.2728658837990109
0.27630326046393894
0.6995855751198351
0.6666496291604775
0.8054559354397827
0.47749804577502863
0.3907489358693269
0.5136751672305744
0.38109766280152946
0.29209583148415386
0.716764276686339
0.970480087572129
0.4597744482119288
0.8583947479595888
0.5144878902161434
0.20477520842811003
0.38716272746910907
0.8723321323369585
0.21184772175604194
0.24464798341940885
0.11401088860663999
0.16964338297547166
0.21831768575614863
0.029885703830143218
0.9096635847816059
0.7054938556955481
0.5818303277784418
0.5218588661752771
0.13897560252190078
0.4678697824319905
0.11272007743186674
0.4497543575979359
0.9111180449102961
0.9830833998550872
0.49267189839306913
0.09614290925338353
0.5542862001584318
0.8500687765090845
0.11028284796611254
0.5063106470571548
