1090088
0.9520051316830421
0.28224119222517907
0.9191728087933692
0.418414940842154
0.43737237715429467
0.6302270105529356
0.818685272028362
0.8995971945502754
0.9871687164508656
0.07401331055162574
0.5508504738522648
0.7148000750385978
0.5924879347798228
0.6715272632965898
0.590529171512988
0.36288993630132893
0.5566891710634999
0.5563630681948283
0.37595793765634045
0.3469108872415173
0.09638054487467085
0.49702566127213355
0.130415717047206
0.8525135077277349
0.7910330266464101
0.05499493968094704
0.5410191217283429
0.675426769657731
0.7334273484583791
0.46358946194552564
0.3680419624813752
0.9950500251959409
0.589583173140452
0.2763662844496726
0.8677234969240404
0.09612388051518439
0.2895139847698913
0.16680097202636646
0.37735107033535975
0.5515725740206862
0.7390975701076123
2.504388500342847E-4
0.5334729411894726
0.6969919508415818
0.7685461918845368
0.44470824433568057
0.3724171028760569
0.450891411241939
0.5144067536334294
0.9386204762631083
0.9968625514463015
0.6646798408038634
0.5697159946978768
0.7920374494391298
0.5830296931693227
0.22251909432713213
0.5308814024228182
0.5616352025251709
0.25012677794143623
0.05355088472217295
0.020053506817205746
0.6106475970121716
0.7170095937760832
0.06763633673420832
0.868201110702025
0.9415083168001988
0.7305822084189156
0.7806294252251186
0.9067954958360749
0.9720095671288365
0.9662864323132574
0.05633947112428217
0.7349557576833035
0.915042193316554
0.4730982437903516
0.9597195086047466
0.904102222820368
0.817489910373802
0.7637699323196044
0.18945094117981898
0.19361052434749138
0.11560744508475229
0.3356265679788202
0.9379775069164811
0.03865372783304166
0.7722214738269862
0.7480458764930557
0.31317409769790794
0.7153661186644342
0.6753495238454768
0.3798213316153416
0.6482193632109647
0.5886565284336726
0.9983413341720769
0.6429279440797737
0.12487331013259839
0.5844450737419166
0.648403599321124
0.7387807212948337
0.14024403917854122
0.06079243197114814
0.7633779534171901
0.008896826141369996
0.7582610194331644
0.42133567257247084
0.45589911358107327
0.5539412454748158
0.40445430117756986
0.1396404807597078
0.6495683290517181
0.07345780263458568
0.6862726613958793
0.3445246544413654
0.9035349481201623
0.8131563400463218
0.851056073750022
0.7541031125584801
0.579886629444465
0.09744798386419284
0.9299107809023613
0.5402498766855309
0.572506785725077
0.17199024468068624
0.05811789147632396
0.6553681291394303
0.08656549608906339
0.9843244971009684
0.8113398399567782
0.2598042582300828
0.6345677760914895
0.09025823889160534
0.6517710300723841
0.15093754791328295
0.49789136194073824
0.08946493268420563
0.7395124662002651
0.5139223052520664
0.3920035582754319
0.865845075535224
0.43183248088011805
0.8892545196164005
0.9690546917789314
0.436511278246553
0.7666090396956166
0.9837803740347297
0.09330338224108903
0.3978322014987531
0.10613122299454081
0.839459677600825
0.5328369781275896
0.797788409511483
0.9035711336926071
0.9181418447020809
0.8253080026088877
0.7609654617393352
0.2468193834840332
0.8608081836868539
0.5959152124031148
0.34582862707150475
0.4330108040245496
0.03617881538245227
0.5326161241189704
0.9234942862055973
0.3319496861705874
0.506278575350032
0.5565652550398478
0.8330335683677426
0.7077763546051554
0.7055009913019252
0.4650301687714762
0.19041385463793115
0.9856001312261268
0.9549048654664477
0.4695455320682401
0.5065042168691912
0.17345623840017743
0.914923668928984
0.6038229578942028
0.2041411270212321
0.779827253897641
0.21736287272834565
0.9339420423113296
0.21507095607046245
0.6031021460259944
0.811505497121833
0.8676064888810058
0.5846564507529737
0.21172934420148726
