1001438
0.009342375514973855
0.6297560505206112
0.41555435305342825
0.7824525017653635
0.8213875950247769
0.14858390066260907
0.541141580146284
0.7189007300304375
0.9372361343859041
0.17901575609072218
0.03528828395545025
0.13393793324255998
0.6239652525574865
0.47996608332466373
0.037145543659421354
0.8465584682609204
0.8906768618916818
0.25719314131067983
0.3979364809703705
0.017749465161551625
0.49892324935116283
0.8853340184841498
0.3413096787590507
0.9296225686557801
0.7864538628718789
0.13070710252657602
0.6696337332453445
0.6982511002069783
0.8156663681527101
0.7107282685860541
0.04568291963143334
0.9030311175017418
0.058340133362762
0.04629450775772248
0.5324831118723338
0.21401781318306312
0.684676041693385
0.4902465750715488
0.8836587098029938
0.10357155243677663
0.5373614252178126
0.1480299339638611
0.04244038428211405
0.6397804054233889
0.040324597284321695
0.6459312741522484
0.9295647366430854
0.17650929894436218
0.6170384296417613
0.8477757498571776
0.8786168317774234
0.47855817849144267
0.6746781796964321
0.5727273336795762
0.011936703348227495
0.45029490821112395
0.8481334004768563
0.8248435284247297
0.4410318962834273
0.17226095616124681
0.9918198985434673
0.9092923845676893
0.42250753654631024
0.3926312271998188
0.3574323480902879
0.08064819428470682
0.5038466539852886
0.9690416297648171
0.5022239007461294
0.045440243162992666
0.2529430290532019
0.01118153946846967
0.735094147053231
0.7241360316031652
0.38110957918392085
0.6356802865091892
0.3267123538802751
0.16699894784140024
0.9413554872836113
0.3122001852358709
0.285097919428424
0.4137679353429139
0.8120456779961005
0.7532814460270418
0.2295258845249062
0.3888643666421189
0.8606262859910907
0.180366636477176
0.7833195823713325
0.6318390837252573
0.022920477581758414
0.5845656212258505
0.9500392413461537
0.7770311517277547
0.030568922190772785
0.2931046771108192
0.13776922733561825
0.21691622841175684
0.6725098089635939
0.7510360804990883
0.8526531070125591
0.310381881412679
0.28596347839030867
0.9326674181913231
0.5955202866431886
0.8301738920454268
0.6382069212758965
0.2083026457625956
0.16439346359941032
0.08301563655823041
0.482494109334343
0.8092698801256291
0.39086189393922477
0.28141093042884524
0.8497979623652667
0.25784332142325217
0.319749785754725
0.2978976343876558
0.572620410233928
0.2585501474989854
0.9792056848651091
0.8905282646908593
0.6279372220190895
0.5834852236646212
0.1822831161073506
0.8526105630223361
0.6334143030379538
0.4266402846356483
0.2512781389958436
0.3102494865885237
0.234353314305482
0.5508859106305032
0.1625356026635767
0.5679896346729695
0.17839335087206232
0.30612850176816553
0.3721298360347506
0.4858652093511766
0.5908175686407008
0.25829656053933003
0.5017723515070547
0.3604218145227486
0.33538201054225125
0.7361936034783083
0.13949294337888607
0.6777828746638749
0.373905917826438
0.07688807595859293
0.2410872267024844
0.9085910420705223
0.7224319045919892
0.7301930528212283
0.006017987672988889
0.722662567822124
0.9425853515073159
0.6689215091181709
0.6454035475754085
0.615450520369172
0.10383246634785648
0.7439859584673858
0.1599213988287519
0.9589209763382203
0.8056565734682977
0.722043744930723
0.10190106939941757
0.9162032119243568
0.15824315120123988
0.7482720873058305
0.30857478226968993
0.4923839024701102
0.5860835661438725
0.8879902463799433
0.7624006223461981
0.2330719221626626
0.9409784707035503
0.21822830670092486
0.059567519637099164
0.7278691594792785
0.6892418721220908
0.6639755381745203
0.44923726573850553
0.1276401464872131
0.8724771246788781
0.40372362590131894
0.043773541958674
0.34248082088211507
0.13211646737865723
0.20505306196524686
0.5941537124411045
0.4515451735884852
0.33498640597516516
0.4933940545287535
0.17495404687863036
0.12639609370772698
0.24048058153874252
0.30572544410157176
0.22974487297917734
0.5463041069383272
0.20949333932232828
0.5358587084158175
0.6904267729829028
0.3669262991167094
0.17108669007901067
0.039086518652394764
0.3029849687454397
0.7930548410273044
0.934933497950411
0.23135806034527273
0.867333729478133
