917712
0.701632806710744
0.46590113062506855
0.7917764074377179
0.830368443865073
0.06299251271234041
0.921708862578651
0.9570959820269105
0.5590380315109229
0.6162795027450885
0.09541326278303175
0.6830307390256335
0.6641957749024272
0.869283218365618
0.4015462848267318
0.639566661129066
0.946181687232003
0.013402988751114342
0.6980506162098313
0.6061053754964877
0.889535713452405
0.27123600147944804
0.04572725655743071
0.3371474660060495
0.14693496454004895
0.5272816064932164
0.9727312518347615
0.38035803440250404
0.12139497884409611
0.8315142234152343
0.9337205695536742
0.6462392815228767
0.5809691612580555
0.5110846571306056
0.43158471388166675
0.7522675563265157
0.22162664542693
0.17716792544827198
0.704249170536241
0.29423553017958715
0.2316835929415132
0.8719830669705007
0.9698723729211735
0.23367282386628208
0.20510865144884716
0.9652682575436049
0.9708222073292574
0.532600917648795
0.20121834639981895
0.1800028304303284
0.9601391261982337
0.015511791875393421
0.3547235920403714
0.30392494871532805
0.3337638319500448
0.19334131809443733
0.20278387390048302
0.7264021026158357
0.8276269648917414
0.4453426124354982
0.8146708880379556
0.929468661814362
0.5707695701659504
0.5221461587603288
0.8848386706637609
0.4573537564204636
0.31398218828697433
0.8069273963472435
0.1816428880412574
0.6905789021232821
0.8380220542627195
0.15148419020526693
0.13164653530036718
0.9587142542011448
0.8862872141018768
0.39016046795479276
0.8633958985801664
0.1401390618329057
0.9638969509187796
0.8269343220482624
0.7347442013144809
0.9176601199446501
0.998448563782261
0.0896220350709217
0.22424751352172667
0.28559987327625247
0.16729039664225953
0.7500324776558622
0.07985112989734611
0.7369734952789996
0.16197165163197624
0.020038542221689548
0.7870314387584504
0.7986321898929052
0.7825994357667858
0.6509158421613376
0.7437522595842557
0.2277577001656117
0.03315450048550661
0.8869310685619416
0.011041131154104877
0.23485076268015748
0.8233864530879115
0.9540456584133796
0.14568528693338434
0.5563643337807712
0.9737307818210489
0.10073295672425386
0.4154934105355633
0.06438990875223605
0.4667588800693855
0.6502900122993011
0.6477634600637758
0.8713130673900894
0.7919940571523715
0.8726579370950276
0.06804334135506018
0.5641127025110793
0.7904956062853715
0.7386475608747087
0.7489653623534007
0.2859852847449236
0.6214341326875661
0.7805999114286035
0.7078816992736363
0.8722344295877685
0.3449511589609866
0.35089383100916227
0.267222794794461
0.14287284846430248
0.1439167856948056
0.5433459061622621
0.022946133025596005
0.7561421203226072
0.3917688960127552
0.9224309153199131
0.654138107646987
0.7351635279109341
0.6144384078625683
0.9913830389680147
0.8507773293641836
0.8941908656900424
0.8914347150356025
0.02262217075149575
0.8368621271408059
0.9114438380336191
0.3944864292136715
0.47258110576160073
0.32255162672442816
0.7222587547881651
0.5717021436583725
0.7078930967505564
0.23166391610821924
0.23930095134451812
0.9510370008053499
0.18103195207955858
0.21982085641213955
0.14584098033679294
0.6589203956708828
0.5108792756873706
0.8237238644747558
0.653604723076239
0.5282211648531691
0.14732667725124282
0.06349116242881137
0.6684651077660608
0.10429641480669227
0.4289032900809139
0.45768095360956584
0.7652512458180305
0.9486906552348845
0.8785521705527828
0.7045718544128949
0.7372081660982351
0.387122349023563
0.5250612832121022
0.7334658618261775
0.25614884701618224
0.2517148177823568
0.8862882438366907
0.4362253966066877
0.3560970868180988
0.22699957402334003
0.005200682801293488
0.15195079228808261
0.03622840012333073
0.12503950274498943
0.5908862414259247
0.8966499971112332
