2060202
0.9582677638884501
0.07727670973391998
0.40922965497993447
0.4768874782328425
0.8844455402010377
0.6685577334926593
0.6245438517320847
0.8398843701049117
0.4408394072896984
0.2754751722974853
0.7197916423946052
0.0015679595795023982
0.5182066928835348
0.9820898493727616
0.7156248449709702
0.9324689664058972
0.4455723781292097
0.025659579454318404
0.7443253066569949
0.48599113357275425
0.21910203998888034
0.6804843343705992
0.9348692689767254
0.03220156243143346
0.9910273851646083
0.1821462601572138
0.9500883961115623
0.9294556408912122
0.3871365761458573
0.7765256277168847
0.05156832333281314
0.4167722380503045
0.12466135526969035
0.3266065295949395
0.6743711944990446
0.18663387699448641
0.9619637544679889
0.16496914586110112
0.7563633611256052
0.9808933750774769
0.2272451485131094
0.04099797711562103
0.4858751626266439
0.04172674268894949
0.045570968772009945
0.0792186849577241
0.7066150972606838
0.1450798711546183
0.9118245592623887
0.6388083613321777
0.9502053833526426
0.24581437364931513
0.44177405302154416
0.8442074925867161
0.9544021505934374
0.47176557181515333
0.9742561933042093
0.3428941182362871
0.5690079686740467
0.31818379022079857
0.1945520918263549
0.5387641521300676
0.15168019973447822
0.41453747486888426
0.10234902493566767
0.14819400175652653
0.9122838745532015
0.16241493409256802
0.45725391405863414
0.4307446951723496
0.17713308081918888
0.8762689073386267
0.30064351459009253
0.8575997955319413
0.21341008110630288
0.7980062343329354
0.27470730264637855
0.2982118543790514
0.07924701024437697
0.5019327447961497
0.23785890468760285
0.02926475689772179
0.9463996657461357
0.7583209384089964
0.11026237456170296
0.9999431627933113
0.4801392234084405
0.8818762682106427
0.9740403135036741
0.8236313965781111
0.15493176415486354
0.9556355220445217
0.1998002013170429
0.908548789653074
0.8346721752051232
0.09133839288086976
0.7744368482429225
0.9884597542721248
0.5526829392286231
0.06407142098938867
0.06473810163535487
0.06948057280012143
0.18938482427525893
0.24199117003804005
0.9671418877247979
0.4701374830545627
0.6644910050238105
0.7211913016968101
0.766062773464814
0.19921327934404254
0.33577181149045787
0.9712861541295232
0.05152668881317035
0.38955268671105514
0.5278825650764921
0.09904104692642213
0.7314223766291531
0.8858795621031689
0.5024422111353256
0.04538742461172807
0.5144989363830761
0.37081133701968705
0.7244957517090812
0.6454189638421317
0.23730905365910548
0.605639904255863
0.980688911131329
0.5014721458349193
0.06161711528512748
0.46107982021716876
0.7609289116056548
0.04615312985246556
0.8783631118548072
0.41806838642483624
0.3279997717776767
0.005180118572161052
0.22009201862704975
0.12983449181616113
0.06854720855778806
0.7091683912128994
0.6058298102322377
0.4538361125202641
0.044042058936582085
0.34899342284200185
0.5207069041321961
0.08579913918901372
0.1417776874966047
0.3211241308035887
0.16720044379012922
0.5579730317068317
0.863651234083054
0.2673277024346349
0.7156871584090908
0.8998515679828483
0.584424524843763
0.27740399972701146
0.029068601695201424
0.7019897618524756
0.061355351277421644
0.9941158257127007
0.7395511224528816
0.6721809195864044
0.0835353892766838
0.03623918362436118
0.11523319496460338
0.02814047219892246
0.41196631484409174
0.23866562955865966
0.3699729158610098
0.2319764067223571
0.5803505857866791
0.6977459289686248
0.9420790631881926
0.6391081251379848
0.7017695085850673
0.5055729653276361
0.7956888758310762
0.6079293947604881
0.1578656463549628
0.35865908649769573
0.9832669123317266
0.4963932912959076
0.9348424617158574
0.9344708819597366
0.5484785899842427
0.7578294189678735
0.41453919658739735
0.043542598211135264
