6845456
0.7906492216480117
0.7816874716278028
0.22419265848730896
0.07009720948813791
0.5612059842698027
0.9731248944495938
0.14732262916468397
0.7737131481336309
0.09013141064527097
0.6272365883619704
0.38230870088951174
0.04246154597600715
0.7277755115124773
0.7678764334784681
0.27395707312306117
0.7850756204279556
0.7360938123911888
0.9627521898812561
0.6370746829208297
0.9213174055949218
0.9622256259078582
0.5970738960143516
0.7173024254117155
0.18969581697922855
0.09464618800299263
0.7066211435223269
0.0027257063354759747
0.2775581247687081
0.04440381095254686
0.1620075877351418
0.9761372438054512
0.788477898607951
0.7214917888437844
0.8875225958983062
0.015989718816239784
0.469089144434355
0.23519440808856928
0.9707823074889008
0.3034914159946781
0.8059926116421887
0.33728527859394963
0.973522706617948
0.7739606458488926
0.5730875817308311
0.748244891486455
0.48922001124310854
0.8624699213270263
0.1606578178613154
0.8592041679072587
0.00982444636592994
0.03697420881426061
0.5497681244285452
0.18610891443614797
0.4617455370180391
0.8865320968085298
0.6090037708148038
0.8676398969243592
0.3503282560812091
0.8378922935557971
0.9853116008359704
0.44471191430380375
0.31241136076720233
0.4106326981679471
0.2366790088274915
0.13691455563003663
0.018160068050252942
0.2892022738475768
0.011612224017374828
0.8400458714005271
0.7862178784337286
0.38963113992004694
0.018853215565197368
0.10893012983558814
0.9803227613235713
0.529337578703639
0.25050010892734254
0.46099912047981506
0.24088528100318485
0.27037489975762674
0.4226732537482446
0.4386557486826216
0.8716275597229396
0.999625602479797
0.8800950538454443
0.002227921968467439
0.24923334641834616
0.3338635382633147
0.2744288197443132
0.9903597245920769
0.9530613479901944
0.49326949257800334
0.17094796864990325
0.5809755351855386
0.4223253865397655
0.37389959494240466
0.36408370856134065
0.913492554458781
0.33974628768512094
0.66776960823058
0.08962605307232796
0.2917455081046715
0.6135326059624403
0.5286325656986167
0.5098290252131844
0.6771269056055276
0.7836479989559554
0.9621914459447245
0.817398204329903
0.5027350525742588
0.9136752375322886
0.331401991786033
0.055314697057213924
0.19186101606731665
0.5461884886243463
0.11068577293054171
0.28167664551840044
0.1479350332862578
0.09739631649196101
0.2972864390538089
0.02221548151551611
0.39809176368774235
0.1459202322693307
0.6936676821366187
0.047871276514145134
0.5188027150795849
0.43092489768395803
0.6117639728338138
0.39078753320623694
0.9495636473336495
0.016417315080684336
0.41806034746929865
0.1693127313177173
0.3094133572846608
0.001384540487674335
0.7378909296395425
0.23107219428332126
0.8710997037420489
0.359540329738847
0.06801017046793223
0.8429007106427483
0.9189972988839346
0.9778034263340855
0.008404911401420523
0.6574027367350462
0.3194210875931508
0.729230928641202
0.31747922367212766
0.9681334470227247
0.265768362424634
0.46398253697172687
0.5191583191191029
0.8288708023959986
0.825961107355507
0.13099248286274912
0.8461215254910872
0.9571749531955441
0.6159500639963787
0.8533778038422631
0.8902888061413055
0.46840838118159844
0.6505800496163507
0.6722129612377891
0.4498490741627952
0.3936160376986043
0.18190594149764505
0.8461527684980076
0.7115326475788051
0.6231420062445947
0.12508742635873227
0.04848644469775454
0.08749428737185116
0.38758541805920765
0.49327988500668496
0.5385580145969783
0.7380875774245004
0.6386748501004428
0.11547729989570277
0.4010892774930992
0.05497470805848925
0.7248671911845421
0.7950532061639877
0.244793188701531
0.15343108243558767
0.5699535270808602
0.9817833869783728
0.3307673523907637
0.7283664963277072
0.15768089447847333
0.97642439743711
0.96150853351783
0.46550062239535916
0.5013756065374355
0.6644600661746745
0.10299076244312932
0.5672928138602069
0.4347804098388286
0.7844178338872222
0.6351016241423274
0.8526417434579351
0.49879394925059006
