2941501
0.7761954163409461
0.32983178742875674
0.32003340466722985
0.9185280409199552
0.32612773338664913
0.6419658360717373
0.02573071065562882
0.16607447496279848
0.8280626859546526
0.663622738133463
0.6217616946578286
0.8865997997473974
0.1135037545666212
0.14184666022577364
0.9228775592170332
0.02886315311640064
0.9689164179879076
0.28755000655164553
0.4273154977938217
0.8659784044328258
0.15458419826722736
0.21446232668390963
0.8031160194121713
0.21821899607826412
0.8669394289244338
0.23834016717357098
0.969907614048066
0.5968900464278077
0.8450831694170415
0.9395445916151076
0.5554865200466064
0.1767687649752432
0.6122468293467251
0.8461946637030521
0.1871828018220696
0.4743413322070037
0.6642383133149294
0.8304564694767439
0.289918479451692
0.3600400854663086
0.7694536348733348
0.8271294553624552
0.8060270002566445
0.5649125248746033
0.9288245966224146
0.2815426383018047
0.5263181263457626
0.15562895924677478
0.9591117450911214
0.812875464225464
0.5275353660480092
0.5464634086282002
0.10924121642568618
0.9393691436883888
0.5482682903814424
0.4928579588285662
0.5969230255268894
0.3534964287025405
0.0035451864675548617
0.16840793882682126
0.4615773386436305
0.15800849438903908
0.7377460694777467
0.8655815011738823
0.6696344267654515
0.6778803100933152
0.5461400320320094
0.08021406765253669
0.9795631158416136
0.9485263206285238
0.957264910609701
0.7407942418570428
0.6765213914708087
0.7472604475489122
0.7615313073797624
0.12578490066178327
0.92031219981746
0.0828260680272006
0.29584722722098944
0.5756990374859379
0.11536610181566587
0.38692264561134637
0.5497234669425333
0.4513774028524755
0.40776210216180864
0.26200783120335613
0.7452339334701659
0.9158904957061225
0.14183637849172304
0.5312548441584136
0.16136934454079443
0.024714980906390904
0.8677183722901276
0.5093974646555309
0.6227368322114225
0.2973106126730437
0.28117191046582957
0.8672949663253435
0.2532214239078724
0.41295024218928833
0.29840925162237686
0.1984026039894432
0.8071405721965782
0.9246326737776323
0.32108367880850874
0.4119337208915075
0.13358571533797703
0.9171339218921218
0.6304566020442455
0.37535128060510325
0.10405994003592689
0.34872944812417084
0.7647731420012266
0.8079285880028011
0.6391842517275981
0.4108465694684498
0.6801698492823378
0.28747003858021714
0.3071591800528669
0.6158822772287638
0.4729772770169137
0.3738847439884516
0.33483268294100244
0.4806490379054673
0.4500686424696897
0.2761570953044381
0.7716391746251751
0.6113870064809328
0.37394569340282613
0.1933598619480268
0.9773387060977912
0.7160080168064734
0.7805410226880517
0.4457075216557894
0.5663990961914626
0.5702132778802792
0.3702561754305733
0.7782484172075267
0.4350283993091142
0.24635301790064923
0.6065429135220299
0.767646124834851
0.5212785795825119
0.9773731996459614
0.8213748620918191
0.0916023225616236
0.5043058611843773
0.8729208229899622
0.32324546564120116
0.5308244657556465
0.7357866905799061
0.3306557249464128
0.23086721883880867
0.9650435149503522
0.31465302246936255
0.393043899806618
0.014536373919095236
0.2974383870128211
0.3657239405273245
0.4883830608208538
0.01716628651970853
0.19592535574021952
0.2634755015241741
0.9645388330437797
0.5482814979394884
0.775122252356048
0.7541037346556257
0.5748452830778306
0.4968041602422366
0.8593987270283538
0.6722010645281253
0.607851179175428
0.7922528373436731
0.26527586390931923
0.22277919847328942
0.6660693664836258
0.45901322086847185
0.6205390379391549
0.6050365695705612
0.1936128891856287
0.4546294238371452
0.5977807721561222
0.09118195614784863
0.7285791114995774
0.9606031091272245
0.0816906864337349
0.5417900821746015
0.5132684619539233
0.30297720366112046
0.7122619523787375
0.738579051099047
0.5338017820003799
0.2200199724974372
0.450185034139419
0.8461639445552505
