3528964
0.28042644180368503
0.7656140178618999
0.2960509888779522
0.7762539196276795
0.5207781811015629
0.7394940270030607
0.061588074641149904
0.22092553831292383
0.16059199827706216
0.16926631295704275
0.13900735905961525
0.6460181367920714
0.8298321061880932
0.034181718203715405
0.5436341433147032
0.5913614856109342
0.1769373432043836
0.11692335405524124
0.11535377244981393
0.211460001818348
0.979855515391522
0.5972087395884211
0.656002050309238
0.10842197638392292
0.08976577528571161
0.7597957294910451
0.9526819555594208
0.15833600425361571
0.9118657563895566
0.979520378921219
0.09108964948296205
0.21296122739610068
0.5973260103948694
0.9672838370749466
0.19828508352895158
0.27051182674407326
0.3714909439063194
0.11344490685358521
0.7709430833384028
0.952480380716672
0.4556326995823371
0.6488630441624242
0.04297312281461152
0.897858709580337
0.8530397250284636
0.2588769328378788
0.42549729045577056
0.9917790187946622
0.8649496812286348
0.731791517116261
0.9125273380005366
0.18251181054025767
0.5778119732008251
0.20098640540381707
0.4872836652936181
0.008921819767359174
0.7205920257867793
0.5485471366942543
0.9869502195475244
0.8598964820290584
0.22930632964181452
0.5783598912595789
0.5877612407884446
0.41792616510613734
0.5757031438939505
0.6378996215965014
0.05766703340919821
0.7009289723872039
0.4179809616788758
0.4704800710498509
0.19042772320670298
0.60957737969607
0.41366321745663115
0.21352403083521954
0.38283534618344806
0.9117976447291821
0.0982237771191784
0.6234500638806754
0.1458664740093778
0.1517775282118069
0.5777854107538696
0.8040623408559902
0.45091862987254194
0.05773103391909451
0.41018851630993713
0.9428684066847044
0.20388590974362264
0.6408342467204464
0.4559557113809962
0.8185386943786801
0.8126803371726546
0.32715890210146203
0.669152551221592
0.13276142719658934
0.7679072880617555
0.14509573453955438
0.7678729698371547
0.04103499453518711
0.39175463332259597
0.20267274005301084
0.4750531633855293
0.6094787546557252
0.42675735833268036
0.4323381543130621
0.5525453079539417
0.3085331937809044
0.9339500040691296
0.8551917034104941
0.16485816727248126
0.0694585356427243
0.04902209081519404
0.4223117664988717
0.20369904028542263
0.8758301241426033
0.5054420375373745
0.8277404384908928
0.08042724116135191
0.33976864305922205
0.4751175828786358
0.5558519940768352
0.15075655432830037
0.22143128533485545
0.20001165171774404
0.8252449730235664
0.3745203163723446
0.39032984216036115
0.09223457230717569
0.021961646813389413
0.03303921173611668
0.29833020471749416
0.46548490889572225
0.6767529104438603
0.3276090665391739
0.6367274475187167
0.8273127232284255
0.03427071695835082
0.46485154503291093
0.48357889900714623
0.7095308451981255
0.7864841552218047
0.39814803405875165
0.9125175465877178
0.3432009284381522
0.5982795510270564
0.739103236673308
0.7305564018926224
0.09497328521879356
0.6401185047329588
0.4789613385355834
0.7399341672811359
0.4731599501239707
0.4607924577438679
0.06712476007368984
0.6778411333363543
0.6847733455688427
0.18272626808981052
0.08240139260055468
0.7779035322919194
0.1788634713964432
0.18294696820435907
0.2023332067143251
0.7185935904239321
0.34683829184061876
0.1347483293971713
0.42693583069166374
0.5762716509070755
0.5670541115984586
0.5282459796955556
0.5454044397074321
0.28435548572121405
0.07881349008338567
0.5624315103761732
0.6478190538246416
0.015151622009877963
0.7500103660426107
0.6069983047053522
0.07860783716072872
0.8471717012423563
0.6630135121606603
0.26912599999759446
0.6045042159614012
0.058296802168553374
0.5849807921794519
0.46857426796460955
0.7269599221936368
0.3939411914388147
0.8116485623925229
0.8238508029266685
0.007452509489676018
0.6994060411393704
0.577741827529433
0.08288258085821254
0.9938530460781474
0.376903180960922
0.21250263503010025
0.2935333411207528
0.8369953444537913
0.23026733984896164
0.48543536021573097
0.9024744282434359
0.9688154437132561
0.39416491726196656
0.13521957741613333
0.995329897989492
0.276906271599345
0.20964617043670464
0.4038423107709044
0.44668152600312006
0.05505888005903814
0.10417694381676301
0.5083532970154729
0.8354325700722718
0.6353385046420661
0.7618245824539941
