3032658
0.5375113453211986
0.5518975207670678
0.7013245941029136
0.45204029769892773
0.40449521726319504
0.9098687353190124
0.18190022667355032
0.8489270256454603
0.7281463910672974
0.11332720427561327
0.25179976242764546
0.744857598170369
0.8346104680292226
0.1671137307016174
0.34910881326832177
0.5223123836495441
0.12119147276926479
5.398545732205884E-4
0.7728558320998326
0.3575420117987367
0.3731762416290021
0.4914543120673973
0.0076761486047822736
0.13738030525083256
0.2577834480649094
0.5283735143445752
0.4890438175535121
0.48969800091432847
0.6708055336173253
0.4984018544300699
0.09840862723695099
0.011023844892992352
0.5343622443982934
0.9880817585415893
0.1160518844711339
0.3148987424768829
0.8482868364355592
0.41497741514807873
0.5792015492602136
0.09581779320216477
0.283016985673498
0.7697101305861432
0.9939229994741815
0.006153882593639803
0.368464687272827
0.6413276616344589
0.13152960596590657
0.7772456776995321
0.3811899738373917
0.22330317293785562
0.20373226542004297
0.6808721146819295
0.3613062360485825
0.05312459610985332
0.05547506216065312
0.12362425199774962
0.3008948976856979
0.825348223621159
0.14037990202352446
0.8942244967568602
0.4373101704206155
0.7361550496899291
0.9509496637867182
0.34263238175167665
0.7576053468887223
0.46686230304286724
0.2641563120838534
0.5598150230964172
0.2744139212153023
0.0945064433643743
0.032766705536289464
0.4483497194406957
0.3689701748943922
0.9295283446508992
0.003735215387303481
0.4265644626220919
0.5135560141753619
0.5237550489290498
0.1772194882616266
0.39271233702337616
0.9835115428358062
0.8662869671054743
0.03325132781919249
0.49071386748864576
0.7480492008492896
0.09056289725118416
0.0478222208943756
0.16529079049815476
0.5894623594643008
0.8527900489640259
0.39611870931641857
0.9718540398926069
0.6419209886485665
0.9100895296762849
0.8978699617544406
0.6152973160242151
0.9638988672788475
0.32612240040869345
0.19824626564486147
0.7318869955146575
0.46237756797526897
0.16262513483742802
0.8974735869064838
0.9997282351332645
0.4723251420268486
0.47719771106125564
0.843306237060177
0.26582586806770225
0.5615477638967549
0.9408509910041132
0.08272595576135122
0.5115480079160697
0.6788653675058558
0.413235135469589
0.03271228549617744
0.6433394945314501
0.592662779302053
0.369133614670317
0.2746559544844923
0.2918207658452917
0.6772202579605079
0.15672261335412907
0.002963303911969861
0.02994773066453038
0.49582836446721323
0.6862588409927363
0.5656261925278977
0.6796961281969292
0.30254395939078904
0.29727326384667496
0.7230091347589536
0.6667741461569066
0.5385455152403693
0.23301219952595165
0.22083075717614198
0.704155096479007
0.6343975859990663
0.3627812562838205
0.024294596870327423
0.4377617392316766
0.9461358504860357
0.5360116395021471
0.09254955393169628
0.07142246575137168
0.4509356262344615
0.22628287838916272
0.8861379406789847
0.40325867023631146
0.9072282105836433
0.9291988861457314
0.8948149447261007
0.15195215074225898
0.5444815460253678
0.11492994201404927
0.34910000440657607
0.9288796167795175
0.9894623072448708
0.40439589205242976
0.936147517255967
0.7208913068519478
0.05864887581273226
0.037480718279795266
0.7790003624929724
0.2885492358637122
0.2505661080058065
0.632332344748224
0.15801668997982188
0.4559297855101997
0.257163758797625
0.696715624247514
0.4542367016560027
0.8706343264965203
0.5799629123183695
0.34555076151293784
0.5766828892172106
0.4464411690562473
0.3845455822918441
0.20318321803694517
0.6990636934989599
0.3660701426005759
0.056064512024381896
0.5245951251332632
0.4760771742494273
0.2178214254191292
0.5288018111461086
