1044632
0.15668301671526685
0.035487576704007484
0.5673880233997419
0.3544065346977491
0.0788894650101537
0.9493747711918107
0.024931688537456753
0.64629293733943
0.9118916102986869
0.07643257616794641
0.657549843255099
0.49178244459452936
0.9637128066719598
0.636918697010772
0.4185512122469909
0.15892449171866418
0.09453781877800016
0.1328358564062161
0.11749606814920499
0.4415322922457692
0.9246763800281702
0.7581497630921434
0.3387468322117607
0.7838216668933813
0.6845335219731
0.7573266224915269
0.6313131964634563
0.40514241176140164
0.31110957647035997
0.7851990726787892
0.23906525929858313
0.5056431769000916
0.2324663934153679
0.697146118007063
0.6179273786976357
0.7753125666620185
0.6497608804313358
0.3557994729474172
0.9954542632992345
0.8516906104461235
0.025860519862418663
0.9789645728649066
0.26822989691892907
0.07564645273416948
0.9202199600352744
0.2731720983942789
0.6038191970600026
0.8799693594548035
0.2716115623272186
0.09825133637956174
0.2165411272261415
0.41212217048470867
0.7234671946039093
0.6905441757270516
0.9201210316815801
0.540357446777464
0.6110021943568951
0.5358545092175517
0.22531925461226365
0.22149849373345443
0.7849568758056269
0.8279545473075544
0.9469220324740608
0.31903859556424796
0.5337046746089302
0.07444633196470718
0.5120195662989929
0.35181376298652156
0.48364047197123416
0.8190028821769174
0.42028556670496564
0.3263556480923976
0.5071762522071546
0.637490427865282
0.5970111964233913
0.7601328799523012
0.3483358719882945
0.5351991732688874
0.7009360908686754
0.23824060948877368
0.8878539862537512
0.6233874331459988
0.8014570810950564
0.36269956711857665
0.7128492888704364
0.4855694376888242
0.2235857116576454
0.7513777743225782
0.9305551026627809
0.9574549560169652
0.7740634826139285
0.8226492122905581
0.9712556425559854
0.13917407710303908
0.00833340561668594
0.4622557123161286
0.4624891642176323
0.3343983754108233
0.6756056092769103
0.3104393353484516
0.12474415418638651
0.2681951056886751
0.9880433140124233
0.3302649958327488
0.03828840798590927
0.37392848760729813
0.9001351307698772
0.522153406906281
0.5614348298577359
0.15924832270916767
0.15560825005328938
0.13499733363091793
0.642462175816869
0.6621825043539253
0.4617762571342888
0.49083449733703244
0.26057257354647245
0.7905771810578703
0.7850047530357698
0.5879027923780649
0.2556821720345335
0.9016043882783854
0.4260162781625231
0.9760049850347393
0.8625050020833163
0.32278376573321066
0.2300458936074814
0.008461016282308886
0.8513043473917198
0.6419411111596088
0.014397149254759989
0.4665285565094184
0.29585003877483296
0.5007540731722158
0.05473796355713578
0.7250230294779879
0.6385338975289493
0.3150105749839197
0.26151407274560023
0.08197068993257273
0.9032599322414177
0.8144330873621601
0.4991476790050514
0.6104794793692097
0.6186396890935453
0.5458981017283491
0.35322751917221373
0.9076139068832342
0.2571874864984329
0.5161064189740803
0.5346855610176942
0.41291207693062104
0.7706240280681709
0.9632371945444822
0.02499491316368574
0.548284229781423
0.10706114139871492
0.8418443089117137
0.01271236838906864
0.7913839655097611
0.43275449324605064
0.9812309919972313
0.6492281080483896
0.9361446603724185
0.14927493533234026
0.03476468056321991
0.6603742689641826
0.21702549845871066
0.6963636376434187
0.27607084073821775
0.8905830005189238
0.6776124371236836
0.5613996391245817
0.017771198611433836
0.9275735720933416
0.14957190964804412
0.8783231392254052
0.9294079686838974
0.058087700024087585
0.4745558794472585
0.4920213985017491
0.8134226983150441
0.9389806117349472
0.14950861958331763
0.38859844960506373
0.4615346915286964
0.5330150156315623
0.4049274499495946
