720147
0.9476139579990045
0.05859021878792736
0.0549936996531083
0.8359808623427759
0.5592902315191088
0.22693130602664313
0.9014061146150302
0.09798898418267432
0.7678509750432045
0.21155784772683905
0.7955528201841199
0.8506236517279921
0.25156898391735316
0.8948350656188602
0.6701511229599791
0.08928545832806933
0.6307643853261483
0.2992236483675961
0.1307138742594124
0.23746848127348208
0.30690882509444795
0.9874871161689233
0.6955331867657952
0.8905235348604259
0.2791552909483803
0.3020570772856265
0.3918890324003189
0.8990828882657145
0.15902701896543225
0.6987142418688626
0.7031421894214888
0.5595112938749306
0.4096635038122828
0.5244688136437332
0.3076602949449023
0.03909909015304347
0.17293510315498573
0.4655011128133014
0.5280642337507215
0.8053150399479587
0.9159021039858952
0.5482495351628185
0.9180716627600009
0.7512882481800822
0.5275083306617584
0.015209504324898204
0.954253329872639
0.9137897486776517
0.42706301885632714
0.6167337774852532
0.37130680063189536
0.16533614194494461
0.7079791720089652
0.861100902234902
0.28199153953520983
0.02863924393930095
0.3334002435645226
0.5473451812386372
0.8566581255799788
0.8094769661750703
0.9247615970931998
0.4688183756061207
0.002343563182158448
0.5731626029470581
0.7399966563861766
0.5201792113155735
0.1776936285921259
0.10014116007992979
0.02501211461065178
0.5664843024654684
0.20751235578631766
0.8478425299795646
0.04022071427443841
0.34027983894171643
0.7195277569069152
0.11877366020135838
0.7133336847756554
0.32107012060603213
0.6160018545680394
0.08893250133482078
0.0502795112204204
0.02126633810293943
0.8141024790768858
0.08597888200058601
0.14802936982984394
0.3536940855287958
0.34149295014607084
0.5231986086364044
0.8962740897663787
0.7879663367265987
0.7573849567955301
0.19314854543123228
0.2293110110423917
0.8165036918717018
0.7843393132307562
0.2039724932744279
0.09516355538280852
0.8457114753534125
0.982387833963494
0.7017286422867527
0.14587026608619624
0.0037987776490909786
0.2745889327354919
0.6636714704666926
0.5210441597158022
0.5139520297617682
0.14191866383423513
0.47028193624308534
0.9962172731387394
0.22005154296610552
0.34543776134945603
0.6679422580751766
0.19814940322701446
0.5718464703013693
0.10496447726402991
0.31950195810885906
0.551193910514032
0.8774798825107084
0.766021913043407
0.6065845353231826
0.111977837322641
0.9134825453660304
0.12061794585135366
0.8953350287649436
0.47406746206676376
0.045830092124548805
0.7124543242638351
0.30641038146983135
0.47995431101995367
0.8603856754980191
0.6534512696503959
0.9403663989655726
0.5646112026896466
0.9270253562059079
0.7060123754413241
0.30119616976451824
0.17303131989605547
0.7289716553356864
0.6442440271768959
0.13362683731714242
0.8435779898165552
0.9773361582023408
0.19738257083292243
0.8438828847816293
0.22963646313771868
0.5005989209055588
0.19997130365557847
0.9089757928598241
0.5439732038890998
0.6497290581991526
0.9258687211703176
0.1961812968971045
0.653372405666649
0.6918776104386348
0.9669583873814364
0.9122175306233135
0.32553320565562094
0.979049763794488
0.4324696451772254
0.9807380886670152
0.9358754629177485
0.7728909369823809
0.6911080744726587
0.007106493241727629
0.2788157054143051
0.4826969457177491
0.3557327375702407
0.6310193892214828
0.9962392126953
0.7309855421946222
0.719107177361256
0.9903978921182028
0.535308070508381
0.09944317886754173
0.3892897697838491
0.22406766987307725
0.4784091697282601
0.6277869381866912
0.44451807613350514
0.4261001314014883
0.5499600630426413
0.13905894613580227
0.029981054967009424
0.23128861351521335
0.5979550242071299
0.24709622251429186
0.9526619751214896
0.25908503101218794
