740118
0.3725471011844762
0.4653961974530132
0.49547406782052383
0.9724239035591021
0.9796265916823005
0.18132446375608435
0.3681996815061178
0.11821237002455987
0.4742702752483434
0.3855875876856747
0.44028317981382725
0.8078663289179405
0.1770994913186048
0.954120950229029
0.6593166353881189
0.46912450057468624
0.9459995919064688
0.968017684655265
0.3490964140858991
0.3544733817548925
0.8163172884818359
0.026851453411335102
0.9024180453403023
0.02686809749330743
0.13456631264625563
0.7617225167790175
0.7363155154904802
0.2600357072506426
0.5538359174862915
0.7865829146888905
0.26124050872029325
0.08849838405220156
0.03351107588403324
0.1398733418198107
0.5307157839826794
0.3215566193599799
0.29157682990646017
0.863230654841953
0.18428649974825118
0.6958228319671758
0.9946936912073637
0.7400014756320811
0.27413167623451073
0.9824987214382247
0.33939503445919594
0.37352452233856015
0.574487784253819
0.7884399815203572
0.5771710343852182
0.7236197569172487
0.013074660929349391
0.49415431509353513
0.4668684962112394
0.9394501022031804
0.9350040770415843
0.757230253284978
0.5997493264990116
0.8278974645238221
0.012189235765297957
0.27629534557326396
0.03571478544695017
0.5788212301637095
0.745063261549621
0.05845438986476148
0.7136168458541978
0.43204462838412405
0.6684538225854513
0.2622595595898186
0.6542414663028505
0.8156401350110094
0.569749331288201
0.7986161830642693
0.06146357209225206
0.11106208123622663
0.25503241141214683
0.2636289293680031
0.045236540186938345
0.6079014315223521
0.6576442758756953
0.45024560919005274
0.8394939229214489
0.3995134231910348
0.3736833196259022
0.6396564302234258
0.06870489019698678
0.9404962943335478
0.030230346830236288
0.10875861811703502
0.8287386284008491
0.7379752835460097
0.24463137665038115
0.8065979332591072
0.09085742153539822
0.18087274453847513
0.3169587545708096
0.9505498105786792
0.2120723129778357
0.8248220146525702
0.21280969921841353
0.3721047863998139
0.1407585535621867
0.5451088338862096
0.8398910753241502
0.8024742269636244
0.24334297177464237
0.8460011649857576
0.09937744953679872
0.9298338975053135
0.5460390043528175
0.27205442738646946
0.7018197546672416
0.9828747130453448
0.5850192631237041
0.3054558289703013
0.2774194955557552
0.7994313174651729
0.9890795457542181
0.3531982276325437
0.881773815038438
0.8243107953548703
0.3807623924431407
0.42885025796457377
0.6007347754426811
0.24704554842042714
0.17507223022143414
0.9159161067308712
0.5918160868917818
0.5381455092713806
0.3793282784842037
0.3632550460234073
0.5646189650911226
0.9715269549943505
0.5533653560241133
0.6077570389691471
0.3990381378827639
0.3311463435087125
0.6762068738995443
0.6454478501581692
0.3275482284128721
0.8914693472154666
0.7834984113349684
0.579422841673157
0.8666593017164836
0.9342567068196872
0.889404234306587
0.6614862194853884
0.4726700739271875
0.5182502992795424
0.8873330924260492
0.9140980397359565
0.7181358245842642
0.9536940135410718
0.8357740662338345
0.07020863454336057
0.6380074491945428
0.45022604186570414
0.2786868078483278
0.600786173028306
0.7781867319853568
0.7045305032284404
0.024304892016770774
0.4133199660895759
0.39428270010592914
0.773237544307487
0.11187500968958786
0.3993084970955294
0.19464218799062927
0.43691358390774304
0.5327688095225493
0.3847176856263961
0.999267221101314
0.40258375099382293
0.6405681602890931
0.1946217316258324
0.6950210615035808
0.1150811957946587
0.08413860316832311
0.4817150593195657
0.9075632519649212
0.6516185063443939
0.528370264099892
0.6881107996446697
0.8817436429389336
