1142818
0.15932909676724882
0.38917895314440265
0.01081756069943507
0.16472413155867827
0.5621270656791304
0.30252457191155924
0.5235129362487134
0.8198859054991768
0.8110859762249218
0.07161826833910234
0.6707087263589023
0.06461918847001547
0.7816388678873123
0.3921530220457825
0.19512937060433366
0.42138150033847244
0.03125269512219686
0.7423074337688449
0.1851017421920148
0.6989493926708444
0.02283245976547099
0.44243571864158704
0.33598090787008017
0.37957778293675126
0.09196195369104598
0.03877145411799865
0.7081130961459448
0.27782020893422177
0.39018889775226384
0.8461365273548709
0.23356362221865512
0.6580520227205072
0.27191470699204867
0.6965606492704689
0.9748142646553157
0.3502779176665589
0.10905010552538541
0.6838811705454304
0.6708607566498673
0.7875942348141469
0.31544936903781473
0.9688070183590677
0.4196180742053993
0.30371537451530506
0.4422381034067535
0.5145938799244029
0.4402674207496702
0.47526268910085623
0.565500177782973
0.9603929870082281
0.7351556381379314
0.7710537798837684
0.8293916699974232
0.7074991302963427
0.12808399582225782
0.27941836411348775
0.9306010970003119
0.6931376402060268
0.594300338782715
0.8246066010763567
0.5341764041425273
0.2570945496217567
0.017234667186966646
0.3546447809140393
0.09609127716007804
0.9684077076351442
0.5079950157990808
0.08553174881932435
0.33452462098783053
0.27250119375819004
0.20586729854076358
0.5204593280200375
0.6396784438814388
0.3435588881864656
0.041538614743532376
0.12777847125527375
0.041061385504320036
0.5825975865794933
0.2894910309251635
0.15772219216142835
0.9615163925353095
0.7886139981739896
0.8619885983086811
0.8054351640140455
0.8788726031523583
0.14834363187497313
0.20430747102106994
0.6866494455105459
0.18895306932625888
0.8395843569891929
0.3393352475899276
0.3823841496763102
0.01777188084375525
0.22370080517864044
0.07939223128999151
0.6303363967181793
0.46610509705772685
0.31484024651300746
0.6741042675837008
0.5931700350144332
0.786222100225027
0.4565546648750325
0.19538264943222539
0.5176972721105708
0.2884153376669786
0.9109371783985234
0.7740438764277786
0.013987587568213722
0.3540678427454914
0.3710462471940139
0.39732821871246193
0.1297278484704265
0.7923495956031883
0.24430375338850863
0.35255253181718005
0.372695464268586
0.9192354504490755
0.9227181683741965
0.5593597875914006
0.8429969919980633
0.16038871885894967
0.1551977201209913
0.9715036454695045
0.6767621583499821
0.6835562882587798
0.06788211036609304
0.9488338590481534
0.07427347900661352
0.5514723581907993
0.34033638266544297
0.0011236551400476413
0.2880501917906362
0.15287001404441525
0.5386135953110299
0.5876083386046717
0.08019420940960398
0.21705063388846824
0.6306074799550699
0.7195793654763136
0.3233451802918519
0.5465637277163642
0.2647805985070645
0.9581057708643276
0.6158804642263134
0.7128999929801912
0.480266857721105
0.024931113476766464
0.0095354478582248
0.3517035448656566
0.13451201685663983
0.6518203614218226
0.20640777427083945
0.36685939447507965
0.48402936156841236
0.4821079902184091
0.8723491085624846
0.3069146375564703
0.03451228173690368
0.8079253380466158
0.03503638652640895
0.4126433066955628
0.9884588918186853
0.6775611456268078
0.8875541658970789
0.351165997218703
0.3616286026740009
0.4396364935116258
0.7021079922284081
0.4498874531352285
0.11406410091461527
0.10425157931650497
0.9735286292525492
0.32261637202865356
0.447076601771043
0.9959882330014043
0.3585153827827009
0.14058378344448608
0.7545058751769882
0.049628779551566304
0.45410620537540314
0.44267737295514475
0.5847312350529984
0.7566786762766882
0.9676510179176794
0.30206095615667206
0.36932295504821455
0.20925618867110873
0.3706042439705659
0.8704501487050577
0.6048885744136914
0.9076397873522429
0.6997408220193253
0.8066661913588311
0.6365816940532206
0.998739968788266
0.7719400540946618
0.8626919143182533
0.18490538358105668
0.3949887465887748
0.7124695879284975
0.9483054281203042
0.2818566756896541
0.786617202569631
