1150351
0.36174189052559647
0.32446838346856566
0.3381219649282885
0.9050170520458879
0.8218040284782439
0.18599733940955288
0.6499477935975612
0.5208599060460819
0.13136070440294956
0.7856486052876759
0.772475322305742
0.5678734085346697
0.8169199072044162
0.42459786364087015
0.8357407302873257
0.4716508616021633
0.8576890839845199
0.08839824831797394
0.06020834768922401
0.2325967347546899
0.42313934066144954
0.24285137927611067
0.4406165068312513
0.06308780455712126
0.5946936660780455
0.3208278100594748
0.8100813988166945
0.4111554885150259
0.1667847857329725
0.7289248761492875
0.27081674822493707
0.016472038539987466
0.5375670044091869
0.7819515637488964
0.2834927579199815
0.23914960317119782
0.6458554690929833
0.8335810785758155
0.5441706571987892
0.2778377374003318
0.8884054362551169
0.013114205123705536
0.1459137799299841
0.05083136193749671
0.9604331521868674
0.4011472687950184
0.421590169822468
0.45237828452855866
0.6023190602646751
0.18104070533543504
0.2950454661311267
0.41610112322697745
0.30672293673392736
0.2884354603338758
0.9297393527378393
0.7184257806674962
0.1428800315183022
0.3476660421924349
0.9571023237976027
0.7371347377686625
0.9886356539434135
0.23177078159933662
0.5912843141975493
0.4436401083420589
0.625815607123681
0.41190108330616104
0.4926299572145286
0.7522982204769378
0.3508179969311429
0.37228371183659403
0.32913006872440664
0.9760635126253764
0.9798518876299754
0.7584905110102033
0.6032626603984786
0.5450065699767547
0.3870366340548891
0.5996230223100683
0.4610504413041734
0.3326974961501026
0.003614948326916778
0.8991195767162163
0.8808271216443936
0.905182440320646
0.02782258931550108
0.12424522130668392
0.8511170858484998
0.7582575783013662
0.4474950002378242
0.6409254181137644
0.8901986517743672
0.14097134173433656
0.3612822094983208
0.9384368566292894
0.5343343520411177
0.37676273885181766
0.49938056544544973
0.5675694661079195
0.22731594935775412
0.6883692909937932
0.29098068382689213
0.07622610747915559
0.38088585923718854
0.4086155951641328
0.3031682097021917
0.8680272187940101
0.24376104574610236
0.11641946161062033
0.38480481578313996
0.8323397735262404
0.6163990123400217
0.6758294105151118
0.3889546008967242
0.798251395273299
0.3793101526197097
0.3756337767803941
0.9187108415026602
0.35036174288887045
0.2646340559325374
0.36805840734982753
0.14381684611052203
0.3108650967862725
0.29386227095614625
0.38729601762257904
0.36926383793710527
0.2402496801208749
0.829003491805759
0.2920876394821532
0.7020875554613645
0.6380407271970023
0.2401512170623158
0.3213023375125553
0.8588749398754005
0.13536560614589166
0.7793284934146101
0.07743839786122453
0.8840306376213581
0.8627215014709365
0.3686477383158837
0.16019576248498502
0.3076424843326828
0.3491769994781718
0.660238224359687
0.060745739196293114
0.06182435716295087
0.7633411526185494
0.9060577244349316
0.397050814378202
0.2957033386515987
0.04178450045153359
0.8876185826665766
0.8215641791147509
0.08175772567570283
0.4671987477035937
0.39882303045947476
0.9648643375099542
0.8900010002114314
0.556432721135924
0.5495164344235791
0.5922578783754626
0.6215465258392864
0.697644394751739
0.46303079060383223
0.7451090008303102
0.9393760907903431
0.8361598626836277
0.7779057765930206
0.014631535175538946
0.6116751521541909
0.6502320731555054
0.7321377466140649
0.25310571280425365
0.5918861389500071
0.08074311217115848
0.5077218404029514
0.9659582152151392
0.5996706941754751
0.7829963603384946
0.943915879571407
0.3478709962866786
0.03826048955475203
0.05409540892016529
0.6895695378815101
0.4270605039217922
0.18621533419233238
0.056008653975478495
0.35802526527887457
0.06409589591843978
0.735396719704433
0.7022703362965494
0.27251259821687845
0.6151010560366273
0.9120033436377815
0.4053694911679918
0.9456208221515898
0.9139122343381726
0.6138048993820514
0.9922310195437689
0.5233493271185289
