1949643
0.853738874809946
0.22424902584272954
0.48679324187482464
0.04239890900090637
0.25610297600304854
0.02290566631340507
0.13153949507688367
0.4987815668306861
0.9033075524707134
0.4017517627588504
0.9739412192035171
0.4064900765544246
0.5804124776602818
0.41808881841823986
0.5791228266740887
0.7368829613370608
0.723671766964498
0.5674244164069767
0.9466596850279251
0.8726043845874004
0.8046132725038413
0.043438132579864175
0.5072719199022269
0.484272694625844
0.892418303877346
0.16719135443415833
0.1542788158897045
0.04383522342918522
0.9319852341134091
0.11402916526676032
0.6250296901926409
0.025401186533629105
0.15103760796747
0.5441624175913098
0.18912896608775065
0.7125283571940063
0.6668638342652669
0.2517059001953478
0.5231245880579184
0.9303537426738969
0.8017525281030131
0.48698897185473056
0.8554305238814376
0.951621792223598
0.8359132885580852
0.17824278250059566
0.9506057121827972
0.28757853121002186
0.9276502078737028
0.88130835555284
0.2687133922378899
0.06786343396015304
0.7127811772834285
0.9197981014611852
0.683335953464039
0.2379452331557238
0.6587733162880788
0.8431828716719904
0.47092275512758275
0.8583121878911678
0.59379059625427
0.026565283597662526
0.8944991548633776
0.3765403738844728
0.9568272488269436
0.9634398219672152
0.5963669298305019
0.8615291623108469
0.2223262089544935
0.5615281103443465
0.18727788661054667
0.8386057197836744
0.6411590983839476
0.5418184871826176
0.8736638097949677
0.5448650234204123
0.9095703366790627
0.8622261315407894
0.699857605553651
0.13602621712172136
0.6286649146052483
0.9398307064694476
0.9988420635898059
0.6192496315207615
0.44924548037957557
0.32943674342897145
0.9429139993595638
0.06077313435742149
0.6102814907434125
0.4312408336467012
0.6647534976344174
0.9228906570203286
0.17401929912617686
0.7466798373235749
0.27973927691103684
0.22170939904994724
0.6367187718544051
0.17907173084287542
0.28195257688408015
0.5652868952296622
0.7512286549673822
0.8844516143013929
0.20916407894333067
0.03116261923546415
0.33608933951967057
0.21804288263751181
0.17619942919864728
0.27296291161035
0.5655784734273074
0.3930935987370876
0.8614307479153125
0.2076727729780039
0.736090999866928
0.5713468367557472
0.7977428416620346
0.12833101212128262
0.7864722305875286
0.23820296174361244
0.36717486212582784
0.11132030182989638
0.9133989375222634
0.8806703450071511
0.7275391051940858
0.14308708837350237
0.46762983834481187
0.1824910441612837
0.009670676212745644
0.4780409139064947
0.9429236783339779
0.1783662391587103
0.5155631933704659
0.3575461310709528
0.2766495078239388
0.06799539294169066
0.32049705267051587
0.3693336891272757
0.8695906603991049
0.6806826315000787
0.6363686160799097
0.40732425202101774
0.7021695786037022
0.9025523570326234
0.528780100218346
0.4037683378426312
0.6752985428521423
0.7309553779334068
0.09705169632699762
0.7487728815322963
0.8362868117789142
0.0044361303049137435
0.02416857466361433
0.5866980489362429
0.46371159746149915
0.2716701474767078
0.48277742292307035
0.9845717952189863
0.07988726117637002
0.7090704606129198
0.7436986827757193
0.3045841884042886
0.3355429325135919
0.4743004308938462
0.4750220089752639
0.9808870468112564
0.36854594507612726
0.39171948622425823
0.6427040393411773
0.30033906843453306
0.6769847508468564
0.4058276907790743
0.12768945047731017
0.7175001108136921
0.7666516041193976
0.8100637026436763
0.6599274402669119
0.696092980931328
0.833941788018585
0.8608498293470123
0.4362575948916938
0.062314438271063866
0.527412924216605
0.02056748381376461
0.8369905073763514
0.3797918719717672
0.3947242144232397
0.7381843029158638
0.9851103360239752
0.9116457071317616
0.9664022046631008
0.37254449599352946
0.5023775175879872
0.32203173938031004
0.5538562144003774
0.5908721412911524
0.7082121528840291
0.3877020226222103
0.7462929769359606
