1243128
0.33382678009701405
0.680089554077399
0.6395362118635085
0.2796567124153517
0.2284891041802214
0.04828106494262352
0.03466035657318822
0.42044766613806284
0.15194448899350077
0.13312541877226847
0.47168329503460216
0.2582480644701569
0.5006701806907181
0.04961640774260456
0.2047453246491706
0.333011688804164
0.6047218394846429
0.7019454065284848
0.9864878843306467
0.83664946049906
0.6407537012962103
0.16973771733994747
0.07571676178497655
0.22316999707878526
0.344195885480451
0.8480742685781537
0.08244587368974998
0.437610863356967
0.7984513651796994
0.8449908518624595
0.9911721128244523
0.13122257473933285
0.5877643798946379
0.5629995475540012
0.6026464972439818
0.16884408859413869
0.6404505044922469
0.09527761630965192
0.0650702104241796
0.4541350664376216
0.16046881769118526
0.05252157442808003
0.12755890425888727
0.5993069325815878
0.14785437434741522
0.7030651455414363
0.24188222624894284
0.24822069545593528
0.14231902446018552
0.8567114363291409
0.6628993885083309
0.9251969755325156
0.9893676022020234
0.7518315276460015
0.2537765984899424
0.12660967370253629
0.6245653904054007
0.3156330044108989
0.7889851903592155
0.9983108999288918
0.09913195214457016
0.559103408544464
0.16624372918306896
0.34916269882701234
0.32882525568262433
0.5409854722965898
0.08798179194370459
0.9394258838433152
0.3381196644016953
0.28924235059529146
0.4535667998728088
0.9524843920030837
0.09296949481722405
0.3038225166237888
0.9154491096034268
0.30935924494138156
0.36798998006944494
0.7811359319252517
0.7955453261135422
0.017693055192424256
0.4776755602707904
0.4985042992468858
0.8325934220269094
0.060362529576248325
0.11631523966178536
0.37594983025866535
0.036877061746325435
0.4236031155271788
0.9975533085567523
0.09303878769964169
0.26563125037800195
0.7405062600135258
0.4620830073987374
0.7800972281490018
6.050448062718816E-4
0.6829764195578929
0.730749846623143
0.7259682781990908
0.2086710230081562
0.6737117502650221
0.020380170242318973
0.2485817014282108
0.09703580578055537
0.7094985289377005
0.31093965484715047
0.35995781386005266
0.03651929984386981
0.08808616631656763
0.15516564986718606
0.6238700544376972
0.9195350010809306
0.61313647086213
0.5556061424032512
0.6522412557416465
0.7438174262950613
0.4152168463476752
0.5990373860015134
0.015450928580208134
0.26860670851762836
0.8715340277801467
0.23452097330594646
0.9520817813514605
0.17691504159839655
0.23308163042296792
0.3089006093046166
0.15523598303266484
0.2956627295949099
0.4751008632336011
0.7323275200545767
0.08540256077818675
0.07488670632210592
0.5752309544828084
0.4364428759523441
0.7139593325981749
0.7078879193482988
0.8934517844075385
0.6091342839923336
0.3367442137150203
0.9860977237690245
0.5788982718485495
0.542322710733383
0.11373203408668131
0.22560832812802878
0.960852356292151
0.3130252279028114
0.28870520732656735
0.3767256658735527
0.6946949370494476
0.43297787471989324
0.6219073732577061
0.7335675427493802
0.028327071181282304
0.5483924501742856
0.4290212990326595
0.4976436261752082
0.930545705404727
0.24895930710349146
0.7614136170547754
0.8175183615917259
0.9800864001669728
0.053998183307962466
0.6854405045367865
0.8260715391011103
0.8525214078509309
0.6836974501639912
0.32271021413298273
0.6275354667384436
0.9619289080032147
0.7946718068707089
0.2985495983149945
0.1484018936138729
0.31522461917192046
0.46160682069740844
0.5125237284296669
0.2594555944401664
0.9192747803501478
0.8205485819970246
0.69270870884935
0.6006059196869272
0.14438500578152635
0.4544351717921893
0.024520032672044056
0.0958513661824254
0.292486862815476
0.29775593910179554
0.25524985935962474
0.2326266278178135
