1299624
0.24432019356795864
0.06476366707371284
0.06706841327242075
0.797945154980288
0.467135627859563
0.4644538843475613
0.18409608337252614
0.9131649663059781
0.8529188494005571
0.7555640909310608
0.633254627594888
0.88986894801537
0.8268641764315677
0.5161356769028006
0.8139571521466425
0.6412651859329719
0.9168017795550861
0.8547193752850767
0.548298393680769
0.12667694531627205
0.5065096233478507
0.6740949029507115
0.08125811860933563
0.581105892838424
0.8093175076901592
0.013413980501765121
0.07953218205336876
0.08751649051937238
0.19313708503872273
0.9409654486622785
0.0379572587161322
0.386402827075622
0.8640287838315069
0.9472998820188334
0.14409706536077693
0.6853643043790217
0.5726424622125749
0.29724032672975087
0.574409056095303
0.6308296911778813
0.44634580899383924
0.3393448716527795
0.39951233901508376
0.5347335947123333
0.26958045213029624
0.3426758363225818
0.7614292802747569
0.4108634312979822
0.5359628727661778
0.033269185924648115
0.7522746909384991
0.36875888678774227
0.3778736179605706
0.6364873016345947
0.4717176180894257
0.4374599897780539
0.04275431515027661
0.8964767307876056
0.0696435367171866
0.9470642447000747
0.9300595236036651
0.2402423398932061
0.19079458819130135
0.18296673054650892
0.3287863386146551
0.981387250370581
0.1297687378575617
0.1458217649942054
0.9027312324630785
0.2173584180895316
0.17760902527474498
0.8996783087080455
0.6591007083137309
0.8640755079554485
0.09531656693722101
0.17140597582713957
0.6058281860032432
0.09311043323336643
0.384971843209691
0.5764414779181661
0.5539267397747063
0.2891239981653515
0.04575072594112073
0.08905088136956762
0.5534333938719987
0.5290548891273524
0.7999732056109714
0.1497156292599704
0.2649776790569217
0.4995952660322255
0.35342434863039807
0.10791553060588699
0.16373316911506997
0.715776873850902
0.11453841815561161
0.5354951438105383
0.8484878821369103
0.8810298378310577
0.9386390854292944
0.31396466396922673
0.8857956457350697
0.2378659117592895
0.8862794402083255
0.2984998534257638
0.5576469059744475
0.7983767557703542
0.6888280584943453
0.7920704883338204
0.6008246324972267
0.41502724436576777
0.5997980676745392
0.0250396993815305
0.5270868956610881
0.7547620881270019
0.5770182862623929
0.328741902833266
0.3955445708477804
0.37323439784528567
0.28859690233020907
0.715960024961126
0.9720793428535817
0.25100220574932064
0.2647293874933312
0.13688739739037203
0.055373173198983716
0.34982974798985467
0.6277546885389861
0.7660737033854935
0.3750976818500448
0.9747679937286158
0.224464395072136
0.2940179389765478
0.8750379341297534
0.9864788732989148
0.6575218271321863
0.34648630620821663
0.3824017761595411
0.19830614096251387
0.6669491841122851
0.8352959855300495
0.6342927256774549
0.6138852952760416
0.5479926399115413
0.25622061042938826
0.3833006054607524
0.513623758366781
0.808276694802411
0.6928369947051057
0.8363907661274117
0.7821716573856622
0.06501067883792466
0.5595466121973522
0.9947495708788431
0.28404274413038577
0.2621121490644849
0.922669634436459
0.5569700617169187
0.5408337256742864
0.6474629306597108
0.5754234273088578
0.9239383484965894
0.4410299009013481
0.592115597927568
0.9107608911279925
0.501007901232988
0.2221732997628244
0.25611968043054345
0.03545919422255084
0.9315257611829413
0.5052093052545223
0.30973800613600855
0.49951228990055974
0.11550027195261392
0.7321164395662375
0.40417592192306706
0.4767954268515656
0.8681780382393426
0.960462941779436
0.8525469650269626
0.22613384739078057
0.8555227098495561
0.6023232082058028
0.02965059410066362
0.18632168698098472
0.007066269845304007
0.3600259903806239
0.3282387542861759
0.11430130843424813
0.9513287132867498
0.30749513530456296
0.11980020965658322
0.2626273290497315
0.14497977598084388
0.7934831591081897
0.059492359329167854
0.710503711808003
0.27414201705150565
0.6017866681864663
0.24770264069244596
