1880299
0.6120961945932464
0.19471147247877207
0.5935718029105227
0.2148222766754636
0.30648682891514045
0.14829898261247576
0.8782268971261554
0.4311677393042158
0.9455505993045775
0.24137120137579193
0.4116987794204462
0.06058590032752875
0.5391993045195688
0.20739731949916607
0.8050578743239737
0.9741308338191043
0.0918508997921681
0.2852839799333263
0.04107675981498293
0.6193021203563788
0.8096472594806207
0.6421073862323867
0.742895477477021
0.20068523455912157
0.1948569606402325
0.14412841279072386
0.6163863274618268
0.7694370831677083
0.2120640579356684
0.4373023527616474
0.6966195026992773
0.24191045297640723
0.6101576225854867
0.23697264630484516
0.06887048391295547
0.07181355838599879
0.9148010808368288
0.4461634802884723
0.8058988408040775
0.28565173904483276
0.5679743806574148
0.22286313189042883
0.96576720205448
0.8578000778972865
0.1843459773219105
0.39891670357409004
0.6282582652397636
0.9494077972152039
0.9186458871859013
0.7166229590170448
0.11298687694116338
0.3644359716130825
0.49387479461923667
0.1938568684680233
0.7185929464621195
0.68648250188539
0.5270989744333487
0.5545161050112231
0.5499405301915409
0.9516490540919963
0.4077436905566907
0.06831581720661417
0.25903691556060815
0.38555713741658304
0.13271302782194483
0.3324333862935076
0.8154251341843378
0.6867213191717516
0.18332723287164887
0.4972304134476879
0.7430918675934997
0.5738391997138507
0.7409834268649449
0.1892567934751488
0.6134723664175306
0.8311599555416899
0.2816088776334379
0.9169672285816142
0.9679224156902017
0.8839440981376683
0.8633907581127617
0.05805830041798943
0.25806697400623446
0.015128973353226938
0.22793013178608046
0.6220594820960682
0.8387240448148479
0.6946661896453709
0.1718816289814361
0.8577892708887132
0.525640976724376
0.1345984046210692
0.5143048936432207
0.432513069293461
0.7390702413279058
0.10579499964146744
0.3843677644225404
0.3481169924952654
0.7942500748308494
0.25636686670155373
0.48470475363667365
0.9793375597109825
0.4711447417660556
0.6571332477002739
0.44764934196195816
0.6200643348767453
0.5983384081287264
0.06611393751085903
0.3947217715022312
0.7059586940684228
0.01976525031723131
0.45187271890432434
0.33416874787769146
0.4451089202735471
0.9779978909371896
0.6446386905629954
0.08701505609655513
0.9331681662361697
0.6441050526988128
0.5944843530928535
0.019001432750456848
0.9553979897135656
0.2516285003927571
0.6074403393014208
0.9739471797410492
0.5852676874351219
0.05101846613392935
0.10327865981903883
0.4534895648694842
0.3777352560836952
0.0909056160995968
0.8927975548710291
0.2688168501440873
0.4250628136871136
0.6538767542995396
0.707792868563197
0.6019251522766979
0.7939960092788234
0.026960840699563615
0.7335024440572593
0.657093968655041
0.8953631686491423
0.17082029047905356
0.19116100395700808
0.8576887119113026
0.150626667840003
0.7666823472276929
0.5974057142861705
0.8490634010439316
0.9146455039748873
0.06633372445303332
0.187622930487516
0.4052497021525423
0.9898849603176136
0.9480412051755269
0.13192899006048808
0.7052837460223458
0.22453517880495233
0.5900499289101586
0.5953291748341651
0.34443505799297036
0.6254773554542932
0.21334970877626347
0.3977007257690791
0.8762671371267954
0.1367632232356344
0.41668941385676617
0.014597011514079439
0.6433720525905819
0.7352492911240999
0.7293581817858469
0.9264718953117027
0.14778674315977036
0.7772543662019765
0.14104108166469798
0.8717747019452284
0.23651172757460015
0.5935853352127444
0.5330964387361825
0.3884677023108135
0.933217682434701
0.17500285734878107
0.13189073556428588
0.13886984198926544
0.8341390786003612
0.41617471661664474
0.3323659820538237
0.9043316180121358
0.6043180532729804
0.793392037020045
0.49880380281807335
0.809098089685492
0.2597763651879632
0.5397989944671943
0.6397894800987608
0.2868178937882393
0.6018561461765514
0.3516141784666913
0.1756680073792687
