1625059
0.5385085486126999
0.38188578349418634
0.40979792215618616
0.3693235682637588
0.7473888925997361
0.5174899664295043
0.033846385039703275
0.37490278854665693
0.11384211584324844
0.9562775804797051
0.5978698048822046
0.27414119781390756
0.8528734831858779
0.5883056019387657
0.43383934214001874
0.9162413270798349
0.6567790028709013
0.9456300641879398
0.3228625041514759
0.8547900439934087
0.7673426550746579
0.29542051291326044
0.8325748482533201
0.18399168471385308
0.7247314330029772
0.13252765565279223
0.1972114699093751
0.6165328180996529
0.06435870994290627
0.008057898212018633
0.6566483660475355
0.7166830749993226
0.7183384314034958
0.09242331049174113
0.1716810058901468
0.8047761962172859
0.6447542097682237
0.8644985949402169
0.21503298724776299
0.683003823561133
0.2558181375831676
0.8429314631521263
0.9010650371023252
0.9974942167629016
0.5450970745561473
0.33131665867304927
0.0618810001123683
0.7479367898326809
0.424334400060713
0.7358577101083851
0.003503473278704261
0.18355249445460775
0.6719977195117476
0.13230486481957582
0.5830193116639381
0.08299912873372106
0.06853391000581022
0.40837170535303613
0.9360706681763413
0.20583987026690398
0.7474150342209849
0.4884964945732838
0.6537948613447736
0.5244920823923526
0.5264097767713873
0.8597293578193058
0.45929203130254115
0.6981130328718359
1.16862743026247E-4
0.8606893404877043
0.46592659862557473
0.13366733020196397
0.47264821190748874
0.9699503793950968
0.9132451801935972
0.8944611111064726
0.38845172012362394
0.6358786453011076
0.8710197365539023
0.6627160865025497
0.7796142320150141
0.026858025674833752
0.7779017419762975
0.9402959741333479
0.38958773950688486
0.44900487179571724
0.8383992933553255
0.6804872879127074
0.5561328309647221
0.07788647461185927
0.24036622959187837
0.5837746502380458
0.6403750712654698
0.08142262243469356
0.8749182242919096
0.36184088823837457
0.7742218224124404
0.1730629012847511
0.7416679151479175
0.3765602044275994
0.9649881530096471
0.12749713555355002
0.5043973272543045
0.194542759446806
0.14393254236555375
0.8155698653035865
0.7257625504609423
0.7628272101024012
0.5745040495434972
0.8707342968696419
0.1543524999635708
0.10760737309404322
0.14645482879854688
0.186294674188756
0.06339938786866806
0.6854181028112288
0.47357296125372583
0.060850779350907214
0.04766594366313592
0.774994336011285
0.3856422371046788
0.9587716447221545
0.8735105078368361
0.5880566333184725
0.3593373309673831
0.5331901533499487
0.9468574946740481
0.09856533461801742
0.6681140350414332
0.7709238734492877
0.714778182111047
0.9425247303449089
0.5477558042261375
0.861891736506832
0.8486120900980519
0.1242075244144124
0.47209006261669106
0.6700104308815431
0.3700368244531408
0.6797090125628499
0.7124880483303072
0.48821780925985137
0.9762201972421637
0.8950296433493703
0.7151148590122419
0.09718543411496994
0.696165503581683
0.15342311864597924
0.471497035277588
0.015445987819376894
0.6675867436626951
0.9955372059916795
0.9808269855293836
0.22807520298745954
0.26212769701597693
0.5159122514168988
0.10652481630142019
0.6117327306213266
0.006465295446016928
0.7906928709361566
0.6149302223247114
0.7357795894122227
0.7478138655623863
0.6339459782328261
0.950597953549678
0.7123543156299588
0.29457366882452063
0.6137683756251411
0.35052253066794303
0.2927041394948725
0.3263439965289713
0.9244057954111752
0.22871913579752678
0.46273136136407567
0.7122469404341092
0.40689413846778866
0.37293927222536505
0.3776288427958797
0.5024854197357375
0.7382734466813979
0.38690112138338717
0.5936435344901391
0.7652844808959305
0.5682130043939252
0.9842667633652623
0.20441995698235804
0.12984287304314612
0.17192652581655798
0.19469893176482334
0.6700402709872283
0.3656469397757791
0.009544062361549477
0.2776825442302068
0.8387913849372632
0.5794766951608927
0.43464727147463034
0.1563972062930975
