2396731
0.9048539227593447
0.6436597395486575
0.6784631823181029
0.48177856723243784
0.8195212506543554
0.28260548916025163
0.15125115145822332
0.016008306327078614
0.9792217601970182
0.8393789842701782
0.04870610327704494
0.8850234239468894
0.8505306650770712
0.1200495144316035
0.22874118167561786
0.39123783341609053
0.5605227284736617
0.8707764523410085
0.33280063805346627
0.500520165235384
0.38023023135210576
0.3810710685540558
0.16589452485775735
0.8215736786636081
0.4596355445408208
0.4263993928015245
0.4208341317940829
0.8812156175097124
0.13454115399598154
0.26426809446703414
0.9346874111716318
0.7656547986148083
0.6188241741687939
0.6801619063015818
0.7992623151622498
0.7457177872200204
0.9199967026110811
0.14317720735552653
0.8124645756074004
0.33307606574788595
0.37165691091832453
0.975923801545929
0.9536661736010745
0.32487717451983555
0.2633305444721311
0.0692425032987295
0.7937597087651111
0.785785441066202
0.6663655806775768
0.07951343268868438
0.009362384939404333
0.5892887595575111
0.7039582405119996
0.2348063366431984
0.4606730786654625
0.09422964550782298
0.19405083287977531
0.8458504010268231
0.6137745353596336
0.7678705046971588
0.8057579347400546
0.36877828658921796
0.4407123061204016
0.08340451061429355
0.6131397514630789
0.3988248425329327
0.31447034561713705
0.8176747412380766
0.20455667318297655
0.2876385819078833
0.831003054785032
0.9539665800559703
0.31150252899903064
0.17158919202776457
0.9367720355738939
0.7550888576304512
0.2577285239423057
0.07443236073979864
0.2177753427551461
0.21356186678428002
0.39763358023438544
0.4049187506520687
0.7148454538168754
0.008581203270923043
0.11231077799642286
0.6084107587214037
0.17003216977662727
0.3035280915390678
0.8623042929580732
0.9512975807375872
0.18017458633370176
0.20314884094263097
0.2580443948906649
0.4179752694450587
0.3363064426025201
0.4561268662749457
0.10209296380145394
0.48238536183270175
0.06132746589691418
0.03662312903855047
0.8817452188124333
0.07958166107154174
0.5234125274855639
0.5674617384528726
0.24619846868311024
0.44752226097383085
0.6989199694694932
0.15798938665313156
0.5894116300060956
0.6352594535168348
0.38609868801347136
0.12123870132190673
0.977943982916135
0.38092738390284686
0.7296835029312322
0.20787715167227372
0.3124757456204075
0.7514035902091393
0.6065066404171983
0.4485250190821394
0.7923767120932924
0.40524734623154857
0.043542933778724535
0.43137686026354816
0.46460354437061013
0.5914940331665164
0.6923445516147111
0.8586630987136175
0.8813702691429757
0.029111343366742815
0.26761118088050617
0.5233396888647044
0.6654507236341273
0.6254001463590907
0.7726796003617916
0.42649517540588
0.08763554691263176
0.5863486248976209
0.2810064121581808
0.6163163796217913
0.597780400969495
0.8479255886556318
0.020256419321803776
0.4710553422072382
0.6190466397161887
0.9145249832269827
0.5143982071210024
0.5712915147034462
0.8143487459711315
0.1292502609434878
0.5792476799869913
0.010885234720807824
0.46468801337944343
0.1204541994008963
0.0381891641159674
0.9813695149280998
0.5609651238361568
0.6699254534047774
0.1273430861091701
0.7311293128705583
0.7040289631298866
0.5303409739619583
0.6932378398343136
0.5485684481510393
0.9321326055878709
0.7830784916686572
0.45108295561599654
0.24756635603818955
0.15063186433872544
0.1722113230336474
0.7680295083870561
0.743878109112593
0.9256754784861664
0.47648303527315017
0.6633426939235768
0.702733046538876
0.0218003821214503
0.38828694510919537
0.9762009329642635
0.9107384040403136
0.21275957431657788
0.5571514985197045
0.9418743907756653
0.9792963545942376
0.5755737350227744
0.42495954620304566
0.7383253766203854
0.2220944495523609
0.6897122800562461
0.23110550128481222
0.917811806267312
0.06583039860490036
0.9064736183765492
0.09802166609122909
0.021864112255557178
0.1511846054194742
0.1280477580358531
0.42098090182824044
0.09304500053495024
0.3601546056397156
0.34140960689499833
0.8808099709469843
0.24319066578577375
0.366217619764738
0.4891041283370995
0.27412363953717134
0.9153707908143975
0.9453889726038696
0.12714964952845775
0.01291750294388816
0.9855941494294082
0.2090951733137565
0.7196988483499352
0.5838323212476145
0.39032538720630794
0.12388297733147213
0.3507616922168003
0.47713093408921115
0.5371677179372897
