8212712
0.731139490091723
0.4139458387017242
0.9921969241543462
0.23182758705066275
0.7146169188862093
0.9812229319029413
0.6910596272171716
0.6609588301863064
0.9486517836419593
0.8981137125285412
0.5940139879344402
0.9983637113124068
0.5233414102034489
0.7077883204641942
0.2649354503326521
0.7995804370394596
0.7864977202746539
0.09679129986873014
0.4286344826324753
0.6893997731559921
0.3062904255322043
0.5266063825455443
0.7787759092793727
0.6549181210210827
0.5448362265538516
0.5365327650818746
0.8306221555364521
0.7936084111169077
0.1548741210367217
0.5706864608138996
0.5671657974397126
0.44392987151065955
0.7423305403864319
0.401667115302609
0.19850609251357765
0.11134902926422152
0.3994924218281428
0.22440687301311457
0.956863350987795
0.36924544898513834
0.30667044164273893
0.2759450826038846
0.483414078444273
0.9620280905416771
0.22464820084348924
0.40034848916999466
0.02816877885422686
0.6668891399626092
0.7558780749293948
0.32272354263750613
0.38040334555720745
0.0809735218480897
0.8392973764208583
0.5222440323560427
0.17469408688419652
0.3923449919059926
0.061803843445026874
0.5013435728940084
0.976395617935795
0.3659795472719837
0.018842118791559614
0.9366991856579194
0.3404396683599492
0.23012033227426287
0.13721840954009468
0.6673588683968472
0.8586221720989858
0.8836781504114115
0.08517321042360415
0.7263422026824944
0.06308462690008376
0.8619642886048569
0.1379071244493527
0.6542703870049731
0.9374855909587921
0.795893593952606
0.6411681304168894
0.14705767956636562
0.7023963262584353
0.6788971510676934
0.02117319848961796
0.684423591961475
0.48774416202537696
0.11613586216227967
0.6260508855327471
0.16196129757443312
0.4826662447936908
0.8722071826157446
0.052155807531507725
0.7067245289408125
0.16192526188602108
0.45638971523754324
0.5080198972878779
0.7947714401265663
0.2280776216819279
0.18857087463477895
0.19936935018026902
0.5088310828805807
0.9798741323142114
0.1743553329269656
0.6805502582679833
0.27523397924688686
0.919911667169415
0.884452992446894
0.6108701781342356
0.7014754655858116
0.5483439504509102
0.5812968116836537
0.3787764808266023
0.19925663446360742
0.4544982337197965
0.6649426991431039
0.6124570365077746
0.9225744209527883
0.014533874085732923
0.12065488764464771
0.6823621481820127
0.17640901288943367
0.230817727803584
0.6421819307362447
0.9193113950262298
0.8587831466463105
0.507480927227189
0.6775800826422822
0.42126253892363963
0.6874446068506004
0.44665960039053076
0.59854227385656
0.002484033539590591
0.9321494712314531
0.07121223562635981
0.42954248907961656
0.05078667219373434
0.12450099935557823
0.2322447397851931
0.08970679465271147
0.8016339510036864
0.7495242483408527
0.34356367860884585
0.898174413227329
0.8123647775005399
0.23663466553023238
2.1712721799982404E-4
0.17281260073400073
0.22542616254131287
0.6623843057128864
0.4845714147252914
0.11250224923636909
0.7464277928909006
0.4533462552320219
0.6409116392478774
0.7948110094996397
0.1309942376652492
0.03472452907997059
0.10834228052009343
0.04372378107201902
0.3738046793716927
0.808753139850789
0.44180376717068337
0.12620099293214604
0.7238741219238347
0.06667465133253847
0.2223095422803465
0.72168700899218
0.11204422236326028
0.439064937145376
0.8600477724110491
0.375292630639673
0.5698154750306713
0.2714977218186997
0.4277800671198543
0.6932270926563044
0.7430674135480381
0.8760186704637488
0.5270096068854269
0.8681564423900227
0.6598764940444151
0.9536258932603631
0.8856793709085178
0.732517202013984
0.4985564207958699
0.6089295220650236
0.11370057342155926
0.4294149817438656
0.22020886444215915
0.2853903595847955
0.8014005423467058
0.9635900841264535
0.5794870516424935
0.6380136804288835
0.9360180775739096
0.3490331804281058
0.20793890450991348
0.830101059800658
0.4326634783431764
0.8051859806078289
0.17620998039521696
0.9916393679306513
0.4286998557022015
0.4702631917575617
0.6845509423966597
0.6091330631738742
0.8742906013595074
0.3980836814875943
0.30548808392651583
0.43016224329370234
0.8668979039927365
0.18390049841738587
0.5081796990606426
