3280820
0.06067524338179697
0.123805426824381
0.42507062585264144
0.03089516368015588
0.8090017047817365
0.9642780537053856
0.3640072042777467
0.036217291771280635
0.487798015339994
0.18175993521384104
0.4837084252884434
0.8829830487732817
0.8236140277722745
0.2265518569101752
0.5302587912654567
0.7796416537471003
0.8434961223597274
0.1906974074735137
0.4220501153584346
0.5456227824021721
0.1090187658163485
0.18934685465623513
0.7720709389669049
0.20047233477036408
0.950362658734584
0.8666566560271671
0.2974652205685405
0.124926551158972
0.9165346542995568
0.9193213330434848
0.21966193547833668
0.09375994936757637
0.5025508742078753
0.7271239896726334
0.868729079616956
0.5671562457316213
0.840381199940294
0.40743012342756246
0.09720779126790036
0.24551557267266066
0.4476796697477795
0.869339284193728
0.7815324493208919
0.04202534984719031
0.3168022324932275
0.7332473957661835
0.6432456963242147
0.30798644741954195
0.5963392640266223
0.30286219151538163
0.8575678712732943
0.3577998745674891
0.8683677136525426
0.12925293428220452
0.43348223945187814
0.08368392220131826
0.5568532008015875
0.09030489648352313
0.14734902078692713
0.7246049975442581
0.3161100422701233
0.32398798601261314
0.8911627526949922
0.6595702750153967
0.3429529158229341
0.800137744669574
0.6569189633852822
0.4323435341247387
0.4321509795198363
0.7929869702530422
0.020157849571834863
0.08281036458352053
0.25202127933617113
0.02547360638870788
0.9086040822900893
0.25963238582487236
0.7554756789922467
0.7963914151385106
0.6459235871569774
0.5194945324980638
0.861561027330461
0.9727377399159896
0.7459695351096637
0.6801633985347287
0.5435098186910623
0.3321521336985096
0.6994914026503711
0.0877388700468742
0.24154466896305826
0.37412908614477514
0.04313265300057845
0.1828947536216713
0.08215631246505328
0.38372616208932575
0.3296439489958902
0.8065692951197828
0.730302058983534
0.22777924358142532
0.22859044598070133
0.27247910822902344
0.8269476052973262
0.09117442018765765
0.8784334048719512
0.35199547109267326
0.8716016786952127
0.11951562961541784
0.7837176351166645
0.9663349283107088
0.09797015664556852
0.724566714105966
0.0051982420556664355
0.5616809609381667
0.3605820303444057
0.1301345926711751
0.12609124860393717
0.8547670444351136
0.30121690018830527
0.5885999737583854
0.4942347200093449
0.8796157751186843
0.09618950884983579
0.5820913313579791
0.5377981205061831
0.04054276213993657
0.8990243363248483
0.2373360097615138
0.5312795153738934
0.18219769906036254
0.6877786863762588
0.1295124224771934
0.04888164954703811
0.5243298772462397
0.6022503512577848
0.6279655247145152
0.483959540151093
0.6771284768071979
0.013531634434997941
0.9454373893200705
0.4360838214448619
0.8524027565501109
0.5068488602121397
0.09250373182027405
0.4713653935122071
0.8165312143021531
0.6783521817624928
0.010195477193812086
0.7470390533492779
0.09302251392518757
0.14749789761128151
0.2563249044879078
0.25790455316896155
0.41569529496143953
0.46889160599971014
0.7548239260481309
0.010075841518311979
0.45789815005960754
0.6909369611910634
0.28244112792198717
0.25659050537519157
0.41885482081141945
0.15336190329267763
0.5634341828114642
0.039782569629266185
0.13513406746244738
0.7416701956193656
0.0704320920510324
0.676924403782935
0.003407177328147548
0.22379294757247092
0.8884317994167011
0.49849376433594605
0.15007101522772903
0.4826915429774966
0.2889320387162426
0.10252494213120689
0.9639776532926093
0.42838960167853124
0.9824968540063488
0.623853013904345
0.3204261955660219
0.12388815509797546
0.3705800393713532
0.033663351366199246
0.567736602042965
0.19164541245860833
0.5012307828580284
0.2826087843853383
0.6221388191819183
0.8807780833564449
0.8483400067872218
0.17985915401707642
0.32237520209672876
0.26986864653540177
0.48037591662784407
0.2607993417059118
0.5323277579288221
0.9562389655953314
0.6620963264393949
0.5376932958534686
