3140067
0.3481462662712881
0.23977744043422589
0.4415141076414161
0.9504832451054765
0.1657670081246262
0.24788352461132412
0.31443192085418714
0.5389949507505057
0.29537613492395076
0.6678197398053856
0.6301505257632809
0.8431712552203434
0.2712856055091334
0.753738232805842
0.004494550635140482
0.8045578364765303
0.9988540055823784
0.05787491319429827
0.6400890021238732
0.4901164277167145
0.4044980554040869
0.8988816652357154
0.11885766625649463
0.28854285141939584
0.31050517417084544
0.9249926927413052
0.9280051994004656
0.8396181091153953
0.8432715837805395
0.2556983517708704
0.70828230724953
0.8487227731089386
0.8017538770015148
0.5928260962962101
0.9721236526551549
0.11149652375219754
0.06233659316938944
0.3804046878491426
0.8292860722957742
0.5277256720893386
0.276982558913452
0.5624144676172275
0.07890510098730297
0.6188939888922029
0.8334460405239484
0.7385031690204266
0.8794253066756427
0.08043286395534377
0.28949354730121524
0.5499728197528002
0.09165041477384117
0.19755891795063385
0.2674909330836531
0.9418208754709371
0.3051972383916627
0.5326882840740708
0.10137938372103705
0.5413437151335172
0.5049271587752351
0.1527691480274027
0.36497718996120754
0.7697889262052032
0.31146763572014446
0.8064746682221028
0.7787080535867539
0.460768068638266
0.7387252225403907
0.8840505952458937
0.8912707749296269
0.697618702416704
0.4513309335772867
0.6967136993310789
0.36342947740221165
0.3016311146124324
0.5762476999493288
0.5978476027396931
0.6430171155412692
0.9040314181637316
0.22530846850880493
0.7348457047371703
0.3134094965917188
0.8168395590238331
0.019243233260070824
0.7683010816353718
0.42214108075597423
0.9811970986517153
0.06879144931410475
0.7243454159271291
0.6519973820991521
0.11648641850451291
0.06478620466424134
0.25629099613954887
0.28383376317839804
0.819539328171753
0.3566348768087947
0.98333008298146
0.5185334191922499
0.7704597835309308
0.15741077465099018
0.24689918131963318
0.8749323604334006
0.3900619695576145
0.30380845114069244
0.5794159714196591
0.06120261899444013
0.2636514784994445
0.320505366250579
0.415448754113827
0.9290993049220282
0.39685398624296664
0.8910109707357635
0.09197994343000815
0.8636409537185455
0.9014222657315497
0.22087352740200883
0.9822764861393994
0.2352070780479818
0.02242899346417615
0.1941542985420488
0.686981696703449
0.34670020337761753
0.5129795587152031
0.6703674650422289
0.5663944211865565
0.6453347016949167
0.2385552152050261
0.7466232431858272
0.5395035938220246
0.8367776991885308
0.5503239563405592
0.31850090586762203
0.9981967408884639
0.9387823802973695
0.4052326745943772
0.8132175126644571
0.889163841685928
0.24211743142319975
0.4304209881195433
0.539946780153182
0.5013683775215891
0.6085105321548191
0.13047348061762276
0.7046821701465286
0.26355960375235665
0.5284884120422795
0.21825400216798074
0.7708268082631726
0.904151578592595
0.8864090947358075
0.6135415992687174
0.5117325185357716
0.6548959312300835
0.43564687162492033
0.9984149510181543
0.7976984936892644
0.7901265868898214
0.5738040951302688
0.9443083668843963
0.8874800892385138
0.684957237563974
0.12598827778698596
0.5328887015667038
0.7531464457877468
0.7486626332050105
0.49360682650460874
0.08137996242401291
0.757165594735904
0.043577165100457615
0.7067956726449176
0.05268767637980587
0.8218836925140034
0.1351958002840823
0.6305127036740706
0.481653133689515
0.08410530433386076
0.7357632180908945
0.8174902792647523
0.2809927283320295
0.9112696157532049
0.0014896348376488566
0.2756554739230548
0.603955356996083
0.07075714227621765
0.9226324505081004
0.7232910162145079
0.03545664601887155
0.7901506687343076
0.10603493951020604
0.7421233122955441
0.7594257178373722
0.42381248330628285
0.3913145604812306
0.6066887733018963
0.007326571898979561
