3298563
0.4499300238385737
0.16474507612410616
0.4677429915763668
0.03129284851807168
0.5622202205337686
0.9389782998446746
0.9981419609557062
0.5650413208241318
0.6917725114553768
0.7521027427106739
0.5715383060081578
0.23670587502159768
0.8970491924510184
0.2061378709811268
0.537399491806621
0.679960320497239
0.1938510503505727
0.5129148611183715
0.18026921463623224
0.1532751784722115
0.5620951788770354
0.7443952269050672
0.5068574163531728
0.3218799007461153
0.5625408631449745
0.5948315153586354
0.09145760765475253
0.482978528578606
0.224138813443563
0.35377471579881803
0.8283555724342706
0.9219935860980574
0.12146762521414722
0.46178531670897016
0.5893062287016256
0.27608938696767316
0.8517606745557842
0.974806261618893
0.4648203884376182
0.750952453819108
0.44231595236577026
0.498507426306562
0.47991696194931777
0.7877834667867161
0.5716196565727313
0.6705133059179671
0.4181600584044307
0.3096817574176238
0.8713043681552016
0.06627651439445237
0.6622146220582509
0.9900795492706964
0.9911010097998426
0.48346181425889223
0.7648185493347279
0.08061027265679732
0.5552329848321393
0.9200567900959882
0.8009825824998384
0.2117712769521306
0.6162403075009505
0.20302649040970178
0.42039444278677773
0.23696839471239917
0.7210101356365621
0.147181641649904
0.9184164175687285
0.6290057528468714
0.24382945285065527
0.3280307028617041
0.5747309891185802
0.15781140626748635
0.21256452771296963
0.03773867080447013
0.9706019606465355
0.5791654492265519
0.4566111852000444
0.7599159166823197
0.988883622334127
0.8464240569390514
0.5390485349629168
0.5468128773698981
0.7253238124755989
0.9207095160812485
0.6004680868180049
0.011597470520890107
0.5953711872224549
0.5997626577615235
0.9382394906775052
0.25874384468266054
0.5076108584672417
0.9116308513221094
0.8725125420305054
0.967162439625048
0.0931170298946804
0.5265912111017033
0.2090449345459524
0.013553361605953884
0.6294245680327475
0.32918517928969726
0.39898379148112795
0.4775660149039448
0.47848635986922883
0.7619674593550791
0.31701807038487473
0.6056998459100207
0.5698968212260407
0.8035482984521163
0.43185843657767864
0.3274828467010815
0.7038260124586999
0.47573543985333167
0.026789724460530073
0.21531541606069393
0.2225232964566134
0.5880578119138984
0.04308043999060951
0.3584692543218154
0.9049129078498762
0.02268042188239261
0.06532306819923805
0.4820823860418114
0.7757185610646544
0.2386955686749439
0.9453171635325948
0.7835928170335162
0.8887174920925095
0.8320029399007366
0.5698974771146106
0.38190503769044426
0.043139323200014235
0.9254671367110704
0.3181473775262853
0.9786853891444733
0.8228882403215527
0.8837677914066895
0.8247274246683589
0.31653302048749377
0.3101819197417406
0.3483344538590818
0.7685878351436493
0.28537604742894895
0.31836384270459983
0.8699843037625008
0.5401229691578282
0.07629273247149992
0.013060521051559082
0.4803579105226833
0.8048642340652128
0.6110600209550583
0.3465187287561077
0.38797438662447437
0.1780980527219891
0.586082890657185
0.8168719112311946
0.6107042411501532
0.4523332856024799
0.8609597763067441
0.6822490049955781
0.7636843241096175
0.0783327756782668
0.5947904285597376
0.9090535854472293
0.4101763518402288
0.8904617955882308
0.48743486705007477
0.8144040518093421
0.3525966370835879
0.38839585783135633
0.7182830260639091
0.5746410006416531
0.9919213641695669
0.23976912700069042
0.6916963851590011
0.5149709811529938
0.4158983794823312
0.052133680934401516
0.4961347296138938
0.36973044552031853
0.18997305475230208
0.877639328605878
0.06308251149209687
0.508417610736049
0.9195619382818673
0.3601320568884643
