5098773
0.37224055818112967
0.4595537759193884
0.5282852462965458
0.9119091431219342
0.6910513681138656
0.9326003591137528
0.853994827688488
0.8161570041019499
0.7594765306342525
0.9375710418577348
0.6029118751829317
0.6911380674310291
0.035047438584138835
0.5326433953304448
0.9219143012946668
0.32348074365114055
0.5985614793549155
0.1919877217619529
0.8499905521003709
0.4804669093106485
0.08739758764579797
0.779195261274891
0.6921037123571957
0.94499926471873
0.07127661633713034
0.6361021803900184
0.9221853482147055
0.6819708865499872
0.614393415820919
0.3524690098193496
0.5667060808644016
0.7410476038962847
0.37819941777951815
0.3688902820070865
0.14624554144903512
0.22841361606570043
0.5107156152671244
0.6834724866847096
0.1597118049995392
0.4388191356734594
0.741107756155222
0.582232782790043
0.7843361373077913
0.029308329455389193
0.5523570251513399
0.49383477675173004
0.93429622153637
0.9372950559527986
0.040210853219452836
0.7811922328486302
0.07179675726230572
0.5981922528211321
0.0832004626746714
0.5256349137694963
0.19666376650951223
0.901590571979786
0.7463629605876761
0.13374536201704457
0.25398485069097665
0.24002086728105299
0.42040746921205485
0.9026394925793089
0.7940544779484715
0.9506235409427181
0.058416408399636355
0.5163772849230586
0.0948598308423586
0.427587846440206
0.01377453198813483
0.8143550816394473
0.11456959946851952
0.19201234630355013
0.4058699063504868
0.07194374535772219
0.5799640237590573
0.24587730528237906
0.6442126450815409
0.464301978111475
0.23647204885907314
0.10810897018112342
0.7269685662408671
0.3462078025079227
0.7864568294650777
0.033254208908163
0.19650680743192117
0.4739151809417874
0.32461844340751256
0.04707356656018413
0.18241179109751648
0.3194569481068603
0.14285851334572786
0.5983996277349507
0.7915114632029345
0.18347926576009954
0.621678498253158
0.8228966948132816
0.21482544786220092
0.8996070198118132
0.5511595129326686
0.6418967099359558
0.3129382661087212
0.5415031040838009
0.6317984969599237
0.17827573437579147
0.1141542526337056
0.6931994139543125
0.09395192389236817
0.26137390127172233
0.6138924040250533
0.5239407604725862
0.3443647027564314
0.11425139419199015
0.4991310164286694
0.12069728496926646
0.2992390131776499
0.6691114395534075
0.938313589821203
0.27466490500306084
0.5955232382687504
0.3405108303218489
0.37497865809427
0.19248754012195735
0.1855794156900128
0.501017527231439
0.3424783347133402
0.40859878413508743
0.9151123692497701
0.35026347159098836
0.6775014460740221
0.5119946372144182
0.5602217953571864
0.34588048502031155
0.15171911088659695
0.16891337791221372
0.45666390639488774
0.8735957910019763
0.4637216066276957
0.3223122860849531
0.2928867685346316
0.37380277596306144
0.7375175635789937
0.3796953618848563
0.8581294595823414
0.7132115474725071
0.15921767825023148
0.6627596948816629
0.5378517886790606
0.1927236722327631
0.15012695469127224
0.38549300088747884
0.1309882064738057
0.21646317682510063
0.5223206679342715
0.9517681862522546
0.12699567844398219
0.3119364168216824
0.3918811694791827
0.4191452279799911
0.9253921556827419
0.8875812961781119
0.23532441137292448
0.5625047126722879
0.606458768915664
0.8415063022381427
0.36634556524981765
0.08930110273983183
0.7690053205769578
0.8940080230144332
0.28286636411074084
0.20763849093491138
0.639575190578485
0.3064958387367053
0.78846661363893
0.9290351033806382
0.12719292548390215
0.47074049938297313
0.5276350990796419
0.1996568603411445
0.7487330894635601
0.7049033522453308
0.5908762933936627
0.19696515631132328
0.382217052914568
0.47659113462258007
0.14356052146094356
0.9031367410759518
0.6188196334445701
0.18822119196570797
0.6115074178278245
0.3722791481841041
0.07909483122278715
0.6062703088629812
0.8166434860921522
0.9453778941667134
0.4349064852771346
0.9935197909528645
0.5976763977665249
0.0350765036703391
0.035775429754760446
0.012198415770854565
0.8735806271939958
0.0018043222564353423
0.9768324806857905
0.5059639161124407
