4057805
0.8117893931793024
0.07343086458535963
0.16529220677476342
0.3399528005310921
0.7483410483834656
0.22253990082959474
0.4433393147547823
0.5806672093607119
0.7738282723621721
0.40858025243547846
0.1075462548701328
0.4312565683889158
0.44685067529775024
0.61656455677122
0.2284168035633749
0.5027914383421208
0.9257727863531466
0.6796509660751967
0.018377383647667167
0.19841482719348702
0.9199410305535471
0.9598573893709084
0.12251393410382705
0.2147966404057975
0.25311478884578575
0.5793213506786333
0.11357919420647966
0.42410507849835066
0.5047181812125687
0.0439327898820584
0.661271680826869
0.6897482280585392
0.14862103594519926
0.7818317418672616
0.8155139201209897
0.49042796885986617
0.8445084918178584
0.3311757535823431
0.5944343606463671
0.579587738784626
0.0535009995280894
0.6547470266717823
0.5999839799917314
0.29112428887451924
0.9475373280525047
0.33338296943692547
0.6975950502626038
0.517272962173819
0.6611354015368082
0.19587758127783506
0.8910158343412805
0.8308649456863292
0.29449671078601847
0.27991562054011887
0.39943217291198063
0.7016940899950131
0.7185221935416598
0.8867654519164685
0.6012128609449804
0.26551984865930955
0.15515859455118408
0.8918702345678372
0.9470926964461875
0.6442720170376641
0.7105961284856812
0.40414160590429904
0.1653332660568606
0.3873120837689076
0.5241897478649068
0.32867388249498375
0.08237871457251855
0.20614486466375492
0.9625779560421318
0.3807605902030571
0.16474933583849716
0.8087634728695752
0.3363244400492904
0.623509938150255
0.45139353116121217
0.30484927957551555
0.945509783379699
0.6570188938900244
0.8904443211226892
0.3493381243603928
0.8710514558588512
0.17398065960960585
0.22030343085562898
0.9194025871922412
0.8201326700185544
0.714763344458484
0.44220310335751034
0.37868972122861266
0.5069713221951355
0.10441281245143152
0.619871248440563
0.27269204666761937
0.5042627378019436
0.23469557356936532
0.2116530913247997
0.12041930945523494
0.23598045447916272
0.5662126927322614
0.39141853860269127
0.32007741360078146
0.7988221552390912
0.9687789939319126
0.8468112804118152
0.17024935511422368
0.5974379355996076
0.29267649403453744
0.3568718997449123
0.9231132884404858
0.3576810313749418
0.3690544495944318
0.04579412519578996
0.7325206915884476
0.942471642457723
0.9746628756341738
0.5855500374217391
0.33729728527229563
0.5364666902012272
0.6642707801572676
0.7773459559544367
0.3289185350158822
0.18857970869840013
0.2735331620494067
0.880348067281235
0.8927501935143548
0.4054964576219314
0.3257366623547401
0.7758429102371099
0.9833336007932936
0.47468370337224064
0.5377661725796647
0.5559747117580843
0.9967347260051683
0.4619901563161586
0.11379981305600195
0.40842780463586315
0.13676473021893754
0.37678962587674547
0.5396534761744172
0.7318991660747647
0.8369187950409918
0.826718820491086
0.14635985007632002
0.261932806132403
0.7961694847845886
0.5944131043720767
0.7984815263483456
0.6126636528738655
0.41428960437243445
0.9602454309872382
0.6808212450260295
0.04724605086649625
0.671168454096761
0.2679250842840114
0.3066068514624094
0.47821788224497364
0.7846250277091001
0.1839145180048889
0.5508922995102162
0.6687780638734504
0.3025100106089147
0.3369740886157391
0.7248304198110213
0.35693186115226383
0.6374282264657444
0.5407461562423448
0.44963666086276133
0.5566848205402185
0.4362015477171558
0.600141344131704
0.3634778838261271
0.6039429933547349
0.5912319847493537
0.7813914008805952
0.5001835098934793
0.6095032213713636
0.14721333090419408
0.3859851755101067
0.5155912491436998
0.8574941745955478
0.8341788111781722
0.5103046519521783
0.8055026760616644
0.3448555004394678
0.4666615721787726
0.9956308050650766
0.9586390230207293
0.0959184739751201
0.9887833525873065
0.7772897794619095
0.9186509392146458
0.10587867438734688
0.5163765520215285
0.327061699364807
0.69115027608951
0.7679274415605595
0.32978296804625884
0.6495760406897075
