1868640
0.4248958254587294
0.4210354554991088
0.40476243633740316
0.34126898032627473
0.22067957507975933
0.21885862569550996
0.7339831498040504
0.5495797950287175
0.07712304454241947
0.8649625494429022
0.3878546647796237
0.2804147813425172
0.9695086302773026
0.8855389004787387
0.991003632136704
0.3935088151987667
0.17593380926407254
0.018013081577357704
0.04948143128550464
0.7981663267934074
0.6144909075447003
0.9824197605702424
0.3538317629540392
0.81596489471455
0.13583854936232465
0.37214879675308765
0.5044354833663816
0.412356324923257
0.4274457266753864
0.6516408485170737
0.4580891654050645
0.01570140888754723
0.42895276121254533
0.280838932963439
0.8785622916053437
0.9401265790960597
0.932507835136376
0.7996779090105732
0.9889181078767264
0.007691760209068699
0.34760193047075405
0.3006214510287668
0.5696710617742409
0.8257105191704116
0.4468387927065931
0.09323156192707227
0.7243937064828474
0.3166652089312396
0.27724096351444594
0.5219832598981039
0.04317467827653343
0.5210112525311179
0.3211064466385193
0.8370128873980794
0.8343682070746602
0.3972662655624777
0.42109523618511857
0.7372153954239755
0.1663650736792015
0.32913136551074573
0.9461386912891875
0.7060824457300146
0.5636538061458968
0.31599372141118165
0.16792870313252672
0.5428997102378477
0.33522985226996316
0.37101038183413326
0.8421578887057648
0.5553985093526641
0.6784498627830676
0.48007585897263416
0.5443460198032621
0.7246830400325389
0.8977168188652083
0.5853266527115036
0.3970019876495572
0.7792313903867439
0.3049212367053703
0.44843795554573906
0.443034425847493
0.5219952623180528
0.6273525462787034
0.9218194734544813
0.06973876969774528
0.9430992312278096
0.03883361199544677
0.10991813758685887
0.5683517682917517
0.6203675035298049
0.2511210738829298
0.13818798517382247
0.126079356764231
0.660882551518834
0.455152191388138
0.7638882430797551
0.29066716576024776
0.9690065305760891
0.2855092059492369
0.8607228426976734
0.22199744593180726
0.9397728369523051
0.3965100752038718
0.8884355929667048
0.8508602078048536
0.7712819477822082
0.6846245096492517
0.818827229620909
0.40196010046322617
0.46571214289919827
0.6694525384304801
0.6312620532483146
0.6063851235710158
0.24578212355940476
0.054292384546182126
0.41358308986565717
0.32817683855486035
0.5519794974945761
0.027363333775565102
0.30845672838135996
0.2603062087405129
0.005595192084532741
0.43603825130438856
0.030519149212980268
0.8072729455580795
0.7235806524940759
0.568979509864693
0.4462982578002386
0.26471057989985913
0.1534714790017031
0.9148614177103762
0.756736797351495
0.9307933265489441
0.1600971229932301
0.9314007308465053
0.15124336166516994
0.839904791144438
0.4405234803650039
0.5547065728760361
0.41255017293490504
0.39594321985210923
0.4696512356872342
0.9064995642282813
0.8432575108051823
0.3008011063956826
0.0861197363829489
0.4155393261562549
0.05779660415061205
0.8229719617396706
0.5166427914869798
0.35963882006059145
0.637644210496827
0.6319003571221573
0.10662869193085278
0.655932047125527
0.3829736951373174
0.13560610055910338
0.2759143527416117
0.5796024008439958
0.910528989113497
0.5022768436657307
0.25066904185397676
0.9750660580672379
0.6453593970182935
0.32093796855464063
0.9360005895200713
0.43864560371539296
0.8331546334403566
0.16197223221543777
0.8885225859724208
0.8980568152998653
0.06027125703069003
0.13517624060423916
0.7241187175536289
0.991571460946845
0.9101433221055012
0.9112042111040242
0.4533659651507346
0.6585078104187988
0.8076209088460731
0.571664372069642
0.1755556336552191
0.3927390975673891
0.8068827726170609
0.08379643378667712
0.281977444904253
0.6822000885483471
0.06392037754216917
0.15757355674039664
0.8201084310402954
0.259910476073821
0.0011917628842254002
0.7362358027495783
0.9525751998615182
0.9258227943076683
0.7198962995739203
0.39567604491527075
0.5082343697515952
0.8638419019217327
0.04442186704041917
0.48376364405952754
0.4674429302786649
