1749640
0.5746519927624777
0.6938682214218856
0.9176053806455411
0.849566440720146
0.77252624998086
0.4671516083622125
0.17490652132846474
0.8779996290035806
0.8530830941098847
0.001047352937577184
0.1650097930643668
0.48645108295264683
0.8289923676024041
0.6146287887680123
0.3458535442779451
0.19996915872236465
0.9519236748827968
0.9889119316131894
0.6650046973296944
0.17516405081652087
0.5915679199561924
0.9471179650999187
0.6460859430291384
0.7163064355341536
0.3263528812380089
0.39881561104820773
0.2163309498868411
0.897460670537808
0.6155117533057279
0.5903087795187265
0.676665308817987
0.015536035149032679
0.8684534695069382
0.1639848584770046
0.5526248061276199
0.47511701187441713
0.20492222814350902
0.17094161502655858
0.9325869800662541
0.3631596824789719
0.7082228409364768
0.10406188638861846
0.29920596438183356
0.4101177595944898
0.5138276500087348
0.22280669322904256
0.7906043263075827
0.25378886559960023
0.6469695206796932
0.9263491999603678
0.28979005409993475
0.9231475863938774
0.1253650785464211
0.6982732120113893
0.7339307888789077
0.2416588783905652
0.4770008195656661
0.19391203946734015
0.5595314380726166
0.4130418342342239
0.48795381399339843
0.3705041857548653
0.25522530421647205
0.39718022735848635
0.6915085980947581
0.17069498565392183
0.5808030665257423
0.8098529555583702
0.8373695957810557
0.16151381673601872
0.12926793141388482
0.9871841316333434
0.3385587445287439
0.7038089848776655
0.5581192901892806
0.5441889311465037
0.48362614771642864
0.6812232764019875
0.9967314663436666
0.22651799948824403
0.023091115158746067
0.5531450694622421
0.8486079454955626
0.10547988510177142
0.5915699777716269
0.5126714047892837
0.45045567773520456
0.19864724529496325
0.31083583919303626
0.8284709183110662
0.8244381777990702
0.4118292999932943
0.8340948508763605
0.028536229131123858
0.06563007417043165
0.29291976984945345
0.03805244577501188
0.4441666300758904
0.7436098612876557
0.46410568756685233
0.5468820737115586
0.7741239812840531
0.06529172563144447
0.7561492221105571
0.2809980061460493
0.7517558464813723
0.4455112826430806
0.006931527833111795
0.26357300244826143
0.7019815373706771
0.5625442348258886
0.20617341744018747
0.9890304578909009
0.7603886502539792
0.9376509694725113
0.16922524998727506
0.7602798751768735
0.7932886686966021
0.5709041062528447
0.2050440229376267
0.535253520347173
0.6054322783986842
0.18997021881015463
0.30695276249622305
0.9883412384099295
0.8511863328122042
0.22418089880768655
0.23950393711027151
0.6886093010613279
0.17532597841426978
0.703142392975184
0.5207446261819942
0.524228389778426
0.5011972075128143
0.8972972534264517
0.7064084521217349
0.7613249353175211
0.05685633876333862
0.6672652475124949
0.571035295681285
0.4155087710287424
0.6838948531101295
0.16945511451297168
0.750746543903245
0.9356195001827481
0.20900927962681282
0.777352619272764
0.16338051565923284
0.5517728451989151
0.17497757910856893
0.8210544527161381
0.053918475226800155
0.023577314126614568
0.025554908599155546
0.02203170210544425
0.8266092450031053
0.9394305932469638
0.9179033484653201
0.3057705619313936
0.9199260197731175
0.16409418403416753
0.6965215242116402
0.01185205195665906
0.8564662773305418
0.5092838734373888
0.20424199673347065
0.3891964690618219
0.25713161895270276
0.2108025393067503
0.02871517310557814
0.663612750011302
0.047401744773455046
0.3357809650230563
0.9869010173105852
0.8954563282472482
0.3032423548299864
0.8148817540989964
0.13544058925741598
0.307113813517239
0.1851640533518516
0.39685935326407384
0.8613810932345711
0.7531964349542739
0.1911756991093655
0.4566601114769866
0.6555803755630272
0.5307382903815047
0.5228520867213892
0.25328324868422547
0.5002175298916501
0.7823598731966893
0.703462467047678
0.9299144944788469
0.41218808481975533
0.33227092601070984
0.7130832191583504
0.27638203916760296
0.5757643278718213
0.9131510214972514
0.8128438691967268
