1543504
0.032774011993652485
0.6707518443466987
0.3913602184651641
0.9189333098419756
0.30309571331058416
0.4564763574326367
0.7785963853456899
0.8567184698199884
0.46913386050675243
0.4072845910637246
0.5300295194309318
0.07630494362635487
0.8472338187102444
0.21184669418164304
0.8721077656970918
0.4430956990179634
0.21448584569421725
0.24639721109241497
0.6776438257159697
0.5303800382077558
0.24585394145028872
0.7111547040981779
0.7114542089137831
0.43571185406617596
0.8500715296383974
0.9795108816674312
0.9067384328646294
0.5188132244406196
0.3696660842010746
0.8511816618333943
0.7005487700466018
0.6159648421195064
0.6192643605920691
0.8233648423662733
0.3561155219019646
0.22432236557726104
0.7763692048662961
0.19804964687139304
0.6304566615185506
0.8693242181850536
0.2100871608450906
0.8289757220825682
0.10761515627592932
0.369331959082832
0.43582618143419016
0.5783404046327906
0.011030603039886566
0.993872494845729
0.517771009246075
0.10120479031189444
0.3329668270641365
0.575326330692968
0.40598324889899706
0.40465026728088715
0.6745800863786657
0.4786340019652988
0.8912620354940388
0.7390895646490804
0.2771277776440997
0.9595683718162576
0.08844047938434274
0.7707371433089314
0.3429804080687042
0.8493476379355226
0.6175819764880156
0.6570955693712783
0.8945145066639497
0.6918403052658599
0.9425792991802093
0.6014163635726409
0.09962801231562102
0.42933969383855886
0.6479492130152686
0.6974448781714302
0.20453338993990666
0.48386265510550486
0.7871533679560012
0.3923609383610567
0.957648257953243
0.6131530846347052
0.8195662339236419
0.6936775860937102
0.6828170957889788
0.234047793835492
0.06824922364330799
0.32496318453324746
0.965761771731428
5.890718910950277E-4
0.07697977667210454
0.3956023594478252
0.254572622664462
0.30024395213127875
0.7225226233700973
0.7914135082819391
0.5432158966683573
0.9888179686236118
0.44692010549508976
0.41579248442523997
0.7064475516463239
0.12312654864801409
0.5146171255009728
0.6151525947464277
0.9851872263850013
0.6702148288112555
0.7705254004032007
0.6077835855459481
0.5833204991162378
0.17289241962980284
0.9776710145285826
0.5018535723468146
0.3300615776926158
0.13357654509999706
0.44685783001459345
0.5361290695804077
0.8864222504106443
0.4419137834853143
0.33581894250745936
0.5060902167974086
0.029997772330581762
0.5163764988163881
0.6916171547797402
0.9484699950664848
0.13919355233102182
0.9560076765307151
0.03759423231318593
0.5488471889766251
0.11618118524467858
0.4057131187527344
0.06495853045142908
0.40977514739454146
0.6372861570634559
0.026977702512118507
0.7791385814966164
0.27102916882335326
0.8001736612710986
0.43560844069003646
0.2723204999237371
0.5089078929206421
0.9491130581337837
0.21908352663472652
0.14612492575153146
0.7581244696551872
0.702765675659906
0.17831321038502257
0.4921693888064137
0.2976758826536565
0.9833543246858875
0.25209533669046746
0.2533000592044269
0.9211798088139769
0.15173743716079902
0.6772742569090262
0.7345666665531191
0.8725199182059137
0.1898247205785778
0.3135886945607237
0.010553090919779184
0.5692424672346087
0.23993469734616668
0.2194210739458059
0.9844650638268614
0.25899826662002245
0.7101095071380544
0.5031365312993772
0.8944159846521998
0.45842574643266765
0.5850658084321071
0.1944273135843173
0.13364016438326698
0.009222595200480299
0.5443744148957118
0.3810542082616645
0.3539026412184326
0.852754484498114
0.9826264116705885
0.13860351181534636
0.955163359012578
0.17240185021559118
0.05075626510466491
0.8443542708241997
0.22959236073867118
0.38194629372146793
0.39335753116361905
0.3110777113929095
0.6243225743472061
0.5486502729500526
0.34374035302462946
0.8025666457983054
0.8148644048904744
0.23128540809950437
0.9566438053498935
0.3999196381676581
0.5398971036599912
0.3862157801161892
0.4079310067133102
0.37608111024768276
0.43818953367765867
