1167703
0.9487448256986926
0.9712578321804586
0.20586522321306178
0.449692602282707
0.9322851926768323
0.99362132155522
0.5896677902631434
0.6953850505929289
0.4045134180565455
0.03485693555077396
0.40129726841263935
0.13424247791241417
0.49752207070124743
0.6105685662224698
0.7838321225246637
0.710739387138821
0.6880838331601472
0.7836387685899621
0.7121388019598542
0.15258237173455313
0.9444939437809141
0.18638132735368096
0.21666068540399208
0.05591255942004214
0.9780579908418902
0.9235616217903704
0.12031533122087268
0.404003252825221
0.7601449553968778
0.20592485139265204
0.5788138034468523
0.20551889285022806
0.6698258108671776
0.49453614215088393
0.9344420700252264
0.5096900229272013
0.12247001786148626
0.3981504348060978
0.39432160765945257
0.6582978782996297
0.2962739800047036
0.5589943238665285
0.8263925788025767
0.26815156384412286
0.6215469060081616
0.2867557905086696
0.5298393734819565
0.10277986120055038
0.026680629322062943
0.7562423649790945
0.18140514049977852
0.6883484316433207
0.5450826768246637
0.17108178722915757
0.2850186326091143
0.2563526132015608
0.778952184104922
0.41400331757654796
0.35938260289128887
0.3544247930134511
0.8886303589157559
0.3536525865036312
0.7866503499272827
0.25663485458796476
0.230359084656947
0.15855593969144244
0.7150428223304002
0.12595032367969083
0.5006322170343448
0.680764968910192
0.6592361774402967
0.7340633209519233
0.2619259176724048
0.21487605646571006
0.4745749999700879
0.4275788355859296
0.022446168866354976
0.7125331366236157
0.1946443074214217
0.9445994348791309
0.621632783098501
0.8381866822698519
0.8164589188410848
0.6320295241101389
0.5335111303171868
0.08879559601783926
0.493505973916746
0.5914617663535199
0.8415839949729161
0.5683228313642961
0.7541028571037078
0.29029737105432585
0.06180796334256611
0.907289729391741
0.3010089534738942
0.2147907375276561
0.6943001141391586
0.2483177828810038
0.6679567462767967
0.2129985425211932
0.36977191433034506
0.1805011289327435
0.5097442259801295
0.2781515990981106
0.7232899403164175
0.9986166606578691
0.5847565211236423
0.656757652695041
0.675813060613868
0.6875930412233665
0.5522622880447531
0.3307820966805681
0.6330585731852424
0.5883236541197342
0.551556118239555
0.11954235265941893
0.22160086919029953
0.7878229730535194
0.1559949594349077
0.8744910853919533
0.5737074621605769
0.8948893889390791
0.7022034798028854
0.49885239094054734
0.8452692734658206
0.011852261329076463
0.18319930165956122
0.8141141012524057
0.6052833964290808
0.39364422977782576
0.8639163266301517
0.6166684633479864
0.9706982156388962
0.4973548010227544
0.5285797648822591
0.6204324232858638
0.8770320047449784
0.8685841952066657
0.8016146455929509
0.3650679615486674
0.6730283213138425
0.5853316205769278
0.2972446532662004
0.5844618062954445
0.3067123514829212
0.785815483170192
0.4476655139762802
0.9764131838149233
0.7305645272960245
0.1435370889224692
0.735653613528093
0.7920169488058008
0.7951288466426102
0.02106407102740504
0.7146968705598171
0.17201876720534692
0.8232252621056901
0.4334231380494443
0.6382117376154425
0.6974582114247684
0.2610367210275437
0.8826562320736809
0.7391363551906843
0.19320419519175858
0.28769327583325166
0.5870080229012286
0.20216711094360007
0.42552674697403636
0.03157717253392456
0.6213768572568668
0.6531315509577665
0.9686379686277528
0.08942426438760331
0.010075443734329448
0.5534679111972863
0.18017404355108724
0.3733987104435733
0.8686111334209481
0.232507758186686
0.9218793611273356
0.9216697945422215
0.27811054526490386
0.41623485350221245
0.38929261556684835
0.1996206024912095
0.6941763401300813
0.01841965671724577
0.17302435419970186
0.5916705630719249
0.34137904242734385
