1415647
0.648506107701057
0.46425367255794936
0.23779498885284633
0.22524987519998296
0.7603530676388316
0.13836171046156542
0.10417633992284958
0.10555562198747459
0.6169100439551665
0.30315810593725134
0.19402378389249986
0.01779959298663336
0.27813299958223225
0.7819455940085784
0.10244880007187063
0.7043078474839958
0.6329226418335924
0.9167073759901856
0.6983864902297034
0.6219228710330906
0.0905943919090425
0.022990852729444233
0.5769035120616371
0.03024196260986667
0.9233655077067007
0.8055998867719275
0.06683542594463798
0.032500690290050094
0.4085716132372368
0.05299755790877525
0.0015474294284847367
0.3406167534520457
0.8578010897368082
0.9683598856983581
0.16471446713162685
0.9665728241359782
0.33986313509466226
0.5665104167134005
0.3083678773379106
0.004231693337927167
0.40548075961159813
0.6685043786282923
0.9070574564405192
0.15884054807232584
0.4038275061942622
0.15942007759126797
0.35982955200822786
0.7058957020702408
0.04450273029237961
0.33995501527353955
0.18082284920328628
0.11670291316558756
0.7032669353640704
0.3987119069247437
0.8296357562050837
0.6748825868365653
0.5958354416700419
0.25960056239414664
0.22422041250922975
0.026233106870419243
0.3512547054833336
0.31756887698784186
0.6519098444950735
0.7537798020490245
0.7048630034211563
0.8659167184497103
0.7482867499918012
0.7505009368550004
5.627190072245991E-4
0.33973473214505545
0.44895352622423057
0.3741362601241913
0.943108975157589
0.852549177736755
0.33586523672243307
0.11164770069253238
0.5733453750797602
0.8870436188559054
0.5977379179532369
0.7553158677116707
0.752794335554599
0.41576634750577435
0.9031473381400579
0.8981199017231544
0.5387360266633209
0.17402248798390885
0.8452838368529412
0.8929628248551919
0.7068865091466504
0.28468802096870305
0.25893106877506866
0.2884677088717168
0.33601231454193636
0.9434724773258254
0.633087621672801
0.15348502631855343
0.8072950864090778
0.41319604461196924
0.04675285689124109
0.6331147771878883
0.7909866042749915
0.14693557540930324
0.5407483394864873
0.5409617143189609
0.7938710089572841
0.4624335583973751
0.6050495617315886
0.7855054386527447
0.6232777261009689
0.8239527521230419
0.5089530746091978
0.9528817740541644
0.6868649672403203
0.4527985864956361
0.5305059930702597
0.4240355149398649
0.3921203258242675
0.6840199242828159
0.7519764484635613
0.991118769111872
0.03550174530762229
0.21433881790514653
0.9797452832534748
0.056173260863985996
0.47836812354226477
0.1451478001364489
0.5198503738846856
0.1445491155984271
0.5953264164879476
0.5144532726444158
0.9945173347717432
0.6461762804233053
0.9503472019811441
0.8329320826697901
0.12036061732432413
0.4097195144269664
0.40697883398664414
0.9918074768039051
0.3855423731713915
0.05781105082835514
0.41121562874823603
0.7940401427720059
0.8610261202906495
0.6659700182503067
0.49905253630712887
0.27536823702648217
0.9601653126353819
0.753481023083407
0.17548575033623326
0.9280204558577255
0.8212176162307052
0.37141881522587217
0.6876943252381962
0.9174642428214494
0.12897752445719812
0.4411697631499756
0.3723653206259956
0.3913410098619028
0.6145716506542193
0.3962151582519753
0.1956010013914834
0.019778892755170197
0.1765621851243543
0.6106051991159304
0.8235736154587915
0.9775629707543485
0.5518561607262374
0.059466633621472975
0.06306914995226098
0.6811814313622161
0.7315192056394363
0.1500513564433963
0.7932890760043001
0.7275559401496684
0.8644440574033884
0.6862468624559823
0.5737544541772961
0.646302725764834
0.22092640308297096
0.4851338180823054
0.9578843866260628
0.27366077078459516
0.8985508694836899
0.2510901939451291
0.16779670497444066
0.7837618806033669
0.34439292349661377
0.931105000950138
0.19310550761896694
0.671706684220381
0.4403929596999341
0.924379297489496
0.5649669021413032
0.27295013202413276
0.8528610928032102
0.19995573143387513
0.026350724982641127
0.7247883063649532
0.5824222604678524
0.588032205321165
0.0704924144319804
0.6282779734582389
0.1673131593276379
0.2537792784699249
0.8517061407477982
0.0527094471288837
0.7907939276603883
0.6368948840638737
0.28621666108443466
0.9397919017837708
0.622538992876277
0.9457940511865643
