942004
0.2553936585688249
0.4109996048883262
0.08422325490005056
0.632245551530554
0.6997496321547799
0.9590671165844428
0.37112115178495053
0.14043109731291714
0.04928794025371863
0.01340929936265256
0.48438786676106504
0.623817137595237
0.8742652260033227
0.9092824046349576
0.2327934052449252
0.25389304892326225
0.8601582612847987
0.8617908766816147
0.1480317196378126
0.20674403838186917
0.2116018926419767
0.14838325175351863
0.02432908506390985
0.4065903313457301
0.37229195706813134
0.3372707337875742
0.8409268318137222
0.6298394508483132
0.511322702848927
0.06423964511974067
0.15511554043615783
0.6288611104408268
0.5711553656133543
0.5566192557703341
0.663849383245817
0.5216095040633038
0.7983912051002934
0.8307047795617567
0.5235706302943557
0.8113811442561318
0.585748429390616
0.2477247783585662
0.1907260246426966
0.050410437001731645
0.1421192274775711
0.9034809595474126
0.9995581452155933
0.3416699323062221
0.9773097933888912
0.1480778766159494
0.42910696929592573
0.5851551658158912
0.439042800336084
0.3846986496130258
0.027957549561714035
0.6180992316266207
0.572027854317232
0.1801720461968509
0.2631219978152566
0.17297531904471586
0.38238278157632244
0.6351154492523406
0.13854522639898426
0.8828101912897914
0.18541466502843928
0.9077271899683766
0.2890755245445632
0.40024518057618275
0.09074598032379022
0.7628406991299941
0.3973426233279612
0.06494561411623312
0.8359985439874875
0.0266421626181369
0.20383723578852242
0.453373641176651
0.11872332360632987
0.8674923679822562
0.08458819119585415
0.5756032172890847
0.2959919138845759
0.8945824507784264
0.15618414315311668
0.4457704866436092
0.8220413163199675
0.16869227724664648
0.13448892360419185
0.24591645275935803
0.07659033097384771
0.35310950205648506
0.7212508378014761
0.3273932202531419
0.2999228696856687
0.39780591790241926
0.12190808371028639
0.8496689901182088
0.19555925158939513
0.3462576091381879
0.40824369207058586
0.9432808444161387
0.3873139943572055
0.08183317733383955
0.8311451572033053
0.9018491471518806
0.3247645644748126
0.08946503371818026
0.8615755632823787
0.057480404333786095
0.4196322471180125
0.5983561785441781
0.6919642677761529
0.6745504527121183
0.16530318950875966
0.792765224269744
0.16557711127318786
0.40877321775526254
0.7426935986905848
0.13045060168641287
0.6180274590524236
0.6216247835798793
0.147890225948212
0.19214458143941493
0.9129410535070814
0.11460642226482554
0.1904736935526834
0.9004663847647592
0.03288905693788413
0.6534940587894612
0.8061584068794766
0.39297294545459804
0.9470556108580842
0.989636354419278
0.0033598638100940104
0.3115846428595944
0.11870719598078461
0.9535268511344901
0.42052657396665005
0.7794131624716572
0.9383833263657785
0.5952901744739638
0.9095500244824009
0.8760563972560957
0.5728289844807739
0.2773864134129471
0.7802932942660443
0.9937158819009817
0.20504148769754627
0.08675155811428703
0.3422549389113889
0.059029886773929396
0.4074053397766553
0.9267559352402949
0.16161168499574752
0.23930572556966956
0.43774059639226537
0.1737771893058675
0.015359825186344045
0.4168724326579216
0.5771919908045022
0.8388474907349786
0.8690019182061309
0.41156549484839233
0.23923686874956418
0.7617498384274262
0.3302017699441241
0.658893204643957
0.47069268680694676
0.48310109640239063
0.9380575680980185
0.8102240425130176
0.6384552188900259
0.08937476725009341
0.33611906199929964
0.5113730756268691
0.5498009975264544
0.5064797211233865
0.8470020121640104
0.43725469153439456
0.9894388504114782
0.4294251927731677
0.21742875570004738
0.5128079348963122
0.6730967512139784
0.31876703265188644
0.3347512649665113
0.13418990952326215
0.9152818997161812
0.6689434993259566
0.5294887776307686
0.1192714909051874
0.8879537714572869
0.0592735511643
0.6731393439692476
0.06275899436381682
0.20720095196024302
0.33530419171604575
0.6565006406879569
0.7488041794057697
0.7266145791807496
0.6363579272100816
0.9909624344771164
0.2827545021146417
0.8389023122843303
0.8845449286563408
0.21370920581015862
0.6437339173454669
0.29138893688771017
