1214673
0.7811692902776348
0.49749834798191994
0.43103416525995164
0.5064006521113297
0.31837186021922703
0.3666556820484198
0.6798354748195509
0.6641319685524594
0.30701718415920054
0.7031570119776069
0.7555641441485665
0.35344574180667176
0.446245526593804
0.2901400295865798
0.501234376836143
0.42515833735216346
0.01577504277952413
0.9849189102256692
0.008410069130923903
0.7927133141700673
0.3589536685544107
0.23954911285999925
0.6099616527053799
0.3167489075497565
0.9427237003201966
0.09421714447908835
0.9515821707169585
0.5829161814585019
0.9300768865414331
0.9572068652396306
0.28906573968881255
0.3364055904071903
0.8812410308654964
0.4549195672589037
0.4796405603843895
0.5719922986097494
0.41175390854454097
0.3864026559678252
0.4881878512703842
0.7950113145301102
0.37874412944523994
0.3490674837062435
0.612967100921274
0.7665254855843171
0.44115218762251074
0.9157540984610439
0.05050687081587979
0.12505084287509416
0.6452900477440798
0.33802670900221643
0.8656099363829471
0.6375554046375368
0.024050358281781925
0.6265606173257353
0.9099600735316129
0.4740489074339439
0.06624160811146973
0.5167076358406977
0.741607113096629
0.8229329301228074
0.3119389058472525
0.2658039461473234
0.13764616217233638
0.3683819128173892
0.26040431659231456
0.44851031451324475
0.3636953841455577
0.6363773203731895
0.2390449447481141
0.9174519106514714
0.9663165394295316
0.9826194040812112
0.8750406825456869
0.8786508648150506
0.48831063621651205
0.043390993986228366
0.33568775042487264
0.5947216320446607
0.17186125029599952
0.7995515425665655
0.5591684051558853
0.5735256470142623
0.41078587478038864
0.014188759643464222
0.28437093332977426
0.2259584827815102
0.44069579300939044
0.6960589713620259
0.8065483097201193
0.8837690566081569
0.5146533927542121
0.41379727943776246
0.03501787737504347
0.7567870413245831
0.60195506050724
0.7399810533888094
0.6097685759734849
0.8786615414718564
0.4689570958671484
0.8394813242672788
0.5457562493447647
0.3411900875714642
0.853400663150215
0.2331389903765717
0.11683138720467467
0.1495439668933951
0.3274813938120593
0.06565283223719298
0.46565834318584454
0.8441724145060765
0.35994793189903906
0.7856700217980721
0.7316482667516035
0.629894562022371
0.03380283157084629
0.006419097660024908
0.32584301353982337
0.12866499856011981
0.8537186664372844
0.4568288320504875
0.3498503423891043
0.02972468498470293
0.08607059432363906
0.355926585883407
0.055345820869943
0.8493264160003102
0.11452618819582472
0.24741247671038225
0.6713198573519372
0.7319497221471133
0.3654224999143323
0.31665611294025975
0.8881634182167188
0.7258973234987848
0.4596986361112614
0.4789652020192726
0.780849041845398
0.2483913364321163
0.38194232170988374
0.07582619072404817
0.9778785560672646
0.5187644506180938
0.6221468937107666
0.844919148051829
0.43833273084199476
0.5830672684084204
0.4420649291660044
0.9400603288381293
0.2862718322291665
0.17939034705124124
0.6455835547422325
0.1688274959881676
0.7699008941705403
0.1004250913220418
0.49133540931162156
0.2884749224585167
0.5623265557435737
0.8982651162813566
0.675798757148625
0.15484602759053356
0.30139742744322917
0.7461758332203943
0.6364284552990701
0.7543436887224254
0.47803299328933246
0.02303625184158975
0.7768996725850432
0.6656195306459588
0.5256112580683366
0.7183843069189062
0.6003342522876156
0.29549503511276254
0.23739804673786635
0.06947306861013236
0.15141941422215444
0.31272921964086897
0.4446663011586236
0.9364716809828205
0.6146171244555249
0.06359861292356994
0.22506678677282344
0.2979218825738599
0.39320188926418875
0.39485744896703334
0.7789761482197299
0.9057871250231487
0.5026532404635122
0.23249719340742658
0.5109621669056715
0.5779080068124056
0.6519689028175448
0.46882595498005697
0.7841702245943185
0.8254044126567205
0.9577533654932954
0.19574042516362034
0.27734890321701
0.5135410822146078
0.8384753615353553
0.08866391166038867
0.867397052677091
