1314567
0.03680005465898073
0.27007745637298863
0.7934762154873244
0.48472797081464924
0.05237993733901258
0.24915944246761135
0.4978619691428189
0.4444115580421142
0.16106876370308887
0.00624667813113422
0.47885645070078087
0.34296800781202963
0.05041301164263512
0.23919334457419328
0.30996859711734426
0.7288520480469985
0.5223330392808094
0.39555964594168125
0.5841131185616946
0.4040795935302922
0.5158108121611434
0.8228413467693775
0.4626849992249209
0.3951135094827217
0.705002651847007
0.4267187613743558
0.09646098897629163
0.34303904190486234
0.5041067433384714
0.3300312891440652
0.9806147788899519
0.3062233242202189
0.34254064341987966
0.9089732755493777
0.6039833705976635
0.7430676842504389
0.8874621467896755
0.4980453444175349
0.33182464506477205
0.7481256247394388
0.4853916758328106
0.0015847618464519542
0.3216567642607261
0.4517728576821535
0.47067230047697417
0.6272372169945076
0.41337237558087914
0.8617806939657888
0.14572951523332378
0.9655220256477638
0.3576713257151831
0.32455717684382535
0.17656923643452616
0.6796809586764897
0.4509583936374004
0.21448547483747848
0.8666794765744428
0.1412908580934218
0.6302025339247311
0.4217019401626235
0.27347777634459824
0.44965842664447453
0.3478570782639939
0.70182154187462
0.4136721473073629
0.4068055197680466
0.09479110405376512
0.9755312110281594
0.867381247597708
0.1848913550729313
0.2682840376288057
0.22163680133926933
0.9355848175177617
0.6192080094974631
0.19248693629059466
0.6940626113798385
0.1314526607412021
0.28742419427423194
0.4903558162059696
0.8114669965857871
0.19332676435130536
0.7945411622585846
0.6789134467244317
0.21755130104526554
0.9956079674110481
0.9730642326258269
0.8137980635075932
0.1908036651703119
0.7035245422991953
0.02918210076802441
0.24440866002102957
0.7943332324675998
0.2687375745320708
0.018284954013645605
0.05755843422904261
0.8996142592402745
0.8949636432561464
0.41694227101703996
0.5853990897392678
0.49237386359200874
0.41627235390180395
0.9734991385934529
0.4324806274920795
0.4745210832233301
0.6254429088896436
0.4657400871294438
0.8371628232864636
0.5129289028368557
0.46574019628331476
0.4716077266588604
0.8241956338689853
0.3540452446243726
0.6566975153404819
0.7677526765804062
0.5281381428285131
0.42272285913783925
0.762969788706428
0.5107309012636606
0.27138654571816434
0.45432166845297917
0.9350473225753699
0.9269527437022062
0.46593355526025493
0.3710521870575547
0.5515973437277436
0.8400275956516985
0.17458314107539086
0.6066915722556292
0.7754263413563788
0.9979371989770448
0.2151959723340946
0.6082187626957938
0.5985331605145487
0.8275094117553708
0.020642589180610682
0.2985787428476856
0.2964499983893032
0.9399532665691757
0.07749292150286413
0.8717003239308595
0.3380434708315354
0.4387556848071892
0.6580722271141425
0.40905561683871117
0.7041761686825588
0.8400287250470468
0.7333651336941809
0.45646384169521215
0.257104591356458
0.20543553876446485
0.4083511207006376
0.8805056029036574
0.27221621609442437
0.909112448233123
0.956705992069309
0.03582838876049654
0.49468521538325183
0.3125432578096229
0.5484062473959366
0.5177878788614966
0.11585254009147439
0.505131282733895
0.06162362919024422
0.5492834503835257
0.8776130532254597
0.1832534519255492
0.949399842951825
0.35631093015047954
0.10781856422220992
0.6868699282766462
0.9919423280113796
0.7236690421225944
0.865682421788293
0.19030197673003102
0.9069837719255697
0.29042074238662496
0.5333977760874395
0.05257952212935357
0.21349937919791773
0.044123929352986035
0.12865850833443238
0.37279903341463205
0.44817787361117123
0.9035106820044249
0.33249758294806375
0.8672217501924856
0.8193934615915253
0.24120821693349803
0.7278352143856994
0.28738063994005714
0.6500276144679906
