2153118
0.6912582698612149
0.026354823719815568
0.7322543276001096
0.5083410336015196
0.6106063874860136
0.12480213342235191
0.3726046832665143
0.7551981103823961
0.1193960978710299
0.6765285897369006
0.30186420203248854
0.3462968842984695
0.7318173026091025
0.49007748636574755
0.4554979747391258
0.11966031922466414
0.20742236922087842
0.47383715778118574
0.7995548366676437
0.4714949818112131
0.40223704432200313
0.03426288888109241
0.27916025763657415
0.2776257294293014
0.5796578577498381
0.8048947995175901
0.33899375461071013
0.15306613288262316
0.8530414016326142
0.33437646901221585
0.1803317603663912
0.6588859187557307
0.17505517682583815
0.8939050547654885
0.3030265005628823
0.8633884943275761
0.5632735889532007
0.8780202911414762
0.29583026666681567
0.743713063088344
0.05716674351859974
0.36736659782523096
0.28476347724026174
0.2743271894781326
0.23854399380686564
0.29803868674312195
0.9267641845399184
0.6904777917846091
0.015677753086693946
0.3393479639146242
0.3446456409410489
0.3375193907343531
0.7707479056269404
0.020323410670313513
0.939427518220697
0.7211405811889435
0.9009102888068661
0.8649872574838958
0.5873955510242944
0.8588610542505305
0.24520764311273346
0.29742214148774115
0.3317834856771592
0.7997728667542012
0.8827049045153279
0.8598733851354703
0.3127599588643285
0.22735161572119833
0.31164509899901705
0.8506062669417865
0.3444426188908698
0.38926429635648796
0.07508587194439509
0.8329647039490792
0.24395002126214993
0.2084526768345052
0.4853912165602392
0.5930546593446797
0.7450417690380169
0.3213721040794729
0.21811637807010253
0.030701709894920493
0.5876856293516983
0.9621173713369237
0.19523858807019379
0.15680919570008223
0.16493018909659907
0.06526924312074922
0.3583499465105642
0.8399696049813268
0.9297499156305497
0.6956460751984348
0.6443431307445922
0.19615858578551815
0.6170691383515285
0.9297471155353811
0.7192842266296795
0.5475674497760413
0.21996033329541076
0.6115253211855115
0.8005816487854572
0.690106747306821
0.5740509503552566
0.9842293959081586
0.20322356594698165
0.803839732496984
0.35046245246833874
0.0604056791885883
0.0827709017786582
0.7165816878429927
0.2351440907721014
0.7337531666493065
0.21595644245300627
0.38812681544244443
0.08125278553767534
0.05937511243405291
0.5591550551187312
0.42104169149018444
0.861270273323754
0.8330736012348489
0.7556541500792339
0.12369058914548381
0.31683674894671876
0.5856840105117035
0.7245670954594008
0.15213433033894153
0.30682006340659596
0.37504836093231353
0.9573968809772099
0.03977131073474682
0.9879283344244438
0.30607808897274
0.1726711241168527
0.9870653445625824
0.12721291093843412
0.5384580381905212
0.5347335308006699
0.12843220275562262
0.04209741072677875
0.6518954830891039
0.7296912678863618
0.11933285909678881
0.891108332577929
0.6304190283009836
0.8096814078981764
0.29384778148337476
0.2972709681124267
0.40008429258446143
0.8660337998243632
0.8314839881388583
0.5761739539063233
0.8085446782219183
0.2725721651595162
0.34169228981650557
0.1619947407118043
0.17029662925615974
0.4522084255234058
0.02554924329263164
0.17731713916532887
0.018011459250848905
0.8631502322809097
0.10628458376158378
0.4763613476497296
0.49821580427806456
0.17545523057452916
0.5338117593346442
0.9062861054052926
0.9286860794920283
0.41432973191615674
0.06314549742051279
0.9775109931996591
0.39527241653096445
0.18348347571250267
0.6825670141978333
0.6115470027683395
0.907469843220397
0.9500166119641859
0.024624102546694226
0.14361141072249395
0.5549061054103187
0.7717283553588542
0.8315296324652568
0.29734311853093565
0.3110165828702449
0.7784017762944538
0.7662490887467396
0.4202228895020743
0.6155288114144224
0.18053218172961305
0.861543433257896
0.8708423960579252
0.6339804334973893
0.5721317151926669
0.6814614494261879
0.08295491276819134
0.14034597268663984
0.8186559686616606
0.833250767916612
0.49627959765583796
0.29794951467271324
0.8767628574125239
0.8123847815122656
0.24032043228375155
0.22419183609090354
0.4795281231937738
0.2893778820570344
0.18499951854435825
0.11622202062387765
0.7389057949386644
0.8542894213050528
0.7306943748421475
0.8875353631481959
0.36663585397780674
0.9232919227143597
0.500306992337886
0.7195807612313091
0.39546575880871515
0.9814067766441553
0.917282026071858
0.6678125145324404
0.9944661610182854
0.5864864965201899
0.5060305348403354
