2209702
0.47822257273888913
0.21538553435252217
0.5917497722684398
0.6350043264785894
0.06824172872964385
0.28140224678386216
0.8576513474743265
0.33770565711774425
0.7049986482360285
0.3352969930307832
0.31859617833786846
0.7932056431655933
0.7742783264046541
0.4009818779127773
0.6459831273088731
0.0252838080327491
0.1751222440244553
0.6804877049026513
0.9062905974339555
0.3880906423805377
0.7978644996171811
0.20792360461099757
0.5513927748535
0.44627361050485126
0.24749990878394756
0.31258856303536475
0.7980215745340791
0.9287964596289223
0.9596308483994455
0.30532750852621404
0.9542664401463202
0.5382205528462033
0.12284247558350236
0.29538908505115025
0.5332301342673946
0.5310062486100264
0.36920586306677994
0.06945643835043047
0.05743567086490531
0.14943107673052247
0.02371207541088116
0.5201860623541326
0.30230582996796895
0.1820106558926703
0.8137896202473538
0.19850396435006967
0.3530133870399602
0.156847767037247
0.33166149422340874
0.18207257240978691
0.2562266907892714
0.9311231014211038
0.21514774082505705
0.6017556294745208
0.23675186081508293
0.7299815180733142
0.9666220353354197
0.8485728085528296
0.418799263154349
0.009355463922364637
0.5651822279590019
0.6955492141519907
0.7425788323343574
0.8698072249524845
0.5436960526830358
0.31202960113505107
0.29915490183782256
0.13226023756993632
2.3500240568119501E-4
0.42244086809506665
0.6199681945880433
0.6015289267886537
0.09251080106940712
0.6671504942709207
0.5521589018348038
0.48984540879776106
0.9242807458566595
0.5599828038731115
0.22680140064985277
0.45012092813133664
0.37428923993987895
0.30511878260588976
0.2843881271239693
0.1774683207851112
0.3411650408811906
0.13551929381518757
0.9603757057611113
0.07755117547705426
0.08179462305473084
0.7656758417517993
0.8533341521629861
0.07161490116624691
0.8060443213290888
0.013406717154697989
0.19921579257606548
0.2105927074796461
0.45730475647811064
0.6385807321312243
0.2574872965520423
0.4044702448138814
0.6561835100245412
0.9710644958369865
0.9783447802649248
0.23812998468446633
0.11377230276539274
0.9558537004478065
0.4649586357589024
0.5411870539102493
0.43126804387070017
0.8302624945377322
0.8706709944255476
0.10686602916819377
0.09432734904371043
0.7662093424575679
0.2782957036173691
0.7137580687158351
0.6433862302509695
0.46005174566512186
0.7971467294683565
0.3943366509179901
0.4552786541207955
0.8330862822262561
0.5831482318850909
0.7153987006769089
0.30683816546024745
0.7177444548732461
0.7383551196550717
0.6881381160148324
0.9077694570407464
0.6476790495913287
0.07844040998239799
0.8093462471510888
0.8879276433397771
0.6443494400545469
0.5701816261273304
0.6502744365972056
0.30324450809101855
0.19837872044098182
0.8357055110092086
0.35598172802872574
0.5848933072006103
0.48086942872533744
0.49622618905055527
0.395530421603143
0.9978842419321621
0.18802853052005397
0.28523959812968414
0.9121809544973234
0.09813506342740053
0.32186668714719135
0.7996122765376589
0.06277704824641284
0.381162597392407
0.6404007219014072
0.4767302095757393
0.8068005647529878
0.3008922408155331
0.4727024449733219
0.886849333963361
0.7081150771580006
0.10368461966545783
0.08730061676577594
0.7120163563794779
0.4462058380717955
0.4705296406931756
0.8268574604806793
0.8464045002552589
0.8987633146864913
0.7894599843751503
0.7777047215210723
0.8976362004722361
0.8537460294956546
0.9905877160120966
0.8297388847030839
0.9946402214322971
0.6365978550704365
0.2677689145214569
0.6003383865175589
0.21481856099578778
0.1970838949845155
0.6837532256245148
0.8453806428662493
0.1317737099331624
0.49024822168857074
0.6097765627162703
0.661100070259038
0.9545745047046871
0.3072853653563452
0.1859065348745983
0.9924427969138215
0.48051469374073674
0.06465723928986122
0.5050523222728701
0.7067376067065991
0.6155452353605282
0.4435757035905926
0.021401722457362604
0.7659166083363872
0.5300376497142925
0.18701013172616143
0.7631499234906636
0.8361835767291351
