1735922
0.6577653693334696
0.41977813679762754
0.38116573248084007
0.8936975689831951
0.2368451977594921
0.6803916405596282
0.29910149019422383
0.8042784116733536
0.4950755899160775
0.1496218871244459
0.10093604478539797
0.9694994277844982
0.802468183238109
0.8774716758684377
0.25096323934602316
0.6573696941258778
0.49571520295618
0.5765940594316871
0.3695362632018403
0.33699373244848196
0.6179074010034274
0.15823597198239725
0.21073184146038604
0.3406944686679775
0.16381482776907308
0.5929968662709979
0.2714466646232211
0.29383735110409837
0.2487296649197771
0.06445023447774101
0.8801015540951638
0.6988608523061363
0.23703448272582972
0.7909025082887368
0.8719173066243893
0.7328697964355071
0.016073106223761235
0.07904091833086013
0.2477654037237652
0.2722499264146486
0.2815658838060564
0.14294784763148782
0.5348857976764806
0.3931136600338283
0.9127246570048626
0.9729360050978972
0.9203031365445964
0.11298797762569734
0.2583869641726916
0.0708855684706533
0.611561723950903
0.9370079368353247
0.4299033327092122
0.18224037792343595
0.2944386425249099
0.8509798759546355
0.5021752240847358
0.24954773034780853
0.0035836388801597785
0.7640305076321823
0.8611552617433831
0.6884018137013272
0.19957315558982613
0.04515971844825839
0.8042860026484534
0.7438783688258553
0.3546551810192423
0.7208659619603787
0.8997666076954584
0.12402410717430168
0.8895007601099985
0.10511507898538952
0.5412018411386817
0.326691086400562
0.8745664424417763
0.11827517091183737
0.5961010549565534
0.07698321963553612
0.5122122011248819
0.31824088075885615
0.03985945407387981
0.07480792307907758
0.04950675833387752
0.7148228443294243
0.9912677126873982
0.8155030787775346
0.43669326768475625
0.7675794481350172
0.6212602170062334
0.591236008373553
0.7425753454937105
0.5776189678419222
0.9935259663521299
0.9068470043078795
0.06562421613504077
0.17550280657398099
0.013770784067995145
0.45103790413684486
0.4383958486409938
0.9802309576945658
0.3138331094121568
0.45228106550224434
0.012886092944118244
0.9583934818328739
0.07751966227899043
0.7185521474390169
0.6357413042008312
0.7479223021724067
0.5269417090853402
0.9109657848984818
0.7747806399650429
0.027480127905615825
0.03129648231633775
0.6336200295714836
0.6420753793004411
0.7103741624936402
0.574452203487229
0.7354322335318572
0.2738697236887375
0.12098416786633981
0.6233597405972491
0.8144751129269321
0.27391656700651146
0.17204612665325414
0.27622740838810866
0.2912988946623368
0.9043407106087318
0.7027337398170076
0.9375596853207362
0.574951469687801
0.21693124769581995
0.5603323730273007
0.66657516851008
0.7838853935480662
0.9578037973102735
0.7124010352488117
0.7761821585719891
0.2036670472139045
0.049662096421170254
0.6616695191745318
0.22160527280438636
0.16437961177697957
0.5584280377788304
0.7025198212068159
0.8109200894869945
0.30283852404159317
0.18479793242979847
0.10575231578815436
0.294166890984944
0.23821415705080473
0.48632171146236447
0.1474384363552983
0.9433786368456766
0.534383487690331
0.23189137893759204
0.008013587894317387
0.32277285192396965
0.4483085504712121
0.5180636181202051
0.9593654919175083
0.5665201172975829
0.3709666930698525
0.5354304665691777
0.9305244863925349
0.6309170882408894
0.055833482201983475
0.16329168060037946
0.49666405187503704
0.6684553061842639
0.6996463742448126
0.8921705411166403
0.5714715488922095
0.8831912324142928
0.6911532218854656
0.9262547635753962
0.59955035365936
0.969987195008305
0.3757767946553845
0.7016326313786719
0.8433664615771037
0.5146069048149526
0.4976024825331211
0.4712340372242727
0.4383538942526165
0.5373131741149715
0.07482353754194226
0.05367458557884763
0.250145192415278
0.6995297013414205
0.34075408503876314
0.3207405613006049
0.2094944884447656
0.561292536749709
0.03974752050660746
0.5070412736858582
0.7233123650946025
0.6766314583091175
0.8058334761651251
0.9653945617577037
0.9643331912194126
0.24468486327552663
0.5716141987068913
0.5627999331663999
