1580417
0.32728743224265044
0.49626654150411076
0.9559366185157067
0.5143934851525247
0.10605262396021709
0.9887659954489917
0.36108408217524657
0.08656712685690338
0.4941086141686286
0.5066789382181716
0.07370720848499956
0.2654743700546456
0.3397237678135303
0.32072768853008515
0.008440845495242488
0.18343332342957663
0.6976511840378952
0.14544608544081972
0.8591297481496144
0.8232772705047273
0.11071460743698314
0.25326713703458514
0.3298132521857263
0.2794916212930093
0.7275159390568503
0.8525657138360522
0.8060944643463157
0.6450157848387748
0.8165976363156054
0.01777284188383821
0.29724729868355537
0.413876708359199
0.9727445503374574
0.17159211006603425
0.7303905189430993
0.1423609257337337
0.3277120017559709
0.3625127092867816
0.7102845395059406
0.9952201389329915
0.37551762356860097
0.35522784612145686
0.6717837494184795
0.7184446455610598
0.601536741946404
0.8572310502747519
0.946703125142857
0.5264286683563086
0.964992140811797
0.04177738567141731
0.6428349739731867
0.36888923055205625
0.42603119866754524
0.8955602892675574
0.39007767072275445
0.05169131688122064
0.13143404849323592
0.8188687427523954
0.9471154355655698
0.7257688108063881
0.5770991101953786
0.3366541623500574
0.38181416662705814
0.3296219108548204
0.050802743866062205
0.7408494761493154
0.03947532223735695
0.6734092667027973
0.9253324009257903
0.9774480720766952
0.7953162949658511
0.9864428844486635
0.9199433367735771
0.1162631724365214
0.15102196047281102
0.9149327712928452
0.2771910605040535
0.2969533124280028
0.5799393705408111
0.15311709746631053
0.9125431335134656
0.13181285749385074
0.15146341779225492
0.11845324178612471
0.9857752556481794
0.16399116601265107
0.8723880094374709
0.34033347481348186
0.016008495305217085
0.12921740750924504
0.3714744018956494
0.521828783245579
0.6163459258884963
0.44977314755480624
0.5232140046431955
0.555252902789391
0.15941830209400187
0.6013672577220532
0.35774024471126153
0.12487771797633218
0.20175037149084896
0.7367338353446247
0.1360705192835283
0.9139207763796363
0.292710554172783
0.22418574068878672
0.783335270069238
0.8479640229563489
0.8729086750038445
0.5650222592178406
0.9673788459052982
0.25325222292728455
0.3272577537600614
0.49060216606096585
0.9860920560614411
0.28585888055103703
0.899517427444635
0.9080582643905358
0.2840641031694614
0.49649612069104254
0.09798812800625256
0.76304311521785
0.8576174959265894
0.9357840978048863
0.4261270997525637
0.8185600953865324
0.027015902315233986
0.7760848242862428
0.7572081344004193
0.8108477870722068
0.05561231008309242
0.028544166607479604
0.4387491654467145
0.43644940331665394
0.8779304367148749
0.5677749332065758
0.2602831535881648
0.14901417386571947
0.7621497268841053
0.3416527572798753
0.7471491437533399
0.8000399132967208
0.07719018334286643
0.33998612718100407
0.8533321607496988
0.7446819256239271
0.4605702305863537
0.623360172009538
0.017982049118814625
0.151916081923394
0.5904374087085322
0.4722438143457237
0.7230928856681104
0.9077583617123335
0.45364792274390164
0.5064879306594223
0.14392636422002847
0.680907959242989
0.4714978096368727
0.44663220620367605
0.21911370712227562
0.4320935999222867
0.09568540296899108
0.04097669500442758
0.48397276161754377
0.891568413769023
0.5193104739960749
0.566163662209021
0.3084281733362443
0.3036114924962644
0.9611930207449323
0.22405389018533828
0.7600238476256229
0.04255912124813055
0.5765204247012509
0.7039711042135924
0.17286916152933485
0.5418023022682636
0.4228087113291773
0.1569271325759216
0.6449612802043231
0.34535148318069286
0.06739004385157421
0.8372291126447471
0.1091779051971109
