1176116
0.9909833538435133
0.36111509444600287
0.7069098303038789
0.32733624387511817
0.8646486597289766
0.622685662682107
0.3697104673987234
0.1420651480366253
0.12773409218211007
0.9790094602110666
0.8038851028742233
0.587839953840213
0.31193520339409453
0.8891952640101997
0.4968841849031794
0.010379839410620706
0.20091170155440619
0.9432835519552615
0.750014497894491
0.17271001584481538
0.17356017262077883
0.8715341118489801
0.11746119593483517
0.43654229498794794
0.2706535160670761
0.32606879274187583
0.1715973011730697
0.499229068093373
0.8647604575804393
0.40389391959168497
0.04529419993362649
0.8393975280275321
0.9627725013875608
0.06880370878228936
0.49198725346617755
0.9784721054537449
0.8510299365211769
0.5993923639887709
0.5255376094312998
0.9006453992716653
0.004952031415233704
0.94137939770989
0.05447253720000378
0.49045842797257744
0.9282414706067051
0.37467874258607314
0.3089740383794659
0.6450036112909243
0.8611463065822152
0.2191195490482808
0.27402531745231995
0.7968646958922407
0.10292731837994884
0.39745235087794994
0.7884136726781373
0.9442598301680397
0.0305925108723083
0.5502513044177182
0.4468272742147795
0.9264553237652369
0.7641245381890168
0.05454974192213058
0.951072432797384
0.605369340342627
0.8278410318892394
0.7365227868130171
0.0964771941533783
0.8183862860745058
0.08819166751647434
0.28825694548130454
0.15083560206925728
0.4527541504256577
0.710210101833
0.3996241750927295
0.9857870067342277
0.7585387532200538
0.8680027930641955
0.39850312981313585
0.9543127485862328
0.06496026127938237
0.46907087824166815
0.7560680859576072
0.17307241488850078
0.3940389506552955
0.20792526328181904
0.1585918502289655
0.5645906366350614
0.0758289322152006
0.8513693596104066
0.9731856701715788
0.7418443486215113
0.36111987772257237
0.7759874477637311
0.8421260918714031
0.5765898736458938
0.20033832132906082
0.42779151982346775
0.828894699393312
0.08280762270778264
0.811482016578719
0.5546426089380818
0.008783571206037677
0.06793207054195483
0.39527196912623574
0.7739775126185187
0.6478959982175272
0.8570729896241643
0.37230858580375037
0.2815351638128918
0.1465981385990185
0.2792233583271797
0.814869987364997
0.28119162059175795
0.7369541476168452
0.01948867829021117
0.32509182088303257
0.021675885490491376
0.5184039476414122
0.38766061411399366
0.471619593634386
0.16285400112881654
0.7919190155490108
0.5309980791544577
0.0384266035658104
0.562431674014839
0.8100984943624078
0.12786688762916187
0.7623408759473471
0.4733404790868164
0.9991443016905979
0.6389292117103893
0.9399276913224547
0.5727368411437325
0.42838058849524807
0.26386185240866655
0.26972436080919715
0.2054564907666473
0.8039592124777803
0.8541228957510614
0.5624265634295013
0.7179316503691673
0.5456198889291816
0.16607395898405197
0.4994764106037257
0.782991972893217
0.5688496843832732
0.0038053593037169486
0.4496044105763237
0.1716346469959258
0.2395137898398294
0.9973001217217792
0.4632288225912238
0.5147627125468675
0.594005234357127
0.9891117202656156
0.9562174707870271
0.21605491448241865
0.32518846099461796
0.2615197283767351
0.26736885652641507
0.8265448549061671
0.22288793731686518
0.12616673778409504
0.22807070956018405
0.872150367170773
0.7273996424611548
0.7194685134487973
0.11794581732142417
0.33730894156203783
0.0054794829547762935
0.19962880101550373
0.8968964568019322
0.7510387893048924
0.49049004936926266
0.9248792706681147
0.40181062092743325
0.09615912573156293
0.1418627148903051
0.6076036779658935
0.27529403570795696
0.5680672759780651
0.773759292428356
0.88529516176484
0.754144626322355
0.5463845853319487
0.678794014217287
0.22683392499288624
