2068962
0.0868866161902686
0.010946763557107442
0.429902596156165
0.6013619933519484
0.2725336625892715
0.033028728088919324
0.1819225504943569
0.8770707255407637
0.016851707983908448
0.9033577299077103
0.014174660104750325
0.48850588217855007
0.2877438543479337
0.9203829190673759
0.8563127547776993
0.5135338575225173
0.6179812801603325
0.8554333421860437
0.32193492268807056
0.9349022558992377
0.3513553160851035
0.6358105855689197
0.3379263134159518
0.5263663865575541
0.35742813824944575
0.8425261995765118
0.8022302227197556
0.4996428405848745
0.35041010257919303
0.20630827332187618
0.6287198807442357
0.7759902836676952
0.8392943743336815
0.40366523931335796
0.44507161745425106
0.5050063511523657
0.909230284799309
0.10420971007410118
0.8980146678360954
0.24326905055010273
0.4882184989643553
0.40110849888059563
0.9900610318650197
0.026739707302172566
0.48856315687234664
0.4684392642496844
0.12279444072644585
0.4233839012070578
0.22911722672588342
0.5323987274110572
0.5540243861942561
0.5362556178009829
0.8422088400012115
0.01772077282344875
0.7895878095928293
0.8423293222809066
0.9482384423417076
0.03632727840871697
0.025307256487410723
0.6986529161140402
0.7412874453900062
0.22214844644932685
0.13059131995633855
0.3249347918420943
0.7706813564004174
0.2842132991668229
0.8223894245743364
0.08046594470996327
0.12630138243422684
0.5495256397319958
0.616689577566794
0.8933184119233785
0.43954023603488224
0.19790385017166745
0.8644745584748695
0.7710491996792049
0.09714954954871191
0.8528780829191441
0.6800283890423121
0.42467901848130674
0.33182783139159466
0.6859016047860838
0.8517111487226597
0.1715033765267866
0.40124919505706425
0.2155475193659453
0.8887976640179123
0.4473329338599793
0.8963350098829038
0.5390261871855927
0.20270109804725078
0.45504937895774944
0.3299221482623865
0.8202723226973677
0.046879829905300596
0.7039015156562506
0.5485825476959889
0.47701550826864225
0.24695218676577768
0.4527560664375061
0.18320136458524217
0.6586610454704773
0.9410202591493193
0.36055591293055145
0.30802141918789816
0.2874731649644454
0.5199305505539606
0.968528473708889
0.7132141049090722
0.1474654211083002
0.7081759294697783
0.991225161310741
0.7126380179282407
0.24856849362785716
0.25836960901459616
0.777262434510272
0.20629813260323704
0.9680587634568177
0.045698675413123
0.7156739310756253
0.7961203147427315
0.2768950970756372
0.4434914848556817
0.8100719626969495
0.11400691308778366
0.6955263378907273
0.7370089164265318
0.12035615662309773
0.16274127476046596
0.49189442850295795
0.989797374448112
0.2804956433851177
0.39316037077346244
0.033773789880573224
0.21541656995618408
0.840950704947345
0.44511594860005854
0.13825054240714785
0.9270829319268293
0.7555883053642538
0.9650972105928372
0.7230596759556572
0.13874508693635512
0.9354856021027198
0.6799881052121056
0.05766229028372416
0.6733350456489766
0.42580417524317327
0.9542852620984626
0.43635889078049006
0.19741501269727635
0.4269567443107226
0.3872032312950384
0.15139921278273905
0.74616625543745
0.0775777771249826
0.6164457862887487
0.23096261059610035
0.6286432565275748
0.6443474860278251
0.38702342952570135
0.5250473986399098
0.5104428243449536
0.5225088453314312
0.1163484192043226
0.37172155419454245
0.15941424195123377
0.24095544141251046
0.6409412416873956
0.2568513907072043
0.8097632274570116
0.4870575214224603
0.5654326104991229
0.5923383381401113
0.3508794264286924
0.018932600936618638
0.6511479661896283
0.9810588042781261
0.5794426765882694
0.21665594656926157
0.9794120447645194
0.11111554114109146
0.5668412358821545
0.9389451666345983
0.20381316078617917
0.7276733133492719
0.788660435939959
0.29814281109928553
0.06601822418566083
0.9675655597593542
0.0389776568855672
0.9438590959770443
0.4913313097676565
0.7100228860802474
0.30942585304666403
0.4544266518965461
0.0030394693403441586
0.4962884903820174
0.751463926800109
0.4753578994231543
0.898692234676449
0.0015490070498993536
0.5600197185192282
0.3152846457401778
