1058366
0.616811464565544
0.0045243804128030085
0.11764728902416755
0.8123988977053193
0.9891309819510827
0.293223357789015
0.020566633042784832
0.4182027265174947
0.6213159101757008
0.9697860016509225
0.6714313653973553
0.6104138655022926
0.4742141167251772
0.17299831158563983
0.9683952559070691
0.9431635285253461
0.8280431769899066
0.3239784068587369
0.24602622468625002
0.27016078164421475
0.20351792522001444
0.6186972446565846
0.03084225508902394
0.9352883786767923
0.4867754136933793
0.6404116981575023
0.36272031921180226
0.015132575253033909
0.4590554624064934
0.6457511165388206
0.403156423382928
0.01923947474844423
0.16744644207461867
0.29011296277864707
0.8023307485257029
0.8064292973889567
0.08960816344232037
0.3011873888495613
0.8291591158741834
0.8592885693430395
0.8432342424631236
0.8838438271616301
0.5819879998439138
0.47399998758608053
0.27011870969105034
0.44527786192859786
0.6923173018886384
0.8689584084613061
0.0850429977084145
0.5662298307949862
0.8099113335720107
0.6931602401647453
0.9213008454770861
0.012251088729752557
0.8148853494606779
0.9241432667094287
0.5275302223537569
0.978407839823612
0.1408311647962165
0.6852921196833703
0.07462315675821696
0.6914763850592766
0.8127721707280875
0.08361459706817176
0.016835759080818025
0.9555979029845713
0.8047147804381286
0.771632244152796
0.717822262000643
0.2205249241646996
0.10378942161382554
0.5708182639098417
0.10016856395942242
0.2760054346183488
0.4314513480662481
0.1590546779253157
0.9061022699758754
0.7315148528155714
0.916937466159098
0.5208695336513375
0.767407757104832
0.027460432791635014
0.1441527274256661
0.5867545795412907
0.17417643905219715
0.8421459988359903
0.900385163946321
0.24665203095914945
0.6048739124307847
0.4081996843337955
0.6437263759551421
0.7127390601810146
0.5343072743018843
0.4328310997797771
0.17579973649094538
0.02792696155442631
0.7714272344640682
0.028198269942337317
0.2573761962512583
0.36903136936807623
0.5955017048020305
0.3013292195657389
0.9366829871075703
0.6773588914903566
0.45704849905131595
0.027456581929845347
0.1736882053447497
0.06449466240621071
0.5890169143485003
0.13628805179588022
0.9383701226787352
0.38736415298198634
0.7340590855488357
0.5776494136368623
0.336956598077214
0.36418184617549854
0.33533375853349756
0.5011010224431682
0.47734735497427305
0.6116884423322017
0.9611367000324763
0.5835426848826721
0.7234069875857514
0.02411727348216286
0.4377535723742736
0.7694856298613864
0.7075448056210941
0.9856194788683207
0.1502824093131867
0.6505849212720054
0.9719728198668333
0.010417043358145528
0.23777477245223833
0.2041892551786504
0.39126048258935
0.5387412829824431
0.9568958162632702
0.6350790442790467
0.592281231336889
0.781653848868068
0.31740554203773896
0.6202286053556385
0.4323720534605262
0.7041361880591631
0.2031143762185985
0.34334098642973376
0.2225046369335527
0.4633726306308542
0.583568801994091
0.32406923803694665
0.7894923398056016
0.8779408538111495
0.09457302186011685
0.19625150061701302
0.6597343847302837
0.7936635066048462
0.2197556441774201
0.27015103990397804
0.6167251163777945
0.5331625075649069
0.540740491220675
0.9256071637799801
0.6355324591344998
0.9686979904745306
0.040083601489251386
0.6261663237246139
0.7296768637765508
0.14166171827012608
0.23898862307806368
0.6186770408391197
0.5593177251041295
0.76713479782435
0.030915968551307738
0.18849663187491417
0.7443816617843221
0.4082078925220344
0.4325507834122928
0.6773710761737952
0.7022430754323292
0.5823016175161695
0.11519839069726301
0.3392143527345478
0.48679438774505013
0.5705138346230567
0.5025256052316038
0.5084265965778187
0.5442192508289597
0.2410590654994843
0.4246690023061337
0.4860556177108136
0.5205094295376482
0.7691555227202944
0.804082570523703
0.011019179243766386
0.25674203012469043
0.7382527886890072
0.6150982651168333
0.1767706523481758
0.8903604425918449
0.7412833908910704
0.4070253111629024
0.17820393343574115
0.544178985009419
0.2656603608218142
