1668825
0.009714944010763449
0.32925772890321015
0.4295579358165853
0.3420312915647874
0.6508692543872042
0.3785938293808606
0.31617178882572283
0.1643392285013301
0.6059743783525461
0.2688871844145274
0.22802059586796752
0.6475296293190249
0.6745895120277549
0.13468084736768826
0.913810594203991
0.6792812839073102
0.230825195803129
0.514421480284217
0.10955670994381539
0.6434285945689626
0.33119552734599866
0.46420664763711206
0.8622365957198259
0.645281447416767
0.3796308427622058
0.5039378791590856
0.21555187220334504
0.7528380403421181
0.14728862453011526
0.10098866071375823
0.37232910609584724
0.4829252778214529
0.5239022497175361
0.7021596480730096
0.042819535164704825
0.7075898785034248
0.23775866923226496
0.16160811249892937
0.06413329938139045
0.13360297103510899
0.9229975809750127
0.7806023263857719
0.5332700323853014
0.516729799392957
0.33577621616622844
0.07436595082838116
0.634684942181653
0.812455100252215
0.2249457521255117
0.8119410941395723
0.06305510316426732
0.5361439751744917
0.34823624038825185
0.8369133442781178
0.4428884526342932
0.7081569890648742
0.39154949335901756
0.6700056527087129
0.42884340401095244
0.8932274390985044
0.09680977612662223
0.9189624442500391
0.2341042282254272
0.00844759949079088
0.7329247388396084
0.0768087502211936
0.17888383645311934
0.7705000766492711
0.15475988015774966
0.3764842077804893
0.47710187271566995
0.8803092378231056
0.08663196378959837
0.9880146667701735
0.886512764524591
0.3020767643174821
0.9396777146030574
0.9937992030715397
0.03603530052106996
0.28370462335672075
0.42655633145281135
0.258253858949257
0.21376102018345644
0.0868976590232623
0.4722955312229067
0.5199676512956706
0.1500961476539071
0.7477770343060135
0.43669247275095924
0.7776901904882706
0.8627176864219966
0.5726250323699753
0.4615325085440495
0.3158851854672302
0.943501504821106
0.4884203665412121
0.8349903957246461
0.5212465834450384
0.7623060869328585
0.8141128539193812
0.6259297247079378
0.9784902744575313
0.9384726178520727
0.49612475240310716
0.4824186083432971
0.2018958669071118
0.08812890503741344
0.3603553761074929
0.41163044834437745
0.7584898451010266
0.2938602655799011
0.4730047018832443
0.5624007655110159
0.4694226949118644
0.9630382258192784
0.2738209473434444
0.517062291128179
0.8380091473269731
0.742073557205306
0.74791530167056
0.36578221442531256
0.8460628709546507
0.9360870441893245
0.5360774474717453
0.8844770988494893
0.7845721642960266
0.44696823924683826
0.5485631288778046
0.4664824138395802
0.8404265542904703
0.5875182935954724
0.3436152368641101
0.06850514700719568
0.7478189179499817
0.25535050159810024
0.25951812275386865
0.3229898323542597
0.9311111415064507
0.8574477071356018
0.04777440820200707
0.14187954010783022
0.21536578568958276
0.06475302099602864
0.5450325273029734
0.5908551299242176
0.3614104997362668
0.9458968414583553
0.7426820310504384
0.5484875073392356
0.3942151413357189
0.2801389855518007
0.46557320027090754
0.6813393990706302
0.9365267249734227
0.8818324783526164
0.75510606652539
0.5639044565485171
0.5341205478476376
0.5821908162966934
0.9669735727826236
0.35137324763315725
0.26469030464238696
0.10886847364012109
0.5401319625304253
0.2735672184232204
0.7593138224040706
0.47983942625199605
0.3711114582338272
0.3599832089780538
0.13359552098618188
0.68528660354811
0.736568286489897
0.22874273768603381
0.22500010446335716
0.369690516908469
0.7470190915784213
0.4763417755880671
0.9635568775718698
0.9460324558247388
0.3859875327141231
0.19044839733279173
0.6650272846613637
0.07500420710986788
0.2913313815476032
0.37459707256318797
0.528793065097572
0.7243426252015096
0.5693086326873514
0.6214802103723378
0.6471359624161878
0.08688393543247719
0.09697894320698841
0.20063866812377862
0.38824443506697626
0.4806595659392463
0.9648269403354123
0.836705266263702
0.10219623794437815
0.9803312514301418
0.9390318859369793
0.8459557239096639
0.717330698680647
0.936490323808974
0.08159840682839758
0.9717745398492773
0.9438376034152112
