1531745
0.7278224144849971
0.9566008571875285
0.2137434382743223
0.4820545885420945
0.06086517986925877
0.17208405225139278
0.18041233822074287
0.8448780973867204
0.8830634826886109
0.3597013692465779
0.012414588864793408
0.14685799936223976
0.5070529722837521
0.07796072599228232
0.7204386944820952
0.4869590394040848
0.8575795497234189
0.539987767812293
0.8616718669161159
0.3576369785595853
0.8471886293515964
0.5130048368743606
0.8386808273843417
0.8497915610581384
0.7627949239278732
0.21426313037869282
0.7462976679898818
0.29132140493689107
0.20246983645662808
0.5369549480252224
0.6149302216653768
0.35642137704447363
0.540260212988993
0.4796712520591203
0.10281723275139909
0.6134260616077944
0.11657873518648365
0.22425976104746992
0.17510112769463215
0.9409175133320038
0.352682683762641
0.9094769845054116
0.07419175036098058
0.23497908291520442
0.769984839720067
0.7816174068344551
0.9337471172124041
0.35489195007151786
0.4584159426216008
0.06834128671288364
0.7176974596348858
0.3102340419306533
0.8827857467373172
0.6182126942564633
0.7760918141384174
0.2792559485071556
0.042065506997458035
0.07599709690680845
0.2011468762636942
0.16657208295952997
0.9037415631794138
0.12255825641229645
0.3397298635448235
0.057619386221987035
0.7238663060657753
0.09823225764062171
0.27260879964182394
0.1080001495745424
0.3331594120465219
0.1498459401978618
0.8061547867594125
0.1177394734776519
0.7204883459644408
0.8940860726881111
0.5387829221221727
0.2836517498552339
0.2772844546512758
0.47371472906400935
0.8622695547262399
0.3974250930228572
0.8799268531661609
0.798165139263967
0.3371855675897236
0.06269625720183813
0.5818532605238803
0.7063414776599988
0.7420365350400276
0.3413027859533996
0.06313325805484682
0.7669853843322272
0.2373026727407359
0.6070633448634909
0.14246629866315452
0.44076050236568054
0.5084225330228316
0.2848510059781212
0.5950430268530618
0.36824600069106295
0.45586629209220353
0.5833885003950159
0.23943528447185203
0.6193185820802533
0.9857958579308166
0.2921085082112741
0.757656666697375
0.8419419210207949
0.7214109263727166
0.20558595741198593
0.9947619847072267
0.3821713611166181
0.002931022900923619
0.7634634873951205
0.5478304857034957
0.6122207863539066
0.3732659180665061
0.0494554304425302
0.2989046990729156
0.8997275819093218
0.8567777191526252
0.37992933912382454
0.1724326654082312
0.8788908906917536
0.7301399827938075
0.33072864006829894
0.8049884023849231
0.9429471915391741
0.15715021694693798
0.20031360681839927
0.0035216819155596824
0.16748622959008552
0.01345447047661319
0.5879621855164139
0.8381151310162216
0.19539989134356095
0.4624933495301502
0.9776862636952455
0.9662027150902471
0.9667949034700843
0.36058128341191586
0.9616827742465544
0.3174306944103038
0.5609900618568328
0.36688150823591414
0.011553482696114115
0.5818185829373995
0.8327571748403895
0.7131418291346767
0.5111910900235264
0.03860390048743079
0.9712544013817873
0.9484066783132924
0.1021432596888674
0.13913151851421524
0.5876393631315857
0.6155233896780385
0.26043074860372095
0.9143747408123577
0.4461387394278521
0.7391119660061487
0.4232091099620926
0.7161517230152977
0.49338997318617295
0.2087688008252757
0.9143283170520025
0.020827612588574018
0.4121599088315676
0.626626862518309
0.37975804686075343
0.025269273148116778
0.5280840399398197
0.9549961582371291
0.43701083836685395
0.5470458817868089
0.5318592942571693
0.3476601365963411
0.7671092041469646
0.304345502704493
0.1443622716014311
0.877504406796117
0.9333070087936741
0.995804065638514
0.5484539930469339
0.48350724956488844
0.7976891991743641
0.7264199819592756
0.1387709813184166
0.3517212096765012
0.5249383526465041
0.23295385684568748
0.8995920794592165
0.11772793867724618
0.8119705314049436
0.050689669287506955
0.5109090394573987
0.7321494526704015
0.16280650476517677
0.23316026028717252
0.10411803492371785
0.5661505124388296
0.7399594337317783
0.4874161425644048
0.4412885442919038
0.35046850460725576
0.5667830273845526
0.6196440422210506
