2648472
0.662315477046793
0.5980147818431345
0.07417824491310321
0.8559845682924122
0.8470564684029783
0.18753678540513474
0.7341511439926736
0.19491942806399565
0.917263121715908
0.3161320210138945
0.33550892420603995
0.7567658535138335
0.9905287194520879
0.742416417757
0.29570799633629297
0.5360225994097672
0.17361075772356505
0.408127556170792
0.408820246301404
0.7366317093193409
0.3157090507708915
0.3619372171685423
0.7434478130463341
0.1524126448008759
0.8030695611206976
0.8159056659961487
0.03101431756587114
0.40079566002692557
0.3957986106229039
0.6931288689593137
0.08291526203233301
0.06615912059961693
0.1595307021418464
0.9596997563208894
0.4048931477462937
0.4467713292913139
0.002600166011543781
0.6249253282972553
0.7131353443861718
0.39328201928493023
0.19362544321764852
0.540811511383732
0.49897596858863535
0.6769047341085668
0.5049220782073786
0.03514819278776826
0.13771592436271474
0.43187607614413925
0.303918519317659
0.9720966441555512
0.2919572549821542
0.47947337340301
0.9977565113648748
0.05000266330419112
0.5209819764404624
0.7598175845174308
0.72551616663137
0.01822839799825937
0.07508732965808607
0.6728835177168947
0.08801255664575158
0.023116502133607497
0.8274227618018696
0.8615848895595379
0.006869886198525688
0.47777026857721017
0.17575661663350517
0.8574968718298988
0.512585852060999
0.691154114870733
0.5327332844087084
0.05372410673741779
0.3755573159471812
0.9890888375261473
0.7155645229093609
0.6696178901689993
0.014546058451492483
0.2130362768925138
0.14473121666038136
0.728490780542969
0.043821260497697856
0.2921385220598345
0.2661547959243308
0.5821729689898929
0.15322292990365705
0.04979728066889988
0.022430652261146933
0.1851994543226727
0.7546484980602832
0.5281487669549351
0.5160978817880726
0.1466128473445566
0.9739728531101763
0.8921104345243562
0.23155363041500054
0.5688116655375295
0.11916915301394893
0.4092456544576345
0.3121020349379672
0.8205692843539324
0.7134066461262608
0.09251323462015837
0.4247612136572704
0.6852942106953022
0.5461583056485577
0.3400385851984431
0.6878344865538983
0.7757974714602023
0.9658601408541835
0.3093636995655824
0.9848847132643815
0.7132784699399211
0.814420784120025
0.8232038045069953
0.7436333569421353
0.3309353887386638
0.9868885706745981
0.31955854122752225
0.9194389414083942
0.0815524939790302
0.5888405642311876
0.7310954793613487
0.49039223762105366
0.9036110945570973
0.05956625030444207
0.20704519013786638
0.24469825536112588
0.031916606081627386
0.43087598285872397
0.2754160482105339
0.020898195374986495
0.6264296866538591
0.09937259165168166
0.3841583118152654
0.8476169674406577
0.6369341994750353
0.10428190006599913
0.7569768543786631
0.62190486323862
0.021370678053427294
0.9234458905926392
0.15281224380475433
0.06387513187419303
0.29210871384115455
0.22684032119601916
0.42758036060625426
0.6902212738206779
0.3771274141319305
0.8599859060904163
0.7625808316674684
0.46033121521484577
0.9520182104709164
0.5688804277198535
0.04605518640507744
0.5660984650077568
0.7239195648240272
0.6235867634377017
0.17269550512805
0.5601625348264545
0.6299386266344312
0.5493695057829729
0.9604751987269553
0.6471944315006736
0.5503099979086996
0.6322811657895732
0.9749932141730163
0.4989752328443213
0.9304871212751721
0.7303558478847262
0.7985940242826933
0.396399087145734
0.6565573579379742
0.19207733401087468
0.18484526747336028
0.8501644391579727
0.6348166745420761
0.3605450048746963
0.09852601284589702
0.10680017659173446
0.7890355300862629
0.2247699197740992
0.8570983129450467
0.10780635357093926
0.6078931073987414
0.26879059036103026
0.4617052210435264
0.5370717192787208
0.9502511868244664
