1017338
0.46480596175506894
0.7340590020095736
0.5653632955644221
0.5473861085066978
0.6582809029557739
0.060153244802270134
0.7805659913445383
0.5289907233564023
0.3009874055338272
0.3825530185747166
0.578482937729782
0.3437049801365122
0.6022024566935955
0.5800875668101362
0.9813903527837183
0.6451280106897016
0.6887911899928058
0.5270903495737546
0.4501730767705243
0.07071090637054522
0.29166206502854186
0.9339014036245351
0.7607502607208596
0.3536237879909945
0.8090883686656214
0.5361676345454847
0.42663309108348846
0.8766365969121488
0.33664824837024454
0.32254644311477043
0.4668395302638916
0.6022484136701721
0.39904332098262607
0.2687390166079102
0.5420234760728205
0.29474477448899683
0.6708135733113153
0.48034953882659726
0.6115592955580871
0.0875588489976119
0.9309743654043738
0.7378866824851973
0.3004544795465657
0.7432565305286917
0.8608589095741882
0.18429492332012032
0.10734688896840183
0.40366145213811966
0.06495722426990114
0.2987222978739452
0.4334753848116516
0.23408126296349818
0.8713012053785658
0.35980282080417436
0.16739559182211117
0.1282914936583791
0.05095213826091949
0.3175508163810118
0.22134538186071462
0.5598788110604147
0.5854056405978556
0.3650360136678802
0.982547137740993
0.7407409341387611
0.0062364602884315
0.5293275181416489
0.11636758171711925
0.47898546388052987
0.6330635423389185
0.2857654742005161
0.5381373930038045
0.516165546309634
0.2439233702406739
0.5404400022193497
0.6565671068810409
0.6677351501678719
0.32639755561286576
0.3228262361207884
0.18407726633165722
0.7908027360785143
0.07834854784947987
0.18384590693977654
0.9079948054923848
0.45970659965260574
0.7538749098388421
0.6041949673839284
0.8214494588015503
0.24263115231878019
0.783105571773835
0.683598030106106
0.9239375743074728
0.6414282976588469
0.33371035580491815
0.003720292227828992
0.8189028455103481
0.08200356644615525
0.6275115617827529
0.8357877499080313
0.959316875358175
0.8240720453536894
0.37733982989486803
0.7985373015749088
0.022125136947364177
0.2967840594996224
0.16728431642398423
0.6629382620095654
0.42855620042241926
0.16066661225158996
0.463746308446245
0.2471972177945262
0.4696757681600289
0.34652088599426545
0.21521194897062312
0.24887866028775496
0.8451992693404311
0.4283626136856713
0.6754186929816947
0.4205437945036665
0.678459611516741
0.9501862236260529
0.167596683814058
0.7111304586638351
0.23155988766899194
0.745279973200215
0.9967255989608514
0.8673675440705935
0.6121232003810576
0.8620140663373526
0.6122536149296555
0.5178372164204865
0.7366847654203276
0.4414690504218455
0.42548458332095196
0.9468689041126087
0.6956544990855792
0.7799675219772536
0.3938459768249134
0.6062691699205295
0.45091055765404453
0.8535169061223833
0.5985087803110611
0.9099619199403532
0.4894676457493621
0.7813667944172294
0.5623381989830515
0.009933719385229467
0.6552964957239485
0.06232971797564202
0.9819114883386235
0.061449367975276004
0.8862536213708299
0.9302089250917015
0.8803476162089403
0.9513230552493607
0.994213609177843
0.8436228708752139
0.926950580475688
0.5851008151363176
0.9438784580045302
0.9507108345943572
0.8151767093873648
0.607330376248232
0.30937209337665783
0.350649653359131
0.14219357191616244
0.8636646658823077
0.7176099916077724
0.1116067169480437
0.19130636908091359
0.004365663378852691
0.12356780047926308
0.2987000318543819
0.38278483705183564
0.3758455950485716
0.7049544519905282
0.7157309322983155
0.929132287445489
0.7502025736491538
0.012429252397126112
0.6709007546621379
0.40759593611839307
0.5022785746264394
0.7663842009284331
0.8394180541454871
0.5457248293296972
0.5595873656033776
0.35244641413548705
0.2148479519228631
0.5050408048494849
0.8225307212608012
0.6352378289158854
0.21625089649030438
0.34339439117856396
0.7806414875927772
