1244316
0.18356242495953534
0.24960337172345348
0.13833640201162278
0.7351622098673014
0.3800738694650182
0.4096878864354415
0.4618430381920938
0.3790886290210278
0.17460956305516595
0.5525858432686745
0.5109906651155142
0.48287742799025324
0.4327593637792787
0.6691012111149646
0.21968392917021728
0.08733794748987989
0.9298707677826671
0.345888906113365
0.1032986895515724
0.9147979962824773
0.045574512355651464
0.11375682882248783
0.42110949085799554
0.6754543689320036
0.12504777912608023
0.6515559058050334
0.48062831834354114
0.5678883156380825
0.29061477300413174
0.13926757204448814
0.5534899927836598
0.5510474575897167
0.21091740470110187
0.5353439494187324
0.924276825177773
0.8995652738099762
0.9647715002774483
0.19105064833633922
0.051683313040002954
0.14510979017944836
0.6729568919678782
0.008507864871643123
0.6856793042073918
0.7535234798482755
0.013572448546744886
0.2993208487039192
0.054837627958084445
0.790836591870952
0.08521990856098205
0.6071354159382251
0.9147507100592035
0.39080675767115747
0.3371634348818936
0.02015065766964308
0.3314677341673802
0.0524572629473159
0.4467441456358291
0.9185649988097498
0.5631421242896791
0.6681577811943793
0.09171231260879364
0.677128343717776
0.2985868775523709
0.7111106059288475
0.5387720396932385
0.5744171391742978
0.8131930948603279
0.19567654507810328
0.849516633658719
0.04814566388213326
0.3106747305444748
0.8647945533902347
0.29106553092384857
0.47977108271626445
0.8333607664398159
0.5558193523515835
0.23109605372451814
0.8918461047088317
0.644263191093641
0.8494221391988357
0.395596644106737
0.29801750743881017
0.910907625751406
0.9157692439423446
0.8725509551962771
0.95826494317991
0.8539210396392821
0.9380142973366608
0.6558943854208603
0.4609188816762989
0.2626284233108812
0.615209365105897
0.8414684238476378
0.3781926682286689
0.4254188517533799
0.02506146200189774
0.8103300168751458
0.22340853345306322
0.07439826713688225
0.5615303800471331
0.8646567785738979
0.575792577045977
0.901855254929507
0.753084694713577
0.8176212538699139
0.5326597389887027
0.5703225019328861
0.5145030944533218
0.9809900509234073
0.09900406445664778
0.9085259197400188
0.7884277831240025
0.8428372315286266
0.7309560673696084
0.16226998934314285
0.5924479858257126
0.48264341255771015
0.012262978358677734
0.7523164259892198
0.20331153645144773
0.43218498647831727
0.3618943711433059
0.9805709317730233
0.5819321680303167
0.2580012379545915
0.7460698367981354
0.5214003121283743
0.17118169988599807
0.6148590240462143
0.5994513245791828
0.3366605200999664
0.8830256464170693
0.8995184801145113
0.5479377490590671
0.8610236199237208
0.4323813030991087
0.9202351124316857
0.06944516012251467
0.9184496148207039
0.17214802322728984
0.18981718814561532
0.9292506202743739
0.8511570116753575
0.2371792302882073
0.5486896130506967
0.08292358674174072
0.769203644103405
0.11453648890910306
0.8292988519383901
0.7525636682015381
0.661796928440354
0.7231857598316848
0.18432543645784372
0.5510092948267454
0.3507112188630599
0.7083668476566058
0.5185543953545655
0.8538767050092847
0.9116967697004079
0.934186779029218
0.18788604480186266
0.1007342027014494
0.24152343226190864
0.09255864376043943
0.758852599998883
0.3444120711580265
0.906309659784948
0.9374275486626368
0.15813883608883927
0.16139360353930599
0.2710452021922033
0.90029545908272
0.9839883712164009
0.9864280541997852
0.1807238038417479
0.746377491884282
0.10000865320618257
0.04095185203274765
0.140260004122719
0.49029194743288473
0.886772291485626
0.28759935920547386
0.023371782599109436
0.006007202543030998
0.6877434756879054
0.2620302802185991
0.8298690175901764
0.6378386091021819
0.05344243326588749
0.2084955008981365
0.9062949898773603
0.6476088717834556
0.3613927317004727
0.677009048865726
0.3466263093884723
0.5176557595746547
0.26927963060008553
0.6276888257610599
0.9977446142477884
0.9701914099846773
0.24488007216292107
0.13177404851003316
0.608650711658432
0.06058759881479692
0.10870800854567397
0.9590230565510961
