1261679
0.18290009312527167
0.8554816044354139
0.12395154366941097
0.6976398785402449
0.5204963532071065
0.016168155524697303
0.673161127819402
0.5655737173088221
0.26848676106769775
0.07356238864610587
0.9722805178401768
0.7409805772131243
0.5387625544133934
0.3030898861109812
0.5899959535106098
0.8648317410778091
0.2970734045015899
0.8861796307498452
0.7640105894405183
0.3500989298358921
0.2790245001566207
0.4796063376759159
0.6357351468096321
0.2696414768635953
0.14683139249297084
0.4047486435528618
0.5610177636408951
0.8888659907415964
0.9648661685346723
0.41590030297349967
0.596919285109076
0.35942439059405396
0.8425364906636544
0.41009154801480974
0.11317303299905845
0.6966616239434517
0.7697962071019785
0.5004482731478754
0.23185030663665196
0.9262194456437541
0.25359455848541557
0.5909369385887676
0.4598868508017986
0.2041478545560924
0.352828748484011
0.9624131600872687
0.44650707717216886
0.7900719270705808
0.1048723488109411
0.4082130492564211
0.2712164299838865
0.9844057092098887
0.1385097602410572
0.14209559502189362
0.04791490399859022
0.5283014641592149
0.4761149600512974
0.042165473807569964
0.9168173817123688
0.5089672406887217
0.1421705557594647
0.7914759167600575
0.6882495593636406
0.5131807695505791
0.21573069047224025
0.12933097447555464
0.5010207644148279
0.6282738844039444
0.39118959003435294
0.7368776851821293
0.8629577652617263
0.902556155025657
0.9447249716789751
0.24639839522484208
0.35231700518569997
0.04609208942628351
0.24304371263656588
0.48578385736054464
0.07617466455975619
0.4779414539814969
0.5765644809389776
0.3479881914506223
0.7055275929859103
0.3074179453831162
0.15093045621328138
0.6098372293353143
0.5367202824306937
0.47461604558935966
0.5287526400259077
0.6153814657267882
0.5649463110437221
0.06940181499810127
0.6777421379342763
0.9860561244510166
0.9979555552724875
0.7982586628268896
0.05189780139990352
0.42323010331853483
0.986730632200577
0.6748239857754421
0.809173314980362
0.22829671521790318
0.6047796852070523
0.27264819346432323
0.352055351759027
0.3812790535581423
0.268825022258082
0.2976532372248536
0.8667429004772117
0.8909930862629674
0.8610496581072696
0.8129623589844946
0.4321249518207647
0.6581321049310209
0.7866973189623029
0.18021880813828428
0.5715119817821929
0.2772064327841878
0.08070358638913211
0.669206039310197
0.8280843435340302
0.04409232663045193
0.4631691642717187
0.7315276528638894
0.05927866987917041
0.9330147032394709
0.9358687517699014
0.13430016557156044
0.6658406828102487
0.46010848717519903
0.11062199282112495
0.5062577616609473
0.8980313868673405
0.16027355169228186
0.9652358080637308
0.36136240489462357
0.7144808215233943
0.8698587048048115
0.13385982989932022
0.33395918821205506
0.4084415105171286
0.1297804524378735
0.1559803991952321
0.18471114803962507
0.3617018470448441
0.8020025135869233
0.33190999207093186
0.117993686036167
0.8381769691437289
0.42687256666061846
0.9625133470286312
0.08912377800103366
0.6872029975891166
0.9396326521054328
0.787042995914281
0.07374447021894004
0.19081786223350683
0.11149028080158119
0.3753406567424131
0.721880663342617
0.05982019458113552
0.4839577810156106
0.07929313308408903
0.42562720736962845
0.760155260489591
0.6247369691339302
0.9033147402162619
0.5921259512371153
0.9341846306960476
0.24924751829140634
0.3147605626855118
0.8324334894506682
0.6706547748219351
0.12396690767590968
0.5825579337968393
0.8520765965332416
0.7726864238142415
0.6960707525818404
0.7059765207293346
0.06053815515951566
0.9748657424743704
0.07843207820348519
0.37533959915050097
0.3046107688747972
0.2685247382896906
0.35985885446975185
0.6926127584251336
0.6745016176513337
0.1085575080552248
0.20751933500696484
0.5721881890432986
0.031766783621981376
0.2956255700387821
0.38182466409340265
0.8408164291026278
0.7645983909187347
0.754364102149441
0.09360921704609582
0.06051933578836588
0.2886841679862636
0.2612084850890479
0.09926882277014293
0.009451736683702694
0.9808031747828514
0.41471825138638807
0.0515875726741335
0.5730613367504591
0.5575176430504466
0.7867834857432161
0.9023045282483142
0.5215296027482339
