1157521
0.3927657429660074
0.24485647712671554
0.08704118272783323
0.2793592660111026
0.9058555809312233
0.893359375954385
0.8140319012469864
0.3291064639505136
0.945305837738067
0.9466760452790906
0.025168795023023605
0.3336389152207557
0.04417414243895179
0.11664471811135357
0.501193527197443
0.40993370269856866
0.5289592485515108
0.7742252189363618
0.1424387784044523
0.242311874697839
0.7268583341169852
0.2280227751816516
0.6723419212617551
0.8841387408967885
0.9351066134334428
0.9516081649378589
0.8830244890145973
0.16440298015277688
0.3913210335530879
0.4870815825653655
0.07055065190571252
0.5892190686961504
0.21521572566880443
0.05408563077124451
0.49204881770045705
0.5081813690416708
0.1797516465283684
0.6014805361567259
0.5177001765752571
0.10163063293323349
0.21372901120287147
0.1531525715572717
0.6476690186735908
0.43727634957601746
0.7380252139282625
0.8199344845043572
0.7173694318496917
0.4432516262343107
0.29412738398040217
0.7763742533127997
0.42403320638603736
0.14955949775643895
0.43630352022228924
0.8340969723374783
0.7733649245248041
0.9610030493116437
0.5277013027339076
0.9827617067616149
0.167139464275191
0.04207393958768113
0.905859356713237
0.4151234668867614
0.6309180456242145
0.11790718428582114
0.864560944243566
0.10446815474595628
0.11562936212219521
0.1252924946131675
0.03665512628405576
0.9606960727061066
0.8975821675275714
0.183865522924617
0.056416175020223114
0.9555874290693267
0.8485465202031294
0.29998542185952726
0.8302070247994993
0.37829105071177815
0.7508607454028029
0.06443689275143727
0.3506578415532282
0.5588356049427156
0.8920919052188379
0.3599794517799656
0.752266336068079
0.9804699393400029
0.8895975286456342
0.7558974962771864
0.22527163476925294
0.6908973382513913
0.06740690596461252
0.8340891805630222
0.4798486657394434
0.317976286443474
0.7361603493827352
0.16486395648590935
0.6841156688642337
0.7972179177475535
0.41141547884480434
0.030501891997395614
0.1871425839875176
0.12641842474940812
0.3464494819830022
0.2807604803310143
0.8820931121109691
0.07702230131916565
0.7527567613708638
0.896897516558731
0.7648291207527066
0.8123201281362492
0.7347621076885624
0.9394116282531993
0.09975100235393497
0.7893426327279958
0.27483900416363116
0.5595844576329213
0.6173428308848572
0.1543201850486926
0.5705438410571018
0.6660417493228278
0.33683677105836185
0.08083514288873772
0.6480465697756623
0.6549329870912396
0.932606327445698
0.14530197379948218
0.4540588299753642
0.3359624433580036
0.044343347854817416
0.886167909730499
0.5631309457119625
0.8163870369894
0.5687689483583891
0.15123478388281386
0.22800946789180676
0.6412292064786402
0.7645742874899509
0.7017607010874918
0.7478170505783325
0.9303360821552841
0.9524812534972229
0.8125074539577345
0.032137162973036926
0.6015486587006762
0.698760349918188
0.28365808408757187
0.7986561160118278
0.024127962789172064
0.6332362483731082
0.3635362121874004
0.057835225183756056
0.6077174429755055
0.4717584613549728
0.5703170627383646
0.4101564903777627
0.8995041853790235
0.3883089793538145
0.29642753546174605
0.20980523403844875
0.7358740676189077
0.6133644050699563
0.3810906283452966
0.8332234457220798
0.8747387075168394
0.02282528481589785
0.5444775332098168
0.13178816409138017
0.32084513171183215
0.5257706242261455
0.6911881491851489
0.6449392818094555
0.2487617225669072
0.25949126521090127
0.6112888883961516
0.30340141484630356
0.026866870141194044
0.9567002843777388
0.5338942746420908
0.1617151738144108
0.35054950192602774
0.36251485993977794
0.3212868539568897
0.16511304450418196
0.9039635845229079
0.24774879166814268
0.8308273174827144
0.0778456626150259
0.2870615500562014
0.3902501477943936
0.11741534472056936
0.4783844808901957
0.1682639637305431
0.8774641751112184
0.7010183647939351
0.16149731621291463
0.7530064653060011
0.22109646666521499
0.0817944964094206
0.37801300152775963
0.6945366740073071
0.0686973725350637
0.04959256554801561
