1054561
0.09016276670286072
0.51571763504124
0.7471828873176535
0.10512085842599084
0.8237049656281791
0.45922643845158406
0.47975391052775906
0.48683353984477606
0.7576112266326804
0.4384199271331607
0.8803697271542369
0.8805915249656805
0.4079115444490836
0.42227185919386145
0.24887802541496828
0.8784126185655672
0.6343669052435482
0.15516899061249534
0.26509818265746343
0.6481334680175744
0.7269576422176252
0.5859862393081744
0.9116005293443088
0.07756353811410466
0.01374652528889908
0.7607438879533656
0.8426192523404492
0.8647192948377597
0.7724957168186762
0.21928260562183877
0.960481803782504
0.6399845448479
0.22548707034950066
0.1287748431587279
0.6611335131879614
0.22655065620461334
0.05031545321433595
0.48552421181834293
0.06678091902643202
0.572248437017839
0.1489952539154521
0.7213868653642341
0.5763726318423071
0.7188905652931535
0.38354061881536894
0.9622819241628454
0.23358244829859798
0.4145024764679025
0.6082497134928324
0.0036409948793116875
0.7371539872521526
0.6193259801378069
0.6072445529597849
0.7912793147597318
0.3999118781705946
0.20823894378173746
0.48038732414820784
0.8260539090305895
4.3984483228864946E-4
0.630241604046882
0.6115150907279614
0.44680728935477376
0.2653711168298545
0.14991768053220833
0.6000048061120746
0.3884775676712504
0.6704320639716472
0.5662867561270006
0.4400007085256452
0.3608890373384388
0.3548253223082235
0.9812221001257931
0.7912070432061878
0.648619896491757
0.20623374168467856
0.2726156329814281
0.4009686842136526
0.8934767211809598
0.5926721424057266
0.4167296756218253
0.6094330259455335
0.28848785271940225
0.7926089307055881
0.6996832682259688
0.3979067984452851
0.38596120704577785
0.9062248193960537
0.1597781401492887
0.6250911415536969
0.6020341023101343
0.9183718571722862
0.31037754813927143
0.9366998095745348
0.2862760824486108
0.6277402586977167
0.3073089074900659
0.33103443416974254
0.9172885265602339
0.35693676874896485
0.24526904619882728
0.5164117147060342
0.5838769721361172
0.7146233283328924
0.1944685982740577
0.005907862959162569
0.41625592880232465
0.19355953286035443
0.9217598469327906
0.3607053496247933
0.04287780783334416
0.05733883853518851
0.9797503656195915
0.11539805474713971
0.4658610175522667
0.7938025852731498
0.9929123842314261
0.6969304370342222
0.9716249363740553
0.39456211815105957
0.5214557492023414
0.08341736281984269
0.8232220144196692
0.8577541177296607
0.8417398892314052
0.039911226058552574
0.5169905803020973
0.6050996595478538
0.3462587441355982
0.5152530935904508
0.3285342090177312
0.9545330080116282
0.03673927175108016
0.18746533162705503
0.7216667217224166
0.3961111137516641
0.7606531638224014
0.20471339240066
0.9488444888101837
0.18161058230493798
0.42444823155563627
0.8846844324084272
0.8327406478184026
0.6571636679437103
0.40606451377579167
0.5073010599362984
0.2859983672967171
0.8434805567809814
0.784807311671539
0.3640088009911979
0.5998336683984229
0.9996503329075875
0.8084076865356947
0.911446172129616
0.9120405161229251
0.29420836002410033
0.22510845906117927
0.2181262430221368
0.5510839533155842
0.2511031204020401
0.7228716574257942
0.8898294083262261
0.14535024255976048
0.3383910565610001
0.7383112295602285
0.31272711352471083
0.4852548436613944
0.9239326455021772
0.32471252853180477
0.36282655080733095
0.13079305949956954
0.8350593040895637
0.6015080012229286
0.6961466204089252
0.6682499496558035
0.9281250221250844
0.5468361826008908
0.3561062169074004
0.3371695584456994
0.39905230389263147
0.540319265922605
0.7129254202929194
0.4723162177709501
0.04742777304725754
0.11495161857216118
0.6844113538731635
0.8352430083142266
0.3443971546824347
0.8350004155066914
0.7783200370226215
0.4462162576593477
0.9485556002780724
0.08107637199901274
0.7435562820325987
0.9696266744579655
0.2642239940443458
0.7940411296064568
0.5207941750650553
0.0546511635778989
0.7429474912275604
