1763844
0.9061752932389346
0.7426701665970691
0.28781237758885125
0.8917478832402146
0.2710388186536269
0.24952231660057278
0.5752149644162851
0.37060634180882557
0.39271384080238203
0.958718398191487
0.8396213838664055
0.13684893129866127
0.15062704293957607
0.9539366670390262
0.8911622126925958
0.3255522515384105
0.017907155285752152
0.8453330828106181
0.21035888505805567
0.44278171101014585
0.9792405773361185
0.2923489495438617
0.1682697795695235
0.49242099214991186
0.4684461830387817
0.07798378602028244
0.9009532717977281
0.8575454404024412
0.16649799035951007
0.2766779270246328
0.6540739862743776
0.1137386930254427
0.4274821820466206
0.8675199481684001
0.9183617196188057
0.46444600466607266
0.43298320603101526
0.6103144874580415
0.08776477227559099
0.15740396928876288
0.9146506631100673
0.1241160036659299
0.6895229406105805
0.06638104623618934
0.43020734189874354
0.886154731413754
0.4590174867065935
0.6039088860419595
0.7299161956617662
0.30365074776252066
0.6621386576271971
0.2683796524858486
0.70853168817708
0.1018332627235441
0.10404421945655984
0.42282997713892
0.8020192430605624
0.018551857217050327
0.20556486996505519
0.3529274142517622
0.4588337248654456
0.19918699451014177
0.37714548938690695
0.2581204363059989
0.49230637474542627
0.7451372051454216
0.6750942662719872
0.5926086454178053
0.7036967810323886
0.5849814256451833
0.386043662200663
0.09173490016879338
0.15472486362895255
0.2094837646870813
0.7529111143745048
0.8945965293267573
0.8639050170599073
0.8399303033496651
0.5292793699089998
0.40511797824833506
0.5027632470798449
0.2838557790255344
0.4289994696963664
0.9215228257833823
0.8760248034205806
0.07304000860810944
0.8239522373668274
0.6080878526280646
0.5841188971272904
0.4757231935699956
0.2352866503529486
0.083258120486157
0.28685372229699324
0.6283098706824883
0.2620869866560639
0.754646005497347
0.413873783355867
0.34140170745848364
0.5963023810104212
0.044133989880430824
5.185710898343299E-4
0.10081959093492021
0.6839063514483502
0.8152446580432164
0.5669599882139491
0.40634553704705045
0.40963572495755907
0.6401383389418095
0.6040034972666083
0.8692354665329249
0.9062919838845329
0.02504276282927287
0.280695778224641
0.42412446461228603
0.2194702884355798
0.3506151433215161
0.44688956164095295
0.60176582683645
0.09471451043120171
0.07768230449677005
0.8681739770867211
0.056116033963793055
0.5964794962988726
0.7189997416038101
0.9010869712932091
0.4425978871305143
0.6169142396265702
0.18411554976114075
0.4932834516052075
0.30394442894087026
0.587362937142071
0.3671211251740566
0.476341361178626
0.8358464846567484
0.8666134174056663
0.2660150089895843
0.6081452403721869
0.27669714235925646
0.34730500327162606
0.49760237889810777
0.7172949409507503
0.19404649182574207
0.7955415850711842
0.8032972048183727
0.603744441611327
0.12495074041417664
0.31863718873578406
0.02889038483546047
0.057884429938768966
0.8682196919384452
0.14205525597493185
0.10529122778454114
0.47453915913871203
0.22363697166657437
0.5689852633405441
0.7574463072653017
0.05885648504764429
0.12654797935375917
0.5946328177757114
0.025083852433453013
0.5478277942167755
0.9357804585635441
0.15218261881027328
0.19162797869848702
0.7041819857262646
0.09868333415443542
0.3785264351321127
0.38657196290890605
0.5786558257917807
0.5391391535646247
0.6052307740525587
0.9517952357679852
0.6821506928857356
0.8927266046117746
0.0038518671466378773
0.6437538752227553
0.761043463749167
0.14777901389180426
0.9445887454679035
0.8811699877725079
0.8269271914276212
0.34190580827156214
0.1633973858237704
0.5417905510798788
0.45631519101734286
0.7106138013034143
0.7750720979004959
0.2619814930711515
0.14634949170322353
0.08798544106935091
0.018433358058916882
0.7993681935979153
0.6893128995292123
0.4189417365812471
0.374643210807302
0.7814289911822191
0.11175165404912968
0.9584379746841043
0.3608035358598053
