841143
0.08189336135862846
0.7132732111889181
0.10500977357004193
0.8683738509131947
0.14199211362998565
0.1355915807521174
0.8444089048784397
0.3895792522388184
0.7850517260518803
0.1941509198210879
0.46363694678719325
0.8548613549613717
0.46062090101760866
0.41266509371948523
0.5365063596711329
0.0905579027539718
0.39826203483216227
0.8151693464157456
0.1789282652469809
0.0983797894982541
0.8513363634600082
0.5506878817921554
0.22544675674999348
0.4568869026864366
0.467556156779504
0.3523788954456568
0.2881098987120204
0.15004699642135122
0.8357730318753089
0.6660262497121013
0.6245876456306401
0.03909447748057249
0.4274168118376144
0.5220054017813995
0.364517523897006
0.011289271208889895
0.47619444471924843
0.8703580813180928
0.9213790526059339
0.5628082305652126
0.8211039286763003
0.15036905679202717
0.3517683458694425
0.20288447080098604
0.3755133678384315
0.32404520975163087
0.014764382035213353
0.6024432112606153
0.6790011180923055
0.4671555255083546
0.13114890804160217
0.852864992577354
0.9388473120472249
0.28199843588371487
0.7455625123930504
0.5491402257241474
0.07451342446245524
0.5728202446024145
0.15424907933853038
0.6665619503925515
0.5411411684559154
0.8078166485146314
0.07686187985635462
0.361236076386212
0.1270475065871225
0.38090740130140366
0.7228741754741441
0.8920717134422737
0.49538793593685626
0.08198084797315353
0.43145815059664006
0.8355466590939984
0.9716056116035754
0.586064620242568
0.7482658934928911
0.6444259625583428
0.9659787423580358
0.4798847725365005
0.643366520425441
0.38774441715005525
0.46452467957173693
0.45853479133212305
0.07166391965146357
0.20174664577274215
0.22171370766550091
0.8454831751666051
0.23044007159633906
0.5801111038150041
0.6448915922346314
0.5159060134605947
0.6782387333358457
0.13666717401285566
0.8730045151679411
0.6363390253009445
0.9451251732575227
0.8849475387259093
0.2211659706112703
0.3729013479079951
0.3864275043410883
0.3963007097770409
0.9878001869508002
0.8658508396556757
0.8103855565240168
0.4219210937327861
0.6025417807934131
0.3199891253232219
0.8447040159910242
0.6940374335450784
0.2307673246539964
0.018441483834555017
0.09782589420131294
0.6576326159565019
0.2445789067347981
0.4315955224628376
0.9178138930271282
0.8264512607930179
0.4202559017586821
0.3634896412508041
0.9550464490743119
0.30568368003274793
0.32863601645950014
0.25470026433232684
0.7945064020198613
0.778598080631475
0.1475819803758337
0.3437851793966915
0.6392599262671109
0.915525720883141
0.04463600713788396
0.3785969518481481
0.3987941106822851
0.7309860112886434
0.3531586398477806
0.9642897664301844
0.5642016838056194
0.8883720656380049
0.9966950946864878
0.43659922084096825
0.9367716216852195
0.33149949758791764
0.004006125077012146
0.35698382655241045
0.6173648615716255
0.9084542297873758
0.5011470196048199
0.3404738376376255
0.6610246450019914
0.8455581554233205
0.2671728520706609
0.9475812243981848
0.4545911729983654
0.027903697350455836
0.796493531562953
0.798382317021817
0.1846606318326236
0.04779183820534472
0.8235981668562915
0.8998928190674077
0.7290491655653787
0.8935404383813517
0.4348122891767692
0.4171117878314471
0.9269922713884179
0.9685128675333067
0.2169483089928803
0.7636203152724912
0.46163083600373156
0.8538494208542252
0.3741535982550638
0.9393769378617944
0.5229050363338789
0.8582671340348177
0.381956721701772
0.5013613510639431
0.009797847475847776
0.9344263478939515
0.5414572218129077
0.4169738154864946
0.27794005581518755
0.9837448690674409
0.7468000629839516
0.32060749547842626
0.34190898714966755
0.9201739295494739
0.8855204243651547
0.3705670439940165
0.0011236732355278667
0.11833257715630285
0.5540410671990014
0.9865159242080697
0.574059433428542
0.03252983811956567
0.18954838693694764
0.23689156132775657
0.7975746771338309
0.8405873992493027
0.294669604021496
0.5412364689870883
0.9764639257419987
0.940007604074126
0.16281865449400812
0.6541501059512993
0.6529206591847871
0.003914986881758287
