1513665
0.3997730320961441
0.605575009960167
0.9064141900919479
0.09033196665916488
0.580990387151115
0.3863878520996151
0.8915548676563033
0.9907323733989671
0.5843673358684607
0.6887744820455695
0.37484272071004765
0.6024493923362243
0.4945900545098141
0.937625243774388
0.8407643621417414
0.6143967360640076
0.4879200013512457
0.18219499354865054
0.20352353179111704
0.20669562532167818
0.7752044562424751
0.1565304232936635
0.2827612774873708
0.7821818257719019
0.5060962012600424
0.9626739033556396
0.9799414059636083
0.9714010504318804
0.5189126561196725
0.3824125496231696
0.526647950578309
0.2825826825259834
0.9582592229261068
0.7813474518209197
0.2668608867613812
0.8042153525199984
0.07648789886251917
0.9333169478140856
0.1823474720342202
0.3102304953539765
0.9852566423648362
0.863715037546831
0.7736261915804995
0.9664326624924306
0.729900836246614
0.9870038392600259
0.9685309007657871
0.5916984408864695
0.8220233641727054
0.3967274445965796
0.44622340414400263
0.08859845812380784
0.28465509458632465
0.1555913333276947
0.13657215955084157
0.22547984518522657
0.33953278476149695
0.8286802091968277
0.6831360857054707
0.4256793724055762
0.0974869198080015
0.30464445242571925
0.34256206564800595
0.599420061837565
6.273550650668369E-4
0.157693378316482
0.13402544794749627
0.3400773639116753
0.3089595224589108
0.41749111693527796
0.04941277537705302
0.9988831501339228
0.6242598523814967
0.634559065245095
0.7882668005005893
0.2507692752564392
0.3004839259157073
0.5555463777792917
0.7910836869019024
0.7689346941907773
0.6026764214190361
0.5557378235893947
0.31037285724508235
0.5368532117764913
0.6452971711072357
0.21542633714385628
0.8809602366076537
0.1438219436935898
0.4660728804732016
0.07228520755845791
0.829335785684917
0.13378278886350403
0.07292947984980236
0.6336326949513966
0.3964168344732518
0.10703266927599908
0.9392553602540158
0.19048980072636068
0.6389187549192319
0.810570732233658
0.216691163054482
0.8395895180614114
0.5215949640492508
0.8952136822419419
0.8848366148285609
0.39000392468063005
0.5159285610268289
0.3662429615170577
0.16371112177376068
0.5078131623477103
0.5804280873230426
0.009230776725370982
0.77749918395654
0.5352481830854601
0.6135004504678881
0.23382432107797213
0.07705758578604982
0.9099968924739484
0.3419441640141824
0.8456506640146397
0.6038567090311157
0.005871328239497875
0.1364263403383953
0.230137364120642
0.40947281102549926
0.5177911369669377
0.4298774181315921
0.3119268434007382
0.3324447681672352
0.2220464044914885
0.2555577572473309
0.43969539124442303
0.4782526711282903
0.05706093086012287
0.9186203625009541
0.03857018044212546
0.34837213776894105
0.9903846630441615
0.9683148203119545
0.4709709483373292
0.4208026334348369
0.06440166977121875
0.447547334114465
0.05158553350831563
0.49716412178935643
0.3462483887741664
0.862332299468588
0.5733210371258137
0.8004011068731403
0.24669415399168526
0.43574112470596427
0.018455952003601173
0.6323289230700705
0.8182438728281178
0.9892743055622327
0.35285035502855766
0.38170179362375656
0.19448090326880896
0.22915328140077884
0.4309552730430122
0.8111785117090992
0.2906757982824262
0.30584839754326265
0.07549379528036237
0.8455057265178183
0.24994404285523342
0.2622301610321939
0.33807075174060175
0.5334350020970473
0.8897443992868465
0.3890510283129779
0.7955993526105635
0.46233489974005204
0.5802667638584482
0.5660352757209901
0.49231667854202676
0.6671541053293587
0.5692664151102622
0.38267486867710243
0.7982928219042534
0.9943382418434564
0.7571593513690734
0.204899573725702
0.02272041759583998
0.9564964972709251
0.32170131126734314
0.3821097744868164
0.09390553198827845
0.3450613841621686
0.3933307775720698
0.4736308413605492
0.9977620654646197
0.2558787807396494
0.1902638860021436
0.7144683462083394
0.9527461964964938
0.7266115175215662
0.6366876356306755
0.9373133409974739
0.4915489183011952
0.8850350087451061
0.5079045778450882
0.8210676448349806
