1591712
0.7184983698254014
0.36374838055019953
0.5730411805791986
0.6457291466207158
0.01650616285793116
0.7495201268739253
0.03893865957463449
0.6992977526123504
0.3885245677829118
0.004432888559439241
0.8381039922441457
0.10443218019165335
0.43586477828865167
0.12118648802256238
0.9491056715529645
0.11090921187722591
0.6993584142814856
0.756364543152981
0.9895574064094287
0.8345064028417577
0.719228235474523
0.2231648348219788
0.7798401829094471
0.013749888919736164
0.7056660003382663
0.01903873665132083
0.439971072782935
0.6030394249217103
0.15449882437128182
0.013880940207800507
0.8525353452999305
0.9239828565851017
0.09095773477707181
0.5308554416706329
0.0013556444191729078
0.6563425046367941
0.8794453525713213
0.8146391450182895
0.7785802904627042
0.16581653542859065
0.6983320144558884
0.8008103775894184
0.3421302924314039
0.537948489869249
0.8461930083251171
0.6753038564138198
9.527394416435353E-4
0.2157782922591559
0.019531702842093157
0.4442999430766823
0.9072857451741693
0.3234189187868629
0.5819169300498321
0.6226107600902583
0.5431480311595677
0.5985626390278652
0.63059505023285
0.19257120758068413
0.1025244637732371
0.35399126014378424
0.359020625746869
0.18563840029800827
0.39122576684896837
0.041485476765749985
0.812381932684198
0.5953480646875033
0.7931593162855487
0.8010979037535968
0.6380805086847254
0.8429718433862124
0.1847554940899815
0.8445756541870547
0.8442569758910525
0.686165056315303
0.4185514310436167
0.6437879192935465
0.8968377449229886
0.28608929495071056
0.14244250030288685
0.6733346672643232
0.7092105230380221
0.12993985889482296
0.2728692098651432
0.8910828288415128
0.2085188056936914
0.6435033490523457
0.3982150425874583
0.23119643249297617
0.19869897561036098
0.6223158138421166
0.7529491295282467
0.13129791049351214
0.18276580845715906
0.06018762782550613
0.1735542402186464
0.5187177291838179
0.6554855183390232
0.5603057542443839
0.6240400365215827
0.740359853780234
0.13245798749450433
0.2768205420975589
0.461847830031042
0.636531042335451
0.8427626753127516
0.25376829399807566
0.6042118242400695
0.3311523363844612
0.5797056088218986
0.10337705799893526
0.15054933137657023
0.339090781404648
0.6778377009805876
0.19724795797999373
0.8182101156791153
0.275920812264451
0.46429727540800425
0.9315998798095557
0.7569233515012859
0.7962441222389179
0.8186624542434102
0.1717103269411423
0.9215377141381896
0.3837673877811336
0.6678824068662752
0.6808812841986434
0.203158734487911
0.2696580062828625
0.3414884836864095
0.19570328513141022
0.9455446461523118
0.06526745591381711
0.7171696086355116
0.82208694904839
0.30663054538030743
0.6611331643429508
0.99792906900865
0.5954761478418692
0.16430755171171607
0.5662391216244451
0.779422424247731
0.37385270654471625
0.9110923765696886
0.1398367064728856
0.7897091776696262
0.7135871086722569
0.5340799852179482
0.10269670847548751
0.3135338338972561
0.01588591390288019
0.8345798861023745
0.30548437623219005
0.8493845528177472
0.025531074283070776
0.50609473241394
0.9790195360237022
0.989960434116535
0.7138023341582721
0.05980715184644392
0.5945037352087059
0.8653114950176766
0.6839185723090018
0.2634993714601894
0.021367399655880637
0.742797907641755
0.5000299447186681
0.8428368927381185
0.8862096070256291
0.5391482036641789
0.759737256300753
0.6832065335718814
0.9083737859266214
0.06727869592202307
0.3053109758902123
0.6658058802749109
0.5160229647673886
0.8141692182476581
0.7002271627585456
0.5734397710141116
0.23114818800901926
0.9259734162999486
0.9853331574891457
0.20948677774088975
0.15276450908860806
0.8626740563270342
0.7729009386505559
0.9877566443322384
0.364618770385153
0.8769771225819175
0.9370217365218728
0.771467648374702
0.2470542028968412
0.07077126800018152
0.515240395645261
0.6663300334720772
0.4822466505297086
0.28736149654047627
0.9490234750133812
0.8057304072186128
0.007848047126224666
0.5088194135095057
0.45960064670384004
0.9052689344896712
0.2961428753502705
0.7451747172676271
0.18091358746957853
0.5094094206062986
0.11414328153635267
0.6258058186944336
0.6528528310843196
0.4047602307930913
0.35461971031490425
0.03326970104067983
0.4156572070331702
0.6325115503793952
0.6188832428994522
0.1559447266871038
0.7402970186797377
0.8968123802410374
