1857604
0.9792069688532742
0.2782422425526272
0.979856406873871
0.9363788393399577
0.7520933401816465
0.4757758570252215
0.6333763071925972
0.6033823952819787
0.1731652905345642
0.13776039836919873
0.9763143137185064
0.9766752318863785
0.580279043805257
0.9000447149068862
0.030723487001041883
0.8256674523393824
0.0835267752334794
0.13956606976985375
0.7234470643903165
0.1366783102730862
0.7291174603566417
0.6546458927293535
0.31207142878006155
0.2153422617576074
0.8486952021625617
0.5354303120993867
0.5460754328356614
0.08665755220027904
0.6264735909921962
0.5149106693836355
0.5745585314802535
0.528523497261106
0.9136362484326781
0.2833434246449489
0.31212691576034335
0.09512027643853083
0.9727725096308882
0.34751997808354973
0.8309603782768672
0.9132425280002234
0.14468933252288674
0.021221266208775846
0.35977982868226344
0.8677064916218798
0.39575876035162694
0.044324130157503916
0.6393789902457242
0.03120762547636713
0.3260324882487581
0.14540879823736053
0.7095804761941092
0.8395138521671413
0.4966742026332597
0.5863507753635633
0.6839207881258361
0.5646371491901538
0.8698310079912658
0.3572623081279399
0.7060647321759544
0.09663419722337463
0.7448856560095597
0.22628164424047792
0.0758946295735714
0.9089445778315054
0.8221017003595796
0.29109153063987525
0.4834153247194647
0.352682615838927
0.9279934163148048
0.027680260860374895
0.3950610695210969
0.1020570314163306
0.49632361280858484
0.08674284436030943
0.899685900733271
0.6561004620959181
0.11445186843244248
0.24925097033011478
0.7404641439887191
0.29114812883702257
0.31682650559091374
0.02010479840458479
0.8341233363545577
0.7540136582803588
0.3357338265159835
0.31241129804366474
0.3103769218213994
0.2875669081877964
0.7039885608636659
0.554817362367644
0.9921193904881684
0.28842731495700014
0.44506940191152744
0.34045833520977764
0.28089213214964825
0.010743527672224862
0.08327436746044381
0.42846581943076867
0.6123230409384063
0.2505379985665215
0.8597907540795791
0.5076106833695858
0.002688985385202569
0.871853452102257
0.3501444192797185
0.6365411054218109
0.7204446675100588
0.3689450553937663
0.14431432195768357
0.6862071367161426
0.7855075626069173
0.39802116317104097
0.37286754777976405
0.42744714865482514
0.8242833842909185
0.3575420170508302
0.6407911981575434
0.13034334435787487
0.7898619582025002
0.6478446291222605
0.365267310464338
0.6718371400071244
0.19450885685568586
0.19886942926848283
0.6044574446038216
0.18422769839320385
0.7955233792581664
0.21902180296630336
0.21143392721269982
0.21955944452185971
0.12572860112971873
0.8887103899100508
0.5507152131739695
0.2535377867958486
0.8663047218379699
0.8988604817235188
0.0744325255678242
0.1074946891133779
0.8223723455216756
0.31771002624253275
0.7709762091759634
0.5280584409112281
0.18067732845598905
0.25845263938269203
0.8710394581997538
0.7315653262593212
0.8039244009094543
0.21580010052152787
0.22429847298199745
0.19388291772915534
0.5477519162696981
0.741294767220665
0.4445374760096915
0.34619858985853547
0.9740355530332452
0.33521007078229503
0.26184798040211343
0.12345822438149734
0.37815411952738354
0.04713490948814181
0.5176015424435186
0.5045245678218447
0.7480454591330046
0.2978458182452657
0.8912161339733632
0.2817559834689606
0.12932664324851761
0.8618283527906988
0.7573058266111771
0.30259016601372635
0.883447041032427
0.7828172862719429
0.537624489286291
0.3368499435232274
0.49478874734142797
0.23398261991713565
0.534283921550926
0.5408705763532374
0.9078239980677518
0.979896368939378
0.5090479002830423
0.21318168967079232
0.8568844993436331
0.14917340606922347
0.20807287738897295
0.16635923975906153
0.28879273089780666
0.484686137706965
0.6222874947041087
0.5757953533309201
0.7725511780908553
0.10251253292807672
0.020672656149235524
0.6085178943952868
0.7404798517476884
0.06128273679316443
0.697024402847698
0.4838229132669791
0.5116387673111795
0.7203491189269533
0.9303522312630848
0.8723674093301409
0.31106659447422536
0.9482112667038946
0.8748858519844126
0.7015012370008573
0.9173121673195312
0.7318854956511247
0.9677333946414414
0.5020012697357743
0.14593147136897522
0.6334168896726541
0.9705547060534185
0.40500216433707315
0.10806695205023098
0.8414886291503642
0.9461837104259146
0.7778025553023502
0.07092225911890282
0.27409217098031047
0.3119536233985344
0.2733567000499012
0.7908903815591873
0.30247889645966153
0.6085498645458701
