971859
0.7606457490033106
0.390288549081786
0.1871223294988711
0.7765352325453859
0.2017547739423169
0.20509850468406488
0.24317701336661723
0.5422624692185035
0.04636474687629821
0.5438063242761018
0.08592918045917552
0.980709580734444
0.12550177689111375
0.9663808310259906
0.045990464532220554
0.4448437577833245
0.34376814518628196
0.5176255672744424
0.9894955108420507
0.8294398305279963
0.6929130107120285
0.3305838167230697
0.3303208355004956
0.5718494301738026
0.23948318308594885
0.15337239865311836
0.9793506480411237
0.8830379136912878
0.7754273424156166
0.6467643675077895
0.34007319653804446
0.44927564483332316
0.7629096183055843
0.7500367576375774
0.23029879083348226
0.24819102080833233
0.05322158066732352
0.019044491759876214
0.7865486621674855
0.18246288676478384
0.6145645191067326
0.6031769085294592
0.9906713773964392
0.9502502409518591
0.16460617211849737
0.4467986572239694
0.4475017010189144
0.9435273126402082
0.1710996598137915
0.3759723135461367
0.43788438140375374
0.9938127439579556
0.15748438362230222
0.9627047829380035
0.07314302929074057
0.4693514889242223
0.6302723466956417
0.44665568627198804
0.5850823250296305
0.5686287227673267
0.2311552625274721
0.538190293381791
0.39986969969692876
0.6521652505976384
0.9091512497527557
0.6268558185063123
0.6646497285304935
0.107864093502956
0.006742488909800004
0.7758044271620178
0.32250347996232087
0.5547482909611902
0.15883814913827254
0.8953821809716485
0.6643715989683405
0.15575061033034676
0.8145295236930129
0.6580480856821137
0.5258187378622964
0.43228545597482193
0.008987268626030498
0.04198286831566955
0.9420241024287718
0.25165437041838623
0.736483278277635
0.8721925109707557
0.1261410982317981
0.5929062269527066
0.9054031123046272
0.3656066877047345
0.09417658271323948
0.28759392646275417
0.39224653826613554
0.48061777264366445
0.1237982454021761
0.17893943212461882
0.153998126733209
0.821701103003302
0.5049863614312586
0.04623952598230574
0.7068811061326441
0.956202822559027
0.7172039800286838
0.20091472303790425
0.5343916039269585
0.2630769306948354
0.25076740051573754
0.8764244191788644
0.14864272243997512
0.8522978363708865
0.7793567771072075
0.40634153593570455
0.5964307674283744
0.668871283471567
0.2861141056249755
0.7131997173179534
0.17506882893199227
0.6268103695728333
0.047534214913386275
0.8152976030769016
0.0029156579979855435
0.5061398439132637
0.08736164202713104
0.8994638253772893
0.8756606875894719
0.38993662093104364
0.8269644695086372
0.004857369054991456
0.5318087239276933
0.6186097928190115
0.17916391477083637
0.5161980575804338
0.04944089662575246
0.5950689360182299
0.25925602847940776
0.4743922653226421
0.6012107101586395
0.2871246757778346
0.21997030906627957
0.17833922859442997
0.2056677504551052
0.9424107468899992
0.4563669452140384
0.6737736822668852
0.430383624546926
0.3563123313764902
0.5721829461774601
0.5033208364594007
0.22598755166533913
0.014830341385506207
0.05089507795620174
0.5265100630504727
0.2001026809328874
0.5720072614878057
0.5327749770552317
0.7093138907992549
0.6763059718502843
0.41548468044563924
0.9634701357504014
0.5298493385439595
0.8256177812904034
0.523958738401249
0.650151840375191
0.05019877141348128
0.0066603069411497184
0.4267444557649476
0.43802920648649424
0.7638779412995275
0.20550630995208619
0.8383555747536853
0.8030362828815111
0.04429914844743377
0.12737304588956222
0.4599516136211319
0.6457567009174298
0.3916475955393708
0.05969821196875824
0.5146993055074255
0.9671586440176819
0.7039095951102471
0.09976871009999355
0.8155408128697865
0.40847021649381476
0.48236133717649543
0.7199546592124804
0.5515565514713289
0.845533552922545
0.22264763356514516
0.9297347922463136
0.5230556331662817
0.8422334262528522
0.2396496553669476
0.4860816860634789
0.2557221571498708
0.7881042641011036
0.8276619567199878
0.7024082526812778
0.28059135157976545
0.9719771166256521
0.9669683958758385
0.4111598375199079
0.8793241480874211
