636746
0.676535891607203
0.7537277230050118
0.5462687224486529
0.763194991902462
0.6179100679963284
0.3521493848114077
0.6290712190213795
0.47940189932696875
0.6999389543120788
0.5462604358976137
0.16491966994111007
0.8197543381593758
0.10450038778682058
0.9031352416461366
0.5876051472873892
0.14448862720576172
0.19730421642438412
0.15027934253403297
0.9248388813792704
0.32790680288609486
0.5928092804734979
0.6169294220355407
0.800423709505181
0.9827295886565183
0.9924301985827915
0.49235196002532977
0.7373793556928346
0.7264997150199318
0.08695772274845037
0.21379280289146196
0.9811683333106352
0.516067137489582
0.8971247683698746
0.5125507606750653
0.22330195652860452
0.4951329403238369
0.41550796117630173
0.5187183345082272
0.6729888760623964
0.37502392496712866
0.3084617161817874
0.8534532894399525
0.8981211231320023
0.1003155109470314
0.7385407848471875
0.8222145283061086
0.7367761197859887
0.4386155059035045
0.07587388176463872
0.6632169757988795
0.3665446773530924
0.1777670354807651
0.38120970806576904
0.30242931244103655
0.31137938145381183
0.8139236152510658
0.06386387891311096
0.21975993572332175
0.7642892296893863
0.9703955884648853
0.04455354456814886
0.840645657144349
0.1090899983178949
0.2998613093503709
0.08611381227886727
0.33307904826628176
0.935552318473984
0.291482947561172
0.6943485604606252
0.81217977933521
0.15967231600491527
0.22966116974886963
0.13677516044416693
0.7327362671866465
0.08442249454869011
0.5326087059857719
0.6787814117006664
0.6847136040409649
0.3662232743664843
0.8366181288453921
0.09472001804255514
0.8975448917103607
0.8885086419928471
0.4858443593846824
0.8757240756657841
0.5060924933337387
0.48614179411111624
0.5376177054826478
0.3265350722477246
0.03448673449355788
0.3130698590062373
0.9997486935789445
0.9203921241917213
0.6136195701412599
0.40048936468468455
0.7789812320967779
0.864039543665319
0.16389126268853982
0.6139269883511176
0.7386956543198828
0.8141675401750488
0.14687784880589028
0.7850229246670737
0.33915922662462406
0.08210817637612944
0.5179085815003207
0.2674371438034804
0.5650660031293074
0.4653673878686855
0.19611147739810164
0.5461813382942825
0.23280420020510917
0.052580797738100093
0.709306807143402
0.8158125678877636
0.3138339925190804
0.9627394570090512
0.6681973260101222
0.6353069095509757
0.6107540017213318
3.942093688413806E-5
0.3776256017289482
0.8660648916736237
0.9790803572143836
0.6324662281562666
0.20223809937612325
0.10438270845151665
0.3004571615831244
0.5352344034417849
0.26971675226815606
0.730856139359573
0.5819627280152181
0.17945842094714237
0.7168083347045395
0.5165675309340896
0.8813712836426097
0.5919406865108888
0.9617032906505059
0.4495377644889338
0.23967487667918075
0.4637192416743746
0.4208844854206333
0.07480940854697404
0.43986595509308835
0.24302550224235464
0.6793884167622963
0.17765885935723225
0.20492599531759703
0.7125609271678132
0.37049022073690085
0.08181881134874647
0.3981611859908881
0.8215086999755339
0.9241451032059638
0.18322490641287414
0.8954712026212186
0.21945426180696725
0.9030885515313616
0.5946832276112741
0.06183278119528424
0.022397100890631738
0.861318291986098
0.9379882951666112
0.18322459216627218
0.8302928658062884
0.5317515026693955
0.3874038688665016
0.7804159171364389
0.9110739506541946
0.6781701518407228
0.04205171264131602
0.4624860821722949
0.7678532519773626
0.1311390838102029
0.5846362062376401
0.8656379760291838
0.014024811903909029
0.3684002991331744
0.9700658916479008
0.26681315099454384
0.5952318605136855
