1333746
0.49731845019690246
0.5799151387498231
0.6618122005152374
0.9176811675856742
0.6502719203697208
0.8773027727648289
0.45406903809737975
0.36904044898175903
0.6134547745033467
0.10164650701141775
0.4129230648894855
0.05116286086959443
0.9753750510577447
0.9538854823506696
0.22917838303270543
0.2831410694159293
0.2034048329953767
0.5401457604116368
0.8209349482446614
0.5787007991200492
0.8350584183562125
0.06545618991772673
0.5241214574867636
0.35370173402922056
0.405244730222049
0.8990054390715774
0.43985505784411794
0.5775211445040314
0.8215607818582826
0.6685632695479319
0.5046987899338207
0.9463542324055824
0.6467629666602331
0.9840722712437515
0.3000821806064451
0.9269718897216902
0.15087353013506555
0.23904895533890302
0.22359670466069081
0.1962352538398705
0.054950027658951295
0.6933157187605841
0.40757206945059665
0.5846737939519123
0.6043651917089082
0.7017187441980067
0.6892855523488861
0.6216919126125294
0.9815159290748584
0.5208685104566261
0.012351243550954183
0.1754760932091345
0.09619959573347148
0.5995737285217435
0.8702817127718904
0.48243334395535653
0.4764666669772357
0.6385210930225076
0.7909100018004118
0.06899886334667582
0.3235786763250993
0.990887208935841
0.4043045730996372
0.6829089991087405
0.7917711781772486
0.16795077018337246
0.33700616776058867
0.3715430235974899
0.20684121623849605
0.3124068068862801
0.0318597486322042
0.2716956425028789
0.24714972170693994
0.5069670200755673
0.6054107155745413
0.5081492106871105
0.07644884420617415
0.6969632856956053
0.023779891015835997
0.8376734633965315
0.04001525074980683
0.8230542012985814
0.20312648964727809
0.320586861586981
0.8138903953701737
0.48376735202880916
0.12225428370808333
0.3537734316656842
0.831598737302495
0.07749278733872134
0.6726113389328013
0.8570547572946827
0.4035361353900321
0.9096758028453356
0.764878308974847
0.26907636222974285
0.19128984770610635
0.19334052610603236
0.16153699039168812
0.2793741496424136
0.6024727862921502
0.2197078949007183
0.6112543810668887
0.9000453931245405
0.23122432620742395
0.2305547611384976
0.12361469188529295
0.5634558948835885
0.6853508620951158
0.6850938755691065
0.6416752435940818
0.42167310911957623
0.013149030203135958
0.681536946136579
0.9450190459281309
0.9188227831141366
0.4712753789359987
0.267136008157811
0.3474210990850928
0.009324352787098089
0.5595961605918752
0.25038098426290145
0.6409412508290379
0.10296821160688374
0.0897713955781152
0.915164321057765
0.7822018040268944
0.9320560368768331
0.5513978022505107
0.7291062674079523
0.01680298437815364
0.05633251777546877
0.19285532236540637
0.7368673468458069
0.49427524719451255
0.6481954692905554
0.04357205728918789
0.8341569052955655
0.9386621391597427
0.533678425319983
0.5702436407684424
0.5292801477379067
0.6087732712252791
0.20395802022255616
0.7816119233544545
0.11644834000402926
0.6073417713077689
0.6576463604772386
0.37472991943313305
0.40870981155285546
0.5797664117101842
0.48588568001311083
0.9502084008006476
0.3082424408958149
0.9808133898278518
0.5702715613144318
0.4147616869207704
0.5278805432221856
0.3815985976897621
0.1278876576559711
0.4364388394378459
0.7201327002148575
0.7393659408519415
0.60824350602111
0.22124808430338627
0.11857907989822558
0.1590231697834944
0.12366426303317313
0.939451807510886
0.5514202741671024
0.4380915766964356
0.6776894862806586
0.8456298950559548
0.34808189159438285
0.6056713672907406
0.4452953792803829
0.5086799928066489
0.22716257169962928
0.7412197801569121
0.7542633210627953
0.5962428828600014
0.7276453498949768
0.5903846032392784
0.2187747013008433
0.3426119640586973
0.12517539656439325
0.8828305986340775
0.6843204632235824
0.17000598260608513
0.06134012550303658
0.8009418500828211
0.25727103938056595
0.9301543994040182
0.3062699201987992
0.7484787745909377
0.7129607550247643
0.8864653273637813
0.1735111983290647
0.42471307504397826
0.002897916076893048
0.8666158708312722
0.11100588588991833
0.22225968339798552
0.41472022651997364
0.9812255597490804
0.9031443758107306
0.13577041288247882
0.17777268827784853
0.9263433815933715
0.7362419566761186
0.6938482913717077
0.952692872544646
0.16579955201886531
0.1034210086402978
0.9079880672391892
