863668
0.6951465492642757
0.22404317020688158
0.15476494272903918
0.8700427677695194
0.8418641077309923
0.910907826860187
0.6347418070403338
0.423662114245681
0.6313865011111456
0.5468165980314587
0.9912787089109758
0.28534347925869397
0.6424366490203538
0.16025904907316235
0.5895012604999873
0.09718166893645896
0.30959065971061706
0.18894282031633225
0.21803425238144758
0.15609902297413614
0.2589305176437072
0.4318425299379258
0.23689367587109222
0.9832825956041871
0.7956181243142632
0.8714392588727208
0.7833820713229738
0.47275045136565985
0.7708380963071606
0.5137643454324571
0.426032344186965
0.08941487245773228
0.3573145876125282
0.5784310174656463
0.5365283668138991
0.474704681847947
0.9706156131782424
0.21165815165274726
0.43566278404792735
0.8617551568018144
0.6877151343156703
0.39236078707525723
0.06177581893868578
0.9023687734450699
0.03479248759872311
0.8547018292155485
0.5087515793870023
0.8643954152289219
0.94300512858277
0.6600702703624165
0.2855306952303439
0.6708760112886906
0.003979290721582762
0.517271449777103
0.5602319606254926
0.9212392022951852
0.8960208394287352
0.07178447132298782
0.9693571740964553
0.8600351160833688
0.9975561061751522
0.16326373370099845
0.796187326656922
0.24013671294118744
0.7560708013134331
0.48502996142196475
0.4523603954542995
0.16503378016841397
0.33882231962352316
0.1701180822266133
0.23275401313124244
0.2887897823474721
0.45585920886558906
0.575518579950584
0.2561793223922123
0.20242810806003364
0.01638889961993706
0.9395696437439421
0.3530246013353351
0.4419581894537268
0.456292633518227
0.6470277618539527
0.4158707100158512
0.31594863411199137
0.15759483192159862
0.5521646241861352
0.39023281237138674
0.6694985048866252
0.3699512343484227
0.1823085260892393
0.6499654515610109
0.7766546516407187
0.43972859829927
0.6725689360670918
0.9755016460076195
0.7847666830631169
0.9540059371626561
0.9670527573462125
0.7329785308764387
0.521967995539672
0.6148360416351262
0.1627017463527316
0.13843556303379545
0.02291563176356526
0.27336240394324973
0.8689505385186936
0.683653858808873
0.8281172900225614
0.5738960671357722
0.10972472712063908
0.8988381097256529
0.9686192197118435
0.08481351256633696
0.6038694424301922
0.632225185340852
0.5605241834998519
0.6261451116719704
0.22591872565889692
0.9378365357593361
0.10275350097137392
0.7429813700725229
0.07118629433312829
0.47997438736525844
0.8966628429984859
0.9193318832260406
0.82747884422332
0.08669408147365865
0.48756702647615224
0.17882999080481565
0.09030323172852528
0.714368405903532
0.6659235819287153
0.17668345892067716
0.8492591171126834
0.6215918359985482
0.3598710289563224
0.7515301320815686
0.6203790424121546
0.9930560506951306
0.7010124225992133
0.17636413185143407
0.6024982893712161
0.602660700586483
0.6517807778826396
0.024457441070752317
0.7953070335993095
0.36000575970065707
0.8454172959210022
0.6492081175483646
0.2325577134146004
0.7455455002262994
0.70853970280267
0.7661051447629748
0.3559708228161236
0.2070660008328088
0.5114725530414967
0.5205074581350035
0.08370272632771825
0.5637817704255982
0.7229570527018426
0.7266923845555074
0.311809161848577
0.3442290532802792
0.9335528862299689
0.6716364361758531
0.4279587699995433
0.7702669269650042
0.6559906674104624
0.9912498967313117
0.9137210428760785
0.7918796992765779
0.510927685555225
0.6472934563009515
0.2650733858754215
0.176106889402891
0.6630060980763741
0.9599637305633886
0.2703425184557291
0.1583101820770848
0.8848075172726666
0.9841420865782937
0.1506155029543328
0.5751194116484054
0.2952430641285214
0.25655868297670814
0.18972620881267377
0.7157822829934735
0.6441137132086215
0.08663213576629991
0.25924312845963216
0.35227552565753384
0.9960208637307006
0.11550235756487648
0.0784549802567126
0.5384181936237834
