624890
0.8045021982655753
0.825782212547939
0.1401707480521568
0.8043600311950788
0.6612136431943669
0.04881156414669907
0.9802209544450912
0.3152012372929517
0.45517310412973033
0.28670490364902323
0.8718677312787111
0.4111325941794789
0.28352714980037175
0.8432416462848353
0.08590104173899915
0.7013675421473811
0.21799730375510595
0.3406559200847359
0.5730189522672674
0.5452706771259851
0.9501076872339766
0.18864066901853804
0.29716035953937314
0.32147033831654037
0.41349094531902986
0.9673884452944543
0.4767786307892533
0.3593751563999692
0.7130151886556645
0.4882493150029945
0.6756147213989507
0.7873976314078884
0.07816950020284119
0.5035938779467377
0.02534934130774069
0.8383205426998735
0.10209105955686648
0.6517276836997836
0.8595834162351426
0.3446248576928922
0.22781242604440044
0.2432102255262839
0.6919165320302348
0.2552303838100949
0.2997523999493241
0.921690683726573
0.7804636944086665
0.009983623427718191
0.011169713547066196
0.06537942344111114
0.48697049413429827
0.5193596244822811
0.24724368272029662
0.034532624414704505
0.2607578447163834
0.3142278728960456
0.6486415298504424
0.01583491771815637
0.3560467117805747
0.15416479305797637
0.20187726673433504
0.2663229574531115
0.32578470374637547
0.01267847585887305
0.30046239851090983
0.017500584859868162
0.9259159295844187
0.8938436034265781
0.5147939779760262
0.16455381192011975
0.3111061016640915
0.3772280036818605
0.25892091283040786
0.1360823343805686
0.30625521833798675
0.13662475997515577
0.6487747424336562
0.016520953206609734
0.09770024233979646
0.9329862303396622
0.10914626611928913
0.07643365385967515
0.9038311297848324
0.7430899192025436
0.7056349436024506
0.35511920401286445
0.05691267834834157
0.7528483436346293
0.7529931246229342
0.835476389876494
0.45622651181150675
0.9178082007734856
0.9827325553625691
0.05283384616387088
0.5372164540683969
0.6732665443903688
0.4405558361253056
0.6874578383991605
0.7421417544832414
0.16256520913582562
0.32812111961348034
0.8047088253585614
0.9748125766010634
0.04450659427444481
0.20384309017719637
0.9273255646523088
0.6753022990585332
0.5394675321712263
0.31387914841111897
0.051073448961117984
0.9601021418658465
0.8786704742984466
0.33714476056983045
0.04800122720172084
0.7390030984533265
0.7322038211856425
0.4971470274400306
0.6408085554120183
0.8420611340328787
0.5087664389782272
0.818621666021961
0.2773343717951222
0.968321645222769
0.643743992404737
0.2884025758838129
0.7859335100908184
0.7025494119138844
0.12210757604847311
0.8176499126458968
0.650517924182792
0.9370307696213022
0.5187576915333684
0.1965067791103141
0.10829519247286612
0.7825850271306476
0.7813203131766026
0.6824506808204753
0.043746146291474
0.4562422501143557
0.829033062355439
0.4700506927727034
0.8291403666648449
0.6926151120119938
0.7962440933288591
0.052537082783507216
0.8448966136119085
0.9418127294750483
0.4101775048256161
0.4045349080830051
0.4023526076119206
0.9888145639944305
0.560003235550507
0.9905090504292595
0.18701726874611013
0.657543090597876
0.5878811730565691
0.8349127482225656
0.14213486958758625
0.9474438613350084
0.21253259769376487
0.2777277082601499
0.9204001015241333
0.2912024349854996
0.28202492100498144
0.5830285632943017
0.6459193386455578
0.6192971847574817
0.7448380057013201
0.2684002878357651
0.7490223094707743
0.5704081980202252
0.3269136772279765
0.879482122417847
0.06328543957797528
0.49627212768626616
0.4072727456040959
0.9466070014154737
0.2071364517790475
0.8753933279094509
0.49591635301618586
0.02945079074740853
0.5116673484866203
0.37209223674449843
0.5351115969311736
0.08080108759993831
0.4017907560446895
0.0556918612509969
0.9687941667953555
0.8420002441442935
0.18963251481075638
0.22921364281895396
0.15470329390860948
0.6203131709963169
0.6970609940609825
0.9077745150115885
0.22999767698942952
0.5924152528217241
0.9885119702235952
0.23394703181870646
0.9834828856944681
0.7283913200758104
0.7657747506520218
