2242630
0.8745861055347828
0.6506461880698619
0.34036628890846665
0.9426174567099082
0.5421606244008517
0.892062993712278
0.8245532636800943
0.22182314928223645
0.9489407535666953
0.5461559784133957
0.30446199130863605
0.7861529310096098
0.13699943616428656
0.8386244919028532
0.11968831303110605
0.9579954222209385
0.43810637060754454
0.8552176954399967
0.5703390371397332
0.23362357742075424
0.8574022796633165
0.7215452207410682
0.29965779992021846
0.6685797972412139
0.31210067558352894
0.43037231366312223
0.22358793056064596
0.8501362698443653
0.4256864962994277
0.0688720058591561
0.34494925088579154
0.36604063361571126
0.9228087731945452
0.8945947935242069
0.4002574676063444
0.2656715099779696
0.7960396860150035
0.4364561069561915
0.17881617885720125
0.12789191236702258
0.3229005082759613
0.5558306371327624
0.5265634569066338
0.9993031257163922
0.700029878000698
0.1928816422574432
0.5012557416129354
0.6472656565586694
0.5310977575682194
0.3445425839466735
0.8809244541263125
0.28396720256632424
0.6560440978353036
0.6731072433676762
0.24414126436545514
0.16098306853740163
0.8414482165217597
0.028173855474229903
0.1384801336376822
0.20818677357152093
0.6653113913593429
0.07972743341897448
0.4326656914306676
0.19653424838463895
0.5242616613447525
0.20643412338614042
0.8082489081382832
0.7411581264185251
0.0671664438147187
0.7607597781041063
0.48825254230462767
0.8293727489903692
0.5163651470635832
0.8413145430638429
0.723081038122992
0.45760535007732406
0.2762103835428734
0.7428642503419371
0.2580900720268633
0.3919315547136508
0.9483333080680934
0.32573794501597064
0.9925633129321311
0.02880912120786694
0.37402457349766216
0.6489009550234628
0.3064454719232652
0.8257662249529722
0.6063498270307481
0.34475063794799665
0.07903158253763176
0.7962159876083985
0.7780940469206209
0.37873246832045004
0.252915056477094
0.11823200565745318
0.6763568570699253
0.033161833960531295
0.9068476464719942
0.9940345736196323
0.46059659160050725
0.1821770646651295
0.19276669872633956
0.5151006426515594
0.368147874450629
0.18353729122232532
0.16509636928015048
0.4372248679031725
0.43971386339331275
0.0030190486300245567
0.48453078031095276
0.45052355824328627
0.2670609776608195
0.5084529089219711
0.21385950654723618
0.7412866534297551
0.5161205706775291
0.2229824871681011
0.4399959856234069
0.38574744536344585
0.5109282517176953
0.21091514551583745
0.25422253556546837
0.39025376908694276
0.47730840099350935
0.1845746413987116
0.7017660348227588
0.9979883521101471
0.1399380272776053
0.366853883317521
0.6721704606030745
0.21929991256455483
0.24240039626557908
0.12170511772803372
0.34353391613366235
0.41087104855358425
0.2170657204591493
0.873594632798091
0.7165292519169201
0.1283627409826924
0.6701124702074817
0.37698725355631557
0.9782293322108959
0.40783930909096444
0.5667298519851486
0.9682156325871869
0.9211087469107472
0.09319210558050961
0.002518020178972513
0.03462791382281949
0.4091962711681437
0.819943730843339
0.22932954995123356
0.5696967757971463
0.9312035012173192
0.7902290353695607
0.16727220043427404
0.3478117889576827
0.6095562903917219
0.5294132801777136
0.9793194419227348
0.9487660155177716
0.6446079918010894
0.4017213284216149
0.41095174197498296
0.5894867802735207
0.06491438648508807
0.7804166886572994
0.5044785312402679
0.47935002364172075
0.827301966955692
0.41748238804651083
0.9861667890905937
0.20545619828754036
0.7645631214212097
0.7384202108782494
0.09402914950021346
0.4755348974291608
0.6139625613597121
0.49969925938749116
0.8651010028776778
0.3986847101842783
0.3763418111934065
0.48954757492309675
0.9332621852097103
0.3679434719048327
0.5534594106492885
0.7271963472273935
0.7021361261494016
0.5237235756452161
0.3903065140969655
0.9213488092525938
0.35232501585848996
0.723435427376938
0.1094887652728157
0.7855608077860455
0.518217178070036
0.9201620700024848
0.2663673492606644
0.17638397793184346
0.626828186944981
0.8620362658832573
0.7765031286589409
0.9195361325551415
0.82961485290575
0.06401076060278055
0.8710496052668177
0.6200280982304909
0.17792730245190913
0.0750016513277143
0.22109250141951153
0.7140899393026878
0.1937408367409258
0.16592333417302696
0.7385341636506014
0.5139034587573812
0.2695361479570836
0.6979232541680218
