1172639
0.108973629958798
0.020562465941555863
0.3946727730134808
0.5951630210535189
0.9411344198235889
0.8363456494223521
0.5503274289182093
0.5427822601414971
0.5277432294519369
0.5943017153390043
0.7410450303026868
0.7582198298023414
0.6043651889593503
0.9413096033419577
0.038177510395861036
0.44285695956116367
0.16555181053191959
0.26019181381693257
0.1989612209120123
0.3109850329175712
0.35176032490063236
0.9971217161126288
0.39471099686108
0.9143906139221301
0.6558540125928457
0.6724806282772767
0.33258509306705386
0.8333888862130575
0.2145949494079028
0.39648445432677804
0.5876018736278532
0.18892574067888246
0.7483920208947015
0.9853128992285045
0.2750658868321141
0.3454081343529962
0.7916688931489068
0.5791397497233515
0.2882871603156446
0.12021115449451103
0.21656793312447953
3.7526992374814494E-4
0.20245439658588127
0.29334923292703197
0.6943073575077285
0.9585971363629187
0.602749388100308
0.7195881665928275
0.6613616898518048
0.6080593273255006
0.03326595681963973
0.8853138172193586
0.561735018633395
0.8943332624949324
0.9830242311381585
0.3237618260289802
0.6219506506007181
0.5885490127556704
0.32634667605485246
0.9047525343180688
0.18198003729193057
0.900868756858988
0.41708946236050326
0.6488637758728741
0.6531870201938504
0.0892385402976642
0.5996992325010897
0.38101344834325734
0.503464084183192
0.5351287458115891
0.24479152677050386
0.23471292849597047
0.2800894082563161
0.34488720316103394
0.5429242805796678
0.7457913515069656
0.5724345984172314
0.6534935151103105
0.19746585028560715
0.03317991455758407
0.9895049873058773
0.45691710921780837
0.8459338191868715
0.35438424293753745
0.6813956644829999
0.9799450390521587
0.5089074231265778
0.14456214318060012
0.6690980629301315
0.29826045688904634
0.6165929209994129
0.5006631515192783
0.2636935093373014
0.17671622097530848
0.19534767893881977
0.9558749734273172
0.15382166303830602
0.8601621169192487
0.6099457788152294
0.30466154232824993
0.31941328061829166
0.858848709382049
0.852093798865089
0.18496593142288298
0.7900284290749877
0.6073442429758744
0.7416825650898208
0.10169074368541153
0.4077428766434341
0.244065723910183
0.5644871099557938
0.5843577787108333
0.17737663387240987
0.6579388628761138
0.6085032469257432
0.21188729913181115
0.49096049664678687
0.37936595657638883
0.7808364761679907
0.30872691170278665
0.49868806351404127
0.8545947188927476
0.9880345919051379
0.2190988527103953
0.16520177877308106
0.13574500487053343
0.2449829415573358
0.19992324798409244
0.09791375924945223
0.04316483793246717
0.5409566932874303
0.13801471772829788
0.06316320173404633
0.41245054368547374
0.33615220191693473
0.4934378334683247
0.2163639470512706
0.1253807647623576
0.18799518290684936
0.0984470146778591
0.4638975505892162
0.2421772232747592
0.41375063547613034
0.7002244230199659
0.047358232810588374
0.7019199316273389
0.8844354528413221
0.4256693704058435
0.3948581598095736
0.7386080888186389
0.014761714782328572
0.6677814697038525
0.5194527409389204
0.3722723731057481
0.7648150169344923
0.24571862462485206
0.7613476074263992
0.07770809900885423
0.0013985080271625705
0.07440044000459756
0.4683998049864986
0.007812909368570153
0.8804504748034486
0.9945663793942039
0.2885278788974859
0.9541766062878457
0.006669039786028175
0.860487016834431
0.10799714881532341
0.5644852227563387
0.0024551125563618825
0.4600663517543463
0.3111473392169576
0.20446462202201332
0.7755102268828737
0.35086118962906176
0.9599822339919807
0.25150404769676005
0.2129034314892655
0.23558388085432747
0.6961416734618847
0.5377632598580827
0.24914713699753577
0.07194266669013227
0.6531284660694877
0.1224814741939888
0.2567990636692713
0.714213750922068
