1069217
0.43326424606064406
0.5663698436438903
0.49033348689317713
0.5177277953383823
0.2516991216876908
0.40538412880499286
0.8775019409903609
0.0024927782745128857
0.6789028676128631
0.5768373504563198
0.7971297180991889
0.3684642536727404
0.023415592303929644
0.13772686825548508
0.608271392675883
0.3825130927494008
0.28823845679879767
0.7333141296031203
0.6028750363136892
0.9159296622465571
0.8070958884398773
0.9234097123579579
0.7425811048691203
0.20134274802024976
0.1209025489550809
0.6544796202954042
0.010009357480208592
0.6992205061160678
0.39011999280569276
0.8776040462650688
0.4558622820099322
0.31665952412106746
0.6552893698226905
0.5554825096686535
0.05540183737533877
0.6049575826275247
0.5558779540333283
0.07609443874130306
0.30133135342076744
0.4775044746860012
0.6966791801749133
0.3962877467530277
0.05484181590322368
0.9358141791335712
0.7113572274237417
0.07548217354138731
0.5525583487332163
0.2690613280995938
0.2143286321828951
0.7278382654749361
0.6243486368668361
0.20127320345587874
0.25502537050669627
0.32065690763360455
0.11543233773246153
0.5003680640948635
0.5926848506771353
0.1774381377644727
0.22595667360081473
0.6345196873514558
0.09516447315802445
0.505942694917517
0.9821799464920877
0.1638667079396472
0.83187928563632
0.7647629129931264
0.33563155184922966
0.6893746697328139
0.9788134524247821
0.20632448370044176
0.45009341243183365
0.34569790961758573
0.4826574455648235
0.48990391697043045
0.580974146142211
0.021176902251140106
0.5414744502421374
0.3451614681432177
0.5776244658422297
0.7156464171994164
0.3509011913896226
0.8848522890757062
0.446368169691452
0.7055185553560143
0.23773984417203242
0.3147935882041225
0.6005000013198054
0.47564355732553276
0.2568992758548604
0.46982925508208184
0.3932281799276862
0.6987411513739861
0.5629955654550763
0.8164471336083862
0.2805160725259679
0.8957331225681233
0.38452283039654567
0.3058689283390016
0.49300364833679144
0.7940980293794174
0.22635774859577074
0.735846156154091
0.4096664046812354
0.8164070244630067
0.005461894257556721
0.08505975689079892
0.9205958049589128
0.577489560949325
0.18499822050801096
0.6209355490243562
0.9422615484259934
0.7462165680870917
0.6136791141307301
0.4498508123399978
0.9058432861868695
0.13667733961924378
0.7000154734613528
0.5781222664486015
0.47769498121816756
0.43356620616048025
0.7552371486744586
0.48282938821020527
0.9907327672370138
0.5278836152859083
0.8240074866717579
0.6534407882519442
0.0665125257681386
0.04159527837185295
0.08865566031941885
0.5583760663643571
0.6899911816235118
0.25368236773712816
0.9805021243558932
0.015049175975655138
0.5624412203179425
0.3050547056648658
0.46095449576607894
0.9976033690558895
0.9027152992272846
0.25608791057504254
0.5454020189850822
0.5034620858780509
0.9930338240005634
0.2980843910533548
0.034539123856120124
0.21798434143311662
0.6726952578399958
0.17874768048345124
0.5905996005027562
0.36592652670519976
0.6715853975601681
0.6917977677118571
0.7500845373366521
0.3190775173505105
0.14508825935858072
0.9021451999629565
0.1999190684827965
0.2413472863343652
0.02297810541618872
0.6305797898016279
0.6605740373776454
0.2957540247112983
0.817098436914837
0.6057196077142898
0.01754093073971219
0.7121677183220163
0.34611035897713205
0.6060045013048567
0.921648935998103
0.3203337078781674
0.43031949899634026
0.8608077969476241
0.9390659873244293
0.9896123430727519
0.9855668718701205
0.9572784708766837
0.47342566231662386
0.785035926518943
0.10239610468914517
0.5083157271615986
0.10537465908811972
0.5486976773672854
0.635185516024043
0.8771163993510708
0.6989363301336203
0.04615172215951735
0.5456604196363388
0.32502497202159664
0.6094378021403677
0.7794171583699682
0.7461775269205788
0.05195510595374275
0.594349155903295
0.061343242778891804
0.4703998738981331
0.7324405398897856
0.5762357045962226
0.9705068217231618
0.2624571183143266
0.31541207319838427
0.23612477715205749
0.3614771539715129
0.5204128171767252
0.05208684174974065
