828223
0.5259410418599904
0.1921976669041593
0.15583682376830232
0.9438949427838212
0.5802650615671635
0.04839762153796223
0.33850754869922617
0.06115731408693936
0.18052230057579466
0.8943612129897739
0.4837448562740394
0.4732681797212749
0.8788102556465818
0.7600457951948537
0.6096019909165941
0.8524244299069199
0.12392393178049976
0.286454230158361
0.942120542532231
0.1654829319309704
0.24874099607864275
0.7943315496283552
0.17907928314619603
0.25231631325754456
0.9759792740024501
0.8156690830191644
0.1361445478462423
0.5040767570226026
0.17844145742557205
0.833164032602575
0.5940561545340011
0.3010659230273599
0.9902127825130982
0.3096960510783642
0.04145937450972892
0.34744904233326424
0.006879555782431601
0.958047037117552
0.6652201347749928
0.5488393119591396
0.23568753841975154
0.6005034738358505
0.3785372594226196
0.618818633475149
0.6606609364709892
0.8986457249763499
0.8968918733719358
0.1717492172232441
0.7730545216524464
0.695542257185453
0.8728510357730866
0.6617698923474047
0.18411252387900878
0.7057305473926366
0.8829687525309543
0.16166006380678832
0.4849597928965329
0.812781177208519
0.62350454062738
0.6402932006755485
0.8475523391527376
0.28990516566973545
0.016406086825799804
0.09369074882196182
0.4709656885443675
0.845978720821444
0.05297878146565804
0.6122266292217213
0.8689013266001827
0.5175240313180118
0.10989228099378034
0.22532141464936184
0.16714264310427673
0.07659808563156523
0.16064997411911486
0.15500439384841969
0.033794006271660515
0.8052063466851969
0.7753740527307144
0.931010541766781
0.6004874823698656
0.19877156274975916
0.05273595571918144
0.6726190197446601
0.7493436861246306
0.4043523858414756
0.6600877714729143
0.7262283978159567
0.4383247496337723
0.973720440626414
0.9713269435530657
0.762702887151277
0.3167188053701394
0.8170685019131714
0.8867538023445272
0.38481344942920515
0.7428471541181006
0.08003666110970153
0.29515701677654216
0.2726358191239886
0.45768659689329927
0.03490710608065817
0.2955893921681756
0.903557602005094
0.5909513686295054
0.9762326712666198
0.2347726867590264
0.9235846603424154
0.3802801560573923
0.5418278475767829
0.33579672594690535
0.31792679199869034
0.9695256455907731
0.8419654860988973
0.19475456793339552
0.6313813808438128
0.9187454837636331
0.2727861681427237
0.7041823538170566
0.6228229980812129
0.6063451282795855
0.9143413535401653
0.02564855217849371
0.9031456760414471
0.5329243601081813
0.9693556316409172
0.07856429650509777
0.3022940988770785
0.6467314679873375
0.7857072082298399
0.6382628189817484
0.9385585298511492
0.20222968356366444
0.623790135226756
0.5436227983200435
0.22209768088607507
0.3361329294025037
0.4793353129007045
0.7029865852209372
0.3146928538470062
0.4993691841808653
0.9529323506246267
0.5568513560894581
0.8890251423422625
0.11878085732394661
0.3694070131053121
0.4067873067921419
0.3833076022145028
0.37897406378144827
0.09337458386637432
0.5522640303235714
0.3308922189690776
0.8125793501103297
0.26170222018503453
0.4905422433735095
0.7595113785645213
0.4662885982972488
0.9592783349825396
0.5295153019370581
0.10110231463514718
0.7703840353227751
0.20140064506442723
0.03936070367108424
0.5307019567282564
0.8810770391601633
0.9542587683561954
0.22608895019958375
0.16168890443131512
0.1878260404582871
0.8244011519055761
0.7485534412298771
0.06468808177373986
0.8819040053603557
0.9787404422849549
0.7202117756604174
0.6487430578972627
0.9678379855536531
0.31856530635915903
0.6379050338686975
0.545899429471649
0.8659447254285597
0.9241904563069144
0.5621488746862077
0.7741325659850649
