1040585
0.3475758804421918
0.7079851884502677
0.8391305757206936
0.5088869650785112
0.21039795810806872
0.764159653348113
0.835982912175775
0.15090144182129517
0.5918587015420838
0.8253636027671087
0.1361317531667703
0.8857630529353103
0.8886738794964467
0.4102953052905224
0.7630772313316717
0.029497925161970362
0.2871554890978477
0.067467316572285
0.5605346300580202
0.12112064887245044
0.9469779227913558
0.7995133250112201
0.15782102886047789
0.3655803585849178
0.639733241949252
0.5006109465019091
0.8890698678469117
0.027948120955596845
0.4460660487408944
0.5081251161860656
0.11039555694638958
0.3648139855922129
0.1161543935476882
0.97211598397729
0.12573234050080173
0.6720255764440202
0.48053062314194517
0.38014390438937196
0.9799223516221814
0.5523143675893635
0.8617118165767481
0.23984379938701184
0.7067304912503364
0.5620199178010316
0.7818363322788136
0.6180296006214241
0.22981410787218126
0.9830364078273377
0.38747979420373213
0.9626290883022114
0.0062779802393795325
0.5842695944643337
0.9200499065505943
0.39253783900420336
0.6752961663600331
0.8863066751826622
0.24863663828371296
0.4305209157272961
0.4283839041011529
0.6236657714508883
0.951920072079012
0.9755791916702126
0.5532545444912885
0.8109048938960653
0.6867158455571238
0.16373678957893711
0.6197977231989488
0.062035849834647716
0.6129636620754538
0.6499948954201318
0.07456689528099203
0.5871009310514309
0.4584415094153965
0.7592365096136453
0.5892653936229366
0.5954356354886531
0.40121458343042293
0.9001553539445232
0.36907264711126764
0.6720538706218544
0.3238045429994926
0.6138219009996001
0.7682525491087813
0.061756560516428305
0.15029130953381065
0.6372876235254422
0.9833385811892027
0.6949787980594108
0.9160359005924306
0.40266866466297835
0.2982913864317861
0.22005393338920565
0.9394398257572134
0.463438168364917
0.3413759582290026
0.2684882493338756
0.9661328836840751
0.4421965355608376
0.08010737511376143
0.6730028382807465
0.4382075719468218
0.2279770711044108
0.8284656970378743
0.3825139707487496
0.1045951731547059
0.31618419707764034
0.36968175209233667
0.3738874733517832
0.033405256204045775
0.38055009644093785
0.4082476047709027
0.9472156230648626
0.7130262939760232
0.39403492663063644
0.9564066001927493
0.4095307645426792
0.3360123897762056
0.874384636941757
0.9332300497756673
0.30128245623951777
0.5482572060301731
0.12009954734105799
0.2084882996884755
5.697987571742225E-4
0.9156828734420704
0.6238560507220193
0.5588764120679929
0.7520344467504215
0.1116481968320231
0.20296254909763745
0.5207557420088056
0.9104839502487161
0.3605071334150848
0.7702203083285867
0.9214241584671963
0.4637288567571334
0.9862250619501189
0.08359805072694981
0.9500296983767534
0.7047816240718551
0.009686608157843835
0.2594196447589139
0.9895934064234447
0.2604787145198618
0.6143060841876775
0.3113014740476705
0.07320935245579441
0.5517519763201415
0.956777195889366
0.4858670072983391
0.7503406522022358
0.1601892274824056
0.23827608789168953
0.7063034450610576
0.3532324717452088
0.5061877361786792
0.17115787396065618
0.0061158535436436345
0.13881429649061527
0.7059187540989362
0.9771635206579449
0.4379720091215863
0.5480652491542645
0.4674854820621941
0.8353805112842416
0.5763213659677098
0.872668052872075
0.4110699807329715
0.26167720387850024
0.3975095337790143
0.9478783416490824
0.2535298023405753
0.2460574500716226
0.01739964484371692
0.10088841774933233
0.8848183394901685
0.10035863734417916
0.49405049789451405
0.47556496603906306
0.4817671490303649
0.87594273650329
0.6617905808052559
0.02729278635083099
0.45418306744412684
0.8995064322933972
0.7530662799518295
0.9357577799623945
0.19887592671286125
