559683
0.44486358403582926
0.3857312445322837
0.9188538644089446
0.34914796546857285
0.8095287804716446
0.34598350924454346
0.9475003559834566
0.45043919875202076
0.0971582395434093
0.48094560659800756
0.15900744443346082
0.7672374284984679
0.8203806155493059
0.9299219363982203
0.345729805498286
0.23202586016882476
0.03327629210579164
0.8696571790974611
0.2560988608921999
0.3839544999596066
0.078741352110407
0.9264581559405105
0.0867266211312403
0.5130869349167786
0.19319787031163915
0.4168305485550535
0.9671252602775714
0.12548678295957227
0.14958958288848734
0.6183215918634001
0.9426880931533483
0.27507297357508254
0.8393280137584196
0.3435480862580501
0.9469293207458888
0.2700869386278699
0.19483107394760235
0.19292869891107933
0.5205814952653539
0.7551787994222053
0.13652235914388067
0.9954283792079713
0.5830009091077336
0.19453347753823513
0.2916362671213031
0.11166190229632422
0.3904332686160733
0.3371222122057528
0.07690038937748722
0.46999227295609813
0.9260428835508949
0.3320785522491989
0.363143338834953
0.4337994148433786
0.3582106154659074
0.7803623089754949
0.3471025276678281
0.8568828832505531
0.876457418115466
0.15828873256738685
0.444183389702677
0.9740020742806202
0.16845145569464814
0.7291643367692469
0.9856474218719325
0.09484595204888624
0.0369088561369485
0.27118515119466824
0.2546838363760483
0.42226373456177235
0.17179929912445346
0.6929166396609223
0.928045395588699
0.699376733460281
0.8911195208310119
0.8820891429246637
0.30340615535270976
0.8052310931686197
0.742599098615836
0.9391065330040654
0.7873247614596628
0.8649394647963422
0.21905470630259205
0.2835797426979867
0.9946745196086152
0.9177995702303798
0.481710391038381
0.9903611069644357
0.4676266974878249
0.6956660180765166
0.9086530759873034
0.11096929234159658
0.46075129149757355
0.6038912033690744
0.4896940220420404
0.6669590396663129
0.45852538928834885
0.5684397797165246
0.5742586694561063
0.46370327543247924
0.09251575631958497
0.015320943138052323
0.24552854566387627
0.8662201596535744
0.9077295339626187
0.8822708843592783
0.6419108861522348
0.2030908014743864
0.9911023952777831
0.2276576482391366
0.8760127809606183
0.5201782940978283
0.8198213348147597
0.6978693944690469
0.811648594837263
0.9927718066737854
0.8131547171470207
0.8419858599117429
0.8510105943501672
0.42294449263194345
0.9786894327794028
0.021322395186153087
0.05698467026008902
0.8983274446578154
0.7323513571558451
0.4514747068335053
0.38969420358789175
0.8691661110871952
0.44131189632921397
0.7357813203914771
0.5717071281774563
0.6124397269698213
0.4898600228206482
0.10166035520188355
0.11294228812769092
0.29498847993391863
0.700545544367615
0.43506581475418216
0.3241632868996632
0.622006700420744
0.7563762560040566
0.12334784124622666
0.7270491645407634
0.36292527500323957
0.8645779101397327
0.6630903657555489
0.12918299983020964
0.8836194819022632
0.27840265799157027
0.9670389467089276
0.773901170181027
0.18204372669390678
0.45069805361177795
0.3130199434071079
0.3977972903154813
0.8238073706847433
0.5314253158905212
0.9177922302166257
0.7327767000346435
0.6048712099248906
0.6410423887908582
0.19006078479841093
0.9749087536481901
0.7304572470471685
0.8526432038052273
0.8194212119784161
0.008925868579238272
0.7924290306628056
0.09797197930458723
0.9917928368641102
0.7250696626598983
0.8518135592185084
0.27590725983950914
0.18693750273486054
0.5940863235466575
0.4888001226481751
0.6867373271514633
0.20994989764814154
0.7765245366271144
0.7694651298294382
0.541525098644964
0.3361445838221142
