774122
0.16304368038562522
0.36044384116002937
0.88762775776412
0.9429531387158053
0.6812086294934426
0.22655655697428567
0.34224931935274017
0.724683335073151
0.6928963493890513
0.8304238193167309
0.41131113371735695
0.8450179057170129
0.8026630085574178
0.8829135226315338
0.723560752450157
0.5347167318709061
0.8808990141281068
0.6893775628244904
0.5883125875469382
0.7251268942929029
0.8373307685088442
0.7197227736798818
0.9221941055346314
0.014833847521495414
0.4340514890820518
0.5228584746760173
0.9394354693859109
0.4787512675930503
0.1976816199401602
0.8217328974641925
0.1111037647332066
0.2149440384887017
0.3896738076535381
0.5636467812635313
0.9387226779239797
0.2285795742851391
0.4244414523545724
0.42025991305402954
0.15900736627489898
0.23775524832206762
0.08690376410485257
0.7326821776758937
0.09898315465310481
0.25255070529323964
0.39420442511859344
0.1792675175786329
0.034546277790297286
0.32650524887231835
0.9707750680199797
0.507205979322395
0.5705630038515819
0.708822773334271
0.3615786948045847
0.5137350883656309
0.25689389172961863
0.7359572647266138
0.79528228288676
0.08876896311900617
0.882267422008074
0.19283440116829675
0.5272720641389406
0.5379695142232371
0.14671783450695752
0.546815820441415
0.041838679415234226
0.5937611895063296
0.7033398029262982
0.4116142674536625
0.07352382659567736
0.49151699253561754
0.8814025116281322
0.833719384032933
0.6195336892765145
0.23912001088680201
0.7554042692670644
0.5104957761022366
0.8582891142028034
0.7403314690082041
0.6084380998604458
0.8469658921721076
0.16359569499749815
0.7458726993114125
0.25327772109688274
0.8373925862670534
0.20958189594136456
0.700855283037934
0.1208823247453803
0.11812730586098863
0.4984667150358961
0.43316954882620395
0.5035578682666784
0.1797913845698783
0.5113828374469942
0.2846690159201565
0.8488012611724091
0.649709811028689
0.08189515935514691
0.7254642056837834
0.5398933446404092
0.7596182849015105
0.5225185344723096
0.7113662166258967
0.17059529414927266
0.5990154924488181
0.49645295375336784
0.04549699987372546
0.923842184732609
0.5211350362366632
0.6199179955438586
0.7873095180734783
0.29811672335606176
0.11636195385553227
0.3048830369025588
0.3157379492207065
0.09022496194033092
0.4970211481247565
0.4076529533271831
0.9979244370263828
0.23948500705741982
0.24781613734320518
0.8356840126399511
0.5409453808676077
0.865878816774446
0.28779834526646164
0.3831680365958948
0.011186960759418385
0.5935060619049856
0.06259856905769523
0.7153374175753323
0.19449640180816963
0.040718517813580934
0.9397537365088118
0.6021071811526562
0.4399611614710075
0.1796017855677412
0.4153141874066659
0.21358479633817185
0.3811459455973989
0.12001108925945525
0.7565173720612418
0.5331424382578297
0.9608432768597955
0.7571561367659991
0.003166167061448455
0.718159947670832
0.9988699041979918
0.6367698423430954
0.8294512820705272
0.5442115961665924
0.13716837118351954
0.33818393219611276
0.6283088279226814
0.905383168613238
0.37244919875084526
0.6531744860217188
0.3220054989936313
0.7115704380541527
0.5438357544480167
0.8472285980640977
0.8254959752669875
0.42302355288928883
0.08145078251566018
0.3299231765675059
0.7931977173221745
0.8930666852292147
0.04160959441928003
0.13239529648556758
0.2651809912149221
0.15183562684799834
0.9552619007784826
0.6924231591363136
0.09537274129804907
0.25704081561597947
0.29855078734772933
0.5814254484033354
0.5922246884613286
0.36217643122371224
0.4578336531262548
0.9727258534669657
0.631397949490798
0.7082611118786315
0.9062365742516701
0.8467190658295034
0.6103673730682018
0.3321095481352282
0.9347905777659911
0.15611289523814154
0.006451083338472663
0.9022981515203395
0.6884238568904003
0.4332110715255838
0.9726214625373238
0.24340215923642272
0.4455618637043963
0.6112393503119508
0.3595564767638808
0.7897459219673708
0.04981255871290491
0.153007847564122
0.7877404577622621
0.42182140347021335
0.1531911414335404
0.9327401738069582
0.9100262202324535
0.8816950784441483
0.462565648014272
0.7006903324463934
0.8029211738705363
0.238136261899492
0.4944803759820202
0.37520646650587275
0.5039621751979673
