1015733
0.6778650731644353
0.4382414160771304
0.8531899007690678
0.07289487209335332
0.23623140943020993
0.6031248353289633
0.5074374738807964
0.19597547386338
0.9488010983275713
0.5827947392889509
0.04814309924524829
0.27556393690339587
0.30473886601948075
0.7084947399966918
0.9658748131860208
0.1512793978512761
0.8135422510699765
0.5823034470037335
0.34463177854658844
0.08434013543883512
0.9585942969658136
0.4827203507525645
0.436125000561136
0.40331205464434283
0.8041672875439445
0.21707605475234515
0.020214761827117234
0.25734084268373203
0.04692360860982714
0.5587363759072962
0.2414766220334117
0.25204521477694863
0.3586238303815559
0.751797051625257
0.30815703060192867
0.3535994258851898
0.4536664729757218
0.6919422241722745
0.16731845133020973
0.33813534865863737
0.4332476276837306
0.29936605358600743
0.02876329154768864
0.2364459556105869
0.6073429268707575
0.28813412612420375
0.40036462742239043
0.6780730993507378
0.176378122673025
0.00608700408856111
0.11872133120340544
0.7742147423990552
0.8663692393887616
0.2703655384808892
0.7115932170612176
0.19548777406928586
0.8544762392461935
0.1558638306144381
0.312362357414546
0.39843457583788955
0.096329439204074
0.5073920554021654
0.26180438698842723
0.5337626064477207
0.4721510076435723
0.5410586118429117
0.4787436972460396
0.4296583065790872
0.005608494436275757
0.27635684613901
0.658704622840678
0.18511758839938952
0.7775010919334966
0.697668626817248
0.36846075963460867
0.3310877151819258
0.05579372273662564
0.48237343184071635
0.1444227351403098
0.2213155416569349
0.5941775678573257
0.8524784674801535
0.7740941316948691
0.3001501369334256
0.013250461629452537
0.6076612620496189
0.042364648187169895
0.1611481905756963
0.6715739456780649
0.6798435486885045
0.35819814325493204
0.8581828982913149
0.45827822658214046
0.6128910899577612
0.8423124961765995
0.7598581968508449
0.49455019636008823
0.21576117472877843
0.6527373422306572
0.34838199684843896
0.8182538264212093
0.26339588262648195
0.5526747466868562
0.7556534632499647
0.7440963808421811
0.526885533696166
0.9838768205335161
0.5021711326172981
0.74116744750129
0.6029038554613761
0.19879347935809322
0.8584699873857652
0.3503427822924373
0.9821425775931105
0.3260328256706376
0.48414745547842786
0.8759580644857909
0.5474495236058
0.596214936409143
0.5161395204765757
0.3293222677671013
0.22460155439102014
0.33909000751392404
0.07576014404188869
0.3760544648175326
0.8221194415017617
0.7778298080903545
0.24311821526175748
0.8448913693799555
0.1912589189429037
0.09269119150442762
0.907878277623125
0.6925279839678281
0.713288500929626
0.7037892281576975
0.5469326148772318
0.18721642980253306
0.7783911431215166
0.23150631834152058
0.9024039154167858
0.4732635291149321
0.3590033917202501
0.13310323303902816
0.7374991445065182
0.6092307583093745
1.326363585052448E-4
0.5853866425887214
0.33308707553776484
0.6345546083607211
0.5501689538899458
0.7858271307865073
0.1544733756560961
0.21246944766241005
0.7379350510899766
0.4783103161556529
0.16569843115550387
0.9215291592033682
0.2651944053714963
0.17474300287264177
0.5977853515303515
0.3236876266853349
0.4285640725252722
0.24002582906760206
0.5877162152251431
0.5238121988486781
0.4107550474317532
0.7354416284617493
0.996517176299698
0.05366888077844534
0.28829024291585703
0.6742994558339012
0.8876836353292986
0.5628312779645608
0.4913259029578193
0.13371185304863975
0.6012792088911987
0.9796297418846704
0.9209296291684577
0.48767287435279527
0.09439283564863576
0.5171716321792406
0.18014382102491733
0.8791431902852147
0.23524087783076197
0.1426266448811444
0.4073911298485199
0.9326373515331735
0.036051774630244116
0.9023865882445833
0.014253750419309319
0.6238481200932315
0.388972778141204
0.8013715722820183
0.22438608885708966
0.16913069982373552
0.7295903161423026
0.7716699478017847
0.6862959912008496
0.7752101922589011
0.19425579115376912
0.6338626277646614
0.589957019277767
0.09826315296080756
0.26026176112301025
0.8537964197608657
0.6556902685395684
0.3015643613546627
0.5620138807868195
0.32823588706482565
0.08348121643554784
0.6721785662910578
0.5616959163465942
0.3947362356353493
