1128655
0.05187313243706182
0.859715565326255
0.019526761634702683
0.7542445804884041
0.6378058624985246
0.9339571272332272
0.7565601135788861
0.019350592538269318
0.0922446542269576
0.6232020406456553
0.032078339911867815
0.1567719630359402
0.25117063263226025
0.29146578006945023
0.9679845365155983
0.17957361859663368
0.48748107992742473
0.4402095130278737
0.8441977111911052
0.06278429146596742
0.01657420387213171
0.7790626921913131
0.7619077546857314
0.0054876619526822434
0.5568693144824477
0.20004246603953135
0.1256485489257564
0.8431297353021119
0.3162408331856478
0.3110619287383187
0.6304989930765968
0.6256976800654501
0.02631963619451294
0.5370587979605653
0.9573232877151582
0.12058997638616886
0.278843368637135
0.18086462550100668
0.17681340174133542
0.2734113591176218
0.7317128506615552
0.2509741213810506
0.9421983897885834
0.4655903314326605
0.8471386440599612
0.3096630132909097
0.9108363102530337
0.7446309712091853
0.7002383654771984
0.07244197864157953
0.4765068229954612
0.07097489141676916
0.05367201602945881
0.998623337780436
0.8170730665424434
0.024863278767907726
0.3323789554228823
0.6528160860381595
0.46628418033817065
0.3472528475272795
0.3522067476725603
0.18845406526776165
0.10384037792818179
0.15075387383774974
0.6571989303789098
0.9070010661645833
0.024444487378802005
0.6297222516472623
0.10253484164511473
0.4802656493378217
0.7944157017223547
0.6230518965967922
0.8835917364533243
0.08829775896148795
0.9335420605009569
0.43887741834703853
0.5563254961994739
0.42162795830183963
0.07020072988034842
0.9373117070303076
0.7201432927737229
0.22414939948170898
0.909375752930624
0.9855063430120261
0.9416674364960315
0.8117317501451944
0.5260552990108963
0.04873764037506434
0.18626725090310436
0.7916949243044948
0.9505915417152673
0.8618843505405868
0.49396112371794787
0.029560406624772773
0.7479578968750366
0.8375779955774011
0.8872685165777612
0.7620357318610919
0.30944009803896966
0.11046998415602827
0.5308176529362906
0.6389782163880567
0.8731491339429682
0.8914745587445151
0.9759912877835415
0.392121912735107
0.8688452717210263
0.11150981815445704
0.9186199325028884
0.7746413218975499
0.04291449269845515
0.1711740865029826
0.2737076582958453
0.39316458067396165
0.9609399013078326
0.9809580625716028
0.5284029931710329
0.06263765728569204
0.9081622091697235
0.37600779047363464
0.2729034355804528
0.3544801043080068
0.9122251711781036
0.42011745732579786
0.5287090718753903
0.07976231229883313
0.5979530985654011
0.07554501680880787
0.9946168869044232
0.5516728926653538
0.8505096812021115
0.20840752498590853
0.6130743705253205
0.6053341800688382
0.8111380677357375
0.9238277058934763
0.9229872786209979
0.5180626909411853
0.5587846813429739
0.7806665381603674
0.5098032017981924
0.16946052503656905
0.9412599847766193
0.5225914908801591
0.4896688703236832
0.008262853345084142
0.4111914951796518
0.580393471821783
0.3716860423072803
0.6516554405245263
0.3948757751564912
0.749879997807366
0.8307670276677703
0.2328156314415324
0.6762374431786556
0.13033609539759938
0.8933177192208949
0.9337186609195404
0.5134552880238279
0.6204583177301854
0.7889525104352378
0.49279099696118167
0.722416669673729
0.011831541996504269
0.2536718558265587
0.860780765018023
0.7590131224502303
0.9944321912610363
0.38341023456284784
0.5932548959370154
0.9113919385113515
0.19430554685396484
0.23158806288720102
0.014421272747569547
0.07362941337441098
0.7004789132020892
0.22027879567737774
0.6645136096051983
0.21389368956261767
0.4063365955090419
0.09182774051286402
0.05176560476219816
0.5730162363887171
0.890096341205187
0.5662368665932834
0.27003999226486175
0.8334926818296571
0.4896914047638561
0.08935528286869576
0.6144673549709534
0.9842855640782319
0.6892762024052853
0.05789295748241341
0.9299883136906856
0.3734024184896031
0.9277375820570902
0.6895003492770477
0.06148215097096299
0.48807520208610344
0.4640079553033728
0.2696345543135218
0.43920363275471697
0.3314675529444061
0.9896402960848315
0.8516579418803887
0.5295390979592598
0.8751887791761752
