1113687
0.266019587109406
0.6125929380066829
0.6086319604647098
0.9584945829782076
0.18174866273910628
0.9741821396873667
0.07521637166710105
0.1779062120159839
0.27516125364393085
0.287380154385774
0.3090377574736145
0.7650812183550859
0.9475783141189631
0.34813013231118306
0.9025269633416777
0.18612087541339217
0.3048384474827305
0.2632539828887116
0.9459346442878906
0.21210033407811757
0.8077966369954185
0.2175124702778357
0.9299210603625581
0.5084596379596036
0.6869005641902683
0.5063675305808004
0.7446358021740483
0.3699950958082423
0.3816164108776424
0.7937058995419145
0.20061096866021255
0.08854198636124255
0.10239151507336308
0.9297595453000396
0.4743302037614108
0.582041311224906
0.9810045928320186
0.8216851664740826
0.8901253063931232
0.3365347038880536
0.17456809983867183
0.787741560389685
0.4900910991864392
0.4167333479578107
0.7191121952682947
0.5457298107806383
0.9149982185886297
0.2861580952509052
0.8905929142452876
0.48733850873929574
0.2217227105120989
0.44444978363045484
0.32433172817297384
0.17226228046522762
0.3965002155441497
0.4373001562814244
0.16830779670867269
0.0394384790053075
0.4883517167297995
0.6235552106011785
0.10138805514661597
0.17747376627271294
0.48331674977237105
0.1943949265971081
0.1344940599560095
0.6223085274038439
0.26766942992332343
0.33109411507323816
0.7308695892106173
0.05739385875726877
0.2870807841097658
0.06072123735872448
0.9310257128548676
0.9801322850020334
0.7987313566609863
0.3232335586334306
0.8486052828593639
0.368060149743228
0.934665577530736
0.9987781146555887
0.11532210477978355
0.6292257598104822
0.1472198440297645
0.16061036582395105
0.5962943904773912
0.15344439541081079
0.9911440679466064
0.6168930282737876
0.9715062199903934
0.0945876920013593
0.6120766459386684
0.8837396724668771
0.5847946736642847
0.10879113180726141
0.7573209369707466
0.09221949225209469
0.29867448069100977
0.6494406752902302
0.6024110867533516
0.9736403818837716
0.9614757221131471
0.07702520355333287
0.19574363907148784
0.9902798419022031
0.49268496424811503
0.2804190377276463
0.863590605735172
0.8828344209826967
0.5230433064545287
0.7258843126124805
0.48909884517256674
0.39120983525904907
0.9878697069711512
0.8510602984356533
0.18141950090772585
0.6718758127417118
0.06524136865641994
0.5034330851456089
0.4849002180443135
0.9828610750012036
0.37507767955811033
0.6862556347416825
0.9433123801525892
0.5365654810350889
0.41083749933697666
0.21961450254841186
0.5303739918970553
0.03091765293795068
0.7624545014920769
0.050316571125758824
0.1853685181368988
0.26100869095040824
0.8072985001299987
0.8514953958598254
0.451448638598405
0.38618315466405795
0.19536538263267944
0.24131324247710473
0.004253231993732176
0.8816708542782544
0.6355620965266675
0.4198618570892154
0.6797546682428106
0.9391943296213102
0.20186712832060472
0.2743410630964609
0.46279279473288826
0.097588074331452
0.6213110491562769
0.03482118469443218
0.7815410178583883
0.18231776533348854
0.7801359272071301
0.3763718766465217
0.3681887981373507
0.21188883777839584
0.9901560344032653
0.4580662540112562
0.8924141281334793
0.7894855357777388
0.39425689968785693
0.7653458000886184
0.5517585362770994
0.6397829519759339
0.25813337095993205
0.7794587734041764
0.8118061395962141
0.3737264532316559
0.7947816120625412
0.436159933665593
0.5291075076600663
0.2681739641230013
0.5989240451685316
0.05558778632560146
0.7610781367661662
0.8326488265038003
0.7304600930937498
0.9262105001462864
0.6696401526664875
0.20205148109543203
0.9792001043015467
0.007959321259901175
0.05916516228402413
0.942031243128266
0.8675532079089483
0.28314429481893855
