854063
0.25431539367302136
0.6828193655128253
0.5035047290728046
0.12847375090505464
0.21966874327385177
0.10767747959669272
0.483132007875136
0.707475912591378
0.05055302745766255
0.21371638336008458
0.660072330199719
0.7898469488328168
0.22330356998747358
0.4356917517345351
0.7487700976551505
0.592726983862585
0.283197082806405
0.1774852861650874
0.4089947642424838
0.2086316187156657
0.9696043446570413
0.5313307445711114
0.6710352580951452
0.9357435353462191
0.13044276660738574
0.4814466720871057
0.30413999118876034
0.35849487691086035
0.1617992394396417
0.6865884177434043
0.005186746131973341
0.339847938478693
0.12363292508895429
0.015133988897045758
0.09022948507652084
0.18140845603929323
0.1287559888305806
0.36667007793720185
0.7084843539077897
0.08348149453715781
0.07983042742055668
0.9556455985210319
0.46648050405675345
0.6944078562186243
0.3379070330774633
0.15551190067006704
0.7495154769172483
0.9769940371435964
0.4460726143997178
0.20587070571265953
0.9582195982439162
0.8395764614110939
0.6030599242362203
0.570501893730822
0.33994662355189786
0.9802367130390981
0.18421422689459355
0.5007447799527983
0.08787360331687588
0.1749110444030496
0.24099928474132903
0.4065589986700978
0.9051053550968301
0.8036143292550907
0.5752648599078259
0.9666911166800776
0.2867442225467388
0.75372489394342
0.6807863885703478
0.5197263003048939
0.35979917050057053
0.9652533009057352
0.5721273494805938
0.16940471084331976
0.23897261657766244
0.790244801293658
0.2796628858430128
0.21043451164047544
0.5057773771273305
0.02694165478348387
0.5796433394682678
0.93513467909712
0.5991001855934407
0.9590580875623205
0.34946465897862744
0.6165923672742264
0.617242290449256
0.9814972198395532
0.7908520852292746
0.48062139618125677
0.274631732227954
0.4260660059343543
0.6474523536037351
0.7766596083970467
0.5308159752511475
0.014220347972606184
0.4583690169300604
0.6368446935638428
0.7150074655237599
0.9585997970258059
0.8354643711681313
0.2728594532272334
0.8063689681628314
0.11108722915216773
0.729790156760662
0.20173933804296307
0.8983896990207862
0.7123555005060239
0.6612992613419748
0.61468619873953
0.7751167396062432
0.2363403156634225
0.9260285774876497
0.7070341309361288
0.9576710236543704
0.5428039129767802
0.8662330105794124
0.7728647506667378
0.5413908341613018
0.05213195675282156
0.39148936171739757
0.13437067418894155
0.6371097116870583
0.9387318474044452
0.07257800845928497
0.5239177946917969
0.2544902760742822
0.40287733377805357
0.2949891524388992
0.36585819618636073
0.020998841780763278
0.9255711213475445
0.15518979168535574
0.5154973238513453
0.21702008205521695
0.03697341553999611
0.010326448745278993
0.4042206996648038
0.2257755198318866
0.5361712132089961
0.8508276395514724
0.21263648093782317
0.64612253514326
0.2885395545136257
0.9554093258990844
0.6476926382439597
0.9969760821789749
0.6966721851187079
0.6092756497453282
0.1350780956450034
0.1540079947313181
0.6918365703153707
0.018846174846966268
0.7548194212294475
0.4024438867735112
0.6251337148182873
0.9401300628224263
0.045836106212015615
0.2641911722003639
0.7510202465976924
0.9529063862179888
0.8843187818418454
0.06319573538560885
0.09057711082502629
0.7591595610814621
0.0011462676624841572
0.5298393119786118
0.3378853351997372
0.3617567154722108
0.34515964379935127
0.613353212060241
0.13009575836613996
0.48814443683259856
0.4219619415130773
0.07063830433351559
0.44025691016625723
0.16387981464952328
0.9420144394532114
0.33054528636957525
0.07169093741564803
