3929508
0.9121010801183647
0.597151972545116
0.5945832218658351
0.23368462157126135
0.6575812410800905
0.5512410748189247
0.1281883400171807
0.960488870106811
0.04779792674781347
0.27855620164438
0.22109941777243858
0.6990965352963998
0.5684909740209647
0.7125512919144822
0.3510498088774807
0.7359953949601258
0.5274691751426396
0.2780551509161817
0.6719003723732838
0.25906883140686165
0.7079658315366059
0.27152079673420293
0.06550182999421961
0.7580445498828866
0.2516325395157598
0.22681027199645332
0.6459886420360836
0.1553671308533765
0.12129912406168364
0.3580984620629708
0.7858711228742185
0.5290971261041905
0.3149172063200282
0.9068306306642436
0.4452061938516443
0.5404164756517397
0.8546435122807978
0.23626989150304745
0.828291248731028
0.7105456463647447
0.4588083434439738
0.8150227837548212
0.16674014491725608
0.5053554416958073
0.7195536516326526
0.8100323186421385
0.7334634993664979
0.7806819859875493
0.5552142918393305
0.8698795501154245
0.028990509956091537
0.5173311336839006
0.6840546581285495
0.8208365077144977
0.449732894620994
0.9319837101692029
0.8747628710136339
0.4209642900418258
0.6472058643712802
0.9886911001081099
0.7691426276154437
0.021652503023878
0.2178852197053196
0.0553756515917051
0.14373281631394486
0.9713469686324542
0.32529338490158544
0.9507285229056643
0.5796236380542004
0.8628149009306937
0.3490716036968131
0.9091227346392841
0.6435268315890393
0.2731478649896051
0.6802094506488319
0.05463683148057008
0.8481973849869112
0.4748043054076878
0.3372667269748716
0.8200104436602486
0.8565922826067043
0.7063457167945436
0.1653371101818194
0.37232999883713236
0.6216915891912629
0.9831209911437561
0.997666957712695
0.514469142724069
0.4126959775605783
0.10100611003196203
0.30925648572816267
0.7197850048096918
0.9683536619719432
0.44040715952874177
0.5724348404766281
0.9272984282468523
0.33945924630768753
0.4130865830156365
0.736314666027948
0.4755621802378077
0.3351056255260487
0.9109739828622044
0.9951956931575126
0.0856479976068939
0.8710593399880255
0.9139745748657069
0.2854009427938158
0.11716040135895633
0.9336687514807358
0.49288956134865636
0.7556932940789689
0.41591082024270365
0.3190037575480984
0.8039146652376832
0.7933341584181927
0.9478627812127527
0.7844641162057532
0.3127843533007204
0.05601022924250654
0.07118548923595669
0.7588835580726842
0.40948106409024987
0.35926784850892834
0.7367293132387007
0.29719505171136396
0.7785300019470242
0.19975951647593426
0.1269634728165432
0.537011825862476
0.3752519547541625
0.1565198351353555
0.24439291107360672
0.5170183389348024
0.6249480075075783
0.4056536948431553
0.7426976744055909
0.8508536973391452
0.5098415075282781
0.10823230454331223
0.8573147260359537
0.41520969754268144
0.5377043840002895
0.4868575862998896
0.6369088029445943
0.9071542284742004
0.1964462788237219
0.9932689283635991
0.8031553725678856
0.8532303668984332
0.39054668238613033
0.08753099990979374
0.47348537353065956
0.4116700722389268
0.5280618801374566
0.7987546522904784
0.6699179356715198
0.09910066759832226
0.38103952696719756
0.41796759305609876
0.006833907161224562
0.39441156514674613
0.5775263711059376
0.38566519554242396
0.20151938315965645
0.02498710725711828
0.5999547709736999
0.679736227018465
0.08353545508206595
0.624301363748634
0.4625465216904402
0.7838718925323122
0.5924462791093434
0.36490894229870907
0.8194730217511338
0.6222310537019162
0.8481647706727933
0.1171555670512644
0.1158633008871931
0.683048405969201
0.7541514138877853
0.6614707370809964
0.5353520975913053
0.9220363356114213
0.7509282767153853
0.49089420332599487
0.9207126401563601
0.9358454867112691
0.2758471949849922
0.7805270183748741
0.5482193081794876
0.32651276485021197
0.20477706902358106
0.17188665219991373
0.621738059930999
0.13974013822871123
0.052352421473236266
0.12268526105282507
0.6191432324600817
0.7530109479592777
0.9896514246536461
0.706338738936033
0.17151100623436522
0.6139652045339664
0.8016484725922266
0.9105536084807381
0.9846418784424894
