587391
0.7851187851232206
0.7515128098051663
0.6806276305873901
0.42281544851378716
0.3379259555049152
0.9448012278062663
0.18063937720397205
0.7662828018920168
0.25734859682442923
0.19381969917019937
0.004490578028149117
0.8268529656990884
0.6675094425892615
0.5709048903933337
0.35880472706952204
0.5600319864711332
0.8696706594155269
0.809103581819045
0.5609739688225907
0.5475242531955974
0.8956936234988276
0.4597041734733829
0.5481856581340249
0.7405073528485452
0.023299039944957856
0.24830127911644828
0.4770489510019178
0.6519437621074566
0.9738615743965654
0.38455083427129055
0.908480782554685
0.2652934087687677
0.31913607133070043
0.6754998230966301
0.5187998021371252
0.2873435002588197
0.9602278254379117
0.1683510080711632
0.7555158018448591
0.014473153468812727
0.4102819617139979
0.7057502368577933
0.3650911771179872
0.004521983602331581
0.011782682061676208
0.2151594692184644
0.25999020474660595
0.9505334578620324
0.15001543950384277
0.7736063983492735
0.7636207592037015
0.6379952094980862
0.9861608302846108
0.49007709926332055
0.8743123321687762
0.6338003840530264
0.22665184598771893
0.030045247155599752
0.8232632912930502
0.4030052753740099
0.9698405726825865
0.1701079354706263
0.8664290785737908
0.8785603601298465
0.7266850315047504
0.11542453800237173
0.9466125492325194
0.11954323857937965
0.2990797623445294
0.438631774316503
0.5895564135145838
0.5850236961491478
0.31761907217599394
0.40613457195157465
0.15662700314223932
0.723542414637133
0.8899949379442335
0.14614894906588993
0.366717164068213
0.03228676704245448
0.9918962302432465
0.5825998631420781
0.8212861234589587
0.47539834462822894
0.9441897346667835
0.3099530697863082
0.11899199599845489
0.16744875976332108
0.5633273910779429
0.616287253999327
0.03016283180675494
0.5259715469573286
0.3463387686608995
0.6753885162559308
0.11639017595491774
0.6760396605808463
0.35743106463538943
0.5233766826391315
0.12681895653714625
0.7502296493115067
0.3201335391405161
0.8113485242750618
0.48024613449737563
0.8689153276852556
0.7870874898897097
0.4827506012994991
0.1509295730289184
0.008684665883971765
0.1589961360249732
0.4626700821444525
0.31604818128486023
0.6707763026592667
0.7549138778706882
0.16595871891199832
0.19404258940043118
0.24678221684018498
0.09796751330796882
0.13208240914213387
0.6056056082850492
0.24546627303618207
0.07376696675943673
0.37681393998672474
0.9228799420124568
0.09239838804312828
0.6431761234952333
0.11436461436400014
0.2374603907824573
0.043206623431583324
0.34677946855645125
0.34827589725087515
0.7740864112370275
0.8616009311575646
0.9252935168388811
0.45536916619879464
0.804449833799677
0.3049232184375702
0.9983363647121509
0.2942784941073867
0.5743325187278909
0.13283086722849002
0.8933829614787198
0.5585673593985989
0.04732621724798447
0.3088217728100332
0.3973973098584973
0.06415734026358522
0.5896777029325668
0.29966063506007545
0.4155473380411864
0.4117729853323816
0.07333992898258546
0.8943680489954507
0.2645716747264931
0.9973337126631353
0.25809988390431593
0.7622852274699098
0.6027825957741892
0.6567004743400953
0.7286922955410131
0.048828932053893714
0.8043520627050658
0.32591090271949597
0.10909797923246212
0.6679025238000655
0.9224432100330371
0.9740137530277803
0.7537640856498897
0.5915309722020174
0.2539129130825183
0.7228396788417218
0.6242731319720917
0.36013889668134946
0.9177253395998702
0.506522107772906
0.6000262613570116
0.2409923481751769
0.7898803010975393
0.8433085836897825
0.0427955178653755
0.9476767112141946
0.5995747271488023
0.29317921532402236
0.037539153039649054
0.6000846553679284
0.9844790337508891
