644554
0.9570158324031429
0.36566242568031304
0.6522394443852659
0.8274247805688667
0.9365417286214986
0.9319461935617623
0.8443807178212154
0.2524636208913339
0.01897853869035715
0.06265414268301461
0.8460911993454289
0.24517184120407265
0.9763434222612303
0.8198685442932199
0.14884467155330705
0.9802390491635916
0.7765359977705173
0.23589397236867415
0.9392065286326677
0.5887930841732465
0.6918415464984125
0.161606845121266
0.1380206598638204
0.2785778414743112
0.7602030138246291
0.24391828316799846
0.5262669311836722
0.43201424309347747
0.30559125265222875
0.40005633921093897
0.894876172041056
0.5503394711248828
0.25602948685769533
0.04016323562920798
0.45364021288915846
0.6864323883030065
0.81130443333475
0.20474170150223447
0.31345661197113817
0.3145985313107128
0.6071228054231237
0.7297742432545699
0.7164991723941927
0.42250092855563615
0.8984494736642415
0.5298776205350378
0.8305068971111922
0.9785878706967925
0.4419887311190176
0.09864434510500109
0.3462354368201337
0.8277824750644313
0.6962478173019196
0.365361604150653
0.8212168605895617
0.4988628051965519
0.6773478204968664
0.11858785082550494
0.6983251847809432
0.36887601516047197
0.3097238360217738
0.30960511081501474
0.19424624944472157
0.1230929072364696
0.39308283932419497
0.6825556671729792
0.8008027080303541
0.47342480185423075
0.3704641078181724
0.34310938025486537
0.9711858607978893
0.6538873410723993
0.9269739242690467
0.07379810790561248
0.6734980648249029
0.29861084777178826
0.07474248050215992
0.4316920278990777
0.885610854840148
0.92606031249531
0.7868776547530152
0.9228819164903745
0.7781952457258953
0.402542675622621
0.4316670928463876
0.838270873673955
0.28688276407734603
0.43874256423949676
0.2280060375320595
0.6564673854442036
0.009866888858474754
0.3849422807264007
0.6940055886685546
0.2721111516010767
0.8838561408560366
0.3337454034745724
0.592962021237234
0.6917521602043626
0.8891420622084107
0.8135377118863778
0.19434482257317154
0.25444220566806763
0.11364631045965712
0.16158328955184453
0.7621874614781814
0.8804876038929901
0.8661630531172269
0.0025673378954997883
0.05924131509326713
0.3293502729062814
0.17061437296389004
0.1265616248485827
0.3124801164886176
0.9564743183218969
0.8959876304022228
0.45980248163431625
0.5240186143908157
0.9988532132766114
0.9807258242828553
0.7523354118023277
0.2312355119602688
0.9904428391636642
0.6956929800323327
0.06849398985792399
0.8208679191150546
0.5110637500445192
0.6564387831328853
0.15934556053978166
0.2840703220997163
0.1062258398647763
0.34333751901604936
0.32064960689551714
0.8629082611385042
0.8803472218065264
0.2172785296216575
0.39553890507320266
0.3834833067202853
0.962128122997162
0.12893690019106807
0.16804817484521295
0.1968622078890815
0.7683803427940298
0.6112540218144716
0.5117779897625216
0.5562100714238222
0.7514006069640088
0.8176104051213005
0.30739679088023875
0.9470037331754134
0.10501696516611081
0.32227320774415436
0.3233471832050092
0.3569279514548179
0.7257245047998369
0.7350540303403277
0.9660372795252781
0.7230341640696758
0.5778673622689375
0.09871288117276489
0.04896127810825579
0.8259671894241741
0.49561211904753555
0.3354963970917203
0.5046084010917039
0.7145427558875126
0.36949697441936613
0.5882998464175222
0.2686825457124248
0.33868478944145575
0.6116302929901548
0.16229396116864903
0.4030695953369525
0.4447078549834308
0.7711510989374396
0.9144591479997055
0.8921530664192175
0.9441572104023475
0.1803529198684135
0.3613214816398571
