1488744
0.5813780568340581
0.388964977211704
0.14541610441511765
0.6934860846765645
0.6572418537788266
0.32330259867945654
0.5255734280026529
0.9867313246534143
0.9843407128384245
0.26154691100493543
0.7158699758787003
0.1688316778278789
0.8069015073683528
0.8413331006941279
0.41172016984296333
0.24055878474782033
0.6442643443763733
0.19572047762524447
0.04157923102794803
0.6685934030540208
0.4353680651969887
0.6939237472659283
0.0032754198404761903
0.8983597203479342
0.4291316449426592
0.49578885360714386
0.5295546458078912
0.7178505715216598
0.9665147148698432
0.4302977148353063
0.09082688062841926
0.2644668114183061
0.8947658070508379
0.6546754694004473
0.10345558298870094
0.3038072878053757
0.7303439970559743
0.5282127942001753
0.8535327562249178
0.7775104530704225
0.8442262817600868
0.14370461299965076
0.9689336076904309
0.5166624106128564
0.8817891119795643
0.9994464081501075
0.4765468515139616
0.447950260997782
0.3491796723517535
0.36601726780992183
0.46692779555570785
0.5816540680629859
0.7990684987105175
0.004618946340309571
0.6552231477244572
0.5637339970032113
0.3309020217598909
0.027528504424268352
0.6750679978312463
0.5986845526591041
0.18424982206151763
0.8562616569862064
0.7712568129348776
0.10549015140528462
0.04856848886443543
0.4293326007001319
0.6673422866408731
0.5559321996853975
0.3386796695366482
0.039035592004495245
0.7759170308332345
0.56266045263832
0.09248726184715805
0.43546220235939914
0.5921846584464225
0.4338561710262471
0.3359352496008079
0.1260075546088526
0.0655287930244054
0.09197868239384266
0.7299331300243349
0.11990767614833497
0.9791395691564729
0.4660006512789443
0.06495435646211933
0.7198893895239625
0.8843591945767264
0.20970180584767106
0.701237718818462
0.3468029901331705
0.9342592969229028
0.8730046091276031
0.3659997659766936
0.798147108718435
0.04006487891098731
0.4589998325734189
0.8137921445590865
0.7876844296300439
0.13439050491955884
0.6362233700783542
0.7321142757138855
0.09088561912557469
0.9668568050230901
0.7439106784568881
0.9316186988943095
0.12972816297006073
0.7805061268028843
0.12736819077655526
0.2987228741663671
0.3704157911217293
0.4215383647453168
0.2712660940348587
0.2081674014594157
0.4788731816650095
0.920239014204027
0.6605702225671338
0.09403799137283231
0.7814098055945317
0.3475735520286908
0.2919952052442323
0.6599940380347687
0.2117356962297242
0.7997734764028526
0.28327507687053743
0.7729243382894048
0.590551168193476
0.692340966082217
0.0832115308393605
0.4289758730167148
0.7802213408632758
0.15525089076306597
0.3723740298581216
0.3068793989362679
0.9845856042666263
0.21273011938348907
0.8624901491233826
0.3307209605296364
0.22274123099208099
0.6038458791573126
0.8519785334848643
0.3527858665887532
0.7956789921078972
0.5542364358934742
0.5757409453066311
0.5368278017964462
0.3859384727462717
0.544668968191142
0.09924386919756323
0.2730923786120504
0.28298886839367
0.13871080699293636
0.7500843066641248
0.48865122094159563
0.11083108641602513
0.2296522955099316
0.8546483953095669
0.03007874435122382
0.34935532815706094
0.6459203959471147
0.8531355171801732
0.3902309460735698
0.8872776225842323
0.9145744513610068
0.7031346937467726
0.42686174500422136
0.822018039443116
0.12407655096553538
0.850104136895725
0.8780388199750064
0.7306719023687838
0.25038065261660525
0.9425187020774939
0.4177980202645226
0.6762651279380242
0.01448637610254222
0.9001144909866144
0.7152013284130866
0.2847728698982064
0.3249546439037264
0.9055731737838326
0.46094027712330665
0.3309207336720127
0.6254840510334245
0.38315366554704966
0.6078534374535606
0.40457613001496084
0.015498545398256902
0.05219173895167506
0.13520268741727304
0.39457691313262677
0.840798143477922
0.6990532021617176
0.4912799137009948
0.7231330624725868
0.561676706653283
0.39803973697359096
0.49489228320670353
0.4914766516351555
0.09751126607630567
0.5299106423716934
0.8835006180375039
0.9562240632692631
0.5196802256032399
0.09609816049698228
0.8842621942181561
0.045953800847937876
0.9187682395334281
0.5073574046901718
0.15395580522152308
0.9487919608461621
0.5073678419365186
0.23750690456350154
0.18474315645676764
0.1543366392640848
0.536389031879557
0.4760789292063694
0.8049478826659794
0.7170419566274908
