950118
0.400639945934567
0.1881135335122157
0.7175093671905561
0.9232207289563203
0.3885427921255755
0.7949937139946484
0.11349557880103334
0.9901144282032396
0.8912016578392651
0.0271339160547297
0.2740353165773741
0.903018071880282
0.5276390767980115
0.36749711131198426
0.7312572202099079
0.005236505047276241
0.5658713537681637
0.9043309485453249
0.9972992762561337
0.49568791868801765
0.22359265468670364
0.3421764109432812
0.09017885187613828
0.5602591052490958
0.917590809306203
0.3821174858863283
0.08629035084443581
0.46555644938385654
0.29761815965392013
0.6754034139537832
0.7115238475766975
0.5774854400094094
0.9482933144417557
0.07899003536789428
0.5464746460043544
0.9321306266303274
0.9717106266604508
0.997210465414541
0.7659401396400997
0.6826971155843382
0.2737858788215518
0.18069898270512852
0.4588774664690889
0.4738132994752704
0.26896851613361406
0.47185681246185585
0.4822211563103945
0.5532845025300719
0.8908019182452297
0.6355621812432147
0.49043731375907307
0.2214251488804584
0.24991507556818549
0.59449075706776
0.25241697591576384
0.039387107051980896
0.016380489220006456
0.10032762143941265
0.6182880977913527
0.07044023244790876
0.6199745913311246
0.1153145369376799
0.5309518531378575
0.3119506366617876
0.6597286338595668
0.9529918998338782
0.2906260101136564
0.39084101029684537
0.4932596999360731
0.5326576795838247
0.87540421679865
0.5416066365078167
0.8367226560785034
0.9389801971675913
0.49681683966761825
0.8634993338160095
0.3478259019765675
0.8463655469236084
0.7266055850335962
0.8622813662301856
0.5872049584216338
0.2670946562227001
0.4694004842863846
0.3219895102122763
0.4575496640507771
0.512908808001068
0.7757146388288985
0.6234396372437649
0.20523246164520148
0.2216367870871777
0.9906485952932543
0.7287397979204072
0.3357863040207748
0.7936205646311665
0.015922534713216252
0.1848704814664459
0.34243303522361224
0.6071107233638745
0.5263316837234898
0.6644284383443152
0.9759638884769577
0.9374669942248122
0.8264458689449825
0.7579202596368354
0.8946259087446473
0.5919129346741228
0.6593519906143994
0.95953070565454
0.9242693899046912
0.8897581228357762
0.6864634857443677
0.04707998338136543
0.8318627382359646
0.7674154201416505
0.5458983232259574
0.34692299815592675
0.46958351868830794
0.4682046001379184
0.36665335564654067
0.6958328838580364
0.38204506641783265
0.48884787644825345
0.366779047878354
0.2644502666856886
0.48582017197572824
0.19772703721984042
0.695985902789782
0.7906682933316213
0.22827490307897036
0.8143856192778217
0.9965897020390598
0.18636315373313617
0.7118269219894182
0.24542400987337443
0.25142979114826225
0.9271684760045774
0.6300943806372755
0.6088492211267483
0.3633710810696744
0.11253102698254414
0.5040030296993332
0.14710496788805993
0.5682266006771035
0.5920745117113988
0.628770816201544
0.6284223239223508
0.22141462734358963
0.09433703510127844
0.34679062413259953
0.2667944137983397
0.718390679051021
0.8652371162920139
0.7467834257686053
0.6527936862848785
0.3098708057813845
0.9261616451461366
0.6561959430175169
0.18061340533110992
0.35509024978687376
0.6953593143652468
0.8416679697179125
0.981129767412548
0.11981691353537227
0.38136072235480023
0.6614965805104381
0.4264448418579061
0.5705662039924511
0.253436691855754
0.02437562739207566
0.8582842725036247
0.7424408199835004
0.6216445893436088
0.40029085539214504
0.3107887008580662
0.16524455967427887
0.11780171931236183
0.802302104253896
0.6476505519130628
0.5209966153774483
0.6587641627314565
0.1120459085839518
0.7142133643221885
0.1756993064194149
0.29467817884502
0.8571435450798712
0.8170635397280422
0.47918828432551164
0.9974103732430268
0.5653004273033161
0.08680953637835231
0.7591213139102103
0.3281523272793282
0.11773535353827624
0.05415705690468786
0.7486381200625972
0.8382334814012212
0.10367856745628645
0.07505270580590329
0.7819500444387522
0.0034666569924973745
0.03803011163218084
0.07758314229856911
0.468095690214113
0.4698878913649732
