1049993
0.44587093433366476
0.47148058766404755
0.7103239639467984
0.3975427156663489
0.24037088562002318
0.9604992143795235
0.8770439135438864
0.7290094550019143
0.5247394241762079
0.42859189258082586
0.6500061756910837
0.2806391369938568
0.9342163428620976
0.03272977911746622
0.5763581701516007
0.6570309507084668
0.9007014663007846
0.12837232893849226
0.6334412977196786
0.12305117221148165
0.7704735713248054
0.6780084942803094
0.17867507166511132
0.7327422149767713
0.5345506546173251
0.3488544323700262
0.5015999965005712
0.21075810546180163
0.0415952124555421
0.5927071789707832
0.8211268362448728
0.3095012296192122
0.954869390184866
0.619117269363834
0.9782673990538281
0.6239245075825597
0.3875969854245843
0.32245794372173187
0.26309767887900026
0.13600224776917857
0.10519026286620792
0.904132408225694
0.7844314606523789
0.08216179328302187
0.4181517589614331
0.14307444138081105
0.541658422556517
0.08950734352520939
0.40606202469748587
0.010862256349063903
0.8904278904223919
0.9104563417775686
0.910916673465071
0.6021788685895726
0.40733561413744246
0.5004476248193519
0.817176845779268
0.1570171048887411
0.25349752564376804
0.6296702956601248
0.4962494174615263
0.2879406659338015
0.01287125364972519
0.6973002336065639
0.9347145637444506
0.39387718095467117
0.6384124665090796
0.9255214396503856
0.9884697066027843
0.6413333603055765
0.5776296368985103
0.6506475443193411
0.4090607293682744
0.8245857727494117
0.36882767425476404
0.9999482516436977
0.7738227472832739
0.878315713620755
3.0732326019999867E-4
0.8453247368384634
0.21805427113443765
0.8093198693270792
0.1070134727049723
0.5587664904426526
0.9153003232860366
0.33834334576087177
0.6426026316892479
0.7595619686595279
0.580921260947667
0.598744581562963
0.009625931813359911
0.9395235690644435
0.8844762055784183
0.8256173162581191
0.7565007885688558
0.5800274640671934
0.5480509539840109
0.08715721231692553
0.8571709979263183
0.1334569066386887
0.08051199305597156
0.7594757357348485
0.2778311527852544
0.031677692842740024
0.5517703390000522
0.6267279352837708
0.004818745855905027
0.7054625152403534
0.5464893914504109
0.20033449673549153
0.95875255970035
0.45132093396512607
0.453273588159146
0.09424252583060588
0.2522240123667391
0.8659800966288596
0.5432257162031418
0.06758393256981743
0.061823216853000296
0.48380053839217885
0.8708623074197527
0.651754006456828
0.9800094955924823
0.19870095739208005
0.8907282912440831
0.1158469499130419
0.08831124521776446
0.029703940512940674
0.8246533416224188
0.892549208970309
0.15056790036113354
0.7980048163006305
0.23744441771859193
0.48600549593577125
0.2634023063019716
0.3235038888199986
0.9829099235617682
0.3138364529137343
0.020839012779082844
0.820031983734509
0.6674629645818203
0.8974010770726454
0.7509602971512446
0.2710380720526908
0.045152690212058255
0.30756070741312036
0.6647181871956054
0.7012969050311096
0.30582381551906057
0.7976161082462816
0.8204976653030303
0.42523332078737475
0.047206735372273045
0.11075247323536763
0.6527524492727053
0.5487496295730477
0.8320914997828877
0.03624190651292847
0.43901140771466174
0.22898071718784174
0.6233409015243423
0.4068165510611985
0.4867804226105099
0.4551911751130806
0.06234930846088271
0.8790398024726269
0.010340881022408932
0.4040677407379982
0.5106556366326523
0.519167059420208
0.6371723646095098
0.7439490436807571
0.009769977895585868
0.4289015484887386
0.2347041800620382
0.6150740285390601
0.8308756708324999
0.3886148161403107
0.2803265115692637
0.3967195663732356
0.0839193237268484
0.7700153703997666
0.3110685936091482
0.7871364831126079
0.9347036524711415
0.7759134989123773
0.08407808576009113
0.16848264047091033
0.3389490041357819
0.40164370020729856
0.9550120805343176
0.7064904329516183
