1219938
0.8438911549112809
0.38087072117408527
0.6386770825109839
0.1433956479389934
0.9308347585075688
0.7779191226875126
0.9547315510028138
0.7826928842346257
0.5761830669007777
0.8194302228469411
0.38099125710548387
0.7355727222527189
0.19381623303710915
0.02006450635484902
0.23785448613196514
0.10143411445971184
0.8882920535899024
0.6501315878019785
0.1095903177700519
0.3886552063835842
0.9961947618465085
0.1174437995712252
0.6717099266051063
0.14684398168960455
0.22205867631682497
0.8913536801375105
0.4383677817995756
0.4780802809975788
0.2856452970947685
0.18384958888926695
0.06971523699532889
0.8221989542954249
0.8889541190129854
0.7207478907694751
0.7863567916771849
0.1699531959208801
0.9841987299888151
0.5854337886642238
0.12653483276013866
0.6479364658583597
0.7780813403170294
0.2982677365950396
0.7513958192418021
0.2404300466710676
0.643050907934934
0.00668749196781715
0.25466715000038176
0.26588256286389833
0.12283084674031985
0.9042007323666481
0.9653008304320753
0.10951692399010382
0.5173545226845252
0.7708765977078482
0.5451160523951234
0.6285990549671376
0.11134786709760358
0.8336091296912447
0.778200144133928
0.5931917895812676
0.9711502417684693
0.9813391024257827
0.32480303736222504
0.5027567687631457
0.3759663561360398
0.7385854358412736
0.3696878945587
0.12775549458215518
0.3725930718095024
0.30005053011510796
0.033376189987145866
0.16544079446592141
0.646767017358107
0.3597292397369639
0.13445281496685035
0.4703178543916776
0.8896305718760548
0.42986363440184105
0.39207277576093746
0.42229409546194274
0.10441464631172215
0.8382514440510165
0.44003828941710244
0.12932542735117136
0.8462889725221722
0.6168286899677878
0.08729083207408861
0.3264058991330635
0.21743188748554
0.05011214022255528
0.10438995077174584
0.029036918348129714
0.5497231853776261
0.7390006044154812
0.4415268208705433
0.22685072482468893
0.09906499665541246
0.6535985159041056
0.19084722612338978
0.16185262387467214
0.7481876306507615
0.7981391004001738
0.7943351270916438
0.02578477282779612
0.6688983665438479
0.7917488304627847
0.9682348620047256
0.23240411528074434
0.1300833682192879
0.880708191777231
0.5659657724103254
0.7730055228001471
0.15437366840876932
0.6410290045216602
0.13371092740414048
0.5473105096989377
0.5242384373198204
0.9045812557443647
0.22633664297537726
0.9768811388353927
0.7173700768507705
0.2476677325025911
0.6460273493004792
0.6545073242152465
0.711576972467764
0.7178578576718274
0.6419963249946116
0.260555477451349
0.24100182533594017
0.3430566418047647
0.7668592179694784
0.4860545384341338
0.008334276289829079
0.36619875725987994
0.5237341970540448
0.24233561608110976
0.5617892840519706
0.07962156404243792
0.15785934145826275
0.008329689648868932
0.030972917711871162
0.5950851111556176
0.9474934036153575
0.7691672885563469
0.6823597554405563
0.8785713302173875
0.13109410021591172
0.6335127375242187
0.30295731185582697
0.9034083081190493
0.17124345544628006
0.8821054059367794
0.749834395090637
0.8309301925024781
0.40051677580268386
0.8962684107437447
0.6135420810564344
0.7147966232338707
0.22046859551623588
0.14268514603271332
0.8350573415767821
0.34326027706127493
0.9321348889536444
0.14953273527588673
0.2887309902498394
0.4830848962848253
0.9649281173183425
0.19910030568689274
0.7978233958720448
0.9694800588214005
0.7405275793582521
0.28330977708604876
0.7845624788510939
0.798333562358126
0.6593447816006831
0.7210949877584324
0.7732605946899036
0.6201854935945589
0.7293693016613311
0.7203848742657766
0.2628782023930354
0.8098032472374113
0.17067794315104423
0.08247493689546215
0.06452366820733213
0.590879627097575
0.9236161308173036
0.19286057767075593
0.05973058369181372
0.5322911587941622
0.3646370940337744
0.4201447525014438
0.4769548233811629
0.10051732371795308
0.6910109885560134
0.053421701698589286
0.2065859134714233
0.8522355689014407
0.3740927254956051
0.9485772110254074
0.37886811898126627
0.2817711059416541
0.8005638233216925
0.1252355031324085
0.4144789927619271
0.29999455001464803
0.7220400286745731
