1336241
0.6586210228386121
0.02411361278239177
0.8144243822081483
0.4156632566090802
0.34439354614346973
0.18127580484966632
0.9047054323115201
0.5217724927910774
0.7795531291680109
0.9215774799829666
0.6432985234970194
0.36947582491579345
0.6988010553119518
0.9322002761493661
0.6981308400612523
0.22692085389998562
0.6332819016019265
0.28677442485372895
0.47211973113505123
0.32028899495882945
0.217420545727104
0.3537813977095964
0.6838980487864535
0.6540141921125013
0.7596076253097995
0.8606887858501683
0.9747320592705235
0.6344543123423004
0.013775524575382891
0.3313771317999451
0.33853745483259723
0.2502192785672196
0.4414460845990317
0.6310201570027496
0.9150631827041606
0.09458695818182694
0.6376207329027586
0.15043114432336535
0.9607267126441518
0.8289143069574081
0.008922011930398543
0.24099030579850522
0.6172484018055309
0.7806777534977258
0.23868529565453533
0.8716187353479898
0.43514669644050996
0.245753386565425
0.5512382711691165
0.12086717311506623
0.47732003399788303
0.7217741913562227
0.2963945557748734
0.04003810535942165
0.22735547651244992
0.7378779986665354
0.9152272903238777
0.6273625491562043
0.457867661188478
0.16588645461443796
0.9194774894605775
0.1386033816818587
0.6760865934921164
0.8989317560001325
0.11949075611197268
0.7260594419179532
0.7570759430431454
0.5657747831815408
0.9693654261972751
0.44579555011964134
0.8993780666864157
0.5125343914991478
0.5630339738441016
0.0020255756721883067
0.09354624779308696
0.6282744839279454
0.5112886055941005
0.20792736609029328
0.8809379653413953
0.7168718598680356
0.6573012253419619
0.03376904344731502
0.2983079983593697
0.024814775791589416
0.3469767342292651
0.28607902359999526
0.5531532545989853
0.22305802371470174
0.7605180440944739
0.41569261804816815
0.15542632075926022
0.6107877110591079
0.6328697243453384
0.687860112440178
0.943147782266575
0.5599248003761821
0.5432470160372134
0.9642027679465167
0.6826121831524841
0.25142347712964863
0.8377450532781033
0.6441546792090774
0.6982960958090586
0.5678966956288546
0.16406319652426804
0.8926297857267265
0.2932411431049843
0.6018282079804335
0.5436677093909766
0.1410054813304834
0.5575987098146664
0.6146061161352537
0.8842553271939911
0.990115097769719
0.5311870180881347
0.4388408257086509
0.8441693943668511
0.06679358657185075
0.5853257741145338
0.25490552837930214
4.5930837631935617E-4
0.08962221501384116
0.31987691716594646
0.39236479549962333
0.343562761364838
0.3848695487950371
0.2333349043683569
0.30793302730538163
0.2241299244786139
0.360227430728688
0.9169734198970005
0.17383126224176892
0.011297142826929951
0.9917926924214447
0.5484695516013817
0.5738871812473815
0.8867572258436257
0.2088464345678508
0.016090809790223704
0.6494498917225592
0.3952622701483791
0.17133432656289949
0.09144423129861878
0.6631677536160512
0.5997339444961564
0.8265534480255304
0.6869508726697584
0.3559035046463813
0.9479457013893328
0.8044016522680422
0.38362289168398445
0.6605383690964697
0.24777969907150277
0.6646487152868638
0.09538518963978382
0.30614266994631134
0.4693508094188078
0.7450380124722109
0.9480964661187771
0.5969672703385429
0.44482904434509096
0.3756308577393537
0.19458975537950718
0.18293691932541556
0.9205809051075168
0.02265624065001126
0.26146601590705976
0.9518027618835644
0.831288636368649
0.004230172004411004
0.8290381883575078
0.2678383099153314
0.11199645971933458
0.7806612122439665
0.1827378586196471
0.6579391520336225
0.8415707548968397
0.46365935740465736
0.9424601013031314
0.7032139597348407
0.019851232085917214
0.11161767686561186
0.6757365294307208
0.3326299160667604
0.8208085807695715
0.5822376111649642
0.831290429137542
0.9350036479146351
0.7353134078974943
0.19911978081623027
0.8914421270409669
0.7066037648448016
0.6196601048554609
0.2555447188239105
0.6349963944608347
0.4338587988971848
0.2997786668308525
0.426518544188107
0.9266583908701558
0.47414054338242384
0.0461064611024361
0.489260921691441
0.5046880344576887
0.042319039435456896
0.930380636647024
0.3626635009278253
0.8254173383867427
0.03676260617149085
0.8031514038387613
0.3678493303904383
0.14141873834996732
0.545682476236039
0.38960550841866237
0.7848146692649322
0.6395271445335374
0.8631981691461302
