905621
0.7913275952106025
0.23423662906508835
0.6455819353255757
0.3142264120616395
0.5029170096271
0.14888130675665712
0.6146693528873381
0.43827306739353056
0.9049165048558008
0.615648846744333
0.8688102554121195
0.1144339552345226
0.07829760776881889
0.1671434459886586
0.818451422508747
0.023386770295433346
0.700787848470294
0.6807577690799356
0.7097833702798971
0.4368836352366233
0.7316126702025484
0.40361268753422164
0.7768214079252177
0.7012292843709693
0.568764972486082
0.2632951171247413
0.04535073958521996
0.9384576209089294
0.37170369874588394
0.04718829836594807
0.9352505005320715
0.42739489236336325
0.28242223817704637
0.7372898354026587
0.23837564120195098
0.8465251100534925
0.34911646323238643
0.2727652040810703
0.011089893578404175
0.06154926198360677
0.059220909269066535
0.2790854296714316
0.41370653958889836
0.4227570755365253
0.5223711434652771
0.8504494984513352
0.5535083770254545
0.6008058952053679
0.5088895591178421
0.30129321071978654
0.9436821631903759
0.8342286163209771
0.7456797896886257
0.913038498242846
0.27741647624384635
0.08796836956784837
0.09895558348724787
0.09383788541112592
0.8345766505913712
0.02946507617530525
0.5320179353406633
0.041921033872033275
0.9877839506192057
0.9172945435465337
0.016333469913184073
0.9572516269868351
0.9553906669380554
0.46708840945483354
0.8954566184338568
0.08155431093914745
0.16075638407617976
0.5104389464805504
0.5538767747641956
0.36337305839079004
0.300395200522364
0.7947197257344156
0.6266606693003152
0.3426739794291799
0.497977467523522
0.5852296815787648
0.4007996154460165
0.9286070645613007
0.7268338143815115
0.8257945597440202
0.5054598861256139
0.10439294840948032
0.020523055407557056
0.4899361444497269
0.46587396575964035
0.23490209842007215
0.8591900553605898
0.41194693994698717
0.20439914227412515
0.5753460076970734
0.5188532461994027
0.3256834162910154
0.11230921006058459
0.7836007996468702
0.10142587744549902
0.05861855634341229
0.8871738903667454
0.7240358017755214
0.42518888937822774
0.8296702525812764
0.9332199983597891
0.617320702728187
0.9485976551544909
0.38154924239944066
0.755856950651915
0.6385370162686587
0.4247185675702476
0.24184625073903
0.4465887313539477
0.39502066710407235
0.039255770455443595
0.7518051536413127
0.0508232348953388
0.32571435950395156
0.37204238935051004
0.6277049611293458
0.3386289782960339
0.9554097537473669
0.6400342521395994
0.7270006417481064
0.2572784199891702
0.11011128142919269
0.32925896174213876
0.379848726048136
0.13445594062698119
0.653854680188402
0.5038364138659828
0.11637043765001742
0.5222978127241358
0.042665183778636484
0.7921014681381561
0.870982048318071
0.4249703462356669
0.007941870514241445
0.29302321567638845
0.7773479263992839
0.5362817850038127
0.9794056092668721
0.4205296006601603
0.4809891176636737
0.028862043730352394
0.43685080605024273
0.009010079128320525
0.4913062390793058
0.38273405819743767
0.24029145427918097
0.8401830268098206
0.4707523486536611
0.7186392420044722
0.12969438777920406
0.11967873928474115
0.5161180711789373
0.11026865711691558
0.008343849298867556
0.33110307237224035
0.4253675807298326
0.389590238174632
0.3279830832610998
0.32601030329226377
0.6631906621248571
0.030752579724208973
0.8792304311653472
0.4701287549125669
0.239412846264635
0.8005831395894528
0.5573685914604156
0.15934571880703996
0.9966320316635101
0.9974895783716814
0.22145770355754113
0.04337326122903207
0.8669263050126422
0.2656104900423458
0.5938238652993084
0.8506798890552009
0.5022049301372696
0.1673519422193821
0.25732742586320223
0.7951873085776053
0.3087501093370474
0.9249846709653058
0.1994151135848944
0.1633958389527771
0.32372462069805186
7.66101314942591E-4
0.02481362997117187
0.8300155947901546
0.5598961487536923
0.4750904140420993
0.9128224805678598
0.13084502751092653
0.41455657052342365
0.5034586663085869
0.6305159592780318
0.7335525014298122
0.48958998368831763
0.4856007505033548
0.4297655835742409
