843799
0.8901800544892036
0.7018708172789472
0.9638688509487978
0.45384622001879793
0.7296034711722795
0.8766493565738119
0.6830625621785762
0.35848992896473464
0.053846072589534
0.11130863340638442
0.6901336156596597
0.21260399567530763
0.4390580223910924
0.0728533741163071
0.8297579627100371
0.3854706625348683
0.310137190406533
0.04971820232744262
0.5005519636331567
0.05009759617376075
0.05738103820241591
0.016958637098189233
0.07674793477390096
0.13648999498535452
0.1942240358658005
0.1936153687269384
0.9714343775601606
0.05396675141861129
0.017028181188684655
0.5720185829102241
0.9200041462397192
0.2682441699800946
0.2210587877175706
0.6810256778161617
0.6962438060816455
0.866863194214398
0.4511920189025901
0.40866241403841763
0.13853569148861755
0.5756366655984423
0.821563822465609
0.0543640712141209
0.059934299842570926
0.2991454303640019
0.02528494233873113
0.9069895871251648
0.34341630084171215
0.14991354885325658
0.7735103513539607
0.5520084319957088
0.2823938477910035
0.1037438186431795
0.9525650526924974
0.799736392292499
0.01661912939751531
0.8727975027180027
0.06849332145131204
0.5962231453787968
0.7348973273404031
0.32335242980321055
0.2603114338696254
0.5293707389080307
0.1685645713723256
0.78177648258733
0.40640863508060243
0.5750891432707764
0.7834759178719679
0.870103784949769
0.6229550531212259
0.5417713124029334
0.993287920669717
0.09170358866961448
0.758839088293521
0.26609645758552336
0.6631094201861857
0.2478826816795353
0.32857132728811045
0.9891476579068238
0.15013276335737846
0.9078639845760226
0.692755343407845
0.49905554938563146
0.13664748120319914
0.5774355286976226
0.1951409323053408
0.5648569902304447
0.5508766471059355
0.9156656050667769
0.395938001031127
0.9059839379497878
0.9423660696635839
0.3344312855386289
0.5029847816921238
0.44277442752202734
0.7811949207185871
0.5821094459662779
0.595527079138108
0.8556240019393655
0.28406549270179027
0.4606303163556752
0.259779654820425
0.5438725896892757
0.5353694452683811
0.6541960376467308
0.8111052999014897
0.920248424610043
0.867616112779333
0.7583174108624376
0.3645605422484548
0.6026669683402031
0.6931480625213801
0.9894241111587684
0.6337213055789293
0.4724095650244565
0.2378581666086882
0.7281551994361454
0.4871162559676283
0.7561831955992806
0.9176611123806102
0.003537842341882036
0.9722588837809222
0.2592887876274419
0.41976171889511305
0.26061434212642154
0.729184140881151
0.6281027005085139
0.90330147362491
0.2706788394553452
0.4585589418206285
0.05230223330554673
0.11775324938489307
0.8411363833018142
0.38385047261573646
0.13074258979726439
0.6524741887095745
0.06109920750837572
0.4526998112814068
0.7196192207545623
0.9771147942885258
0.1791860018561814
0.3595626238537678
0.4575264726984295
0.41012193083607396
0.8515919218854475
0.33984286837226974
0.3192493365936626
0.6613623715353425
0.42134858595968094
0.08515933841824774
0.9886021932546688
0.13493260502573967
0.09379465818098354
0.060049028855286624
0.060354857535315
0.7495093948612405
0.3586294226922725
0.9623252921553994
0.08226270550455161
0.6361353637564414
0.775523407696887
0.06247290194946753
0.23044428737806943
0.7071217987354464
0.28811090093106095
0.681876197890874
0.9748264945765681
0.7547912767430814
0.5602922862874651
0.12534048237012252
0.4361036446808091
0.43507069088669226
0.4391237421579084
0.9702808346701031
0.26163375672913836
0.21848476405757633
0.5401753966186237
0.7331169041379088
0.7549215595570513
0.1498892767864668
0.12408876931734925
0.5828259083814673
0.681814465693077
0.04832223333482988
0.8871674122962084
0.9522702917787508
0.6462644056659499
0.5996398504979814
