738143
0.02418523584181842
0.6098305784582315
0.17948470971800523
0.6471441867225586
0.9381988556890792
0.9970381356913007
0.7185579207193582
0.8691973056758707
0.27000217282016326
0.41231620758063137
0.4640274341297458
0.9478567391325743
0.4989624026256677
0.926602294358347
0.7007312212066391
0.2788554603141654
0.2273287689758673
0.7535381616234822
0.5421140855589017
0.2507892232333174
0.40170652106573057
0.1650789533212922
0.21547988072341806
0.13016241805956175
0.14824026378269928
0.9427855669479815
0.9441230020750128
0.6289838003895037
0.6021526204638559
0.7857298447597848
0.20200397015538496
0.30289102871952445
0.09763539073595662
0.05785535309417744
0.6176111869475203
0.030323507119520032
0.3506920114758556
0.7508007521218194
0.08587742362953754
0.9570510060583739
0.8153819479645649
0.5626070318651556
0.7104954667301274
0.45540494684907196
0.22301884527401938
0.5483938346143897
0.04370518727751438
0.8438487431591561
0.4242261979260762
0.886004056571681
0.7165994255206262
0.8400617212555946
0.04535539917758957
0.9177799226598797
0.9602239559298681
0.979501122674121
0.14362305334943737
0.7790484433963446
0.7062222576538081
0.5214451909615402
0.9994258257103679
0.6045568944451818
0.9255032304574073
0.6858096081107694
0.41964252019957227
0.516014655108142
0.6143859381301127
0.4165685034088574
0.4423347839458769
0.3370604858344046
0.3699025679336837
0.25140074211294183
0.13110945168619847
0.256388974601121
0.8094167412789203
0.2922202765071059
0.22650701809792417
0.46543396414712435
0.18444155616907687
0.7175396433577107
0.7821321660473082
0.13392071866530963
0.4145176038166902
0.7551540323497081
0.5548442798652499
0.9547625188841424
0.4242384965492617
0.5424221586409743
0.8411766468536057
0.8891916908269185
0.10498729574362875
0.8414601048669104
0.656255741444491
0.6736790457718631
0.44267433417909274
0.14785256724631746
0.6368422585439436
0.11210966487248342
0.3537430666024375
0.3340254675094464
0.81671822866492
0.16984719955899574
0.5539377820117859
0.6022126208299069
0.4704954947723735
0.41073266297238786
0.3478025144759924
0.18698856990991997
0.5510224733132538
0.37372823547450285
0.571608259920819
0.9436284210352157
0.855917893442528
0.072829946678308
0.04838129309343853
0.6860948605839006
0.9503616172444416
0.9220378500566249
0.8209323495252717
0.8972412831487936
0.04612419642569654
0.036586074928081525
0.11726279930232208
0.2238594662195591
0.4909183536112456
0.04229899736952003
0.47245070610099416
0.9904887676359112
0.25750740192837207
0.23685432731215483
0.6820960911977975
0.8184433230160282
0.8386067366428464
0.18989740540741096
0.2946311209377396
0.3203024227480682
0.2514665565376325
0.6433656753717582
0.16327814191362522
0.7551487910350559
0.4351250974593477
0.8790456271417456
0.17316408687878737
0.4761279506546141
0.18367371884329742
0.5572995033254123
0.6350770891479331
0.9794413226976221
0.9004761793088031
0.3990620306362971
0.9945775364292487
0.37267476497356633
0.8811364706564444
0.9826225217642405
0.44365214584420176
0.12040314933486063
0.5371109371642182
0.35737107677577307
0.7418263377597789
0.9963005552963277
0.957211938336651
0.13860188944817076
0.05462692895799226
0.2735253259569562
0.47085195860495854
0.24063095375673138
0.8995133297505985
0.31893731249132473
0.4247287375004468
0.42989894949060237
0.3528722815118118
0.9217445526347784
0.21375304777756388
0.43539495413927565
0.5163978762833178
0.8834653319015229
0.717373228306437
0.44064976642697506
0.8671546072611566
0.62363062837018
0.6840510262179472
0.3997127008612298
0.5228483558470202
