712094
0.8144410447238101
0.2794959804995213
0.7689387288937808
0.6423064711769598
0.3476313656316572
0.9683660911643049
0.9270777644754595
0.15089463372132061
0.25808517233346495
0.1344950067730204
0.768071516172168
0.7315751348901978
0.581280515957493
0.3613069267037443
0.6941274278347507
0.5545369700557607
0.5054373146120203
0.09193195420378186
0.5110535219593241
0.5318058175567841
0.5942756316606295
0.4676369307336993
0.5335014906621992
0.9779674632623193
0.3025834446899971
0.5035372684266902
0.5446802645897844
0.43411549284953765
0.4843315854007447
0.40215768602591406
0.12326560946120468
0.06936040008401301
0.1018621752936597
0.7282610194925536
0.24964566100301522
0.5127137368638699
0.8847163969862966
0.3724658521095511
0.034306296171018325
0.187887663910433
0.2579565000752664
0.7165251880089567
0.8730747309323237
0.2245267729201058
0.4623753350411699
0.17974009054894213
0.3271028698562618
0.8016154907468016
0.42277695707235186
0.3738339142435345
0.5498869587887292
0.34228107158689236
0.585549637424885
0.42271376074828204
0.13928358169391586
0.32393883616610586
0.6430425078935837
0.6138980228793203
0.8793962464154974
0.5937025401498964
0.7897961235148069
0.4399900808151729
0.9553712000956147
0.9862096501014735
0.9144654150528564
0.2614297524069147
0.8735541386723908
0.7294878014112809
0.9213140347887342
0.2758557662867984
0.5001252091735194
0.5942150620380258
0.19644650790671048
0.214764292415773
0.3432421432666256
0.9927035587912563
0.08648514584830924
0.20474944636986492
0.44688622776257203
0.26616215344098326
0.14118672473597238
0.5284642142315509
0.03901999815294188
0.21227070407938964
0.7865334450687221
0.5995410567626052
0.38232910930340724
0.49982514861590643
0.0411216567028273
0.32606306288567755
0.11273528323668636
0.9931886954203895
0.8662108964017314
0.17877870987565558
0.7190310525050432
0.16651151457333113
0.7485849141689943
0.7031042033146778
0.7164014010656647
0.7261574504779167
0.15541517173553954
0.9180588913428154
0.4972609372224678
0.27950324067793575
0.5716068399405423
0.030631628359667706
0.8047498820382093
0.3892519917884971
0.9326457684809975
0.1606764910890799
0.26739595469791866
0.6346292745644412
0.3997546506953351
0.3192884116816114
0.45786303298483866
0.3643068731822474
0.5892048711742568
0.7127109574312116
0.4943721414817497
0.670625735277665
0.5639204492022591
0.5541794014040551
0.2902936818630779
0.7406661532737128
0.12304888747760157
0.9577046726963065
0.17557464031251835
0.1469399173718371
0.1839630768295114
0.16065442619479475
0.7630777319490127
0.8289554904141117
0.34119741224935196
0.2760899058888474
0.6135742749204464
0.48663432694698594
0.008110405413294441
0.011167991200000449
0.46504619630875843
0.8575322368669955
0.8996051998872836
0.3045203738364741
0.5351165973100156
0.8820471582382746
0.9980279858301337
0.6333720112137389
0.6798427910118671
0.07427030776429422
0.559404174287936
0.8202641761268961
0.997769435692306
0.5108653250762266
0.16346051078312873
0.5295976255516418
0.8050532884832758
0.7263354567355951
0.2884209001640632
0.28581368078076186
0.7756357200210277
0.46026634407500977
0.40035228481683893
0.7678825004506298
0.439852865918013
0.6406078157240137
0.08687655251317805
0.3388691334234889
0.16553709921279047
0.2067852956254298
0.3363529430042774
0.2546997305186649
0.20757803013487364
0.3774074128378915
0.6661749793427987
0.7628519617816424
0.4050752834677602
0.7495632266050243
0.437614633672454
0.34954464819889364
0.6296287651974154
0.18017930968483853
0.35968561877386673
0.7231042129907386
0.1439770355531742
0.7446329154081062
0.880787048170974
0.7315358539378307
0.6171078045534532
0.19379446691813051
0.8944271412994271
0.30393020729876996
0.6601289919572242
0.2378988921993701
0.9441163714891015
0.678186589757429
0.3966027410766253
0.6741224206484326
0.9025582281427506
