2494078
0.6316366742889754
0.7617087369646828
0.8444670463980414
0.9215544994728909
0.16650279127242862
0.9365175861885692
0.1615324223432436
0.3015818705820511
0.11872780538343886
0.5668184223204885
0.47198103467114916
0.8137847529099885
0.4565640824138618
0.1903598863260514
0.8409788640967101
0.9221691168982401
0.6144112577830416
0.6020268116402817
0.9356210375097389
0.30007044168428754
0.0677439063390749
0.7233895385450099
0.5613274854300137
0.012508808275061956
0.4965714616489676
0.9112266159288122
0.06242136986145064
0.7448322484977185
0.3077250195362413
0.5390358978135931
0.236578533682269
0.49808944637488983
0.9903663923411526
0.11621276839721417
0.13256338051236782
0.24286112063748455
0.7644668033740482
0.17148887820190029
0.6016432623934247
0.12581936884107736
0.24860431598107346
0.6203880951581349
0.7552993931829233
0.9570723487133812
0.42128022522375774
0.3608709757966331
0.5453296789687857
0.8713916064181441
0.9790563795816221
0.3970030358180926
0.5271645636150236
0.25270770710802337
0.30516723868045426
0.8773958782954577
0.4931943209074199
0.23879960539127032
0.6538615167585583
0.05333483491535007
0.07013233855995071
0.3818914021198455
0.8285803730542903
0.3109201197227146
0.5629156068056206
0.3309100921788316
0.5861800394551877
0.11221329780693123
0.297370145075044
0.7224463076609278
0.23475914519635
0.8922942871368796
0.4648458170891655
0.8199993159335122
0.4092517682965663
0.702298762921067
0.004251376018332587
0.8248768081842165
0.8067992896991047
0.6629194703616116
0.3703972581361281
0.19715883422701996
0.7430154966879737
0.09851892949328278
0.13228003937879818
0.771424259315617
0.7506111201611119
0.558915826689241
0.2209193443690155
0.9294773831477461
0.08344538050363681
0.80407042367041
0.30358414478202034
0.6011014827230742
0.9119234571401865
0.22630904844608224
0.19972244255063032
0.4039046020056193
0.19976123474495822
0.11539179425479962
0.47363426186410995
0.8046126409742445
0.737488995900443
0.6336411359818459
0.3399051607083685
0.7867034147438197
0.5746683513659744
0.36151376881895536
0.7998434058100684
0.14306445442946059
0.14064776564427361
0.7984117780625952
0.49064096317425354
0.17739680099870025
0.6727834694680112
0.2591932602971885
0.07370458789193124
0.2943752176802992
0.18140469489569078
0.19375667517429773
0.11458053339509577
0.6861156024453865
0.07240296654667455
0.07523736456644581
0.3141220596429628
0.08128788305425882
0.721177495141847
0.651768623428677
0.6390262204854963
0.3132534028442069
0.7457696412228269
0.5374234889456223
0.3695928045700998
0.28489333341973144
0.46237139148921924
0.8298682384707996
0.3335344919891837
0.7603348070504606
0.02299428280055471
0.6854218446749318
0.6268943134914883
0.29757014906467627
0.03293656226398267
0.5566300402225541
0.9366030342952057
0.5510032840625442
0.02478824162158655
0.10312688288890115
0.17393496643331496
0.1192472367523415
0.026064913170610438
0.6234704127830093
0.504098564735498
0.0910349664261687
0.5991632626143919
0.22380339305449992
0.014423243437293398
0.4508953053524748
0.15518208519112697
0.83860371911335
0.20208157212725542
0.5462845785202708
0.04725492266728937
0.6494539402455206
0.18201204996010067
0.8891537275147222
0.9343913143884685
0.4096724962315139
0.016684176446501442
0.6674696550743491
0.1734258224650881
0.6758137700066512
0.8515744015678678
0.4759987792332391
0.5445250353458003
0.9714585097331266
0.6036977192770495
0.940699513015474
0.44480476165987937
0.46437925368132904
0.7952667312552778
0.10735983402211213
0.7949607644488581
0.8250804667039875
0.7505258361369982
0.692654996433671
0.2954183236869855
0.5528764574422342
0.7810358927290223
0.5545892725826201
0.34135731120535284
0.20508468155296478
0.17315961487637355
0.029325360906376385
0.8600708830298462
0.6455757216339955
0.7612265327671006
0.10269296035341469
0.5694677122474765
0.6408354102519674
0.6208309414253484
0.7372086820491164
0.6731293345849779
0.8748589305245146
0.9489444962117811
0.05922694206593804
0.8051850032667754
0.7286103055962436
0.5110003465140087
0.5258816553442075
0.11736914652665531
0.9754451132053236
0.12983315277454666
0.6377671088386121
0.7609772160768453
0.8808080740501214
0.5673355813029657
0.240845477588434
0.6580374030230975
0.06268142081582928
0.8069182421556165
0.96985777750476
0.3788678129106626
0.8686739730559591
0.18333706418243256
0.9255537291655644
0.1472894456543915
