808006
0.9563048451603773
0.026178104304627303
0.24934546832121585
0.48011760987188157
0.2249496854790355
0.48426676195518925
0.8615287165166651
0.7341554131832833
0.2410817462447321
0.9804950477872556
0.2630043497438056
0.8817648859346481
0.8228537837608536
0.31003628258260607
0.9654724100809082
0.16519272973552557
0.505730918879355
0.7396444623140449
0.8113592415358852
0.890179349431651
0.19779901497978392
0.591710839566696
0.17227820611183609
0.5109809080961402
0.451536528268596
0.7039776891665411
0.7736127268525038
0.3317867701836694
0.4282525672374562
0.8442852898304621
0.6828499829179049
0.6036148299369885
0.8120573525383398
0.6294550544113217
0.8205825700401822
0.5311201354748534
0.6421457646366645
0.7483881079573859
0.2056343148538191
0.7203528622314305
0.27533844605438385
0.32168513079108774
0.029555566111782894
0.8963537133439001
0.4652392544116447
0.04357007234702659
0.570772515777159
0.29857608343017505
0.850031505021896
0.34662674494211354
0.9049640409882005
0.022476335880781795
0.9778500664212646
0.20583368260977375
0.3457783827473905
0.7172145837733285
0.36683002686648836
0.35560981817896264
0.5587916127540903
0.47226009973467153
0.9963466756212129
0.6320593014467567
0.33164825952769617
0.42979750819351625
0.05662595466918674
0.8723310881091902
0.05461399343510709
0.6451805953570459
0.7458183955716602
0.3039847928465955
0.06830926831497519
0.9842828434379888
0.3967934436704179
0.639481551827579
0.1691813893898071
0.3944452272640623
0.24032544966331681
0.15439453808628867
0.7283124112148381
0.7148230888733635
0.6670065379728395
0.8726611042579228
0.0754485703963318
0.3022856399846403
0.9371356085341064
0.6081740872778578
0.0276762781282337
0.14062344590026388
0.9059966999319399
0.0192373986564206
0.7009590388671518
0.7736703872952513
0.48135422464711786
0.020886901642754974
0.032788114720599726
0.35704834506654237
0.21065652587881822
0.8698044549987592
0.7654894959318633
0.3585945225095185
0.6073532619294106
0.9875292877934568
0.9922682032070113
0.9541328340476398
0.568896000446003
0.1198979166050772
0.7518605664347356
0.9631019419498292
0.5134061141894344
0.7441197482362538
0.5727037061271896
0.24765507026586198
0.6676572282599467
0.7296226967917242
0.3138206277875153
0.85919692840106
0.27593419019224785
0.1347791399473034
0.1271587230559703
0.8579260017328697
0.36749440505299047
0.6788495955290453
0.8749082651399296
0.6538010321474218
0.11977144071210766
0.8669577385760823
0.8753661367283871
0.9214525618435504
0.7851246912869533
0.9656369631702295
0.4222003244682655
0.6269118034477535
0.6108533940374808
0.027465547974245164
0.12450806558019556
0.47063076717937224
0.17535674289055747
0.9455336559543246
0.7488512872101423
0.09911916387298048
0.0877366144777294
0.08196210906621715
0.9094908046567965
0.7666247683779065
0.053802763368522855
0.359419755229231
0.6493303643511484
0.7386362358348701
0.8983550385878111
0.830562021099655
0.6816207515164202
0.6205881611702324
0.25178069032350925
0.6475409151181656
0.8212627562977791
0.9680003059710958
0.25841940913405204
0.042212287731076326
0.9245874300485268
0.9883839429190374
0.8448123582969986
0.397393056444567
0.4777809325499607
0.8806006150558676
0.797865881537723
0.740498229976011
0.8266598182606429
0.37395911628532197
0.1461242584208764
0.02311313007790372
0.9242927425860484
0.327189059883075
0.11176038789792231
0.363533519685432
0.38800241332955443
0.8265304371152318
0.20655693795147878
0.024032704768256696
0.6035719064997789
0.08252997079997881
0.8820647215717926
0.27059108302839907
0.5920171133102047
0.5667373901313125
0.5122893249017407
0.42005033360013966
0.363077793659611
0.25234531110871716
0.3866706219397674
0.31813101623853857
0.5196172221383507
0.526918762859839
0.8217843114158527
