960733
0.21147892514220534
0.9484104179095482
0.33071161847585473
0.4621083513250961
0.47788170431075083
0.5353399031894827
0.34066884922445195
0.3333616352329031
0.9610246471180044
0.9768066560616226
0.5680648035992432
0.23633564881457358
0.7196302625540244
0.9242031719632247
0.5668299140080729
0.6248046536542321
0.8455532235959987
0.8945847134344824
0.5599690294148739
0.19801359020262588
0.6313789610733268
0.6082138053097849
0.18307674844765554
0.056406863096463145
0.7753002503815439
0.6724420608773
0.21680622567724483
0.4186756038841267
0.4995234168103241
0.8214323993287046
0.6342499109108398
0.5788647660955158
0.42818148646658816
0.24251409800143964
0.5245419630070236
0.9941955833222286
0.8217090865560295
0.8725018117954441
0.9705935946777781
0.13742305060227444
0.29685957485644954
0.9310989682247819
0.7567245020098503
0.021961800402001574
0.47502224044590413
0.3735451392896665
0.8610546646231342
0.11367857167651041
0.09622329219045145
0.3909553556680443
0.04787282351644728
0.6801624485374522
0.012171569370899804
0.564339710749918
0.516798931481394
0.4964492121784383
0.12893572832171274
0.7870790694876098
0.48841019477755865
0.22558936338052515
0.8083170006957391
0.6106731209686961
0.8101009745224916
0.7231139262999909
0.4567075176246137
0.23986516372781586
0.15129932353304743
0.9763660405723025
0.031201361627860913
0.005787659092733488
0.12376367817843648
0.38283028840435185
0.9749513518318824
0.7795612865185046
0.7105353642160293
0.5960061631088753
0.6572418893114209
0.4538194015116487
0.7162238903054939
0.22303560514667187
0.7384742165447868
0.3159189843490462
0.5616533274002709
0.24520904833474777
0.0062372195391948715
0.8641381081329539
0.637500389974345
0.1506382039171501
0.13586340985502354
0.3769488713114728
0.6044054936500574
0.41779807067405506
0.5173464284736791
0.3354943180864419
0.4811402520978143
0.16930457559979695
0.7602226585619193
0.6206861282736165
0.0977659863777881
0.5272083732549063
0.7389963925695888
0.25887980620768425
0.5073201320647166
0.4442493199641854
0.07391457668805035
0.3738724579417232
0.24741776959237616
0.559930364121391
0.755373377987373
0.9180076696837903
0.9222585204365094
0.9359335046282831
0.21496574452399275
0.7014609235205329
0.43587915808848476
0.36231467688920826
0.5221555940765263
0.21631825836522733
0.3490952897096258
0.29407811023818997
0.5427906156524062
0.7608495361599796
0.25542557534625665
0.3771455013213906
0.8341426147677347
0.40941728518207365
0.7753948141681725
0.9533985825848056
0.7708905227315838
0.44475042867843284
0.7539629686887329
0.896388149944596
0.8974380224730246
0.9718522929156016
0.5124288432688371
0.6224669333352533
0.7841841012473783
0.5666001603766677
0.5540092353648066
0.14651702857496185
0.7288415583125658
0.97713373180718
0.9513953127251409
0.6071074324508264
0.4886251114409954
0.09241814689467975
0.75493970402646
0.7728307038884396
0.855106932101617
0.6199069360140962
0.15172971331713736
0.6597322967163826
0.29076443210698133
0.17301878227727152
0.7786530625210332
0.5391597665180261
0.034721642971492495
0.7591812757460328
0.5466646577013078
0.29602351431049667
0.054911751983475976
0.9804840609360126
0.5688139776329479
0.30937422006571624
0.9748651354213932
0.6115225272226392
0.3011945260170764
0.7703671725883956
0.6355540230017048
0.6028024976415007
0.8038285518264768
0.6270962956772645
0.2662011126837561
0.9731151321667031
0.1076009274222437
0.15144648116105242
0.33268613406155634
0.5005809520678455
0.033709048888494575
0.4600251766984229
0.008160995301639828
0.5996000536972367
0.45369556778111664
0.18939968607910662
0.8677107578415055
0.2797354167936268
0.9009839068629318
0.9252797044240977
0.8473740115246728
0.622594997194529
0.6489366406172454
0.9159491491613746
0.7275630453765709
0.784067010202799
0.8558095223299346
0.062165452601541826
0.40190063175060065
0.13180278495786857
0.14357490687145147
0.16890798944229501
0.9747167856364369
0.7616294492566297
0.025439816970865503
0.9687723832600588
0.2939255265229531
0.3016146755797252
0.9259860052601494
0.48247031490891235
0.8707281891251687
0.6087944894493043
0.1482101524285393
0.8688093597696259
0.26356620151832433
0.6911141560867784
0.033344823498522635
0.034691404248839985
0.9109733986445904
0.9459210779270627
