437985
0.7321914032381515
0.9250814987329123
0.08645352628668868
0.5963882138384163
0.46079858394226225
0.5935641275501273
0.1182362513212013
0.028534923150338454
0.848670999707453
0.8660171209008409
0.26774066035553323
0.5840518024976076
0.0042946005723004665
0.6530977794099584
0.6928022832799944
0.24792460705837294
0.22061653445479135
0.7416501411551373
0.7351962581851045
0.5848919800735495
0.8222191150070884
0.20080562084368536
0.36671532970169674
0.22506029491526702
0.5162788413411199
0.3754642777684025
0.004038598146579586
0.1765379921445358
0.7510033994348464
0.8080072661982223
0.05985304692292226
0.25174159348003544
0.008090282065627119
0.3285053009647675
0.5361664797575575
0.9340633088738753
0.6598534372927913
0.9843524126269788
0.6854774485454378
0.08288062013020558
0.00701473937915309
0.4421676488375975
0.2664434970937778
0.9774262540057492
0.3797593919375093
0.987971981275133
0.20291683436809438
0.3338265281077245
0.7325056556820759
0.27606162319672534
0.5186916890736549
0.09465509289280838
0.9919409878689639
0.532662787752814
0.26503540527330316
0.9866378261881944
0.5282279528591604
0.007367322038329682
0.7840510180723415
0.0696841357860134
0.5108853202261118
0.08351238473969758
0.058146428791545746
0.7592087155904607
0.5837006862081121
0.6080817372767716
0.08436068501249172
0.09374686499954876
0.24713319476487594
0.6823699037259446
0.18202591157747006
0.3411556706688643
0.5720160522474956
0.3665650477716379
0.8932187696413401
0.3892324559167982
0.38497010425451395
0.4945695312824021
0.667682323146099
0.7503704936557616
0.863791595810175
0.06979263314685047
0.8373762860976519
0.4249119761216963
0.5601784426920318
0.518312394710934
0.48053897692541214
0.3141461519530103
0.22751128836200096
0.4127187713798661
0.6511220903240994
0.3514404910604114
0.4730068025003604
0.14811375323812404
0.10668533568014715
0.028781620789445683
0.17641233040248605
0.45115846370143864
0.10631448355945727
0.536041159351998
0.8215130231651706
0.533721038635216
0.06985336307534129
0.30157195778665646
0.37207328283196295
0.1645935062461612
0.8907163731492677
0.32527779202213547
0.09043681412430105
0.9259095594711488
0.4767752107862028
0.3290899440087961
0.744860357790227
0.4453093488518065
0.6572896039413687
0.4148221599442644
0.9807585235071277
0.45056180776232424
0.9385785342861852
0.6156653466753834
0.24138779422612522
0.08026839106110728
0.7171052991531955
0.455121875561728
0.5151002704186214
0.0024367426417077898
0.4658756745657904
0.3859683988831496
0.35914857500838493
0.5421267400117334
0.09852590593363408
0.7718757962769028
0.10412536416491025
0.20003520587773893
0.18520279774829773
0.8956032013385984
0.8784719249272057
0.6558000132128807
0.9453156429453048
0.3302224254036359
0.10909277200747514
0.5929678513162319
0.9744656098345551
0.8936180810315896
0.4519636154289104
0.4569847862111356
0.47633533576270115
0.3215481910137493
0.6857225513922168
0.5632317058228385
0.36504749267387004
0.7408382318720051
0.9615854781802752
0.8090419759491868
0.9794780617405768
0.0018215628616684576
0.9445283749411713
0.6118017363486769
0.3082365517332649
0.9379277392750307
0.8035303693716712
0.5946480371137304
0.5625016274009099
0.6603592395174209
0.7127738762663959
0.9719435183449524
0.6536277421371035
0.06708661919091763
0.5110486217771899
0.5486207763662005
0.6334143819492242
0.8479306415635459
0.43320863942000065
0.7406534919078857
0.43715639218599533
0.4012894445735363
0.3753826809663
0.048325460586996716
0.33307045702382154
0.24310732296577187
0.9847401353567508
0.9696326848129363
0.3264192088706006
0.6849717634782904
0.9749656721125642
0.42806788246580607
0.39263083943115884
0.7857629180748111
0.46019816583069595
0.40720060488647347
0.8209393304584021
0.8400704421994487
0.7730404224306121
0.6338805289552727
0.13854613600292198
0.9566303779301617
