852565
0.18634766361683452
0.832555233027948
0.055031220096421696
0.601324353704302
0.1938552742827626
0.28510798692938877
0.617717906714611
0.3318226870179716
0.5213063424240435
0.17378534994413786
0.30092215177246595
0.3347414479166527
0.8375926551929487
0.45919785822372716
0.06549422403551164
0.7912230169417299
0.21452329125944258
0.8510417910101956
0.5197861049296163
0.5431386911622692
0.7441868515680451
0.7661036834773439
0.18915605897838428
0.009650798730485466
0.36447510346796996
0.036273378031330794
0.5583466626143584
0.8126609336805577
0.866187228035736
0.5287057073692116
0.9895506808099701
0.10971009492645012
0.2592352254254051
0.7709343085843704
0.8387048263106145
0.20418517016333926
0.16082307842870192
0.13565620073585005
0.09352809719593724
0.605226075173853
0.6350733162742943
0.13306869955896727
0.6390483944941345
0.34351597655350197
0.9614264471818085
0.8830550902066309
0.8198371762267852
0.01417643093632015
0.13824050484668804
0.8951791028306012
0.3128987510042872
0.7142791170556412
0.5383689209075646
0.8713626033928393
0.45113735043845793
0.770023316997808
0.025097059491665075
0.3642847269380455
0.044551598508996815
0.9074189332281016
0.009669123797302226
0.7739548963338071
0.4347824623177996
0.3103527969353963
0.38573849851258357
0.34557607093873743
0.988367803534833
0.8312058907103457
0.011426626040701882
0.5437290061577521
0.48503253964789306
0.4717273280649046
0.4262764706675185
0.42107175646878614
0.8895704934572265
0.13566088638228058
0.7882388275477645
0.37416338623328205
0.8093503507560578
0.5696581363877692
0.5949307389116314
0.9846842865327998
0.5342048326931405
0.35530207311128026
0.6137571594652013
0.4812402103070035
0.9314385056678081
0.7926033076127859
0.5870884850762217
0.7251005394020072
0.6259166557440727
0.5241208570375981
0.7015383834603822
0.5226358593653865
0.8336735881510962
0.7888980648015461
0.5144870078928849
0.497883673991792
0.9372061086602366
0.26669310022538784
0.016347845354875545
0.7205855318471681
0.3915934944360746
0.5755234237896212
0.773676263025526
0.7782022327453724
0.8328127969487603
0.6193316546388076
0.646070559938265
0.0048286517147647645
0.3230942475278673
0.14761957027245187
0.3989175782889737
0.1355931407464852
0.5128883009241114
0.08518699787790263
0.6443862757391219
0.7420408734499441
0.12499252995280585
0.41764981443187055
0.9346744190222382
0.42216449884651885
0.5736127725904223
0.6772015974448422
0.504365193795943
0.8681593361304875
0.719610181503881
0.3631220704892423
0.112851872071285
0.6156447130667586
0.7329114527021798
0.9528245430072076
0.6731402731380931
0.4900070476094778
0.7840370016834126
0.5117734562908315
0.8699408053057524
0.5086839251164157
0.8189277103342502
0.29439285573986895
0.7678123574353075
0.27262311800917005
0.9847278873418503
0.14312461013409117
0.48922318485997407
0.6858141894295567
0.36890842125595635
0.9390853958139587
0.4027445249123731
0.17870438827495305
0.5900907271670975
0.83530978932706
0.9031945144733113
0.4794746372330839
0.4361585333093414
0.5123558441697047
0.7884018587346378
0.37656561258561316
0.18372144860171535
0.23608931043666148
0.4413598716695766
0.8465077824762428
0.45272038921717406
0.06875083610382426
0.5118929431034202
0.3830235242985738
0.45094196083956883
0.18695010514544597
0.5585598851301647
0.3565332473867089
0.24543469227373238
0.8940198047646261
0.15936905129897183
0.7576117877641264
0.26129788866817205
0.5792011677394079
0.328982494701322
0.7336052487482453
0.5530388120037945
0.5724223811175254
0.6904377406919957
0.9145325158646164
0.519671848258871
0.5709695861900332
0.7410171736662948
0.6425599214993076
0.6419591289783546
0.07313985632005482
0.7247467539061466
0.8687511097434396
0.5086687051857088
0.04400401480959448
0.07810753667917725
0.6614590219132619
