788349
0.8684533766428157
0.8596969479498462
0.15089448666710303
0.9826401527338762
0.6949291245686562
0.42919128789342953
0.9207590204417788
0.6315358410904348
0.28475940367469377
0.27630005564970217
0.7178235697211479
0.029579077699715794
0.22202757795056693
0.27969274175557823
0.5548571507383974
0.8260499231767248
0.63690648608994
0.714998150775684
0.5188534304780746
0.14091555586453808
0.5626109901436737
0.22060653316738155
0.82145356719756
0.6294567692162812
0.3518453965480791
0.3175728953942669
0.5285083743107752
0.45269490165850657
0.05243449612878803
0.15406181380025785
0.6931752225380663
0.6682986963698874
0.3615537847583611
0.2160637850372028
0.6022972374308442
0.5185639706507646
0.27895026027502123
0.8486515925746468
0.1124135476887893
0.5852230408571331
0.8617727262598395
0.5658349627142041
0.5996010395138436
0.8052553906108747
0.5471059546230589
0.29210998905414287
0.8764496477400783
0.8975342394324635
0.3530309711258315
0.8750896848566047
0.5398247550487891
0.8370588635377082
0.895008796345743
0.4361404639176468
0.6046717464215126
0.6316856573782248
0.5616129659325084
0.38473884082295173
0.9519694751233109
0.805685266940522
0.3821115995679637
0.21230127354094475
0.07304104092139996
0.6751177350776936
0.0881270091787194
0.5025297376076822
0.827781264883562
0.7119303294635287
0.6225771514415449
0.947854041816544
0.4509626839316686
0.03684859682269548
0.8813297699589902
0.5453413055146792
0.8386328617204601
0.3555435867869563
0.7864768684682284
0.5604822252343993
0.22571737673071002
0.45822320963106067
0.8848633587134437
0.2935521972071825
0.7262947056858492
0.7397095195557745
0.5414804378472108
0.1607853718029394
0.8496106105627885
0.06522761570813007
0.454561306516457
0.11138774963133258
0.027751126815200644
0.7065463632022455
0.6576921539711788
0.9414554059406437
0.3949951518852858
0.0037743188769815417
0.39397958957373624
0.6371522588730816
0.5442184416307628
0.870029588271025
0.2482906175943942
0.48204142851344556
0.7523235777743938
0.24936505803894637
0.7058090479390421
0.29725281311723384
0.21452074624887463
0.162745637970518
0.8686279920845126
0.8482090927848586
0.15638665822620346
0.03253735346288922
0.40682531276850775
0.14792079849221917
0.3029800615078042
0.5628827501958629
0.9464447466742084
0.11440082938726681
0.07589404146651313
0.5715009323049507
0.004032687981329275
0.7985373751234286
0.06197671439737695
0.8178646221106001
0.2658566399178348
0.18880328655507606
0.7515535828986885
0.05337045641013072
0.47965815279883284
0.42046944796064867
0.2793364994480432
0.2310335731690466
0.47776971680699853
0.06952805756249458
0.9178053789221258
0.05540045763173518
0.8826514467429616
0.09532169209494246
0.37070076513097405
0.8277891509309482
0.8593798864857636
0.9109120094525747
0.49336680899774676
0.84762923899619
0.8743481858771496
0.0065119096391556
0.9270354995402539
0.46758860458242935
0.7954131743943292
0.5288437096833771
0.2757449675680447
0.2683375500916976
0.8259513981759179
0.2280748085008183
0.8774359999930161
0.7182154312851365
0.7037629997150591
0.22402166128086254
0.9248724986354631
0.11372848953443593
0.31548850876254764
0.11460151737452273
0.6773831337633648
0.5587221743984336
0.3781806390049314
0.05205119330165908
0.771023296563017
0.23323482287038644
0.12189936406684232
0.5462202625586752
0.18260748401328475
0.22745392456570535
0.9706751300307411
0.9192858438551808
0.2321643019677737
0.7718601464147462
0.06391207977317326
0.5325249919324797
0.11871770851134922
0.7815584717416285
0.086278948054476
0.13331961310166884
0.8758994315880074
0.2509597054074032
0.28136269649159174
0.9293579751950802
0.3067493083448787
0.1843896560090149
0.7128357011346174
0.28703636305988456
0.41116210196264713
0.4288676918672011
0.8066148096240133
0.2723525175022069
0.05478996285300841
0.9872099174161507
0.9584659159204676
0.605122719289285
0.14481266147531013
0.13277679327056735
0.5237356863494801
0.9811424489016037
0.375837903657798
0.9215985554303319
0.8193673467697679
0.1319504011031215
0.6882966616103208
0.5032765417657524
0.8630848946394741
0.43814404241484495
0.9420493424598108
0.9689716609856175
0.45060614043703173
0.38973449183948594
0.9495205576444885
0.34295651071973265
0.8289718752709022
0.6958171945301703
0.9355314478270369
0.7236202391710825
0.6625547750727949
0.38587403033215983
0.6951008068749457
0.5104808412538011
0.2080384593959832
0.8163117668231075
0.20583671428023564
0.11567250788933325
0.6156333516503675
0.09838060809384441
0.2181429918597263
0.5515400487073514
0.05602290419768807
0.0974053934782877
0.3943156584878251
0.8103869277844676
0.9360102385166745
