725754
0.81830197175182
0.8967066610998995
0.008086614037618567
0.8105613672335806
0.6886390781123186
0.9354831866844946
0.850181911516344
0.7249186248320313
0.9780462779957041
0.6781127307067794
0.09726048145823862
0.627683399447286
0.3515568176158942
0.09555579909466716
0.35580870062511394
0.18424487183672833
0.34451356099310626
0.7742492512417334
0.7014108108621957
0.7896573103952108
0.367955434853974
0.45831523624530757
0.35307339531578485
0.8310451953575312
0.705940514018264
0.10303204799598287
0.8606200690791169
0.2818422166357424
0.8500509995032443
0.518454965539403
0.04151485637476671
0.5236466802506802
0.43136497388610184
0.261176329470562
0.2091369649746765
0.886202187244293
0.9564678326011767
0.29256611880299066
0.07144403986507564
0.7719892421508799
0.5316163067943496
0.06343563076279757
0.047124096375230295
0.38913990089844575
0.7679566901527359
0.10791848196493703
0.6457517147801467
0.0548643658595116
0.10073774889003151
0.9334643728839908
0.9891269851887984
0.7513046846041861
0.8267481735231145
0.9791934679573087
0.5128903552709263
0.11670715378516971
0.26674736954954203
0.6814598906246017
0.380670540068869
0.33703246026618217
0.5934474776748089
0.23332477085308523
0.16743656903033077
0.4665977894412403
0.030643464819459565
0.453740992302581
0.9243890790997584
0.551073042867805
0.3253772029802492
0.2926032523494463
0.8246403973421239
0.5521288227537503
0.6225609372486048
0.8894182856129593
0.2070964063354156
0.4802612659319887
0.13027379777591197
0.7762022876046053
0.9853677664219138
0.3307943747336256
0.2539847899334611
0.7693134297718871
0.06920205231866605
0.38778832425235454
0.19924455855480505
0.3302797117544862
0.6578420306765512
0.21155745219975042
0.39492692592901335
0.6922830175598129
0.007879971247106932
0.15772932527796335
0.4728909859312531
0.8468127654805733
0.5525913270938835
0.5892519692958633
0.9549726863209288
0.5641034204425467
0.055395857066710796
0.03748359560331205
0.24450493898713377
0.9813219797895524
0.8170075696304372
0.44447528650807555
0.997103206352426
0.9340730677846972
0.8239995276215444
0.2757837115951943
0.454243766113102
0.12964077835568366
0.12592355693982626
0.7316278266731412
0.8631998813407245
0.46448817295926514
0.6587883528761433
0.5039296441458521
0.6781907729975685
0.27388650661852687
0.19461450659719448
0.5277559139603928
0.8401373123490641
0.06814828051033206
0.08994824339417695
0.957904321860163
0.06620701961245301
0.35778944992012107
0.030630004874751537
0.16485397063437812
0.745370658270739
0.4990477887336596
0.025778271947488163
0.8890267120936475
0.7324810229153161
0.10153604906314095
0.4908627671801
0.8182825975607209
0.060924218776549854
0.4314098590850419
0.37790527307579214
0.7607988210065886
0.3526824986779227
0.4162824210887127
0.9602606825001472
0.2739585913058571
0.49468679480250854
0.31221876992367525
0.06009457542750407
0.07960267479814431
0.971626160367293
0.828494728931542
0.2185878738606295
0.8469729991100726
0.09792055417165346
0.5224070589451667
0.5520632042513982
0.9569038695502624
0.2753521927770376
0.5742722022772301
0.8116415536178474
0.6742939425873307
0.31788976114009304
0.6318538172852479
0.4697018653317637
0.750617371865665
0.831529455587932
0.2738095246427841
0.4933305769559898
0.854209976155186
0.614514883016498
0.783350084768043
0.8331116677571456
0.38329259731396936
0.05208762477359452
0.34615457526971516
0.5550221520316828
0.1551703906733105
0.519959334165413
0.4906879402479579
0.9738622469926266
0.18477317319872888
0.8819846474051903
0.5744177565629879
0.10856275170017293
0.2666788764944372
0.270054288587222
0.38602930357426424
0.27287720839283525
0.3569883456042373
0.46801563581463823
0.4815893799529566
0.6393796629130364
0.814896576426638
0.3864682029869476
0.7017107674559627
0.1703533067564753
0.4085318321156505
0.31156962882430583
0.42712103543974644
0.39606937518401797
0.6156108459531957
0.8385273234403254
0.5216407216251583
0.13911951302756087
