585674
0.1566845809823677
0.6592401895404791
0.5844275443570845
0.43287899834373167
0.8872260417816245
0.6635930799618572
0.08744506522479245
0.5628423613924105
0.1445376031966784
0.13519649838659042
0.20946541316445821
0.3714869184304067
0.3964325145070732
0.1749030816675371
0.6945175835544478
0.7104836757235204
0.5708711817954225
0.8692206501031672
0.8605443058482208
0.19848930662050535
0.7592100147029547
0.13578174349682381
0.9631315756727143
0.24841701646530623
0.08044660250492874
0.6243179549515208
0.4795276539061971
0.6649979524389169
0.3698219340931932
0.5291265642825607
0.5197684439113837
0.981608984165735
0.01236685159800921
0.6778061242114888
0.49457869052840897
0.10475669925422804
0.6804564048544213
0.8010767800374098
0.3738201223726034
0.7652718772110324
0.9541623431268906
0.4597897453294797
0.3546080503002178
0.7371818713423861
0.8041707010542585
0.7077702557833095
0.524821167222967
0.7783936686041297
0.6992579053340214
0.20292621737977568
0.1555793775026948
0.771733232916777
0.6637950919338732
0.14409507902220153
0.5853668717656102
0.6005516428818448
0.9554775875935341
0.10738950004127845
0.26882909178709735
0.8800220679515118
0.15945237497412368
0.5833420087471799
0.454873594182739
0.783416142299201
0.4022431377056943
0.7749378393020754
0.13155652333026313
0.8520619898733667
0.07734945452031572
0.006663997223148477
0.32933789189765716
0.8583503088904592
0.9441225544349223
0.9159917858411036
0.6096407078088326
0.5030692562136856
0.7124971417508098
0.45124921410762053
0.5822500469516926
0.9715123981951409
0.2583851686107447
0.5836285575405845
0.5929401501566589
0.1472186517811097
0.42801423629071
0.5561135144692658
0.30181900102818204
0.5878667375231297
0.9842191286910427
0.4383994122557927
0.7332316462776386
0.2047610374436052
0.6236726836540573
0.7344190559463215
0.5196643515741398
0.9555095841721627
0.15126784096450174
0.7978758364266708
0.48494459833819403
0.7589091421707149
0.8363394143303439
0.8512247160298264
0.4161318837593876
0.27171632155025205
0.6951414861607869
0.4748309846898586
0.8588470245703493
0.12889764327044406
0.9449714575330934
0.5355752009783125
0.03738901243008608
0.7421159282413792
0.157559901875029
0.6579627795726737
0.5488393341311807
0.7756236579862861
0.7028206581326429
0.505834549502977
0.3094562437179992
0.974399165417583
0.9187830047292113
0.3390646221398744
0.3420123585222271
0.1062742054788618
0.06950394159035944
0.5371706321573241
0.38433068028514195
0.39796687212120363
0.5599850938311043
0.0405501152241623
0.9721258218733507
0.9943467549070965
0.06559571618674709
0.9500967593522336
0.603358521780751
0.6509242103233709
0.20322930631088532
0.8472381449920247
0.8266634510219898
0.08146891944450818
0.12239836481125888
0.7489767232589635
0.6130117872781038
0.1258275249539832
0.9266982759234507
0.9963043126939432
0.167620930044036
0.17742389623327126
0.14954731874872118
0.789399274762335
0.4182266359512201
0.11558981727145934
0.6028375858715189
0.5293052784174062
0.7761830417283084
0.3247876748587246
0.7931067029830882
0.603328725805055
0.40845850530839345
0.25095120619486366
0.7570678954741814
0.7601819714388469
0.18144632731072852
0.344584159861573
0.6068121274098204
0.7609375069220727
0.6416110930652933
0.17092054733004192
0.29472227968193465
0.5631481917400436
0.883343212079395
