1145750
0.9293648929721232
0.10911663582934694
0.89802719894257
0.9209949756692958
0.6175944427513373
0.19386480262388006
0.7343705647356824
0.2299242485416293
0.6001191108018715
0.9486960667379393
0.7879441890334482
0.4504722711595929
0.3967601018431658
0.5116468269352247
0.9313463961293627
0.8591543726101264
0.09342066721459097
0.6510701879657448
0.08689606027997954
0.10294368326712067
0.8956879807892176
0.30185708750134876
0.9438853516918422
0.8653795637289607
0.9952180851034573
0.6689958219254053
0.6315753343640618
0.587333939558086
0.0995206684641432
0.29132184510205716
0.3006016355386706
0.10062034828896538
0.6876739315202365
0.7092881670588144
0.4179964902712291
0.04923219149312985
0.29766431139394045
0.412811439164926
0.46482247994230175
0.27084796355852825
0.9254596244208777
0.5587266440041498
0.6404525135084113
0.8903432029413924
0.9215884718451954
0.5421094135503289
0.12381938928783354
0.7373998375461613
0.6079122300519864
0.8817012858062199
0.4194975171617803
0.8419060812860332
0.2054412407006153
0.03690048242298949
0.32526851000101054
0.1836904776923678
0.5634591878791662
0.7122563955730293
0.09786127949474543
0.5772363851110514
0.6108853725211364
0.9251336516936781
0.4648462039791894
0.5573739246182646
0.4127174252241568
0.6131871258231566
0.23320242567995197
0.39854811673679913
0.2075618099666292
0.8405165917225433
0.3788660259905483
0.9481142289069322
0.8266730443809166
0.7248457848832347
0.6666059419031484
0.7832115602539058
0.45058705787947895
0.05279767362524479
0.04586365195881825
0.3111199804850816
0.7463477985084173
0.17631366614115662
0.2957317717845235
0.8246037042910018
0.046490394223452136
0.19049183192860386
0.6510355637180453
0.1965994156362343
0.3803585763232016
0.5815949596451406
0.43152053353266295
0.8527069046921563
0.8489972515222592
0.5037065541582288
0.017438297924982527
0.8952919002450062
0.04677637265979351
0.593488892031563
0.8673624148727324
0.7696125635923208
0.976065165772156
0.7647241675554126
0.6578538486467849
0.6602326346786582
0.1756906594482074
0.7377962593909205
0.03963605157383909
0.8850856514300469
0.5895782166910596
0.1539967905609846
0.9512280685645067
0.9149063118502786
0.03888559692373983
5.167300228324789E-4
0.9085229027247934
0.2873466770224161
0.029106661752328677
0.7292100075047044
0.19758808299316943
0.6079462981982768
0.02303442430138991
0.8906932232504727
0.4380039956384497
0.03422710360480208
0.24113751650232818
0.32507180550123616
0.555344719743294
0.12453535969919938
0.5128180152446703
0.9515592271552801
0.8039450378215854
0.6998545104866017
0.6951827463570251
0.9814827649360625
0.11488675133562509
0.41466443559331945
0.7003741534279935
0.9426459350970469
0.7091760163818581
0.06202395271097072
0.22817105334473642
0.24774384137670113
0.6123726769224611
0.2484054446871098
0.887483461368334
0.1655048329122325
0.4344718262011824
0.9654113936866041
0.5085296920222737
0.9604579910629072
0.5376265200523523
0.7583546492637918
0.0968985154736055
0.6557024899957316
0.5043399354883588
0.6457858494441157
0.061362350185672265
0.3427820150641232
0.6400440774367362
0.6794024795096829
0.05922229655029343
0.21374326811533217
0.09652150338042387
0.05037623124376289
0.0461296254602972
0.5226845389817346
0.08641535724779315
0.945986440345085
0.891742054232364
0.49757684272512404
0.5741120401619432
0.9395492048121068
0.22823802163280316
0.8178667491535536
0.7745700965915099
0.5569831302273032
0.03562514435592434
0.6493462133741881
0.7692079726176508
0.8049544478151252
0.83594409266729
0.38500195870027965
0.5567519849265227
0.8683956287360917
0.2678828208841064
0.17903279250302417
0.8969854509568153
0.8892932885692413
0.24397957631174294
0.080950259292912
0.37662843091866516
0.7239925879829177
0.8545085041537459
0.07765464410482037
0.2291173202404827
0.8428672193564959
0.6753040930830375
0.633604399036087
0.5738415814581787
0.08405518779679433
0.16119638038845963
0.3826742752795036
0.9054349727295876
0.8020624834121614
0.36239146860343296
0.47002347762244157
0.8600071993615104
0.06238832698097574
0.28804704051420627
0.6682721043117419
0.5127408029194036
0.9249268340702547
0.8594560539111579
0.7995103532838177
0.7200676225747211
0.5317521435380391
0.5446660206725165
0.18314191144328817
0.3096780189312285
0.6689949259055681
0.44702522837788594
