735456
0.7992891366275718
0.24290486750804152
0.707870303212874
0.8320617662029599
0.6084644779272226
0.22656380769826068
0.34651842890709594
0.820264318294669
4.3906076457356225E-4
0.6351202110773091
0.3721709629865877
0.24774914226035794
0.6587157716885497
0.019091899811400026
0.7422572584662475
0.5024601828143533
0.2217410357619346
0.9218866493579515
0.643417258652779
0.48046470736450464
0.997965803222318
0.20481135847637966
0.8289879451595018
0.6750697971695954
0.649092886254408
0.5887802768546049
0.4583829027342258
0.8109000742135802
0.19432444299849394
0.6612872137648678
0.8658857084722479
0.36574004760159695
0.9081497814131743
0.1684969768414526
0.1717294811011154
0.7848596858177291
0.6851905102692744
0.014849639951074023
0.4149362360917219
0.18570483695067863
0.2278460572716321
0.026360489128114062
0.9352418764644723
0.8752489364032158
0.9759602680858741
0.19883766219494903
0.060533442343144506
0.057966035718778786
0.0424545308249753
0.8485283872672014
0.7665775204868207
0.6992994047278844
0.544851731278022
0.8102438742966768
0.8674196022777406
0.6276642955986087
0.6298396772665298
0.5868019943054696
0.46768638697147413
0.6074368684880153
0.17650088495030036
0.14366605692599776
0.8621240530303576
0.296046074015035
0.633561060350273
0.8639465083243589
0.80305740552075
0.7101988302044011
0.6969860935886881
0.031472438821384396
0.07305646407459188
0.06943307293793877
0.5664828731524509
0.09342770214797858
0.5979478877495337
0.6596075138403797
0.3329370740029268
0.8690864382085433
0.9144114416878484
0.6646004032592158
0.643546239992034
0.8174713418044638
0.6667520701275855
0.7514046974611963
0.16738449613123163
0.4542972469536545
0.9490402233850815
0.5619696556414265
0.5413603081462809
0.017351635964690804
0.7316651047666932
0.1645546466612361
0.41500668179051536
0.5195027130990126
0.31544589235751397
0.9480232561859878
0.93226847464735
0.3998148832960199
0.741798773589417
0.40442137250747046
0.48942933873877537
0.08579035530525614
0.3540585456779194
0.7383460419592515
0.890545918357254
0.91354468210912
0.25290495172172667
0.26602627755998054
0.08523498639732796
0.017763285222817005
0.21794630241637925
0.12270088920978106
0.5183846857495535
0.9995748468838008
0.7778632967119525
0.883792942709123
0.7473379286431545
0.4080167595580674
0.5031187418902932
0.3235438748297549
0.38932282097004944
0.3295564333048089
0.2680894501886709
0.6841846788059476
0.6503812437545252
0.6701720559004093
0.1835788146547459
0.5093859156525146
0.6567733043171304
0.035784785425515
0.13601975917336895
0.30764155857252873
0.5608121014055852
0.46937359524145894
0.3862795109832057
0.05440680572344381
0.9253096249901644
0.6868934014712227
0.4788290048261846
0.8162229774519139
0.2042913925053288
0.8691557146799297
0.7911416349184607
0.5857277542205879
0.23236370009252394
0.5131203009320249
0.4135371979946323
0.7533619745966115
0.5110941680411599
0.3235854379264591
0.6912888121815773
0.5097492009789686
0.7379928241766032
0.6350534733901009
0.6836618920907045
0.8721377575360947
0.4621571334927874
0.39358716281424455
0.9986560427658833
0.9589594236991363
0.9703716816923832
0.2997616803272499
0.9475720950180047
0.5984724009519223
0.5084290914796242
0.3163559636070211
0.7301280978671117
0.35062098946539744
0.7246655776356815
0.37821654215704015
0.40870004440978436
0.5456581258480481
0.7861812125067896
0.8067653006503774
0.7593637963052305
0.9987405572036783
0.9629414477488626
0.6279126362127851
0.6977672780768295
0.6466215542280161
0.6009327806037242
0.7196757681027156
0.8694627506617324
0.4707288527364635
0.31277258750330883
0.4745914112758586
0.16718098825458583
0.7203308016742307
0.9026489733455509
0.45205094796333445
0.39163056613384806
0.6301566732420603
0.012193594161204802
0.3169754134075582
0.00775708409788789
0.5387520637113157
0.724866911647059
0.21378650194504234
0.964998776855654
0.5570135118076264
0.39866146859651386
0.6084190384509647
0.847926196881842
