605701
0.7107616403051409
0.8104060992351885
0.5461591580046443
0.20275589756830725
0.7868746961361169
0.28967954253605277
0.2193820153933631
0.7455787170810998
0.9494199575219838
0.8963196883555695
0.7168012387909736
0.2997457040260253
0.5603835203378793
0.8527400661418355
0.8346318881097338
0.7327054628645223
0.5390133593360471
0.38074263946492914
0.8701076346929696
0.8666891274706249
0.024454688550143988
0.8122420396392056
0.38908178163427154
0.32298980840715097
0.06827057878709086
0.3442931295085323
0.061980995407343364
0.5261858393083345
0.5766050203239197
0.09104026547295874
0.7961696534252114
0.6425078045012592
0.7461594305084012
0.14868337339201876
0.5578215286182723
0.055651844266468964
0.7938179227860542
0.2342820780361049
0.47268523381353333
0.09369241044104426
0.8666705816727888
0.08519633990667319
0.02266778320569174
0.1123496275502579
0.6373479445944201
0.21318792861914826
0.41395114667346955
0.7127182877063479
0.23899429355412827
0.7956842212436847
0.4823944255950169
0.825666362164132
0.8748711641853455
0.45643197715073025
0.8232640643280966
0.6304630136496423
0.649496357452781
0.438745308719786
0.18487352822589231
0.7917974148217553
0.9113884202352429
0.2067791440489939
0.5495025292889679
0.29720142648199244
0.6718998696910512
0.8237351860038951
0.7400054607091885
0.25599051504807324
0.4702870399780126
0.5506347066992922
0.8368074384041011
0.3811890119162952
0.3920785106334762
0.9852687360049549
0.16752553757139665
0.5175073863134134
0.8159674250996586
0.7181626778107594
0.14024163574876025
0.5012906627838962
0.8638681885049344
0.9208691781843993
0.7314929527398937
0.8424588072999339
0.45944100766846185
0.5016294748504627
0.011334587481604097
0.20381125097410513
0.36230275021427727
0.4644201779680245
0.6903680578106798
0.41966964137013585
0.5383056005460246
0.8896287080257208
0.30741875636399707
0.8436840077365866
0.7506804038896308
0.5180775206921756
0.3415841342724544
0.14472964587554438
0.31250428965907906
0.2648436481673697
0.2286635821098273
0.2801730101351143
0.5278669651150049
0.11529650351773735
0.9895202159175286
0.26738680054094865
0.467274481173242
0.7630037309757859
0.936713513900273
0.547246194375759
0.3722420127808139
0.03763130677883908
0.7157809998547331
0.1874389889140482
0.16469303488177167
0.640690772363356
0.7588363365069922
0.9087749777311627
0.24869458062800442
0.9579625354526673
0.08069002237520928
0.9342805858513799
0.035223821179026005
0.7496518846545533
0.23148797558785206
0.9587167980252581
0.39507420962807416
0.3328093039760043
0.13490266707746312
0.1152600458006956
0.550674012911289
0.46527488013601903
0.48720000124693386
0.6764367939611199
0.754504039432744
0.5163819582373371
0.37004480152296204
0.3680047691791818
0.4699653079136332
0.6668823694068473
0.7386962165886061
0.5973248682010793
0.6699616820791784
0.8190318899265442
0.4872838258954886
0.6018694682675604
0.29912629666793733
0.6175012276405614
0.8641444385986896
0.5088645427463037
0.9075347424490302
0.4827544402134547
0.1127378330779859
0.5636643918758504
0.9569123720564024
0.8407631370200807
0.3474498506319307
0.3323095579523304
0.32475657220501575
0.7964014000913524
0.8386295220590753
0.5128195631456031
0.08745923918349441
0.3425930200181976
0.07749604128938381
0.10012470668414342
0.7504290844503911
0.8232591416096224
0.21909106327188255
0.04114123328219821
0.7113764147900746
0.7753409451249936
0.7602400568108574
0.18934717532224543
0.8923385809134845
0.4636486861659357
0.5995259989838083
0.3223169365500128
0.15668687109019375
0.3920145506627113
0.9475677829316992
0.22102429452744843
0.3392707707021443
0.825204213468748
0.9084344592962644
0.32632538657695165
0.4610191315979263
0.8882674714319649
0.9368157076575933
0.2858844706647372
0.973731550828448
0.12348578834928614
0.7906081270503013
0.7839072342227028
0.6864582047427166
0.4798005381583246
0.04486553736883814
0.40639716354102073
0.3617794220747266
0.5855828909901841
0.7106011055372764
0.936253307036819
0.8384611785528764
0.8128318528813442
0.010717769861840476
0.3953781225635863
0.9363761178518278
0.07936505674116312
0.9053827423308806
0.3550662388022767
