654426
0.3302442570864772
0.5552917577464292
0.5304505700794261
0.5212966484943213
0.040661386675903355
0.4410355032837646
0.315079032526248
0.36815196762958324
0.18404708424101768
0.7663994187398057
0.17847007448944296
0.6404404000025219
0.14755858787102483
0.7236444461962993
0.8707084386356296
0.8756972122627612
0.41068087485078897
0.39227679595782305
0.21895843261035497
0.706094534543095
0.822116825057079
0.8392179583292799
0.7678189217897105
0.5923893082047316
0.25876635516551094
0.4852566101921457
0.061426061820590294
0.8148913062600024
0.2429963291843119
0.31715897718495356
0.6049315968109553
5.344462681988738E-4
0.2750680847732271
0.9945402487854205
0.3642738949591189
0.20048611322962961
0.3495030615431294
0.1515763827664267
0.5156983347992876
0.549330881424076
0.3673309310930313
0.22586221308839072
0.04027219371157287
0.8347167351421154
0.9305790026413661
0.9601985936278061
0.6736785246308066
0.885453027893682
0.31102558887557985
0.3178170132201461
0.6678623256875726
0.5464015078661678
0.22215410482821007
0.9275279835704582
0.7986419966348856
0.15010286679571727
0.39140871467128746
0.3325049112967986
0.06218719156448116
0.817933019533209
0.8292664267110607
0.25489212713255605
0.543303982952027
0.6276849473727002
0.122304516550095
0.8081528733156906
0.009757229194472417
0.6698233949613392
0.03935653900321334
0.09004833277920943
0.8893984547361449
0.28126114733754903
0.23301361490186734
0.8713668402877868
0.4206577332042003
0.29335761149393313
0.8431425037818138
0.15899765820486067
0.9319960161774552
0.9599414361120892
0.3647555452147325
0.25667141803502824
0.40220400720202154
0.34151084601813175
0.22948161365152253
0.5726646356872439
0.6809728817741582
0.31336691825687846
0.16805153077370472
0.8309937146434941
0.007950496903990634
0.0382862291828181
0.5706253641566849
0.531098968959816
0.7585367666518074
0.6984414679193578
0.7424529946566503
0.47074703010837826
0.6659600860174549
0.5166294312644343
0.1642735106613218
0.8978554518936982
0.12171625361145022
0.6134681645444916
0.6100228934553562
0.38917098560059116
0.5402401576788829
0.045075941610166925
0.2488338842054122
0.8672083779066182
0.18871981688272488
0.44484663950923087
0.6639754836597908
0.2615843109810586
0.32925108919469404
0.05328763747021248
0.05829394421665246
0.19685662333466492
0.998070671382224
0.5614878195964467
0.7838811933513833
0.7462063042978222
0.2553939840473989
0.11663476491896885
0.7331103775077145
0.7287757556407332
0.27942372431086115
0.042102169519083854
0.05884261992534634
0.24820363637742582
0.24938352498265304
0.3099794582902896
0.15352304181315324
0.1708733720472121
0.5649709990562242
0.5705177629479905
0.8100479316070939
0.024618268376537467
0.5834124019622492
0.5908173902132227
0.011699511141921914
0.3621038183011188
0.7203416070679752
0.2841842768035947
0.8541080734623909
0.9778330734489018
0.4570134744701313
0.1219332986937608
0.689116349836291
0.49369875392955176
0.5239026600240266
0.611019379825913
0.6985837650936445
0.7352313401755056
0.2895259505930995
0.6937272142970236
0.7555835439764833
0.009169631737277695
0.17336725010961085
0.37975367723828823
0.6111088173818405
0.8627063391311207
0.7230717349127125
0.6563670966224948
0.15631822447240284
0.1557383418374907
0.8486158683752373
0.7389302429350869
0.7535158523240855
0.3096771674880059
0.5899484436968916
0.021924561565705214
0.40347384971144684
0.40985245304600704
0.7096373368415883
0.6697154747034573
0.8223706478524523
0.4332672839979349
0.34834502336089557
0.646649669329303
0.33853137698455205
0.24944107096193402
0.9584958552853426
0.12767698353441648
0.8873215269602169
0.1993019269015881
0.7402864185321066
0.6535411641042616
0.2819584340972714
0.9955676934110124
0.8442298583943741
0.09868517057697734
0.368669901262475
0.4077804173245413
0.6757135758655859
0.5053683812533237
0.6365427149142278
0.6961363880484771
0.7395895598977908
0.10409452316555068
0.3455682169538715
0.040480129304758306
0.596604805261743
0.38830098194943585
0.2608061094326408
0.27430726301570196
0.668518901711005
0.9403609929016918
0.6362515995549494
0.07834776393237097
0.8250449857987543
0.8163029769704295
