500491
0.17890544195598623
0.41427778641546964
0.9132885239309826
0.6882515542756494
0.3417095422673956
0.3863346118891048
0.6491487944932692
0.6164471176463167
0.44342651422799695
0.9070860521600056
0.5801856897886933
0.2768024483698194
0.794203613954726
0.5133319410570338
0.15074416953055392
0.7053058101866551
0.2174773196474863
0.42909228718629633
0.25266787825146286
0.13718212817317388
0.10203773273436367
0.5048626793939638
0.028722148824710803
0.31657516037556743
0.3924867305434311
0.9757947497468915
0.11088567290844198
0.7316151790807701
0.7319871525610049
0.07618559680034909
0.9219597053320556
0.5900880440915535
0.3081153069417556
0.42363648513406715
0.14648181629408485
0.9925236706916651
0.8207922543018134
0.7434685957593006
0.9857214145044862
0.6823726392763244
0.39068385080042234
0.9424588724787122
0.35157217004156527
0.9570419676101787
0.15712366866294392
0.7606868301868509
0.7254464039425702
0.8089124712719901
0.7765264510018172
0.23125864504865112
0.01081517434953505
0.13206122439583579
0.025424710709229803
0.9599023591315796
0.3418268304171187
0.8782647275257947
0.2366740379598059
0.7999040420162832
0.47547598673841207
0.37496010645698985
0.35303770549059865
0.8425812559264435
0.0910840884498153
0.6281922602823812
0.9692747982496792
0.769467094495218
0.04839129008257448
0.3251776863619755
0.852019983351374
0.5196046335627543
0.4143490775780516
0.4239663685389067
0.07615762458055553
0.9138275026501113
0.8587414788858673
0.6717849158017623
0.09705632560170463
0.34762987196759676
0.8400526058346695
0.12899609825795366
0.7899448695620706
0.9152049651183481
0.8555360871269315
0.7922107642389885
0.7308736465778591
0.35945796406224717
0.9132325024369214
0.707940414506082
0.7681206754424738
0.056275916736678755
0.2987187866621501
0.5472796107418628
0.23856450650611238
0.836063616460174
0.655663196840383
0.4724596178123165
0.020461170621699276
0.8215309919190704
0.3767984528120708
0.26771568946516655
0.9822255615719272
0.6179442377490157
0.3107145979224494
0.12976215724873774
0.28623264865434095
0.1305294304492004
0.8299122163371683
0.21727128703555665
0.43731700171677546
0.0034438169157688936
0.3768459931982475
0.044103026262958256
0.9275640727001624
0.175706735583275
0.7072269164724199
0.06763452955630378
0.8221498052706178
0.33170844325777016
0.18364160066792
0.3713901247326492
0.6554002968085538
0.08739186828182255
0.637585149898037
0.17027334572995556
0.5619062723465204
0.5979290903590949
0.5142938284742383
0.9770548701294455
0.6544418478056679
0.8986900117946652
0.24230238246989344
0.6603716002762543
0.27860082256762086
0.6985286017394712
0.028440465187569042
0.2973430314804656
0.9234779795456086
0.5328874213857148
0.5690208790027353
0.6780139319897328
0.24838679472440217
0.1539484337001067
0.48926228058024446
0.5541823595874142
0.8975189997566023
0.7860344753781839
0.6755273426128091
0.2417751341521257
0.5176157794470715
0.40669204081946253
0.04874698403588029
0.9837830542467301
0.6681340373511386
0.5273632113388621
0.7424399071542833
0.5598708426120198
0.11905558756945278
0.042280586283241384
0.09502601300510982
0.9891275450732002
0.3684008688292
0.5901955902419126
0.34367118799158447
0.81402525748817
0.07967324370815632
0.5307777954464006
0.41569028491779203
0.3765053360978584
0.5388735320593132
0.07599857126516851
0.7535734295227966
0.7012125818525188
0.1613889810735657
0.3365395826573909
0.6809912583032951
0.08625002404194093
0.5409744578252509
0.04424275414944423
0.4196718959026975
0.26842814921850533
0.5262080219171779
0.49384536659998013
0.500833429078329
0.07783372634765551
0.3342171379957586
0.8107201129802935
0.979893102174128
0.8256456326180581
0.7671356204429339
0.9960666371276387
0.5594646599079957
0.279475917108828
0.18366550191158992
0.32697773478492465
0.45319372678246106
0.9721164933573745
0.9962824133573993
0.5960297111975847
0.5817704015443038
0.7624227637989511
0.11403648923380638
0.36352337737634854
0.48249691444057907
0.021168010080813593
0.931565726249785
0.8652282483300503
0.13507830090536355
0.5500528230008684
0.17685181948426731
0.4694593053520506
0.7588415495488008
0.35865614309055593
0.17341345629357285
0.6095424259469603
0.5203792175466073
0.7219659852477417
0.8470454688740087
0.9312005986588745
0.005651604017940848
