9039933
0.19437045526725227
0.9818619839656408
0.5458504868682468
0.35407487337800003
0.9112277037543283
0.44422434041463066
0.08386817923375767
0.13339140308599806
0.656439542114638
0.7535443367035021
0.3234065123225167
0.26769823635451384
0.08224766574502229
0.510433878205719
0.011311820456253674
0.642038461040472
0.568548309182835
0.7002319929282482
0.6747002265931475
0.2145474001696529
0.9874522732267407
0.6832598980186414
0.5881071429899403
0.9077569625226901
0.966385057305211
0.7939751395746277
0.4567825474475927
0.02769828920654538
0.734596174300434
0.7259352324862621
0.282348624308679
0.6792176330450566
0.8772050379029539
0.5015515589965871
0.6944199555972176
0.9711146762405168
0.9664183845728563
0.10393453513195028
0.7554186995499956
0.28615842977231853
0.09131196208986114
0.7827013274357074
0.875700276852207
0.5287307981006328
0.7655772589930762
0.6364378475506478
0.012238105089705797
0.05679357836875554
0.5568916337845242
0.3215769370024162
0.7664980597015292
0.9550695000228786
0.05207804485459311
0.6407750111721725
0.3457669196406904
0.41277371653432093
0.4489787412869424
0.32343990030705294
0.6070813809184341
0.23192722208312033
0.14897430560248004
0.5268824167401547
0.5640371538623032
0.9112286680967803
0.21333830743788396
0.4586353476379962
0.8041406787208744
0.3256573087360535
0.442124613118383
0.04880303702233346
0.23799836904095673
0.753423898415023
0.136042914774413
0.7858754895594144
0.4815215280437143
0.8895825897698323
0.3097856416606063
0.6702613178420003
0.958457660116109
0.5295620483007222
0.23952695993074136
0.7368636112880427
0.5029419500015356
0.8060686168450373
0.7478229493734078
0.7513439698038612
0.840394954620974
0.21926079837919443
0.5558992250611776
0.4942894642709651
0.8299761328460018
0.2127887646979978
0.36632063269679416
0.5133179750337844
0.7629351192743717
0.7172381109193476
0.07829499818258967
0.34522775857670973
0.3285853576622644
0.9077126482323502
0.6833711619426843
0.9886170375702218
0.08325819087148889
0.4037362426145994
0.94104897805909
0.8419703607513145
0.3874774920183145
0.2773486100934325
0.8918267696332441
0.41302773957270367
0.8127285005036493
0.5292160000277474
0.6294702476804251
0.8523242062254733
0.9615765079134341
0.14277228874294245
0.5247933198876511
0.7671066245346178
0.49352473046118217
0.4328520276846467
0.270000633913162
0.8314055085726828
0.9038829625565566
0.1679715969453629
0.6956482316187698
0.42385964102902396
0.26405130777103836
0.8643606377825789
0.301537342495383
0.896961969230691
0.6990069057712732
0.7250403069480988
0.8383635402881856
0.10971483289858786
0.851413076865695
0.9286915898963561
0.07870178945101214
0.5402539648669427
0.9616545027355806
0.3607506244208938
0.12391542511192133
0.635819836078258
0.4792339906111258
0.42311468144753417
0.2078351083125486
0.054526170131160234
0.31334924725724045
0.2590367313696309
0.9785613386193467
0.10669534363324884
0.9291014865188951
0.5862327137819701
0.666502261678911
0.013100645129821453
0.5006696130863915
0.34392001536621597
0.3797661027105079
0.5632758235294734
0.24391747363466676
0.5284519851937404
0.007285437662847394
0.37912285281625335
0.8682837725971239
0.9174075704288737
0.8555581900707759
0.26736853896027857
0.8114373063555443
0.8634414957610471
0.19664847349009662
0.07899170268632638
0.550063178185593
0.9768949178625537
0.36309744332932936
0.08456238671462679
0.8162780953516281
0.31011220159664143
0.8896531879704329
0.12150497421476247
0.9915558815855421
0.6066046739548101
0.47223535396282335
0.672617744971606
0.2986773667657536
0.2846475853347785
0.19130907453013735
0.594751238773781
0.667100917062233
0.08759177756072267
0.5298495184092116
0.4323683766198354
0.3082836359336365
0.7521166643903955
0.20533751219750773
0.12277968562316044
0.10486518247919963
0.6208470417251272
0.7307329389076539
0.4281669296639379
0.8912597503361955
0.8572007708677544
0.9211318493734054
0.6140791122744726
0.5830838238238577
0.808030171366945
0.2708200622009592
0.7349050584649018
0.8989807244884706
0.10356544072107554
0.23969439111857826
0.3838969409261819
0.11078554973580379
0.28436315435711135
0.008530216165917426
0.9186395062108316
0.8566067948170386
0.1014085448787293
0.1893318608565967
