2817192
0.9824301992752008
0.5562840082837088
0.14821587582004836
0.3100102853539035
0.6078554778387091
0.37981343958208413
0.152715813668997
0.6318903001689175
0.31091908153243664
0.03671657057825217
0.08191466182450735
0.004057218451883671
0.3623983681321866
0.877959248358221
0.19375531194206086
0.010310806217555313
0.8576747075729525
0.9319117205222252
0.308305192511792
0.6225022309979477
0.2971052263700973
0.5319730955575794
0.8643417852582379
0.9382873163410411
0.13607209092905026
0.13586623882306048
0.7776013327427956
0.3518375273294957
0.16716725321870018
0.785241807983058
0.7234024270865356
0.6828076679957892
0.6565398665016728
0.40911362643807403
0.22905046349509506
0.3718670698220784
0.8722543908673832
0.8357794456191288
0.8803750246364463
0.8403592851495859
0.014577676939725115
0.9452647991154826
0.021947286774628316
0.5071623907603707
0.5864333989583859
0.8679598252323496
0.5619698917060296
0.7575805777382907
0.9268328058156138
0.5150023864427777
0.8805268735377139
0.3671049227452138
0.9709107678829106
0.012092951503556715
0.38382695595113003
0.49713942764420116
0.2972669192937005
0.8008100023416431
0.9472683387920706
0.40029599944039884
0.17663130320063902
0.2701273056388559
0.3465989097698794
0.3996199893682091
0.6454447204868099
0.7857174553425479
0.789140546671949
0.539115726891646
0.593764291548566
0.8957584550157097
0.8259921125822994
0.5421990372931639
0.4789749982178726
0.30934346674387947
0.25132074536829074
0.3602120932882882
0.5551078061246871
0.9672260902734326
0.07629602703927996
0.6448930504576678
0.4421362692626174
0.15451702145094048
0.30291781038051246
0.9367014503448859
0.45044286094677555
0.14107997575613096
0.016932824786687672
0.22515751260688066
0.3227172201189128
0.2777583608061289
0.2692310481248936
0.8078617714261909
0.9588685009630055
0.8251964354296634
0.3215582497926832
0.05161922355878712
0.24910424423621713
0.046901420208459665
0.0950758136830695
0.7420996035258424
0.3561491274327273
0.25932680640439343
0.07924496508206813
0.19772355413791787
0.6596463180036415
0.5991383259529758
0.5337074088156717
0.2189725280041489
0.10410522761053731
0.24145856576389524
0.5472796720514187
0.24607715014233655
0.8763294145725372
0.6827676572306598
0.4058742532542955
0.8060478013261801
0.1790788603060096
0.48827095771215767
0.765105220758244
0.44426784623253046
0.3647909297801104
0.5959275869082931
0.32353187735322464
0.8563786852317149
0.8465050141981709
0.86796586399235
0.04893911211663615
0.86294285400156
0.012705760456430015
0.08559507803765032
0.5227485279484133
0.20237984538343035
0.8386203171369572
0.9937556626333077
0.6365993496223291
0.8569265604320125
0.008575381099262813
0.32013245087915587
0.7003341962754805
0.7718827989336524
0.14234007174969743
0.9162889148343494
0.0020691831006641737
0.3801590531531781
0.15295079178929938
0.2986625793457729
0.9987238970471176
0.30215285711127915
0.8543350136284799
0.9032952897684563
0.6093318138590894
0.955236641648769
0.6841208099900749
0.31055394969586625
0.5336466573643762
0.5776486401267461
0.8103391771983799
0.5447310961056488
0.1250064323743355
0.34833584100588766
0.9502972124044998
0.3082967882267472
0.1091112457279142
0.8673057222553526
0.9457196769465335
0.6717064053534961
0.3593166951487994
0.2503017967829211
0.510327298012052
0.30705167706215386
0.014240300989342036
0.487125164021853
0.5943402733997787
0.8274752773776253
0.4549229746133745
0.5146825356306821
0.4949658925486051
0.17415163381737797
0.04648366054075004
0.6638488097215974
0.1827494048709768
0.2787701551555525
0.09314977928390278
0.7534902512124708
0.3107374624104956
0.4218391114881953
0.1557423911203648
0.12550189113428922
0.0267242786902524
0.8057617826645109
