3219699
0.737139163958427
0.34147086849634734
0.018419963364028735
0.8665191253153081
0.35393468661086513
0.0945849125231909
0.18720217232784508
0.7589258694187887
0.18146193694434853
0.12966332693328841
0.9681812932077032
0.2678098363105862
0.7845349946472756
0.6096954397322321
0.5926301879475203
0.12109763949041563
0.9277175213555744
0.4190293264056163
0.5234001600328697
0.3106714629206897
0.09661749915806317
0.3513614480988857
0.8847645884454926
0.5629958536071613
0.15565374847753732
0.9949355501540806
0.9552020191632651
0.5438953795055818
0.5179350747871956
0.3978673511841673
0.6949513831969016
0.7304970472809112
0.3093381033418424
0.2732687881930158
0.8397416296488186
0.13823419115112723
0.27156551832362397
0.5868538658487219
0.30791876257357254
0.2519416406156081
0.5679113503311384
0.8589658785644056
0.540263561397002
0.5774540697985802
0.23065549508311
0.40847320075480287
0.9201132804230996
0.20375308743092102
0.7204549322960974
0.06773938912917887
0.6059716599247417
0.6455908937187957
0.9557942363368606
0.6058804481516257
0.9496105996398206
0.02265117545844464
0.21450357019399935
0.21178023454024986
0.1697389115728699
0.3236911251366835
0.5095475821940841
0.9088428820907385
0.10463214122417852
0.10274077190646103
0.3977337489256494
0.700218724790332
0.6766889173318097
0.45931887117618664
0.6926841899660923
0.5762480801817955
0.1676991746673534
0.5657575061296779
0.22236026888876492
0.2551251878249755
0.525680038140862
0.3221102044923372
0.596624703584737
0.6732921920557625
0.7024551163629573
0.9427511696099131
0.931771005032176
0.7938311932272807
0.45572387429520456
0.4086562260135763
0.6166453837278424
0.2591296814278764
0.140187596234415
0.755488615556785
0.4989320603795574
0.7783530931594409
0.7593688214480058
0.10999593871030622
0.3203673444017102
0.9107656637617104
0.9530816180733691
0.23585696068611695
0.8360940891063862
0.08269861699492598
0.6550803881935041
0.10500016894370379
0.8160627391711626
0.2589724122958267
0.8712347851818657
0.6715485660113134
0.045331044816268706
0.6788382283758791
0.400649308291101
0.5929279693892139
0.515309109842429
0.4620106254431451
0.35046593916539925
0.11630912819663841
0.22944283690548772
0.6921221226905682
0.9796586482285784
0.728436538923074
0.4345229651178586
0.7929375573157332
0.7479487869666026
0.4530297995141075
0.6327529792985596
0.6269243725397896
0.443041352966421
0.8723260562133852
0.4299042714143415
0.7662824926264376
0.9127010816756983
0.04796498832789042
0.1313323344640409
0.8132953301550637
0.23775930390148525
0.5213005890639536
0.010322588088294449
0.4798713771474158
0.14796129728594531
0.48435673579619476
0.3421806702927279
0.3754035782706826
0.10463526483676922
0.030026438999511074
0.6226764622038677
0.09758142025311956
0.7524837280086467
0.11374731326394572
0.8708967974713582
0.2725486799734803
0.37736885705075085
0.4887690160853162
0.5542572695726466
0.6488073242655935
0.5977831998073129
0.4132607050682342
0.46736863985551014
0.2135260711864515
0.7647679169013066
0.3698896258214863
0.8466485435067976
0.5704200390860259
0.4483607792509623
0.38713492670365346
0.10901487719274028
0.4951251004409274
0.9482263845082601
0.8064833152591233
0.8656923579935426
0.6669995105659042
0.9819417195002175
0.5007859399270438
0.28110883469681747
0.06554170115446756
0.5764800396966674
0.61643919743149
0.4220537694800096
0.41512259677319086
0.7167567975581801
0.8856844069436088
0.9737162066700324
0.36348688733369083
0.4896713455035987
0.435204244785105
0.5869147126129883
0.7874873598365514
0.3028984688642593
0.8033270063788194
0.1647778921714681
0.733772267346561
0.2547546036718157
0.5705320526604006
0.5973283615732193
0.02265519809569594
0.8847828816042252
0.6065829645822023
0.8088690158381482
0.47015381883741403
0.34427273458716545
0.44249766036435956
0.4957657025260357
0.01619164626125358
0.49174906505595584
0.6866974132087212
0.6011654640110154
0.7862153354960802
