8226925
0.540536789225544
0.72205975952142
0.39838497865069467
0.25898752437907835
0.6638267739284028
0.1442328003185518
0.03614925514181444
0.26507255778639016
0.3972396024237992
0.5314515337072586
0.5365556266103502
0.49854153897388886
0.7697037293185385
0.17222942204857428
0.5305838138625102
0.588679346191352
0.8405348515026161
0.31968127278722613
0.46616785021274165
0.5489854434724339
0.7239241480257426
0.3898665181632256
0.6302907433648006
0.5975172890599008
0.2416125644773075
0.2764242667343654
0.08925912974858463
0.9256332114583752
0.06034924869432734
0.6149051400990634
0.5702587556894199
0.9814497087317365
0.5428024983467449
0.3975868466773035
0.3824887904059968
0.22983530750733627
0.5689112912475323
0.8131938697322353
0.707616734552402
0.15252158468501942
0.2692367371701546
0.5658242195139814
0.9769920996112981
0.4599194570002453
0.9526922925691029
0.21351893275933187
0.5970016424620651
0.10048645424098757
0.5081023716284737
0.25929312030370477
0.9841447857265214
0.6739990816198071
0.21235881843359372
0.8260797178655932
0.727852628355697
0.2818415935034302
0.18751594505611402
0.751920504090383
0.7117697236254532
0.6804306156637183
0.714983778574671
0.8528710146029476
0.19316285962298685
0.8431528892443676
0.23705077350898973
0.9184696664478923
0.16531653801750945
0.6817010412428129
0.1542868856628774
0.7282533015268174
0.809219950457446
0.7294503244342606
0.4619481170495007
0.007684992048686667
0.47854577318371905
0.047526835146011304
0.8593246231257471
0.777992241051981
0.45586642844647407
0.4784756892937778
0.21304385370670886
0.9967965491832388
0.6682485066539907
0.6429455536815519
0.15866140493347558
0.7350486604223563
0.6568115956290541
0.7515634033125401
0.1844418344580787
0.39066570717969396
0.35753312254515857
0.38718144944205257
0.7570526903266455
0.6004002572113872
0.6695258012486384
0.901936097364773
0.9209647287754088
0.578853300125122
0.36220998052795383
0.9690661451372066
0.33167175896095524
0.5871764056054439
0.6042484004738208
0.13119583391670675
0.8674143362934504
0.11389122326510825
0.28480562908717133
0.8947957658922402
0.8049110212041601
0.13638690700614375
0.3416410049102274
0.03479247289462262
0.04167198787932713
0.5240390376371318
0.5107376194181428
0.293805815926258
7.89502004947984E-4
0.24252667960219831
0.2686167403826728
0.5872502772752228
0.6636706167804759
0.5238065810731821
0.2511811588418549
0.15854491043595853
0.6419972911125719
0.577336716356629
0.10187711036043623
0.867934049900386
0.32226963721928836
0.7355239450602247
0.5271590549625944
0.943928656049428
0.8946085906163816
0.15000340291750536
0.31868767969360334
0.07813624575527167
0.5120638907372057
0.28524022537589744
0.2393858839766535
0.7022550812481388
0.9174945027613645
0.4920768154706914
0.9644237076467506
0.6502658967264219
0.6221579988221212
0.886231862095669
0.7183978716088827
0.1793626046480541
0.12346661531413095
0.6053897398654667
0.8564171162612718
0.49992093463985254
0.7089371809561688
0.2734023866707702
0.39949981496639275
0.5478120095931908
0.10918299682203392
0.16125809908673283
0.45363588577972114
0.721625218982362
0.6348659883764601
0.10185426501326034
0.5170597812775558
0.7028735694147371
0.4608474280718582
0.6892448060761525
0.9117272855152135
0.2790110131904405
0.4053461691480429
0.6729145872323161
0.9626836494130853
0.29710060554455964
0.8927335789483165
0.74376742350213
0.09295621816377087
0.4902288939128424
0.7856646752573834
0.10089541961797155
0.7017999842881832
0.9392707345949057
0.4255649644493694
0.286831669832721
0.5505695867537573
0.3593657104713369
0.5300634818110663
0.7838704130542077
0.39318687045828316
0.23347595993326598
0.5617821133871235
0.7751713693782162
0.7571183571110613
0.05465218404492478
0.8049620576846616
0.2917487144256168
0.10597197731833585
0.5841431246345244
0.6647283572260315
0.6900766099860064
0.0962684261998451
0.08424129279325998
0.6383640161454149
0.03492754423154176
0.27863693832578473
0.9427655311620721
0.9987851137936032
0.4981910264294398
0.38763139552281256
0.9703387418719209
0.4774790604651994
0.32680447952133507
0.31455738371240394
0.922127445825687
0.1374882744810273
0.2815595484901833
0.9641466207111381
0.4724666571046906
