2997801
0.1865915667828676
0.7034310959372819
0.45860991027082076
0.9538025094346956
0.6966567410322664
0.5252080607670212
0.5715458972583274
0.6606419130241967
0.06720686707837642
0.6135887770108316
0.8493771712187028
0.4147071537960286
0.5995644448675441
0.8005357842193824
0.6094317735485424
0.3892502116943307
0.7325067756835021
0.8425681731353293
0.8914823026712076
0.8984906489727129
0.3311870515019786
0.3328021319523321
0.48350099269469293
0.9723972261682501
0.9181453551362909
0.28293361754979296
0.34258410069267287
0.057542724490220354
0.8885546159500554
0.69098897591119
0.08844410649089185
0.11151803675409
0.5614162636383881
0.9155535421726709
0.7595640238971123
0.6914001137347365
0.384241443830759
0.08831951819896677
0.6910527108405113
0.3760261217881251
0.7308229555938713
0.11417837198347858
0.1984363536121111
0.007333329809214972
0.5100244762181193
0.031715381687613786
0.7330653832173403
0.7877831981427337
0.2380829955323447
0.6368468290325422
0.31251275793903877
0.22889476132096043
0.31774132629212437
0.30847282306363555
0.323283629960049
0.3101710167067111
0.014597645136212423
0.9174024153493906
0.2433525246689472
0.9782095677299624
0.024379203878365674
0.5484393626040946
0.43848918472778287
0.2925465049228332
0.5844180209277895
0.5204006854550564
0.9490295678260404
0.1077904552811394
0.7984261763063351
0.8499722777159405
0.10269372004793087
0.17086151808241024
0.2157391984030056
0.8726890851994094
0.8642477782718901
0.9076575672805567
0.7345158452125481
0.20796002356669485
0.06425239524027615
0.9752282859879253
0.5829532546935567
0.6349403774107168
0.0368355772731227
0.8635449199160656
0.4733966418492509
0.7321879160807161
0.7403724740119305
0.4452119731456914
0.021292752204129073
0.32642084248268477
0.13515125091633062
0.3919743417109457
0.17425724520797992
0.8943292821901054
0.4485479954230035
0.8036315508583308
0.7060957372629371
0.06627463946462331
0.9709301105374514
0.22797856387783455
0.7964390647484121
0.2918433455592534
0.19445229031095135
0.489650183312173
0.3387235848688478
0.5446055977363814
0.4321047962790464
0.3912542781004946
0.897567210085387
0.6670610899249911
0.5358189617951108
0.4019364228869219
0.1711629498378453
0.586637549162207
0.9701300148118794
0.90652675685664
0.405131209799504
0.1697404353265718
0.2918430846964569
0.4526774689367532
0.4513430734757231
0.9232345080580818
0.0363428867731983
0.7039070688762068
0.06854668565734046
0.10137179800409168
0.11763357777021699
0.48322568841264646
0.6211995347164048
0.0310620249335275
0.11189015770521604
0.3750232389791326
0.5487291922526272
0.6295155257017686
0.21324813850793267
0.8421598388396246
0.8495160599312276
0.15567084997907465
0.22575373861883863
0.7107066605585095
0.3522115103108153
0.2104520928901742
0.6868419253745989
0.1765417971379366
0.7315751748747882
0.8807842099086508
0.10540527117258902
0.19601481938053378
0.0668357005259197
0.708426778611834
0.34146126547876354
0.23715064458378687
0.237649335324424
0.8570700650960789
0.35462181689112793
0.8883717338246642
0.6060510944133611
0.4497697338160348
0.9050136097941183
0.7484748741457453
0.24236367005621873
0.5536793302399745
0.3029929854337088
0.3546073415987643
0.41884944709130745
0.7001727362041589
0.9729450958868533
0.6442441905128319
0.216961384118739
0.1458314180456548
0.4216515491829038
0.5926770815904514
0.872368629639914
0.3034039790356402
0.18315676890395105
0.21928215333814494
0.9165034552362893
0.9017286926553745
0.4497581795389044
0.11384284873536021
0.2641959294887668
0.46974218446528127
0.3926908133261108
0.998460828540227
0.14403347013721735
0.6820804249056992
0.6262721212217333
0.6110966078164484
0.17140238863599588
0.9524109929812535
0.8757182709235742
0.37353867583429357
0.9237391814849918
0.41551808201249474
0.6715384623184159
0.8896080750430496
0.09333931520458738
