1905450
0.10029528459297032
0.812358934316871
0.3086632024139666
0.6651418482744216
0.6631829088407888
0.413223794025703
0.984977328640709
0.5952282714794909
0.5252204801957028
0.5878653013626851
0.6653190968655792
0.1503446348969365
0.6357671490722453
0.20113107428758759
0.645074107477793
0.409575740986276
0.37207590506642074
0.6717014213278949
0.9475037383141417
0.4263713627052945
0.2762901092966692
0.5054252732113701
0.6012446366081674
0.20244374050203262
0.4300638664147587
0.096048018883087
0.5179107874324541
0.9346268669298932
0.2718903323838937
0.3428008305283503
0.3046673587763242
0.9616077062191376
0.5733552512721062
0.8032651515616887
0.5859034339374909
0.45951015591950606
0.10791513531653185
0.4251223763230333
0.05363895465663637
0.21363276349039095
0.2694333338956256
0.3818436004515079
0.5180583573828305
0.7282116330091994
0.5275888001916882
0.17506957393357103
0.6875717104981548
0.5268998062336919
0.1434066362230998
0.9603764062270155
0.2720618492113849
0.7437257195492811
0.010540591615723738
0.0033180056339051633
0.27348356379256067
0.007612324061402886
0.8365724038955421
0.27908144481535346
0.0047391603277832095
0.18310999783700788
0.1334738370461065
0.49178658002072495
0.4607620570000447
0.745815738488701
0.6475116978456649
0.2084068198828566
0.15499836569247083
0.443022205034321
0.9262575189759236
0.3774833146604756
0.4299835970059479
0.41845986591109696
0.6939976416173955
0.2342497205659082
0.5524702199788128
0.16456626386856155
0.5867212951401202
0.48148044230611287
0.6115689150668112
0.506536410266454
0.5839976977546676
0.6793205141823379
0.3526247221005554
0.31947885256278974
0.16743555210123506
0.9775501354452929
0.6000564303924728
0.8333221850280726
0.8340516400845449
0.6801830278209877
0.8491463767409951
0.18968715590027518
0.09775744564660072
0.6449921476669799
0.9397744046722786
0.3807595725634024
0.5233061026834875
0.18950237876371945
0.4643487142290197
0.8222698884656509
0.6544243619914231
1.846442564209516E-4
0.7076932554159191
0.5910055389031359
0.9214872307907865
0.5230315088031681
0.46840969181491754
0.7918521202085881
0.7439759841877085
0.45138934914211615
0.06923942950701811
0.6101803319756353
0.07909248582132866
0.22086781966341473
0.22820924549627897
0.35246548128242305
0.6102862561724223
0.8713423476599574
0.2328518248603778
0.18134698018577167
0.6180829732795272
0.24251099753166017
0.03655002685101816
0.310905058614557
0.3304863468984567
0.23216190322616514
0.4790621690315844
0.14375323348318791
0.21135759159573864
0.7652534760621374
0.8225426610830636
0.20361400236751392
0.21256016775211783
0.19710418779993832
0.18988061834136194
0.7453668626333887
0.4892899162015848
0.10543452900279338
0.2939369556185192
0.609127251605027
0.45789325512806334
0.813698708910543
0.05426772559305759
0.22573551925241453
0.3616096905602071
0.5320894790588844
0.3121800601817153
0.6781055835865516
0.7020567874322372
0.7027940425571109
0.8754741368031936
0.3762028099259811
0.9929094733894225
0.9925251110015623
0.5509829108314058
0.21299137365283438
0.2971074813285115
0.38804576651458145
0.6560291128694051
0.03451143679655355
0.9200582318374217
0.01935270858036897
0.7391762792614945
0.8793169199486498
0.44868498003738466
0.6603773449150919
0.8861594079590518
0.7208247375642719
0.04980279492742801
0.3385097212913325
0.038637573582033014
0.3806970850237795
0.5711878584820594
0.12194549355979756
0.2114193993771486
0.8721980807822238
0.5248386366559917
0.9478015327136443
0.3580697342366149
0.6795371905147363
0.47430944830831623
0.3041410972053942
0.9053139336416764
0.3825311439181781
0.6966311042270154
0.6854945078299649
0.653413453228295
0.5954874773640508
0.2442147044310531
0.00415718592858183
0.822695208208012
0.40503231399643713
0.6932684192451524
0.5584915302730177
0.5156738144409992
0.36367546266039397
0.9326396663111958
0.7346549449551946
0.7597146543816384
0.6242267672831436
0.32062758970241645
0.34962133357338754
0.596942843998873
0.9847472000825492
