829225
0.4171942066246267
0.4310590042869148
0.3961113867300359
0.45453898354096234
0.28513461273570895
0.27357277029595906
0.6753992249127286
0.44874914010895883
0.04615000050644702
0.8110137052186142
0.24561829629162135
0.8724814226798248
0.9764001879454882
0.7010054796021025
0.4100659422497216
0.16488136600785652
0.9309942962735119
0.030530867372921988
0.29026698781418914
0.839480350297656
0.2980121945934162
0.2203680002674957
0.0861079102875365
0.1791537602086808
3.1204741714918605E-5
0.5313609992142234
0.22437298849800835
0.5223700407488722
0.28476598110585505
0.5569546779339807
0.9014501616247016
0.01197616764242615
0.1763116617356687
0.22411881094481356
0.48398239122312536
0.7685868583246289
0.4946141299829814
0.11873248068056852
0.595498016408962
0.19771402869523658
0.2931730283986167
0.40169422023677115
0.4875610542622253
0.543094065202999
0.41361657517703454
0.18846930265998996
0.470740862187191
0.8582403919007092
0.6106700724960908
0.02748055161788543
0.763707855734725
0.28406907281989535
0.3621724146645042
0.03169460911558364
0.10802009082084252
0.8925160099832091
0.04617810905663533
0.2929506207762983
0.8916730726493883
0.3843839629671779
0.640814868970479
0.440023920568534
0.32624318804887387
0.614228332520116
0.48244987217975566
0.589112337546971
0.4304631071196543
0.2559108835100514
0.9038503334891873
0.47937829496405493
0.18732463390084897
0.9195208380649827
0.7664072018282209
0.28637489882424894
0.2623131585901912
0.6836831673819315
0.9991230275130195
0.46263002989504776
0.09713522956254173
0.3168440330895881
0.26194882686223175
0.9673569294921489
0.02630840155719416
0.42694396601340456
0.7621862548692859
0.41620607896795836
0.30324088887636
0.4009592849153807
0.07005557400174434
0.007167739474193691
0.5679356923040321
0.2741130595889436
0.5031617269229363
0.5601799946474288
0.340212338715556
0.6031266148266212
0.2794740977099468
0.6456929432357065
0.5803465951027624
0.00870353843045435
0.17456822361481616
0.5713840034031765
0.22328678876628583
0.2995079389106855
0.8612606320475309
0.9464157961049053
0.8631129690921553
0.9932193680786052
0.45840057390710787
0.6490723607718227
0.4411628584942906
0.6098168902684149
0.07046561362159853
0.2863053819870043
0.8742566736925458
0.3280652417983724
0.26074037286656393
0.6526672270786558
0.048710261414518174
0.46824637486385223
0.4682409076468418
0.27130290998010875
0.5013343282943551
0.7924997554314919
0.3521798861437555
0.8311182933884372
0.41037496074575075
0.7987053448335351
0.9276505234957408
0.2219375003362748
0.2273584829149199
0.02466343498212431
0.14234000028540272
0.9134073760784921
0.3950617361528138
0.8763957701613321
0.23646615687464523
0.6236025012096822
0.11733654534240345
0.6477126444078406
0.8267636919897486
0.5797293809665487
0.07327476389972187
0.2077612850884143
0.1602290335983516
0.1860238134928376
0.3012085755922719
0.2990906432319136
0.3944663292274603
0.582880728726696
0.21729790424717677
0.5108385870218939
0.07885884820765887
0.40645122792985555
0.8789653006456851
0.7699672610332823
0.23442388245724866
0.039386560569539486
0.15519575290319088
0.6280431015646252
0.5600915033705117
0.7811043784676037
0.42372745284470736
0.7118781678575258
0.3292803365069469
0.6598979574809534
0.7794166809736734
0.4534196859558959
0.4830267040815366
0.05940401055995481
0.5085680307828474
0.6175950809453463
0.2745557464276891
0.9383904249402863
0.7607793598060071
0.2063901602169873
0.5750665985105177
0.1855204291562541
0.9328580719757704
0.03325825190034759
0.6116358479123194
0.5696949285664817
0.2686235406870362
0.6340285649511992
0.47552678028493855
0.8217700560572423
0.5739180651419149
0.20880231392228588
0.21282470283857502
0.6148926506565815
0.7479069508669444
0.973895480606902
0.6892009707170077
0.5983911343550954
0.0397554349156638
0.6437070641955793
0.7067418195193959
0.18410484992262643
0.5540289641117327
0.7594628063421139
0.04316050949577832
