1756421
0.48423047076572123
0.5486698766455158
0.23510379167267514
0.18234426709600793
0.6562088528303872
0.4961628252993907
0.8001599831218756
0.5100699798053606
0.9228716500729438
0.7115076073992554
0.9852693288390884
0.6598560804729016
0.7050116706046483
0.5898772288235009
0.9180730517363401
0.5113001485439026
0.62873679875723
0.14234569243037998
0.4755380577201015
0.06688521446003048
0.6514124267666729
0.5698287397467282
0.27332789544930003
0.06311970406652823
0.18769242888613813
0.07338790810855167
0.5636639816607135
0.7080100529487092
0.9110846198819931
0.9633064013603172
0.36018876739242633
0.37924651764149453
0.8566910742606942
0.39985324841427106
0.011663622130049789
0.4661161862719527
0.5572099055730528
0.775409459298503
0.005903385359714908
0.7930403208246876
0.20697980868841948
0.8306383199337007
0.0011710995731805118
0.22376500809031685
0.26779414680336566
0.08663965762266967
0.9543257909749643
0.11261774100855726
0.5054068591883144
0.07053497832299616
0.7433367312562664
0.24287532924172528
0.17709742393829597
0.11368959581770532
0.866348457052455
0.7721706113245529
0.9783577392746504
0.20978427981471914
0.640300214555336
0.4909992097190512
0.40070899945828564
0.5342077005951357
0.8191745942544955
0.3927696072916669
0.3528518096510713
0.7467482273955597
0.7052700043060924
0.15247327326916527
0.2537984594430569
0.12632187514019166
0.636462103613102
0.6159336719047346
0.3193309671333352
0.9194804671843305
0.19823963229009267
0.8127267281289611
0.4320746152984798
0.02370253615958584
0.6313702824816693
0.3232469164766453
0.810671302076974
0.2719769154505567
0.6843726594310815
0.05402741054613158
0.674982843952252
0.1369464531666389
0.5945407230333206
0.605304092227466
0.24194923886368924
0.6308881498054624
0.9720872546459819
0.4509471416554358
0.6806727405627242
0.5420625995494346
0.10904347361888722
0.09326607406547172
0.10549333499888458
0.9184742395318709
0.6378718003516829
0.2038273641809396
0.2922669333303687
0.8868414820127055
0.5243197456390173
0.5163061609804414
0.5657528733945445
0.47758357291333775
0.09486252602270595
0.8985267295145792
0.22496230115687788
0.1158888375641638
0.17115261622297406
0.5982290740784669
0.9485147586659874
0.8344368855202567
0.4122149348793409
0.13073163889443706
0.853495196250029
0.0651051422842378
0.649696554883204
0.6565433598210886
0.26899960614754204
0.07499766733364632
0.34229960041823715
0.9831108057360487
0.8295015026373663
0.7263923500411494
0.27259754481320375
0.5172686995183937
0.1933686760167067
0.26071026442306666
0.262754015908656
0.5935956698545758
0.5483029762246497
0.23336865718978317
0.9952346046460233
0.6087593020254667
0.07817259338590465
0.5593869499169226
0.9904218409761714
0.3030672761457489
0.734651196551017
0.8688730764947294
0.41511423547177406
0.3478248285377672
0.982273171475268
0.017025093717087048
0.6742102821732875
0.12073112808844932
0.6669602853041658
0.645040698272341
0.6724488597018022
0.1814296613563725
0.7957697779144646
0.14633578765248656
0.22389752535346807
0.4954615301570856
0.8095595354829904
0.2567298930009617
0.33395079892963475
0.8972522560913052
0.8804611813073872
0.757765211985777
0.9819207853846914
0.6313961918991535
0.8724973372389744
0.459083071001645
0.5918724624955892
0.06638547113026794
0.8663744149652703
0.708789824296269
0.5951768239638007
0.8360626003155578
0.5684278050540964
0.1700017542496236
0.36032480799521593
0.7314594126753318
0.4988917067007621
0.49726673860961657
0.2938658363438901
0.6393174622903033
0.5861108440860407
0.8483175684682652
0.10090454427278539
0.7034677115266401
0.6810068700274821
0.8746206365677497
0.034409998942453
0.6713803735298479
0.5500575744285265
0.9484402905453859
0.45966180286386493
0.08057873266277227
0.1052422429105001
0.9046482432334388
0.21347798842446364
0.5382428741976939
0.9858517840623248
0.5022641049382416
0.047439441332192356
0.8522130286776015
