1567702
0.11975768117097374
0.1437217465758741
0.910146831283344
0.182734353178312
0.5606790237709731
0.12911353938319436
0.9456150562643777
0.7016679346262611
0.7231824617223801
0.8681724540019673
0.8632319996332186
0.46952587919959055
0.11859445438101013
0.02451007711418207
0.7692771301379625
0.3705708761103754
0.8327018486107407
0.5246357893082779
0.640817387906887
0.98235336859384
0.2800606349176481
0.7285409382577301
0.36986659099204433
0.19844268303594137
0.21992912488221072
0.8291390202758206
0.7090161979316282
0.2717410263655128
0.6252867122129909
0.724611035059214
0.5093147844329013
0.7006517432665375
0.7590944930731427
0.1907129171402009
0.3569939870976554
0.04150680562179432
0.7308999695897206
0.1693596159598525
0.08770945727878943
0.2980406685848568
0.8820823104476697
0.3853085756971443
0.6852851678616567
0.012330605967391328
0.5794813516195498
0.3045225808274009
0.7565197449257681
0.5615066573625291
0.38484751788553395
0.6558005829241254
0.11443435486127129
0.4506668888644456
0.11149582572181604
0.35152191530479626
0.9994113519567934
0.5848165334472324
0.9797427956004319
0.663858064351965
0.12099345300216435
0.6012826317245753
0.9391490709416458
0.9395634426465614
0.012683640782251704
0.34893805544899215
0.23828769947237305
0.9694644110874929
0.15790615846503386
0.5117022465799084
0.4917016899491903
0.36802408023690136
0.967359229238307
0.19116848338524983
0.8189107523807787
0.9638673821833343
0.9663107138401472
0.9868401690332735
0.11177223343368581
0.2539099109180045
0.4849578193818149
0.7423418106020837
0.12419610940026715
0.4317404771134681
0.7357926116884822
0.6621029146977658
0.8721601807797745
0.36516632337770993
0.40898541720172077
0.9453958490968386
0.7821657339929482
0.16833708778609924
0.8201180504841693
0.4332416441019792
0.13272023325506654
0.6906214497686662
0.20416995768053858
0.01858044949967863
0.5961285326958212
0.3274186005239743
0.9654796211704701
0.7312362509601623
0.10681908594811884
0.047344102654077735
0.5654749196089227
0.47658803638873914
0.8576277058120635
0.4257375476617511
0.2582855870775349
0.3804927225887442
0.9569059974329093
0.7761975959143576
0.06892196693867081
0.572887807251616
0.16701733692170984
0.17985725486203252
0.24952378094875804
0.02863443719119929
0.1887284053553686
0.32637055485223554
0.946253895603364
0.7765446938114832
0.1561996947873482
0.6010892402618692
0.9627313700652643
0.386169228749084
0.36372369085121103
0.7796660926800585
0.3154691982634664
0.14680467989973578
0.7580545163394901
0.02432937196708429
0.7426019975030843
0.7643129959999261
0.39911869016791435
0.6153303766704451
0.44925944394870354
0.7187271350091943
0.9170912898318263
0.9965743305788693
0.15126130464339194
0.6492513658648293
0.9752677062228009
0.2662022517266778
0.9133807627027981
0.26314604828241117
0.8858560080167018
0.2008995248310369
0.36924214180468695
0.30112065719305503
0.8197607302287822
0.26696466898250837
0.6569906247528048
0.03424096363014539
0.5016236264978569
0.8416794929323144
0.8081907030852922
0.6159892156021872
0.8878329166923585
0.0452795946383433
0.386981241561023
0.3679991803595819
0.08790725752651474
0.16683246668329066
0.8923349891425982
0.739120536644496
0.7086064184184098
0.6565873478091606
0.8083407559299888
0.24485004235910335
0.8753156398716663
0.05286995959904528
0.21574666263407039
0.1677994343426219
0.4166962134222365
0.013351811623124932
0.5625735559691059
0.17975326019879956
0.08628998208585748
0.8285327953367484
0.5324274988807745
0.3320023817525515
0.2387107994153873
0.4095325930061241
