942303
0.9462109024451568
0.05302163470810817
0.07825138452120328
0.7627948921446817
0.28625204037082075
0.8911932880475885
0.4541791866000563
0.3910657318533859
0.741443137270031
0.7451602232473189
0.18969025779189952
0.8930158545535164
0.6377972180792255
0.23552621876089963
0.10043548912168099
0.27313359543914284
0.740904714801974
0.6890028015220722
0.18372878657576397
0.11902390409313635
0.19509054077101196
0.9297358095902813
0.9409921510337524
0.8550058940416304
0.798643316263114
0.7024267606373343
0.4336878639016589
0.7389099990901674
0.9053079952436571
0.08799724548117138
0.4669333380924664
0.13323256539309658
0.48930434110363374
0.7149281043532641
0.24518958206822872
0.8523148913963369
0.8144529383007426
0.9180363840282019
0.9508594045753573
0.06397005415017376
0.7075619536589585
0.25133748507377784
0.9593267574948686
0.30698996265224454
0.652047011654208
0.9227718874607357
0.8229141676072197
0.6752220394680961
0.7898278671716178
0.7859585039459694
0.731430419188168
0.11441317815473584
0.4478648001313158
0.4977702924299684
0.8884256523183001
0.07977612942353407
0.9902693638991189
0.33040972769125876
0.12996690948809586
0.5102416640341325
0.6377429142064441
0.9127951591567249
0.15669204776864298
0.1896173593026893
0.3931676514231015
0.8684515208865506
0.950095400117301
0.08538171681828743
0.3654952395855542
0.9157319071603628
0.3004438573385416
0.182600288170905
0.5936475248898905
0.5010790941622141
0.8864174349448941
0.6634580267612029
0.9379652807326083
0.44716926306107474
0.01551355883588068
0.022160389179404993
0.7288102772133231
0.41516268077065166
0.9594496526653713
0.8504627526498242
0.6402470206908232
0.2039187861149745
0.8002441230987732
0.5808463864643824
0.6913003426822281
0.0389166219718764
0.8403508016151452
0.43236631142313353
0.3681054252537058
0.03975349383180182
0.9241674455739574
0.16845461407366402
0.6073374744424037
0.9974781023265133
0.4684343861918592
0.04647060227354538
0.7846279467835351
0.4416471799945031
0.6054840769022567
0.5155465952907543
0.9112453808797251
0.7318770843746447
0.605998407276239
0.8022864019048556
0.9581382525897828
0.5697952462648472
0.6668754932560864
0.5131313275734161
0.5985083755050689
0.8946785190670435
0.22500294752578953
0.7777157325731323
0.6884033618017816
0.5996987514530423
0.18918016580043895
0.25929321070627387
0.48938680890549435
0.8855784186801149
0.8701274290185408
0.5663207086168041
0.9781655274068469
0.35459246238260866
0.9324646178682657
0.21354715553865977
0.5851231577373336
0.14023439919451575
0.3927383164678919
0.30146010268658685
0.3570300548387366
0.46649858807673306
0.5440206472653035
0.5097018928635733
0.8487694424680808
0.03561267374954158
0.7002988476175988
0.8330748915123458
0.014740326732431974
0.5541871674618751
0.8228202673737105
0.7280128782479456
0.9926676774793823
0.5251322904177658
0.4157518248082739
0.9829037467460523
0.9508713071865106
0.15632442723639872
0.5599593284027234
0.6774059986345935
0.10461425620601461
0.8668879328103487
0.5914067885541235
0.053910229906831586
0.5979727429950303
0.4080904004749689
0.7246210520807356
0.9885533498661836
0.19473963964702412
0.05823262064988444
0.8718629572985788
0.019702500505068277
0.6251932830361301
0.6995470704624203
0.015091014831712268
0.5685822238963661
0.9951348991244294
0.840001636271782
0.7504989785160634
0.06972699089776191
0.8794168897414597
0.8040382185691284
0.04435452215770108
0.2181988058063994
0.5942557291170193
0.3836585299033134
0.8140607039652025
0.43601723693170913
0.6709425626679687
0.21490220340868937
0.6798078571162884
0.9620074586221
0.7381357418149667
0.02464513317834993
0.11987866756006316
0.677279146563352
0.8607390088664865
0.678779110860258
0.30661444247230885
0.8928073270174415
0.8804402031151773
0.6552160239549876
0.10024587516770489
0.846094007270577
0.4563050043971424
0.16379328612951238
0.03423725785162557
0.5806469665362816
0.31339097117122794
0.6400394836527945
0.6384876816561792
0.21502031327962834
0.6731671040377994
0.7508926203753713
0.11567899106054491
0.34741872196795887
0.9615947285403875
0.3678454721332636
0.211254804085508
0.48737578047764607
0.6690458235151611
0.1866258638467525
