1300267
0.09896066140165505
0.9577737626739182
0.6708049188642892
0.8024024750756905
0.24157061306643324
0.6684809057054741
0.407721467016985
0.0856391368908217
0.48037051452461677
0.5271393569400717
0.07364929286122979
0.6461041288516717
0.05716428017068875
0.023145117926283487
0.3596309403819018
0.021172992733407225
0.879013993697922
0.6976192260968292
0.3643538247439545
0.9794469041557345
0.09862051363565172
0.7951767513047849
0.9962267599781749
0.9918410767331604
0.002196341170988214
0.38255859773441014
0.5644945685647755
0.48968023768303404
0.27187776572093203
0.614698386881477
0.2851295604149975
0.0029719669781342883
0.9211689846898933
0.6305549999210457
0.1118086402849765
0.6519101919459522
0.5896056067068531
0.7690485470075441
0.6431052142401126
0.7507951142664921
0.426770867955346
0.40969615498136125
0.8540953660791296
0.47593805487227625
0.4959928136162548
0.7630509688498841
0.05389802322954795
0.6477523396801462
0.48449608125187393
0.36280611160009746
0.780239237156693
0.682115041233178
0.5194773827396332
0.844432970123103
0.30795104226918535
0.677215964255232
0.05851900319088732
0.8344809812590392
0.07038548064351757
0.4194942914768335
0.14794969367008415
0.42017387258763617
0.5710448836752472
0.8158951109146046
0.8242082874448594
0.7206953954205706
0.29729981975040454
0.8895616056873871
0.07095993707051496
0.5395648698109607
0.7388862194156147
0.012211066901748113
0.5386607340519282
0.941761176125593
0.8609436425532757
0.48882586237594006
0.18346138405688073
0.8697615804025446
0.2846772471226705
0.9589232245295424
0.08878650582802927
0.589419090550067
0.9882955491150714
0.3335507311866215
0.9956204380565561
0.839610606164268
0.5566973746124856
0.1482867641547594
0.4864769604338648
0.04884532374894612
0.8804508762535462
0.2799086664773228
0.34322477135411533
0.8775310755966436
0.7329283366469787
0.9480232768167698
0.33038601474143325
0.6463536965939529
0.8390303708507529
0.8028384704831907
0.5432210161748564
0.919232857281021
0.8897540657090931
0.6863856767158445
0.5038567665328416
0.623574927857843
0.4539289777090376
0.3468878526067132
0.3889129772422122
0.6110521926101012
0.8917664038677487
0.9845985488154704
0.12852420821973942
0.4888942133207643
0.1844363524335889
0.0123219233652061
0.6293517984064835
0.8846865292444968
0.05970819356945167
0.8249552593923203
0.0431255862527411
0.04692829419148725
0.9157602516108785
0.6897792209028893
0.8274491918420683
0.8291092079101131
0.8235847077734494
0.09285313128049066
0.3270495165806584
0.6568234143789844
0.32298388177181603
0.006756245851260667
0.7413451996635243
0.03544594037628224
0.8179747859039607
0.5810476912586818
0.6381549702446547
0.5201553463577139
0.12448864998159759
0.6992018714769601
0.6235614697977679
0.840593619470713
0.12657295641133182
0.6944075520972535
0.38439178335952606
0.04921253498480038
0.5568734496991339
0.2715029401769602
0.08247146380868497
0.14536328721247982
0.6329938453604255
0.34345094416441224
0.9987534106864489
0.6164440680036873
0.6534018874951365
0.058142107786467556
0.4006189435899048
0.7329282266022108
0.6848698314631263
0.7649453324485926
0.8370936739069486
0.23585317241516635
0.15800845761187687
0.05030941812272749
0.4544155511249829
0.26335834004902203
0.5282736716563644
0.2578511413468707
0.46833841006694166
0.9771179678021013
0.15689513700892188
0.10074863197721406
0.6297493572219682
0.370022487778515
0.21949684157570393
0.07289111993401742
0.37662343602447923
0.1632203620532664
0.7597494898342475
0.3701197706276529
0.3780350667617295
0.5336393755066798
0.9712152777729931
0.9440262434021619
0.34488996533804506
0.6523647237150683
0.412615686909809
0.12815895023642654
0.30723757010250163
0.6597590298024699
0.14007342249031762
1.1982494670348398E-4
0.03946888597845266
0.7549670301520565
