1772453
0.6744495813250331
0.27291682564577735
0.95239969954338
0.5354553833686642
0.3127180864753989
0.045070726337860134
0.5651850427517771
0.586496371614152
0.5393890147593123
0.18135702541015997
0.6202056942247096
0.5910115839806901
0.19731324671751715
0.4446971253866576
0.01051270184836628
0.9069495774467243
0.6367709352112224
0.7545954420907456
0.9521116868535122
0.6423794806355974
0.27756694441181085
0.10865189990809898
0.25231360217568954
0.7477404347595122
0.8909260760724477
0.7710621992366827
0.10057409723370969
0.5401939246247972
0.4363018545164512
0.30565119814902675
0.5396888230441313
0.3767847649794209
0.47278285918052365
0.9108670026159248
0.6629076557712203
0.9011237041612071
0.0056002973297706315
0.30029706901890507
0.6264755673896832
0.40256247842590087
0.1253117262737976
0.06464940654758622
0.7673038897796194
0.3473402345621538
0.950555449716359
0.04977568483812955
0.47192029126832036
0.06793792448800573
0.19484080897407485
0.7901952616921818
0.9555416690965733
0.9298848763949392
0.14365960836559233
0.44871226091009064
0.7790593011577541
0.0345198736086727
0.9502746558104138
0.030100480270940477
0.7569206810896414
0.6617167411939014
0.9368610168424486
0.8604639736635998
0.890338182746124
0.2083422176873232
0.022246889156634975
0.4537634074222877
0.09794957312268315
0.3362217602983263
0.488320220572786
0.9231320487271303
0.8100011752927393
0.40764677726039156
0.044238309430330136
0.03698697191959288
0.9423194313957928
0.05696446663811072
0.5508976328862885
0.8685745516494797
0.3727818924933364
0.9235493840272667
0.8276914758881286
0.7424722104320798
0.8056944608898675
0.15446365989730415
0.6794031197970636
0.842700613044051
0.8284264517808985
0.27437047061906206
0.6531531845074613
0.41448388406757886
0.03985061728511574
0.4157733378272026
0.06363910038058374
0.9653278965428416
0.36158058435785645
0.7044115671456959
0.509476058554092
0.250969773928441
0.030693616000359802
0.802649967281577
0.4442683206042414
0.11788415309604572
0.3165714377134301
0.22795875015418376
0.3631103668518536
0.4664149779163185
0.7046877323241113
0.0840874702951262
0.8185377006126618
0.6972343198260716
0.14661599309921758
0.269294450984206
0.7895175014206962
0.008712147316619734
0.9882264229035006
0.05900117014109241
0.8928892270605318
0.823914431654973
0.35698674266156527
0.19949878091255946
0.5487362816535473
0.4433291716628618
0.11447595159404267
0.294841797017647
0.4894894022527926
0.7430532898240358
0.9616663326369883
0.32082168321500926
0.9371333304335775
0.3680554813797222
0.9222237577414751
0.5579210739704654
0.3637083781471526
0.40626369941690144
0.2230220482771753
0.09940707698773199
0.9973687564175975
0.9716081712312117
0.5412620420934952
0.3612298262389081
0.13958008581308845
0.4727838549265203
0.6940316606453297
0.6971504295167331
0.9186084847447269
0.5993792556338009
0.1088385691829522
0.30553020168845013
0.3202744213470653
0.21815075303254083
0.8325918611276696
0.1034707506740794
0.20901426923038402
0.43960532591614565
0.4117054817552882
0.13950278905458513
0.5806131639165963
0.08868638299278175
0.7074402599094568
0.4177783939752636
0.47254307848202626
0.6932408088265379
0.5982975672882377
0.7147304973323277
0.7986603069532586
0.8900782683415897
0.565222688349437
0.08342003775615092
0.8720864941159187
0.8408159697098556
0.35557106274922323
0.2612998563766694
0.5334185005190307
0.84833552008066
0.27823644622593424
0.12388179151957313
0.6109817762584562
0.8695612247335864
0.1950344599901992
0.6598013263766312
0.905662740351482
0.03140147586622577
0.942381390250675
0.6820320318780155
0.014925987019958176
0.5740786448143799
0.7425024202771221
0.6355098201606509
0.08894236831283031
0.8697044951601242
0.14484951227416565
0.4131848609883987
0.04632392560420895
0.2938422230752826
0.17610407408928652
0.05052661621401444
0.867782944431493
0.7639279177934187
