1423935
0.6710847918199894
0.5327657397513363
0.3331014222038543
0.7008078704414976
0.20707698604905544
0.7196638738166521
0.9701188838977908
0.018280510040930342
0.6705440682293946
0.569360419638871
0.044015422347763566
0.500414629248435
0.247878023864324
0.4258532932604563
0.13098856076346466
0.5875486515245121
0.5507906052948308
0.12392831564113438
0.19249162653950247
0.15925810672279994
0.6621422546820525
0.060859663167865174
0.09452255563982559
0.376211519988196
0.11945138423644841
0.1859618092743831
0.20102148193147784
0.022717744870354384
0.24102148771481624
0.06708105393770536
0.011256905606390033
0.0779005198124676
0.7435694328217691
0.807372542184472
0.8081492536209949
0.43581877216890474
0.30043313205329425
0.6062166005057144
0.9378021155812087
0.7934841889590533
0.5458823084389289
0.18488598812253776
0.6500808605540797
0.7306102673356393
0.04375127909928522
0.13058323856496534
0.3958994242862913
0.9160598078617347
0.9075582738916997
0.45172563949843836
0.09894549419595089
0.19334076916323284
0.08447064127927151
0.2828625385992888
0.19789561305055725
0.02113313121909044
0.7969211123633383
0.7293679398265278
0.1897412355674154
0.37471225919681495
0.2733751149120882
0.3000590540289805
0.9956673960982985
0.7502671160273917
0.6936950383610809
0.24014924611524757
0.7179961432914893
0.3564941673130567
0.22474185966103744
0.34745140977827504
0.2600268072254561
0.9264813722833557
0.1283008075505252
0.5315062430877578
0.8401758121826799
0.8377784430403087
0.186112237760912
0.45831704837497433
0.6476388822820154
0.38968330655253025
0.10573445993997621
0.11263069840431805
0.7588688377703289
0.15415700740491922
0.146161079144975
0.0052124931910630945
0.9624826425808894
0.2904121260394723
0.933559672664128
0.054320122334671095
0.3247813129483216
0.5931027846048581
0.32519513137461953
0.8785897553620544
0.16888696922423962
0.8301771427420677
0.22354525368470546
0.35280549672262373
0.6375716207792086
0.6188355910428709
0.4428122871566259
0.7985306173340299
0.16317220210424843
0.6866716719860261
0.08647889421846888
0.10833734611843238
0.9775570296246558
0.8699542374824827
0.4072526793187391
0.4353796803464369
0.26092922493264725
0.6121435700411278
0.7896884057364005
0.8193111445578343
0.6503227064297573
0.0431158163852714
0.32097282624655044
0.265057752337416
0.6069667284949832
0.9432037125658365
0.3968016711031872
0.34271383005223455
0.5762653025336371
0.0260438058642114
0.9469743572366627
0.33483647103029945
0.9649583911321855
0.010353823660302353
0.15927681137229788
0.32167207009159804
0.7071014521623948
0.893145880355121
0.030418254899960306
0.3653558355456046
0.5938209592180592
0.6855147561086955
0.6792333582215158
0.13088410237862247
0.6013731368111448
0.6270228731765006
0.12005594290429189
0.8646654295384526
0.16785437803939918
0.5558364314252185
0.11311619431454611
0.6407159356567742
0.7409807250577781
0.679150175960566
0.7840086553792827
0.18007092724934848
0.9476757232571539
0.46207089046202254
0.9357230590241364
0.35074333996998897
0.42077512692513963
0.7330126401461522
0.3644261406011037
0.6635670901513502
0.6589774500559809
0.3897895216323478
0.03412719553781929
0.6935211339229382
0.2932403268196653
0.28297445178080816
0.6655559639165629
0.3766383463926589
0.7861418666228172
0.951725731242598
0.15102628695900056
0.5593603861663786
0.9002975180963324
0.8921650224710175
0.21975479780046947
0.010208287377531544
0.23774269923909253
0.9495244880651164
0.9470487433344421
0.3428955676677068
0.7742618872111324
0.2426623006726374
0.025972718136477724
0.9455194195537058
0.5909651713394717
0.7531796713692473
0.20154900131092268
0.06222219003485141
0.9399837398974968
0.34125464301803965
0.905242095781039
0.6317242747812399
0.3719757394932347
0.48644085570812845
0.9214226375818058
0.35138664607865777
0.9002047565575634
0.4940626871249503
0.8677019311373133
0.7059692397027013
0.07927282670479552
0.25647039462357
0.37747286096875143
0.3770093913789264
0.4361609575460058
0.9133021346154709
0.13568919844692695
0.531752229841345
0.9070497183412094
0.9160323695112419
0.33785948977310243
0.9798225199375874
0.8054633965053126
