33135392
0.9804162222099568
0.7727255275249225
0.1883367914050581
0.08877745583779062
0.527852583853579
0.17814192354627578
0.4533447825394258
0.21667975168080478
0.3819342402059336
0.10664201141754326
0.24864171623576226
0.12835894149835836
0.2724748561948035
0.5836984579553963
0.2861397820537561
0.3254516817456675
0.3055308563434799
0.8934156033802465
0.8054797131952093
0.9855223945711391
0.1065728825120108
0.038861963835047364
0.9147102266010555
0.7340978989507304
0.06850037535138609
0.6704685102073724
0.6255548336142472
0.23866038232543607
0.2240513009266576
0.6430496110744562
0.1582903196642057
0.4348852373878548
0.4376028941201545
0.13054315100018044
0.4259603965910076
0.07269713560224256
0.012351286801563499
0.1883664408210478
0.20006232739517749
0.7468201981367247
0.43906826136963495
0.8492283466722416
0.6285990205715157
0.6675644995886216
0.08142715285623747
0.021898584735026705
0.801736468443559
0.5134563754610509
0.9034096611229651
0.6254916100202509
0.05498117251932699
0.8667438226244285
0.610183078554656
0.044610322038357464
0.7736402382186616
0.23013676246114034
0.8133765807204184
0.9781350433644938
0.012835490325979082
0.6229343719080239
0.2560843749417735
0.9708613439826826
0.7016021863782207
0.8501905686480931
0.31421736490409213
0.21792665287987134
0.23587293523135844
0.01053280168446824
0.2817321863086637
0.7443226362949728
0.18284432662413896
0.9494153602101831
0.8323648266476054
0.002852520804433989
0.2019915657912167
0.03236483842860205
0.14254218704550004
0.21522421233410172
0.22707461446220445
0.16424233733705473
0.47054819362058486
0.26219255482019466
0.25314954337231055
0.7756558970813004
0.18310934544477497
0.206457275882603
0.052818577731595706
0.7899310561858028
0.4576502011014112
0.0808227373397793
0.2929514078566564
0.05189030159242858
0.38209897665276893
0.7933039052487781
0.5442878561893002
0.3939581641791773
0.9330887369263476
0.9571701710073964
0.15604873961594257
0.8176567049148213
0.013792359384579678
0.9170331530453614
0.31597897269588116
0.6487170346521627
0.0468046660407091
0.5344135715388244
0.8860531485745334
0.2945420941039667
0.7024029446825878
0.08145907749829273
0.6468280250578105
0.28535060960173475
0.7958309527418697
0.895856036912436
0.8788957134225162
0.6678570217911507
0.619996848999674
0.9945517185523304
0.5900491178559077
0.9258442284293064
0.3790136156589887
0.1954362341253063
0.9042571731546578
0.006980673884634747
0.9069085450320591
0.3023351880218339
0.7085908299095655
0.6205402508282455
0.28844478949087515
0.8341941052385288
0.7304401991026356
0.2857458834506721
0.7820568275264506
0.9358067683883119
0.45125752582720957
0.39975158660143273
0.1954948903497703
0.6705966365422117
0.6926814195819183
0.19885981294214605
0.3628856113141077
0.41955463746681265
0.031220470831087366
0.4139502458284461
0.19251990307528566
0.6634784618935435
0.7527852608690987
0.7482796690940564
0.32439560622505303
0.43363007264634135
0.8754770015860285
0.6486080787650652
0.5498200566306305
0.5373174947786729
0.4842808842952946
0.6336243847088804
0.5508826586439891
0.18844341794437136
0.59429585582477
0.7152105117016188
0.38670359601728355
0.6088175564011743
0.8445270962258099
0.6664756867540627
0.5017957769508454
0.19672300582452362
0.49770523434610114
0.1437924856421292
0.1362603543581702
0.5436117255374009
0.690698806646542
0.044826341409459736
0.3737849158990343
0.013778414202846534
0.9209980144850255
0.39668065301800726
0.888443140198284
0.26074576092444457
0.28476175417600114
0.6587575895359189
0.07791447252130923
0.0828734606383632
0.798203903774753
0.5082363242808955
0.8640954848045308
0.6981207790388415
0.0869372066099835
0.5386859471344857
0.01653158010525846
0.446731981844009
0.6838658818375172
0.7509879018689192
0.9766520491803423
0.19482156926058114
0.4453917098947956
0.6059230600165335
0.8847630230362228
0.04651584975077483
0.7622107711249182
0.37797130912095434
0.35306194668137447
0.4391814000299399
0.13706004815977957
0.9230660986114398
0.4393575792062965
0.3046296818991139
0.4621402896934719
0.20897961523413
0.9874626518372688
0.7220332297847408
0.4925847473926821
0.2305586267651455
0.3604225321447845
0.7014337580003643
0.9320674563360309
0.2946204025468102
0.15633734729509574
0.2134666028976946
0.05815060519587989
0.22910963017625785
