3956673
0.7038186081746495
0.6360069401102801
0.9326075037296159
0.43805542207484705
0.8926655847899093
0.8954004137827453
0.2641176873417419
0.7123776286856836
0.11997345537053172
0.49076580099304556
0.2989920235083998
0.1889782172991188
0.8471222106622497
0.6017167075007749
0.16173124211390855
0.47084097580830686
0.25719525041899916
0.7749102187515259
0.08804579453827366
0.5821581368040385
0.9385117133581689
0.04168905986350835
0.8067907510481583
0.04310164272621542
0.09220118508756625
0.25910014799765824
0.7019487484761431
0.5016543775582254
0.9163918246347764
0.8887687227215424
0.7330928611722238
0.44096298081122665
0.22734942134384006
0.9728802406764525
0.009719889054120245
0.7311631723291505
0.07927272646794803
0.3018483735627062
0.7614750224286737
0.35983988015297963
0.9375796476850258
0.803180692796904
0.04751387697804088
0.8731491682578957
0.7973373481232691
0.12401584686004807
0.03541148483995826
0.02994966765586171
0.16750263782296715
0.030373881861471053
0.7644515405455727
0.5109621025482745
0.8360279007391359
0.9180547578536666
0.018925477702003923
0.2303131556056941
0.6743485424773115
0.31184572987629255
0.6551474617161774
0.3728259567165124
0.9040039668602696
0.10179993552283051
0.38235118902129894
0.7052387249851719
0.1555897181641276
0.6200036279807871
0.15293559564646042
0.005440501355705729
0.5750599973986428
0.7560296610586388
0.16002685362848756
0.4983594595126083
0.5436352021920132
0.0038529099522365273
0.3978564402286867
0.4258008027153438
0.7552349776128686
0.4736566832992708
0.6960543551749107
0.7990027182487435
0.41380281068054403
0.9228053771899649
0.4745696733481818
0.9203212152531564
0.8602817303830923
0.39973521741991347
0.7786794990741167
0.01666939582663174
0.8526219442581588
0.017825374530851423
0.08223042123826396
0.7224252552763549
0.6783202499066123
0.3716634883736726
0.6431804241196785
0.7533491180597651
0.5872891004495236
0.5780087122245858
0.40922818322272114
0.8686060104106836
0.18431168058185066
0.3610845095238159
0.43882003774987777
0.07864043879959093
0.6804990355174428
0.5632011258146115
0.805925997154654
0.7580310367486803
0.9698643250103504
0.8541261247215867
0.9599832967617504
0.3275239526623156
0.14550514748738963
0.19959899977404327
0.850058885666191
0.5699942659631136
0.004851918950832368
0.4751167159789229
0.7175807686810914
0.6666316039991071
0.4737818408658466
0.5768799377950837
0.7533407214965852
0.7910514837896747
0.9276942808150879
0.749106494252375
0.5011961839758501
0.6139670799116022
0.15004465624361885
0.7572073829648546
0.6790191154629501
0.30633518658677505
0.5311063127455066
0.45811864204623187
0.4302226864272286
0.44545600869271806
0.1706276661786531
0.728111903631091
0.08980652530691147
0.8483022342031631
0.8356224108898623
0.7182882878548325
0.918412078687362
0.17061290235313298
0.15112945854881543
0.9994989789474751
0.17231997275441835
0.7445884720451442
0.3975446921679602
0.6216163389754987
0.6644928239896942
0.2332556967234629
0.639619311863329
0.6763491319526859
0.7378925707400391
0.4866750493441241
0.9638741677253977
0.9360485756617781
0.8193098425470972
0.017815036222759595
0.08882417174459079
0.9367929547716788
0.5853655531635515
0.8152762957052432
0.11792483103594298
0.17305679379959316
0.2897896977688419
0.5336486188510613
0.49493515082839035
0.254847200397495
0.369129962491779
0.47378834505416967
0.6500906513483824
0.5674032053223054
0.8782530347799709
0.17149607891642793
0.19999780028082392
0.19202760728687618
0.7818130823294182
0.541505449252343
0.3372556565767115
0.1778413982562811
0.7810449328859437
0.4528696030539523
0.3114569940595885
0.21341165504488502
0.7633740533979143
0.8796281685152734
0.32025719811476483
0.32119475442495193
0.11354960454897844
0.3941290984287913
0.9945389215283529
0.030682245699624855
0.6842338026049495
0.40074186720742055
0.2478967206768493
0.33402679438033733
0.23472615718390177
0.8080357008180078
0.707652133342511
0.2653755802591281
0.07912100706401504
