3544299
0.7037675679177356
0.24011070330720263
0.6235451924057139
0.3517726717399733
0.8019364821524387
0.19635009061002628
0.010647051206903901
0.5886654011715249
0.7195882581344738
0.08816253455691458
0.10003746242255784
0.5096445172726062
0.13347488160898247
0.9856916359634744
0.2810015206324096
0.40189306033244154
0.07147045536253671
0.5078704108628492
0.6703815422666292
0.638867883078708
0.9519808159846824
0.852061737825586
0.015407627413751901
0.8837341180717677
0.009108856645452912
0.4930850629914073
0.08983866491479486
0.05213580682828889
0.7366908049285853
0.8031661775252469
0.048061419136009476
0.3121109784343423
0.8968002706562027
0.8574149313433218
0.718345587221486
0.008949465400480583
0.7311853773733421
0.25042853905775075
0.6284131184445001
0.3066758240974682
0.6808872256603924
0.019525294380467573
0.5558105747993968
0.6721169394671279
0.8034221414652437
0.8333137754328667
0.6193994347085104
0.04992032097058963
0.7261808191673467
0.007589118154976315
0.3267719107747634
0.950282785295074
0.555135171290502
0.36332352593501904
0.4525243508167124
0.8016351701925584
0.8651397287284958
0.5185322454737662
0.7797378503464102
0.15181457352063965
0.969843644111682
0.7766629868613955
0.5390110809079113
0.28943708472236485
0.5952738290248165
0.6617147362313223
0.5001187737889363
0.0743390209831557
0.1542289611048432
0.2814723101774824
0.10897370678842344
0.8706571408516265
0.582627148903116
0.2986253680801698
0.1515846363498642
0.10227174146514384
0.7706534865523127
0.3555859091739876
0.04160214024227005
0.35204607876298455
0.6814627404974147
0.3741790347051194
0.05633934405294205
0.7521953837095554
0.2659652189874975
0.4590304226529699
0.8221880090179722
0.3985275070729445
0.3196525499926631
0.2321741100424658
0.8009382768948259
0.2115773043491037
0.22610371433905163
0.8635958436679498
0.9994183046450639
0.7720497976183054
0.6540222398251674
0.7998732029123252
0.8119811231262956
0.3453674022304485
0.5462792608439819
0.7412548781208788
0.5948323757331409
0.28364998398317554
0.4747290786499627
0.575138356581043
0.7392500917597921
0.12006029101281368
0.3028201842037205
0.9999265513779038
0.4227567396233828
0.9146882963986764
0.6772237566603992
0.40244680710990366
0.4800662033472368
0.7388916124639409
0.5636394659607342
0.4619403882470936
0.2531018840038185
0.41849215674327633
0.8364588879947206
0.5465012728139141
0.8772935723395715
0.4903673196635
0.7351071484441761
0.03738242510063439
0.9390954654862519
0.9090511175129129
0.3526936525626121
0.3527633946320825
0.37343349114239555
0.2826989865662016
0.8846307681042623
0.31854712083723313
0.008511559755803866
0.8376934242058415
0.9465105370384396
0.44510705319254684
0.8084774246564047
0.34918119904456757
0.8599996230975613
0.8253180391393244
0.9331176099260892
0.5098742606793295
0.42197501429420337
0.8317656819949104
0.10501537472345224
0.6412317620821114
0.9613066732084924
0.23624071038200722
0.9392718260076345
0.551355683188579
0.920668638984689
0.45910138767182407
0.3544902329756887
0.8684684659674579
0.39581522685121173
0.5044300207050976
0.25656878877708045
0.6866397897485277
0.42327574343787855
0.817965750491524
0.7758377792034133
0.6274043279812513
0.653834703143619
0.022307595826776105
0.6812617519501418
0.9316260351841726
0.4968795083291272
0.4082186057059918
0.04830102173875939
0.4394453205276432
0.6877887542405763
0.6090099386701843
0.4169922249218042
0.5832102036720824
0.9135466262442712
0.04775073361916715
0.0977401069090067
0.782470385451008
0.3878328353461037
0.5939703870667862
0.030092726577405138
0.19405007090976523
0.2538130169979179
0.772591371125993
0.9878738920304613
0.3643182827812814
0.030900030540653822
0.7462099648879633
0.9252723408201602
0.31550392759422863
