6451250
0.14575703634900006
0.18183588079974078
0.25372302770636646
0.7290949599341833
0.7129682667203727
0.7122334635082838
0.5380579950005142
0.7849160604817016
0.1044806295731665
0.9679510463677121
0.411143586679379
0.37684559061623113
0.2846097309467489
0.3086134632127021
0.36950472420098524
0.6736558909080541
0.9983820733872517
0.9665702986373172
0.33418156129770993
0.36564710828109614
0.6477407670163406
0.08610566686929666
0.7567269156237695
0.4812094330468534
0.7556609989994
0.2643154190961118
0.6941740442140337
0.7514705148802093
0.22738135939790438
0.9015237350237386
0.23571850927075877
0.1841065656829065
0.4639241090958621
0.3884154529953785
0.5792590363164248
0.09356194439255827
0.9388156214827709
0.4312763395837188
0.6925924585526179
0.6024722553144645
0.9926439071809823
0.8245684021377822
0.37267885641090204
0.3486612254791207
0.3295008469593035
0.40871960158956133
0.7259547306946896
0.5922594639725333
0.9742911955180331
0.49029176788179474
0.37446732775506675
0.9393621494949511
0.17157932678257504
0.5830206584811269
0.7455951865390142
0.10897302847507773
0.7054386407095259
0.9426881966691802
0.40909221309063604
0.7011946724563459
0.03606347394741838
0.5108194709975858
0.6512820539129102
0.06443066661303698
0.3092225763571459
0.8849645143905537
0.2644436915498133
0.5997972225406579
0.1678961810484465
0.5571383385362021
0.3258734287298187
0.7214202119841777
0.3975604256693517
0.8069117694821059
0.07138954994491786
0.010670091333442766
0.585902173680913
0.637933334629266
0.35160372359071723
0.03796367935387024
0.9418350966966345
0.9673987743169669
0.7998464377315938
0.039668594604809426
0.1535906162735723
0.9665303497330907
0.7250924076095822
0.5529694095145578
0.7326640658766503
0.9389414119410124
0.7633479584099585
0.33082228274674164
0.5720958886965808
0.3728180243566509
0.9739864741358234
0.38507874998910085
0.06171043520890074
0.5093240142824607
0.8295011917461862
0.6122444125612397
0.687755248302853
0.390007569251126
0.8117759609256293
0.5978007675087083
0.14696746699158303
0.2130838802508852
0.21907239404309253
0.7604503370048578
0.1159823276690144
0.6313180671514291
0.7501146500716264
0.10997439739187398
0.045960829845709594
0.463482037957925
0.9600342969239101
0.07323861938885434
0.4653734754051698
0.40629680376750954
0.7341373380864796
0.1129358708939413
0.6915411731421464
0.7664490805575341
0.9916584353629218
0.6064572025623586
0.3031343444292881
0.798731689464742
0.22209141301312163
0.5990183837074385
0.14935528698973322
0.41542475437657467
0.9527046711141146
0.4587725094090269
0.31418148123079637
0.7240498554920646
0.5813429220146428
0.846785985370449
0.6344116235678235
0.3457009092274065
0.21191432846337988
0.6232709044737841
0.11642117464886392
0.8226627499625783
0.2710483028519378
0.7677808260690419
0.3675364830039559
0.34395284855074804
0.5246396249477384
0.9715820061909701
0.7478236531647025
0.12404108009896253
0.011788548498760543
0.3493848074675625
0.36813565443784957
0.9966697280664436
0.3901057337210564
0.5738687966113502
0.36398220478291066
0.5090243770241559
0.6394828790441367
0.8536047780603304
0.3965701683242834
0.6841473659566083
0.35037636181885656
0.18707413445167753
0.025721464241052816
0.30355172470371516
0.9088274229028521
0.34488276158554465
0.6557365708657154
0.5538585223879738
0.1429332646688951
0.010200784643782157
0.3673861568761245
0.41104781392484213
0.02468159607085474
0.22403296029211817
0.3195174365207919
0.3671365006164127
0.8781243521056828
0.4985350790748212
0.4304941580146513
0.782679672862955
0.5474606699757264
0.7927676026208451
0.9486238478599901
0.9597332838236804
0.8166728492587397
0.5328117905553479
0.06382548634590013
0.18726139512336537
0.21560831198151664
0.07875503127638395
0.43785958052014895
0.3455301844712404
0.97613152074721
0.9533188762089629
0.4940368602470008
0.6210861069929892
0.6666879644351765
0.25562508073492696
0.08332499438782293
0.2786770181980206
0.571352679462497
0.8402506699466679
