3780607
0.47810670310735404
0.6030347656228287
0.7258535822537138
0.1725374422890521
0.2638223538790301
0.10460701004069883
0.5870633107692512
0.6977768852761304
0.7365865392139723
0.29594643849515534
0.873832295715592
0.47360489702586417
0.3817480313809648
0.1873088823417287
0.5701044673646379
0.4086253001760829
0.8738292712368998
0.7048143051696133
0.44862237165654273
0.03798431395090296
0.06967154708466172
0.1327419793317457
0.48898127416534753
0.5784904568113309
0.22829984222558397
0.7911776247431735
0.9221982678345483
0.9780312894508021
0.47109627464783854
0.39857224546959835
0.817143445144846
0.0027327165227667427
0.6973775634940542
0.1863730857142869
0.27221648153976474
0.6734804187444308
0.021795719021589388
0.9419381246396813
0.15139582111595318
0.3683275421905937
0.6034786351497102
0.6312746539314822
0.8249377417718754
0.861811420086904
0.6287523728017913
0.024449897387689656
0.9261136262811839
0.4937283899540855
0.8693860163963355
0.28344330893035086
0.2548307314590228
0.9221849873619097
0.37345486069840883
0.5931887778757652
0.6361105477437292
0.5251817426886779
0.7308796082178847
0.09602763801963377
0.9036745521852847
0.01224461670801702
0.8165785933412837
0.2759444060026225
0.37881960320320274
0.8768535872362424
0.09029486408820242
0.5774491985600942
0.15572872645255453
0.6162027150781527
0.460045889814218
0.9113215980658967
0.054078807395436135
0.05794316214528972
0.10868087258011461
0.2278784236985104
0.14820915437153648
0.2918144583858234
0.3229503451792922
0.03171605690964219
0.07070738737027316
0.23823829140413266
0.09678280240340564
0.9962182926360347
0.37621359457204884
0.1501497585324526
0.0693998516423876
0.05554576339388628
0.3077095469323349
0.9719121901564017
0.7898565732467399
0.26818383997359396
0.15964835616744844
0.07498937246386217
0.507722648082305
0.0174356855053468
0.48644801458211717
0.7191758721086314
0.4660923285813513
0.21540672921749293
0.9322185044259066
0.2279202981301115
0.15914338889403845
0.7147709956572056
0.38676641912474585
0.7894905421137133
0.5141633176212649
0.02847120729194852
0.7042420487531311
0.7404187232351719
0.268285403909444
0.40230030600014577
0.997959061408595
0.9953625778003901
0.9746133867861559
0.07001855205966212
0.9459279489725787
0.21444696026219878
0.5367966753852734
0.3282652705475304
0.542807174751661
0.05049668319398737
0.061987884538897364
0.8041654494234798
0.8483661785216802
0.2626777778899896
0.9852725474396762
0.48100316881390115
0.24914482716757758
0.8102559219923835
0.15735293677323758
0.7701623691577408
0.0868526277527919
0.19596153706117714
0.93715964774426
0.24083035824724075
0.020401322897179552
0.10179431267531314
0.8893975927390582
0.13584896817428815
0.9120847013674053
0.7555452467320194
0.6478159122979248
0.45945507333028957
0.12203192518193473
0.42323865108912495
0.2489326074088436
0.6955686870142057
0.7127415866738079
0.24967067249885821
0.564202390603621
0.6089412006392122
0.8172241626957267
0.09445972852497941
0.011822512904480664
0.8414235673124535
0.1411319606830964
0.713723144541137
0.8962308082710895
0.3812611873595456
0.9507534375655412
0.9122318204206658
0.7237595805668877
0.7624832309677516
0.12217250285638237
0.8984452812187437
0.16510332091569135
0.356151098095256
0.11395420930721034
0.07949601417859153
0.015245436451082228
0.0726700243182421
0.23229738759080953
0.9469686987316541
0.202036085141992
0.7444253173664871
0.11100620332908562
0.6734820007367912
0.8243938298931919
0.29577284718775976
0.6427425272942011
0.7413523486732807
0.28047715441068877
0.45780608075531326
0.8188253899359564
0.548212913968509
0.5260066875313334
0.09821246347249701
0.09656120365722332
0.2615887809742028
0.04839967538219636
0.6583848041114694
0.7398736226656558
0.8635798020882718
0.7235003591747186
0.7629341900808149
0.471614659675463
0.4906260174278615
0.18982622497897517
