3614867
0.5501247767939902
0.6977131945895473
0.3768270802253927
0.6711569488425387
0.9418570065757645
0.9490248479161805
0.10894515655932457
0.8271551318051953
0.9345958225349439
0.2695015962330649
0.8705228358472816
0.9094830238219415
0.5512650048212784
0.7191553061183006
0.25125977738195526
0.7459419585912561
0.07394219302112659
0.2809443131010535
0.5694394842575216
0.9573696691442894
0.07081763012630815
0.49383191982975105
0.3588584423203479
0.07077127849872422
0.8250956534091963
0.16389748366012702
0.5199445592208969
0.20447074594845305
0.3586575679713787
0.8275169351949561
0.3847072032702876
0.02061006580317204
0.7050980742397058
0.7039546597853011
0.5234867765979303
0.599843350947801
0.8831774463040964
0.5155268886405168
0.20557354808818507
0.34497375338729863
0.21217851718183312
0.03643994261678085
0.665572313043085
0.4250575993744421
0.6511097065498536
0.8046072562976039
0.34845325467912525
0.4462655287640067
0.3248848317616364
0.9264340685877879
0.8889638735148777
0.6004860372643583
0.1570657469960831
0.6188121735112619
0.47105682542988503
0.3542853149131504
0.3050595346655711
0.4790534564966623
0.7063940189160078
0.5319562386278524
0.066748722108812
0.5544857521455744
0.3097429119961347
0.8933958596786205
0.941824904562769
0.4305670605296379
0.8465256808846081
0.6183149741149042
0.5955301167348003
0.9041554379685305
0.9376683167337981
0.5189453730493087
0.5588988411426021
0.9985253406275315
0.05050077109815421
0.8688011305097968
0.7035400498381074
0.49430313825197214
0.9524975164949729
0.4378365647545439
0.9660019782845027
0.5383550201097134
0.7999598462652261
0.15214582929106135
0.6409760462347774
0.33792586331426
0.4966965950492428
0.7707328491407143
0.4104816075733537
0.7549245813951064
0.8926008158898706
0.009905026457829536
0.7552710988175607
0.3579212729069934
0.08481660638242783
0.25030529585998096
0.325499260555943
0.16124716826622454
0.39377055760079305
0.0455986596088932
0.7137253283655782
0.39698271616683867
0.23413289288158146
0.35631457512538034
0.495298889465174
0.39200477337861717
0.2571149241680232
0.9114223628157122
0.9694414725764288
0.38496512879422606
0.5485084102981714
0.5634840053741415
0.132406598664501
0.3210251761492888
0.3821634996739014
0.8358765626021183
0.8394375773877492
0.6171304151635637
0.8264387523755906
0.7504601090911325
0.34259203513500935
0.4751762330552711
0.46652931036129797
0.1013699131090352
0.6693042524000807
0.7817650284168789
0.028810301096665714
0.38497408615763185
0.7179782229510462
0.5195279123142916
0.6992239959299339
0.08745029630005863
0.5538421117177335
0.6464060397184307
0.4227409428654919
0.5894013285895194
0.6294137550658357
0.10534630027300473
0.4952023470112714
0.2665946739284041
0.8383478200542305
0.303530184093467
0.8522959211253168
0.39888001979249355
0.25829523020901546
0.18462062409546354
0.6860156445735006
0.011765619705633168
0.0034720479968539664
0.46781604180879877
0.47837774845974457
0.13400392384495163
0.0023486976593521947
0.1321361689215227
0.03741746975221916
0.18415244067450776
0.02370781963047497
0.38558418300177866
0.41338110834782205
0.2665315617631212
0.7867887349894644
4.9524323567973205E-5
0.8910350970860352
0.06579444464458684
0.13300432902353077
0.797743411587086
0.15724844375228064
0.958328865385528
0.2618372905134734
0.6202877264750467
0.09054951631594987
0.5961223743211653
0.5694597966849175
0.2595941581648141
0.7017933620886724
0.8362622023902528
0.2413813348103223
0.82377106991439
0.1846241542510666
0.02026326137232859
0.09439604129459112
0.4643623428337301
0.343838286666476
0.9878364435106375
0.3598608760584361
0.8281784647664088
0.07830135700466812
0.7823061337463572
0.22667196057845296
0.39393974959886735
0.4619037783564832
0.21875981943163036
0.0403211720236718
