2041066
0.8926395763545496
0.5531075383875657
0.1021920949732592
0.18483569567305635
0.23411910841312178
0.18333068604106728
0.9790377688038027
0.1928578545360803
0.741874985136675
0.10858933881327892
0.5540455856225432
0.9378245647269888
0.4624788578998088
0.7820259047604635
0.44726582694164807
0.4191189815182407
0.3156115082162453
0.7419649003593541
0.982838666261995
0.28887498749195795
0.4782474865795535
0.9051730656505388
0.18543866371085294
0.09134528419448018
0.5236218724804202
0.5022630708595685
0.10669738835799314
0.023591989002287872
0.9351186313953653
0.3561966507697363
0.2423598545414576
0.5357611293163329
0.2035425682441715
0.7928913502605233
0.4522413255006438
0.06031613229020294
0.4779925911274776
0.22310750680425218
0.7477096740319304
0.7387970399239707
0.16070299614871086
0.0424986583481578
0.35330124973579
0.9382518739131055
0.11880481743909288
0.8430517205795651
0.0659989740085094
0.5327580943403863
0.38898912344613457
0.32595380536927254
0.10016830395824305
0.27814618660128476
0.8021146352985988
0.22890955030933569
0.969687113019535
0.45712870833667296
0.13025325742413985
0.17432639993896948
0.5359767700124398
0.2903247612122474
0.9226376836674262
0.6043648056101708
0.27868823041714585
0.8094362442308289
0.14696604243143374
0.49712357051919986
0.625627451875452
0.2872584287269673
0.6482006758584675
0.8969776333776863
0.41287793486387514
0.15659607121103647
0.46537836180638104
0.6836709709263635
0.5049421531849807
0.49691122276839206
0.13611976427862438
0.4269676223779293
0.5133085062089168
0.007069969537607745
0.8755847547236755
0.30209309012424157
0.45693753415586047
0.6298217123677057
0.21873099726560274
0.08772118735978363
0.9744587725726065
0.13169471426138046
0.45602220318727815
0.3251620405010929
0.3380880799046475
0.052412289137216184
0.9440822805830793
0.6710496364946423
0.17242931948632645
0.48271016348139784
0.06191319251463079
0.03499510999656974
0.2304086098886442
0.4771160777042184
0.3232487942849275
0.4682859243384112
0.6843076380129012
0.26981904288372616
0.7262281428578263
0.4280716905993609
0.08691235337054659
0.5437209850341667
0.04029170017515882
0.06940834553030162
0.6388369231315605
0.09854481307133856
0.06698842058479237
0.6920310342025768
0.7710766337388731
0.4737467746201788
0.3659886988183305
0.9239872371870592
0.36623126339399015
0.9667562324228567
0.29989849698679993
0.1568056349619824
0.014931400932447936
0.378660921283445
0.9840557724362845
0.9694412138265397
0.5309764134478963
0.8242760538479793
0.13509556356000318
0.33751399925262393
0.3211585621070814
0.5611451761771693
0.9394141788895831
0.9230336545456517
0.7925853754973586
0.45522261732366576
0.9265256420097226
0.3588221152490009
0.23677868102888222
0.7836692753634643
0.9298558872600061
0.8905229795624967
0.6477592147127611
0.092829807538229
0.2778781719756668
0.7655314421044304
0.9476442492866755
0.5823028818741065
0.46517009378792595
0.6635332622763616
0.18318469552342787
0.897748051415576
0.793148545451231
0.7149032463892373
0.4666990131291283
0.12718745824883215
0.08204847879286647
0.9075603825985307
0.47275892075055725
0.4256044135708814
0.30292192478495183
0.21940368251810782
0.7358778609078039
0.9770909277325326
0.27772939925635376
0.08578491106822916
0.420517266934758
0.9193928415699755
0.10389024779528089
0.23287987667134058
0.7432626082824942
0.6766547117678536
0.6008184466866286
0.6962016873475759
0.9889563154126745
0.37350195536787434
0.6865958380485522
0.22931400666225632
0.23065869257932947
0.3803063980987702
0.09137604957861056
0.7789624311834018
0.8210481729592481
0.2947662962768691
0.7889014381591138
0.8767503789097407
0.2169822325059334
0.07068889271200052
0.5989288689742835
0.5354573589555713
0.4889982252385249
0.258260124345546
0.16615814679976437
0.35967205060456586
0.9815635853056945
0.8624458039064461
0.8797969754233873
0.5341943892068128
0.43814010970839556
0.23735023499702035
0.355252782355185
