2177969
0.9493333801500481
0.5209362307347871
0.05139448303320837
0.29656103225754227
0.7234628503838837
0.6998496531745146
0.08037995539382703
0.30627216151144443
0.4009419906996471
0.32028363715689256
0.7102112421445808
0.6310567163141888
0.9875922124880341
0.27952842365839725
0.5899816740976366
0.49267859084219556
0.7259097584167744
0.8536260394156366
0.3248609099616723
0.3267458809524971
0.8673868405669704
0.49435161378151904
0.3254738459946295
0.3921160694916448
0.2454929818776883
0.8196682599570845
0.026677857016547457
0.7564881992582393
0.10910063337385933
0.11703312744333794
0.12031797479195705
0.880360407882413
0.2705978357324681
0.2147225655441719
0.6880170589462004
0.26204606774403316
0.42920448344595485
0.7569338718120561
0.4586875998257093
0.45193096191442894
0.43134735417633696
0.15921688683875324
0.38043365427459663
0.35300063083325817
0.42989385863331675
0.9885330217443502
0.6523756266638759
0.5110340720019639
0.08438862322025442
0.5958091574726172
0.5689297572913662
0.9712323855071329
0.917364079996378
0.5072498738208161
0.5926041336903685
0.3058254719724043
0.8657201870235885
0.7448420793012616
0.5315915845932218
0.6991613625800283
0.03454204631156743
0.03806724743719925
0.03759029020927107
0.20599563764885231
0.32661727183568456
0.6699733819963583
0.4116860177977253
0.3950071170907681
0.7025620891674826
0.04342303735239694
0.022874023205828764
0.6592048013173452
0.3056083624167447
0.5258860049123115
0.25791933166388203
0.7058438240299866
0.6185858631482984
0.47751187544359597
0.33909900739445575
0.9126723611158953
0.8529941301522233
0.23616000468884568
0.008053130301338252
0.4302463050553428
0.24187560977414924
0.8210889219934878
0.7437785741566226
0.29562379405795447
0.29685327416100016
0.44797027985764526
0.1748383141750347
0.8361819131761881
0.5736466152369211
0.18462394398783266
0.5595565700294076
0.3488518041657376
0.37492469501114334
0.3124533964378272
0.03378536420955358
0.6348795597999064
0.9895214911596407
0.7059067231986821
0.20918723200472789
0.9566820309059095
0.021854718707194798
0.6888113992118022
0.8926839432939165
0.07299783382336389
0.8118509419469137
0.9089742944538481
0.9337339989742286
0.5556595225729792
0.9013391077937837
0.9145959788005514
0.3720957132776529
0.726214162514873
0.6780121973254218
0.014659845815816253
0.7829427846773497
0.28163081536472956
0.8176955470470029
0.8120091983562004
0.791437083518034
0.3154098258745226
0.8112117301206196
0.4715704553989596
0.9766165780227025
0.8109184821887704
0.8765419845733533
0.49977190513444436
0.34104228404972736
0.02431635167406121
0.42943776798438027
0.6177186381542262
0.7710326068210837
0.21077592479161467
0.8526404692049718
0.2041940759340295
0.4788519626895186
0.269651876622258
0.7916656675889299
0.7865161578531612
0.7399401250895327
0.1627477343365209
0.6817405224845379
0.45614292571433246
0.4002265947630591
0.11832317092329181
0.6284461573865276
0.858143211709043
0.4754692794297386
0.7528927900221608
0.542517932257667
0.5640219302204833
0.6612357071531747
0.9212999166580527
0.43141815737686096
0.12282399977394243
0.14793583189673365
0.9400909970945159
0.9688548811692956
0.5219041901055861
0.593258962840679
0.9333022481814504
0.5117662717168485
0.4794266402250449
0.5823714962300782
0.600085008135065
0.49818913035172163
0.30319116844966465
0.9072554258551151
0.30193044080509457
0.9974459475257786
0.900710436504311
0.07228607905636453
0.47927996340736134
0.05852984712573561
0.7091057660325454
0.0348520995299294
0.41687065063272943
0.055835934918633257
0.24160862541046257
0.4037105469825698
0.7564671313806743
0.5443892210954573
0.6131576095180319
0.07854761964278045
0.02224143622631991
0.04358125341752539
0.5993519808435461
0.11796382671945282
0.9025517660576841
0.5654305879675959
0.0829154888956195
0.06905541971198981
0.9278310698864801
0.354720657734515
0.5269938071882619
0.5847794208654501
0.5910810325683238
0.06983468968483597
0.7289653759650232
0.9586879712142903
0.24614688507153615
0.4025694940753104
