1840134
0.8949159175336182
0.18093594590478612
0.2942841404450339
0.2617460364468549
0.22283376556172518
0.6452979936899196
0.07686068290750647
0.6115866600411747
0.23184112315439587
0.9787313995900102
0.10222696030483658
0.08947799805778556
0.22390363571215433
0.8683542743802697
0.16613532061677916
0.4988698188644358
0.5784021904984398
0.6883858918179979
0.09735549773323315
0.8838584864829763
0.20118378474773002
0.566580261897428
0.7177994181434794
0.09883014332181772
0.5280832892684031
0.7044767794764111
0.7572663069214471
0.32365151689540295
0.27218491738565054
0.6007902021207397
0.5674378504760873
0.23297661164371475
0.47524720718349345
0.9018109959346133
0.21262790543365506
0.42219282144013415
0.6803177879535165
0.20640461585474212
0.8071531114410534
0.22413760207151778
0.836720883336041
0.586044728049583
0.878139642428367
0.13990971619197812
0.22498990942222818
0.6605874843925938
0.7707287478084375
0.07835414953541953
0.48825008000970405
0.5152821636615277
0.93736141046173
0.1420337410502296
0.5233083792592561
0.056103712543081885
0.7494686641198445
0.40516349726059386
0.9990183921159491
0.9128200526123148
0.1158659669038814
0.40994850414165385
0.09679063292490797
0.569157243685879
0.9228956259553327
0.9664871923880957
0.666006041591234
0.9730558229473135
0.43315992746603305
0.3730440369080442
0.24809416877801949
0.6455329562031328
0.0018868222549083269
0.596980629961312
0.3776421383992673
0.41966930972246275
0.7166943732755723
0.2838703303616297
0.9697809678283545
0.5535288698739681
0.856363368355538
0.3926509879745761
0.957831570152809
0.5410512005724541
0.7686881967841594
0.008378037335524557
0.41316306195541064
0.013766200472603018
0.9623515131957665
0.01459533336356933
0.5893435595691875
0.9904443219707932
0.19598200255023157
0.21881838401352793
0.9258595214945656
0.9585247803195114
0.5507590806273353
0.7587747397663119
0.7754314814198191
0.524809197330488
0.17998834508180117
0.16298241619116538
0.8264335985623676
0.15883728539972675
0.24226897517345503
0.06912295013630654
0.07911540861627409
0.7682203663254046
0.1268921255593336
0.5832761322952108
0.8369526100278396
0.3271232129704875
0.3361032995573323
0.07418938091603422
0.7329932253199304
0.7825539012360394
0.7113088426708036
0.12895563319033299
0.8861976956212104
0.4737029429392903
0.9012888309490202
0.8100292568245835
0.9289778685750483
0.24438471159159691
0.8398512613436714
0.3641017776554941
0.6118771789850425
0.4998207421592684
0.03446472677651358
0.36631174700683033
0.2184088595534721
0.8168463256335199
0.8017711622252133
0.4628657055042126
0.03985291017143555
0.9797071764092788
0.2790835990429037
0.14225377690171037
0.4674455158099424
0.6642304779682388
0.8151598304709874
0.7084140481285983
0.016815785960424212
0.37500413206076244
0.6541912069543723
0.5944873035789908
0.922529625725045
0.028330165702337595
0.35366408858368215
0.5541104978229607
0.43004503147355155
0.4023132077396039
0.28176922115387615
0.33592523744994984
0.48133226735340917
0.7135298469159593
0.3768545746846298
0.32460758108122156
0.015637658745253247
0.8792165548495833
0.9999099226393857
0.6262323987287441
0.11763193514413584
0.30479010831317677
0.3912251377255286
0.7276171613063436
0.8649955499138704
0.811626679639852
0.1872806846682772
0.6792646795389544
0.7043633845431938
0.399352879854173
0.20481086601611864
0.5342516669645642
0.6651712138944446
0.11844579029975666
0.8400963508169107
0.487585930528869
0.2617828986044376
0.7078825140209788
0.08300303168105538
0.7778237399062474
0.31999321545429504
0.03291228562109738
0.6007601966122139
0.8232128996504625
0.2861306070074877
0.005158720946387252
0.5201204959560265
0.5550542274515612
0.02814234300426366
0.08406574634796204
0.6615941053011335
0.06783604730195314
0.8723207074976245
0.5402161642855052
0.3869077558713011
0.27313959283966405
