2036719
0.2736546839855246
0.2494611515260955
0.20505284189484807
0.6130072768097199
0.18768350529955158
0.07599134165246868
0.5284117493785009
0.13252430827157013
0.3290127544620176
0.3297529291625122
0.274686013419026
0.7380381140823755
0.38354831003152656
0.4936420568868326
0.21752601331423083
0.34777882023847495
0.558738482322693
0.4322669437666543
0.1496987634214484
0.3085022314346114
0.18027514236766973
0.9947108764475424
0.7592617818900704
0.632598123000072
0.5473580768469589
0.7001974808689035
0.8119136654408383
0.42422381059597947
0.3024200891227844
0.12108059411760608
0.8832111469254036
0.6720485656700059
0.13730394825137193
0.6387841938745059
0.8876731781591165
0.8708358991183998
0.7297449345233669
0.48285620096690285
0.39620663019177615
0.8815858883359784
0.5725439166357859
0.428386616932659
0.20408850456025307
0.579613589723273
0.10384063217291462
0.43700956275295033
0.673941806460415
0.8024753433975758
0.3966369521535592
0.3315003355278041
0.9832406287790432
0.16177842753937066
0.5180458747772464
0.9511908513078141
0.25371962564515504
0.22507918795089088
0.7053212888572206
0.8890132760766494
0.8918452097928806
0.7000154866861713
0.2790986406193736
0.5785217967340542
0.6844798388461041
0.004419435493197232
0.4966211209040502
0.632503823506666
0.5832826389631219
0.05366880748126013
0.022553893409738568
0.1508857282813908
0.5110069204063461
0.5452309035306028
0.7155713600608528
0.32766363801210985
0.700324952236642
0.13094051477693847
0.09733750979202294
0.996057662283193
0.5776359869645574
0.7589137291026564
0.00730472054021114
0.5015280797176405
0.8237491555403059
0.1722355264548462
0.30719730198708106
0.9541941256226534
0.21692952091839623
0.42039814670979636
0.40990667926803004
0.2235217685110955
0.472958055526435
0.17831409843274126
0.4955962383620658
0.4465720199398213
0.8337958951094843
0.18135089685668304
0.7320578183966735
0.5890294907105027
0.21586283072532952
0.06087588246998621
0.03469361684661765
0.3131158942474629
0.6066617710498879
0.43992029905530683
0.2556993018166238
0.8798658730904143
0.5700556109902675
0.04920236873642447
0.8022570461451954
0.62706733427327
0.4485721617602477
0.9200107067706169
0.8790625242449311
0.6804329547990361
0.9381627029568906
0.04960963321400602
0.1269867945646045
0.7991866963199764
0.5952707375544806
0.4937950432049316
0.9512790094705761
0.8305020739822387
0.986274155346544
0.9379245510161698
0.16757926625600295
0.1472385284455161
0.6146653362780969
0.37782619947790874
0.8281682575645312
0.520547407956807
0.919723402365736
0.5684283670436457
0.17972567418488794
0.21641314700819714
0.6696122600697092
0.750057693542216
0.3186860828827156
0.5530611771642203
0.6920382354748562
0.8726408018997153
0.7495287308374359
0.05185788169138872
0.5809978525238663
0.07697473711506908
0.35674666126563714
0.9456894144350859
0.749382906029872
0.6254572093519168
0.0064606895616340365
0.14699729227942804
0.8271627636953657
0.3700230947908222
0.10731833056904294
0.19510154732654994
0.5403002679587593
0.03302019067597184
0.25834070814894294
0.9497482260865624
0.8840736583046209
0.2715560913524455
0.6000248374420454
0.9686972772875014
0.8486707369392281
0.22225635731102145
0.7851424025613919
0.5846431772555167
0.1259542246623122
0.6053310435224736
0.361023841671673
0.24115760181657864
0.9561535514820992
0.010388951472538821
0.582104158311124
0.5254563858529545
0.21061282721417596
0.23694383307229938
0.9031483477288166
0.21808556045601957
0.46472830865718984
0.2630017333616983
0.3797111556319289
0.47677641999082543
0.7708636395811453
0.5636737797201745
0.7993786389933327
0.5970543878949172
0.4743501766092074
0.7706312947377799
0.09370924715368645
0.9789136086412112
0.3385414702394016
0.6270908763628841
0.4050661042602586
0.24834455894557383
0.08034666970652249
0.05090016446968926
0.43423951188419796
0.848509454166179
0.9641833285654766
