1358166
0.713946706910634
0.7656866056065046
0.5767166217995772
0.5055662920294716
0.24027263031485258
0.06597178965925332
0.9609006925789969
0.8602115972409479
0.9332634926460562
0.21184443322795388
0.6711965136080063
0.012737400540220434
0.37725209245887503
0.7842287026767596
0.5480724014410104
0.8367332242389702
0.690931580112263
0.6610340791071048
0.47178337958339345
0.7484669527627347
0.6120924711627959
0.20267566029189898
0.8627696594233241
0.8010620119906381
0.9981354643589925
0.7240164019816171
0.3828879780888351
0.26302398854279685
0.3392925744293128
0.2511687436638501
0.3969801495625802
0.794340405874079
0.9151393799733484
0.8620634009322116
0.8777194631398765
0.48608652321900647
0.5383155834419346
0.597074730225072
0.40257645146667975
0.9439798557943697
0.8222602953800086
0.29139018387845084
2.80399110508589E-4
0.09543398674569681
0.7994400983375074
0.5175374635319867
0.897555290066536
0.5998965104275109
0.5828264781112367
0.1776822720842669
0.7272278996809288
0.7550179427291297
0.09195558344688692
0.5937834336865085
0.7189686935963632
0.016188704476952642
0.5285685700466377
0.7045504537956706
0.8574184210823891
0.7012422988788106
0.5613036338312272
0.17234158647834885
0.8861671083755924
0.35060752367042636
0.20794538048279587
0.5816980364746476
0.3227546098713121
0.7912093595531628
0.7236320664334088
0.7361777946280278
0.08735234969819428
0.8033825955287787
0.6117349365756849
0.4644938079926153
0.020318635142150043
0.6892626250988823
0.2424293406898238
0.009994874757815242
0.6458121467176519
0.45807216061077694
0.3053688178831775
0.8528247780182002
0.7690963091926192
0.8201219218333675
0.09409942489303547
0.6560146609138939
0.9611317099923821
0.8807492614699177
0.4612998279110916
0.6912929738220468
0.46605049788859576
0.7151919395694855
0.8033068789197974
0.8646181383403072
0.07907299761595155
0.9727568477648916
0.043906251057059587
0.25039282008145625
0.6933399850961454
0.9099340433473038
0.9250694788200136
0.5055723089103802
0.06718716426643256
0.44354358792206927
0.7109174245852287
0.4194292519814192
0.4072072189352015
0.6720929445376606
0.6346758874418097
0.6139838988446865
0.7445912531840023
0.01658196665463163
0.8340159538117408
0.7188284652400742
0.8437420981888473
0.9930973369201802
0.3893499493059366
0.07185285149019272
0.06970514504249214
0.4242258729271675
0.8335028775146275
0.24797780417691417
0.2301875283804823
0.9806265519120172
0.4586110869072395
0.06335258879857819
0.3465719334753976
0.681159518137711
0.3950516433709257
0.3366341692544401
0.9956189306856826
0.9211581745899088
0.40324492709416637
0.3784578634196065
0.2642142528652882
0.30803296987408957
0.43013684549526787
0.12780311853881698
0.9809881711978892
0.05520267285060587
0.982150773196193
0.08576094761134556
0.7049047384745172
0.9879986968539433
0.7753215289689348
0.3924020229859516
0.18301490234925466
0.4510439934350938
0.5123017251216694
0.13337706902129942
0.5876439208261103
0.1961616079219367
0.6428641264848342
0.9523775229334532
0.012037935065024818
0.9920004084997877
0.43712675619707564
0.39554120282984095
0.6687507612567822
0.09669397464735296
0.6926186885374795
0.550278275851813
0.43818692679483373
0.38249329702199375
0.9306533642859327
0.045400580503792365
0.07225676691570126
0.9857062763430855
0.7220545852229797
0.07455538626643032
0.9225929313919514
0.25757222248786293
0.5937568405840546
0.15168767961039298
0.8510103048129266
0.9288463439999812
0.5763598250332226
0.006393150530009883
0.9918480145496257
0.2985061325263846
0.5294133460841339
0.4766584895861181
0.4511827018666855
0.08500962436253745
0.9383268237671181
0.8584526663942468
0.6371922773687618
0.4045087767498303
0.33934465173184325
0.42943988584435355
0.9921858385645057
0.20811285006168712
0.1124081259025268
0.14340527408681447
