751400
0.01490780302700867
0.051251471743899546
0.39894707074509206
0.9850163401745269
0.12897441741658588
0.5161110533041519
0.7912427800560156
0.22516680334667605
0.24635810180746764
0.7486103568614375
0.03824348271999789
0.7569096547404672
0.8335585253361306
0.346678942225352
0.35967788472661943
0.511623685315911
0.3998744972446514
0.9635515374002224
0.8381816980753561
0.592575283215366
0.42180783010562783
0.49215936771206537
0.6364398731044522
0.16944050785510179
0.9144792804344012
0.4115096673987957
0.34235144394363015
0.4375274594832055
0.40758844869585975
0.9904141280522538
0.5670506508261136
0.4971059817297778
0.8413057424151579
0.17520586393894022
0.565229692959177
0.19759628549607866
0.07249596645596901
0.9060261909854892
0.44561167295063786
0.16544412234861017
0.6448487159387174
0.8020761046363168
0.09954533584164638
0.9838904992818516
0.5487455647619337
0.9123636056538847
0.038368152356879626
0.9396784508568365
0.35984426480660026
0.639563288207334
0.938579826060147
0.1970800346540066
0.4526112158743395
0.6751608801166535
0.33011858125219484
0.7409741851927101
0.06612047188657333
0.12358415653600563
0.28112794221503956
0.21996571709764046
0.43536291095967683
0.6320168415997098
0.5125858324677534
0.3546437306340128
0.4220820968314444
0.7728010664683364
0.694918863537198
0.6816732885512731
0.41578609111377995
0.13891630521128973
0.47956168667687626
0.30787454460405794
0.7882826280755795
0.91908469823327
0.14436725293089503
0.020334034147097002
0.48170934444819347
0.3817651916742677
0.7240310437856933
0.02602086012550353
0.9975597993182811
0.27083764430885704
0.887428336520301
0.6902110189730422
0.4695990985858176
0.5605422025556314
0.3867447210553173
0.595887810920911
0.6646865152225784
0.05328135475522955
0.8182054843812044
0.9304399180481405
0.020860203447284342
0.27926302231144784
0.7221507587289009
0.4360084452372619
0.5363110289960564
0.21762630707614405
0.7143209489320507
0.9001717880983625
0.7641754886227186
0.04618141378504781
0.34445721926361494
0.9444850621306546
0.5912627879065862
0.32780561035257516
0.7557819749638446
0.5293365605011772
0.29934881439799954
0.4437077423076319
0.48756121068239777
0.8978061719033852
0.4705589081566711
0.3409709884150639
0.8930804311481166
0.33442225159617045
0.16353119420773787
0.019722741431492996
0.23282114725269398
0.07868279262127087
0.8025639370998755
0.27474730564464456
0.9748911458373712
0.07019205514619176
0.9019802983954653
0.5788163775721142
0.5077314251673776
0.2793560203310922
0.4207440925282653
0.05274234071410033
0.15582263196627533
0.9659403709508723
0.011939720888480942
0.0991492992805002
0.9267277488842225
0.4597936385902047
0.2690927341955952
0.8679017270516441
0.6445243885902947
0.7718795204726195
0.2495003770594083
0.7025350589687838
0.7418316865364104
0.12672558238771336
0.9114605443588308
0.9741966882294069
0.9514358094840875
0.7578048921676273
0.9598694350094721
0.022929170915342634
0.3313763145115515
0.7564966384774532
0.9917623944138264
0.4343230291328958
0.07862310018337426
0.7364287608580182
0.4561739609139719
0.05875902670571531
0.4884445532541799
0.15882613230247722
0.10991766497271993
0.9783432365371401
0.01594329745240841
0.4705501647918102
0.32911122578685714
0.5085684168634043
0.7703071726576779
0.48603739906566457
0.903357098372725
0.6376712560139298
0.03669816488715605
0.249960522217184
0.46208784444368645
0.1850607352453213
0.7293906757287312
0.6725051758210546
0.06054374083436265
0.30384696813414025
0.1716384613884564
0.6405832824635016
0.9353205932203056
0.15644177110653745
0.2319142839660291
0.14076413842440738
0.007859949861574123
0.8977191465566514
0.771624839978939
0.9757007737812343
0.7077703027290431
