974595
0.46246006592227995
0.008215564658180519
0.6414766622100156
0.2892822805014984
0.48713111531701314
0.05244750039274815
0.2542875973237104
0.22889474174437796
0.24552478006447243
0.40210700595072846
0.24033927908792874
0.10727458070917939
0.9414575164892965
0.008103431425700913
0.4582574941496589
0.5551155777252833
0.005882587387774807
0.22315291124164516
0.3033943645734387
0.11943634196565378
0.4908959796854643
0.42687432766840316
0.36528577535334306
0.8759617646165436
0.48870595249034365
0.08309220458895383
0.1223742565931093
0.015186669953211496
0.788334098511253
0.7777888878239156
0.9211955745260921
0.6447638648889392
0.6015674000243597
0.9343071061382666
0.7025137220192614
0.3341680771399159
0.3365140914677154
0.2322897151249127
0.2926363557887379
0.7746178156311803
0.02100271238856588
0.7916656555468268
0.2982982131789077
0.9707562473559089
0.9446876682023732
0.7726448896487268
0.8301561260692191
0.5786943444456629
0.4231925090330241
0.9081583616734704
0.24678609784889838
0.4085117847723957
0.10412296997162063
0.7860931305087709
0.9218333565408541
0.7757063911699803
0.17650470849593403
0.9305212551829378
0.1891362268604504
0.11373525793906458
0.6258073894131236
0.6451811213253751
0.1967968403220951
0.5819955573747
0.0025500311187562907
0.5511257087550716
0.4612185060863794
0.08076778364418569
0.25856310833018026
0.8985396843265926
0.3017584507833435
0.012307642296565335
0.6615028272359389
0.3333318617678228
0.42646430887454967
0.1481096963040902
0.6446086208944575
0.41851041683000534
0.338836237925626
0.6229222591385881
0.5608309424587606
0.8240816768403557
0.7004819901199597
0.1878435114918543
0.33555547756518567
0.6226468220531837
0.12286042847862644
0.717567927751942
0.34681293524096435
0.4134401022469778
0.9862840427643238
0.9883572560760414
0.7128968933534163
0.08442473004154993
0.8125561509542957
0.02958948865560318
0.9980417993960619
0.8586829644896283
0.3236541906192595
0.5915142400955948
0.28052123365812043
0.47726385275669736
0.32619009759027984
0.1384474604087944
0.43100730374998464
0.7027327466520166
0.26290871074257904
0.6289918229767743
0.5562648988430348
0.11461789836173142
0.8690270406537417
0.5351949985524794
0.6800847833274437
0.4646875160341055
0.8507807130476318
0.11814064032752625
0.3751676965381835
0.14039550684344126
0.40623470693359653
0.5873590230224015
0.42169583105006014
0.41502575558353216
0.9946673356015948
0.3345047510644389
0.3488602261925663
0.7938594642566636
0.5367605487768089
0.9088614302728204
0.8022775251238454
0.42214220741059105
0.5240532442068481
0.4941667215875035
0.202711838700242
0.5885665861379354
0.4022455792947348
0.40626149648421006
0.36968343988933294
0.10757645442922426
0.7427558827413638
0.1358638682679748
0.4750985418481647
0.7603892214681045
0.03663318013253081
0.22464616200178922
0.02241965193637896
0.6620917944862715
0.41578976933392564
0.0026068355810243693
0.7103621772965563
0.2026345468270081
0.3940957847207298
0.9986103547214424
0.4444419230179628
0.8595395605137128
0.45903519652645586
0.7105768377755931
0.016823227008125885
0.6047010417877892
0.45065370674403016
0.2756269968625331
0.8180459088787946
0.403867238967917
0.0992929799022263
0.38560779952443236
0.9640113897412543
0.7162394827925955
0.02314071643503035
0.8617049380761693
0.36635286688064406
0.18366769132857574
0.240339468105351
0.3931275337698382
0.5715962972130432
0.4233267037140822
0.8290435411704217
0.8714131733867853
0.7305821304096093
0.1660453210670546
0.3727527084472686
0.24880402394029477
0.9090408427482632
0.06325788476153205
0.5515358950846213
0.13361697120748695
0.7119896577789131
0.01820499575738388
0.07522395404088555
0.05575305974022571
0.10687927052329838
0.3478977303791001
0.8269482939136878
0.2686116003370348
0.5296458501590298
0.3247528942031723
0.2851224790712792
0.33854704958837123
4.711685575123914E-4
0.9302583778802247
0.9600487573090929
0.9896464046262325
0.8306961108572226
0.6753620812215188
