1215792
0.5460031303728078
0.5645115708065732
0.5965879220674453
0.9112344627117374
0.46317536649698077
0.8165499520932165
0.3660329649612728
0.24137378290650813
0.07961775673788873
0.34678430191304377
0.7391720389384919
0.6641063548616599
0.24295660573041722
0.012430335690830963
0.5357650740044427
0.45415540938257115
0.8656027831236671
0.7066680903342607
0.7317781077902936
0.9109844713757649
0.38572537018614084
0.8477935278912386
0.9050658302439825
0.9489950712099959
0.6718357182231194
0.9152728253110511
0.823208675456609
0.31157898916054694
0.6877864345058244
0.4893831686803868
0.7800632612392865
0.14305665432265957
0.4389150900386215
0.5779579873340436
0.9607620125813748
0.2697429928356784
0.733332675140833
0.5119237095303812
0.03769310007610083
0.8174674255651477
0.7082771698356679
0.17486303639413192
0.4545141568360791
0.7609154575227873
0.10397706151534447
0.8379158138138713
0.2870631611860025
0.34595537124979536
0.9643427915435203
0.7501210708987274
0.8172095571551664
0.21348415829997436
0.7521562452582815
0.022458841092691584
0.983198278525463
0.3401602461122457
0.1365282822156333
0.5713979487599161
0.6426174790518873
0.4754629539550993
0.31187342882584124
0.16255825003906066
0.6777062611581632
0.7357831838067853
0.02978820396642623
0.22566787063138605
0.31075304542015136
0.18646969103524436
0.09046020802304167
0.9609981552509114
0.3152702458493706
0.7916734596948827
0.31369252312087315
0.21301951555155307
0.7242659824254853
0.2778447306465247
0.5565921453190956
0.7037421651317157
0.4548196388130963
0.10632055230673287
0.5140570096547603
0.6963903564642536
0.049788058004919256
0.7131472824536127
0.0196640976550001
0.5818544573787587
0.37742715666217475
0.5616735109378864
0.9070258390917931
0.5243020508395118
0.11802667691658542
0.141605471299592
0.19018445541510764
0.7544996700474734
0.19115812875274374
0.19719204007547186
0.6450598831460199
0.20487332315422724
0.4860027232562406
0.10428255118837937
0.13828734976142476
0.21856738709224233
0.18425637566744324
0.7099631805296918
0.746801304520981
0.08961382784590521
0.09675949767810865
0.15094562121128374
0.641796359935147
0.6687047685464838
0.6253031153157935
0.9995203423179997
0.14964207870333335
0.0959126204308215
0.36432883651847103
0.8992504081236813
0.12421152546758141
0.019006659264424353
0.8534004618145149
0.876700265161468
0.9243052611414122
0.34850945515364484
0.8996343744613009
0.9081662042010983
0.17567161394053254
0.03800313508687847
0.38394356772572025
0.5355331494108614
0.32299988837883553
0.537057158878756
0.5751132797453742
0.5477157686914988
0.5865758986447458
0.04285186432339794
0.7030941033181246
0.08675526099388542
0.786534576361052
0.8260501447915719
0.46720352391076037
0.40241404509485035
0.29611248001010737
0.8135160874564481
0.2860175258286892
0.25893054787489833
0.5165314569770975
0.3410055796186945
0.5931086836527455
0.7112310648154293
0.9211089179143368
0.20855029085530763
0.6683200125411227
0.1522131111667362
0.18304784526126827
0.3184801682646524
0.7251549256608656
0.4726450633573587
0.3588816822299561
0.4786649489020396
0.3797161923294433
0.4551192252444469
0.5983525120517265
0.3994382468093164
0.46090421865565956
0.5400843801026752
0.5633813741909253
0.48305798608240025
0.4939270121259993
0.3842839092554704
0.8501016117626297
0.5740921552382819
0.5607755814883746
0.23013970523711635
0.4765577266193376
0.4479686352836144
0.09807113182230653
0.9866489266374828
0.10561982221869415
0.32334745053373637
0.5218907882828522
0.5908015986255563
0.6716384762851607
0.5679809415936284
0.9695073690477592
0.81420253065326
0.745743504065776
0.45922882514360264
0.40373724219105
0.7433847044688804
0.5273607499931225
0.8251319750427735
0.9107317431893682
0.9500738258044702
0.22586871212871718
0.6179118230268552
0.8583736870988606
0.40956744578510584
0.7018975681543654
0.3807107542715964
0.565832036473175
0.9909473800677725
0.399713423324518
0.1286830839424825
0.397113134106859
