1655478
0.3025262126859173
0.4550211118369505
0.5901345327474515
0.3849753760058824
0.3273011595391484
0.4401182997111991
0.9540252694003201
0.8233819365570391
0.5179360992713881
0.42820372037390064
0.5615117367128177
0.7041626540530251
0.6633929376631343
0.4055492657396188
0.18536380458941892
0.2523967208405604
0.08795175930009336
0.3583539892982457
0.9453829084316723
0.6457963931676531
0.360023408700074
0.2882054320845774
0.9370375660370184
0.9626414474767284
0.7457324394260909
0.68351184550249
0.1291212880244984
0.908570801130384
0.35106951058730396
0.510041101645827
0.31774452833461664
0.2997300831648906
0.8109084903693056
0.9510394241870842
0.770649290745535
0.21126185029955136
0.27646381428840694
0.48673398021041403
0.8503064867186112
0.5862991699432241
0.08655365970841433
0.8287473380879327
0.4694326412457863
0.6767989207448087
0.5599433393917113
0.02706364402673045
0.3646956183108021
0.39501734093778373
0.22734507573408347
0.08758824615581084
0.08287911531617498
0.7690596700164578
0.9966835712521679
0.8952690297535532
0.648729385811693
0.40181514970387744
0.2701462170393527
0.8790106506627398
0.4842649045847319
0.36327930407030984
0.8543839157747773
0.4950270966201866
0.11909513407198047
0.1776843626484409
0.03923289239562988
0.6412781233492899
0.7321899094688582
0.8895998465704643
0.5925297495393529
0.8837720691785433
0.5133314521848927
0.48102297038486674
0.8554732090686948
0.5081786249963309
0.6619151994610963
0.6318133292397111
0.19681366072643425
0.3058201707713214
0.043233155811870594
0.34291487394377806
0.15216714867350067
0.18324739670458146
0.3742913560903559
0.9145399370975718
0.5511696789876516
0.5320636737879527
0.6139892587860554
0.9010939898560971
0.5049347314187468
0.01743870830134353
0.6120007426980207
0.4349838676115967
0.3731623682417099
0.5093562293502637
0.651489908773252
0.03255351322082645
0.23983879210938241
0.14178107101805026
0.7838265499752767
0.05018524718072559
0.10455667274739888
0.31795006458834185
0.5613509447443782
0.30296131675192595
0.5615143731911485
0.36878071627133957
0.6055745127389229
0.0024724216589573356
0.24347795590030252
0.4949355929376159
0.7428326295981793
0.968336681824175
0.16607937169148734
0.14541608227256897
0.45159101225042286
0.6624863234965034
0.9858430040959182
0.4487147279209307
0.13216793269896643
0.47056937748122063
0.928779986663819
0.9221746985416431
0.5112305591160559
0.37411588242133864
0.8318446708653925
0.8340289622141867
0.8509269436727244
0.1742968779083306
0.30073485331829053
0.0640028504561837
0.9621693967203864
0.3367068053348736
0.45239349182524147
0.8064060741368059
0.8838416188611635
0.8042882080283871
0.721620764755671
0.7979014840027375
0.6817317158677005
0.7498831811746551
0.8112169241454796
0.2234325597731811
0.19441965669646977
0.9074016664525782
0.04586605647821307
0.08510644263184641
0.8946753622381992
0.6266311076132318
0.3306232663166121
0.9679932177915906
0.5112959189268157
0.35355257755532876
0.7762835345191078
0.7932238880210447
0.22205387462573956
0.23105650595495042
0.706847838081096
0.7338438393713898
0.8816956769994863
0.6348164144739261
0.04893533823290386
0.32644689075654354
0.9752585220210948
0.1303566688970299
0.3901058582451482
0.7002560813075586
0.3061369095592805
0.6432337093802312
0.26622965423256906
0.5959311905096534
0.15337696396725597
0.3275908228896629
0.13821986387823826
0.775846007884396
0.7812361825707725
0.5380288020126891
0.9659008487635673
0.9275117844442425
