1524771
0.05738079153232667
0.6622583445206508
0.7773697542246486
0.5725667094163961
0.21537244077885265
0.03356925332449623
0.29477156106976476
0.665348140884411
0.3697171231184644
0.6588933183865135
0.46930965073362607
0.742226263904985
0.9094640258219671
0.8450089619756498
0.24577260286157876
0.5450879263387504
0.9191943964359675
0.8236711280297908
0.6318305023818753
0.652512699957934
0.6411540618530652
0.41418284083445245
0.779698328197517
0.4620342502129158
0.13635653965389205
0.19314108745205927
0.419438057956675
0.016457210044994453
0.21341825784641422
0.3986446336444568
0.0897928663258003
0.39769682126203687
0.31805074941040623
0.15409409182307499
0.04805348447527091
0.5619167054138081
0.05790726097055898
0.18042575927898785
0.41053991605252405
0.0632961368343038
0.48142018231236217
0.45112014204471473
0.30231412495136234
0.6733801141909134
0.5354415294002345
0.914267836942918
0.6118689093584877
0.9440774062956148
0.1026743813070965
0.6471541669500944
0.029230856327741694
0.21467708980624267
0.8499507145696213
0.4033768552425181
0.024521911627120474
0.1029776497378786
0.2464798916944232
0.7510107108710128
0.33441561644132434
0.6614209689559616
0.27319512488921494
0.5247788517699283
0.5044804889936104
0.5308169726248168
0.26877840691590915
0.43124782873646683
0.9293955935411677
0.6118397265112966
0.30249899518506207
0.9169465466289701
0.09287898676747341
0.013298635722893692
0.7814081861181895
0.8443994996050012
0.5447641599683318
0.48709158306228606
0.16397162184496172
0.39512921745385543
0.037804426704377336
0.07336771166437084
0.3276888243939772
0.23781092085153555
0.24221733861798767
0.8736911625113846
0.8391034282324255
0.2680320578155435
0.5502475142535433
0.009790995966019733
0.9337849382146827
0.7323840097093631
0.33868063639503354
0.3664537103729312
0.7344245107925481
0.7241022537376922
0.7169505922007072
0.8187886068657916
0.020821945537515152
0.9839561598439264
0.048653965699397284
0.06630933023785035
0.12737798113725274
0.3809657380715997
0.4145488062482926
0.2246185395216389
0.9968668971322874
0.18257253496513293
0.15988983035697413
0.20607131550368063
0.8098577950383014
0.012777051781856286
0.4969329437793567
0.17091826931698717
0.44677256614326644
0.2583027737349718
0.23920248613446826
0.33466672677052944
0.6027832512798361
0.9627067452640771
0.7488194303917652
0.828752769268911
0.18044213522642438
0.8134371424166601
0.6922974746746415
0.5611544607702141
0.8150484895564224
0.3633602358127356
0.39605335460472046
0.06167401510700843
0.47292230018836123
0.19875289430487175
0.2805117285009784
0.27926924299128253
0.9511241959017186
0.11942985332155887
0.8288327772558576
0.9962978722222626
0.9339780964573031
0.4953400008990566
0.1437965893374702
0.5769619413544067
0.08993187201520825
0.02202594302577965
0.11887914886451412
0.974507095711137
0.6494446480349728
0.02748787510478623
0.2326270990850846
0.9157017172046352
0.42564097925762345
0.5568026636404152
0.6391794741306316
0.5567794177920119
0.9349541584810689
0.8250463864695494
0.947682036809002
0.7882583867691294
0.162870281215016
0.9972223057416868
0.6516185318078926
0.4482189247971805
0.4493872863351508
0.8521750199607672
0.3048112899176558
0.6120052850572874
0.4347794162204922
0.39107336558878003
0.2857665592597881
0.043809391808759424
0.39696329306182276
0.5654139915701212
0.5576235581325261
0.003078395862009198
0.5222033716256371
0.20492789512477194
0.2580834066146791
0.9394440432084691
0.4480780966435036
0.8294006583408835
0.18832776498927495
0.08514762201424764
0.05621006027032949
0.8894210776603712
0.9630378544641173
0.0375916099749487
0.340569068335719
0.4515040486999601
0.5525234895524993
0.033157885406289056
0.7547053395601886
0.7464081029011845
0.016179900606174358
0.036120007149518685
0.9582885949237513
0.2003986348213861
0.055515739126213326
0.7844069343448129
0.036663538494809855
0.14197354867821899
0.024700764060798797
0.2583587803096282
0.5775691692650526
0.8913078953095713
0.7673834332921103
0.30841564283042544
0.5248921321879338
0.9365378909462928
0.033042370010759936
0.505153123133679
0.13818440266872756
0.33429119356041903
0.41692048565157735
0.14098632170057257
0.9558673139556638
0.7092070257501562
0.23861080299085158
0.6545395512845974
