1210189
0.4587545948166849
0.7536799381725887
0.3679608733158164
0.01180901423731906
0.7936606853555764
0.7552709767571161
0.920756246366215
0.2773767306677233
0.3495856086154405
0.2771045064401727
0.778404958494702
0.24045945503583277
0.14723363206401152
0.37578736701833737
0.5754980869938409
0.38696778944456944
0.03599894262829362
0.05676803360243865
0.19130027230086244
0.4137364397537274
0.24140340638460178
0.6702724914051679
0.09366288638167675
0.2863925805896428
0.5922501578147269
0.09257219900356417
0.14372849870409954
0.7410755432112
0.8726219485341175
0.8744651471173668
0.31087989094832136
0.6230230616208787
0.12019000467504659
0.4157073561751776
0.5296163394783454
0.5072185387166968
0.6560072222958321
0.36274098890835715
0.8653681592522295
0.8969959438468644
0.15590685511586477
0.11904148347201093
0.8044922908581817
0.3130097710906775
0.7471319783062459
0.1471066210495462
0.7380211530434002
0.24558429609491472
0.23073205951900733
0.13188756497365872
0.016477596309005693
0.4386523081502458
0.1347439867326945
0.031850690638041024
0.1477620368566852
0.5933566446620214
0.12045504182387623
0.6676155889650316
0.8646903680704117
0.7960981992115342
0.3229311845684829
0.8172341775546325
0.15445122102714737
0.7316921056726154
0.1810108767920433
0.15542382688892975
0.14485340781862055
0.6547954337196921
0.4644881111556901
0.41505706057435277
0.3931306223826987
0.23388727987868574
0.03851890853072626
0.3898839239981705
0.638867460367002
0.625862081756354
0.9481138684921762
0.7217842676768431
0.04918605495167938
0.4963084051867652
0.4772419306305987
0.718920765279943
0.358854909479529
0.8601439496046344
0.022058573382118363
0.4957704451235093
0.9910140515012594
0.11087590698693917
0.9124820693026913
0.5272660543824308
0.976862626119686
0.4618405134272062
0.44448010558296924
0.2513777231374035
0.6292253978410789
0.69336140727133
0.7074372080816087
0.1432423221431851
0.05768807245025587
0.3197186260093129
0.8125356965448498
0.9696269563447203
0.5385112849942945
0.8123962536590777
0.6595152548480033
0.5251868025187288
0.332372665031754
0.33055850378920393
0.5717196519420572
0.07010604034706003
0.4628308416540249
0.17112355491897746
0.8054030835404057
0.19133141281170407
0.5909549786374968
0.8863731233146753
0.11183329068724113
0.3637795560296313
0.2020344587442996
0.1740888386276671
0.5830818907439722
0.7684266968045665
0.8673945141011895
0.8279249563576129
0.6040664115147506
0.5281992952220543
0.7518738680450202
0.547684113873022
0.7101124218862386
0.580681115796141
0.8076973104668363
0.45005799846861116
0.36884273511075094
0.9432682711384477
0.05584437658619801
0.8608627464480869
0.4402484235248445
0.02756013841515037
0.08791301359124137
0.15988171542062568
0.9695086786156694
0.15744737927811303
0.5485895741177592
0.06603736870738874
0.8782076580873006
0.9543654942421868
0.583545894511385
0.38137748798482163
0.5688359078184199
0.9572866025244829
0.8984354881074437
0.07459701143329955
0.614940556641633
0.7113188677738042
0.5789958516083245
0.2243689161596324
0.9900913326117073
0.9680671827393392
0.03238224578566806
0.1806996176986938
0.033463926299243774
0.8955125709411992
0.6602504428813069
0.29944963453794304
0.7171686661060285
0.45241815120143647
0.17499479945652463
0.26709850401955826
0.8153579919059794
0.162817527500985
0.8211453232714653
0.5838673640127912
0.7099889990137848
0.8979896783056737
0.8448639645412468
0.31941916366763135
0.1994742747020023
0.19249388573043524
0.8967394048063195
0.2959398360330452
0.7218714530714342
0.20190331405917827
0.5777919841995044
0.10540140943022924
0.38591916134348836
0.5805246935991076
0.05156475622873169
0.5150730718922683
0.8150019565819177
0.51598513232095
0.23773156976586884
0.627377309760592
0.30968058972455736
0.3912772737847202
0.9216959183478214
0.18850921594016445
0.9353356171555443
0.6810131324528147
0.6403485578277578
0.5043215285496058
0.27517719146331854
0.9820846783519181
0.740007047457858
