1227323
0.8767480842683412
0.3575696497429428
0.43012530459565823
0.06251815935198501
0.840292741625319
0.19253818184587568
0.9472163989226542
0.5906175649577791
0.7478325851866651
0.17259342466792804
0.3097866884389665
0.5622683548381961
0.6223668304297822
0.48310359375577416
0.871523564387142
0.8243755605093934
0.7207559508122159
0.579275668152371
0.6326266269578017
0.1142006114154932
0.6534593178672817
0.869102445146519
0.1250425272563035
0.5476398388497219
0.09484401217642557
0.35562370377978136
0.10460563796258615
0.6833553669680318
0.17077856048558748
0.31350529369184865
0.45649884299827315
0.39923631216766264
0.27506752048380967
0.715553072770639
0.5341285363698333
0.37639324976020494
0.8867623277911174
0.755623592389668
0.07005476087754403
0.41780123923929313
0.21620489087578232
0.8122744916595306
0.9685857693738369
0.07467816365200775
0.4726780092366113
0.38191202433533544
0.72307075381039
0.4835140013172943
0.807014794649643
0.935505022766121
0.4608818573257131
0.22401077259794455
0.9919893888195247
0.23741972950144252
0.5883804176113788
0.5723106211306419
0.1698473943067511
0.29346635037615243
0.38197226552292773
0.18293391906846035
0.9836038511656056
0.6514289279995696
0.42550848113289774
0.8890532063920329
0.05531528268076602
0.20189165784906582
0.3613467372720328
0.13467138863829353
0.12105040552568258
0.013347294098359108
0.3039791883831562
0.16880937962238374
0.0490977919180311
0.8007826864935699
0.12293870959325959
0.3318756863223382
0.8930307750274893
0.7013740906950108
0.6302667353354379
0.8235057366754148
0.37502345996292463
0.146211551579692
0.4875279379416374
0.6563857795968961
0.06684575691376049
0.3947893522422672
0.28863599038690246
0.12727207170251953
0.6226673761392306
0.3282586449323698
0.7601729149172408
0.9506200117177995
0.7544464952589585
0.7253577493041402
0.10863742372610907
0.8252100653982779
0.3508922434162255
0.664617943930847
0.6111251487536299
0.2169212371498047
0.9151500418524507
0.7999364669604149
0.38638729967953866
0.7041893980353082
0.3227735656909666
0.6762256164309955
0.2913498913852328
0.9487721525750956
0.46536271583046895
0.06487793021531141
0.11555128741346943
0.6322719124657515
0.7578243760602384
0.7737739615947906
0.10099613062747725
0.9124358998039753
0.381265271187213
0.8005983883657765
0.6906150899053314
0.10470458475411537
0.5982064001578637
0.54767280752447
0.1673790100971968
0.19807979634047967
0.6238010052291942
0.9558700265704313
0.7426934092462929
0.7569194096883154
0.5035711100608495
0.878265192770541
0.21972479639253684
0.027928092180199204
0.3456811281898149
0.5956245343069031
0.44097535369467933
0.03845602807201964
0.18348329496962035
0.16331692289742028
0.09120922219988092
0.8050312546579612
0.7877040599227593
0.4967591000082723
0.030160340535991814
0.7199729626877714
0.9619852109720811
0.5332375884520093
0.9645021610750415
0.3269689920832798
0.6592522872262138
0.3036391411709113
0.7923340030245122
0.3745530002341656
0.7320226952981548
0.8866533149555059
0.004944615157034593
0.015596728528660564
0.2666186711621601
0.36769151073438744
0.291543573833026
0.24624794333533684
0.8157258166489699
0.8728685121925789
0.26765064711211384
0.8681483564243327
0.8933835430325586
0.858359545229862
0.2153774735868803
0.8711042419591687
0.48066267907296745
0.5377167425151621
0.1626239111711868
0.7509320172130857
0.15747473581602744
0.7276740180907839
0.31215592599527076
0.5106970462886896
0.1858081398423299
0.8659521804354108
0.40881732361293444
0.9076710873540059
0.14041164493998748
0.7127931549997122
0.7597036455061562
0.027806473587689617
0.16801838564510807
0.9942356511096234
0.49519492923103314
0.34694046842666904
0.15719449418907283
0.19919873021713508
0.2099690218620568
0.8997015688062076
0.08534344174810027
0.2425115973322366
0.22921258998873506
0.05765440467965799
0.23171136566801775
0.2312315310531564
0.8887509137729149
0.12685410206104186
0.4419744778415158
0.4544860526340727
0.22394529400589847
0.42162976566016264
