1801763
0.06805847402187915
0.33598836774953655
0.8448123042994987
0.7730217680146412
0.6167592562839633
0.9431023367594662
0.34293761854590377
0.386275823363167
0.05569789501234512
0.7127420814006127
0.9323871703311591
0.623565017154245
0.05026476442430017
0.26488846102959906
0.5861451851306333
0.8465312576798756
0.7982155738827229
0.7894531132493043
0.6313704584930908
0.15032954517228292
0.7006499624761032
0.12420413829827437
0.014103432841006347
0.7760607972716427
0.5030928711465725
0.9199357512107507
0.44384343941201865
0.47340561117907987
0.8184849710509529
0.847635631615961
0.9072167438646951
0.1839750622660591
0.9658515889004513
0.08722617575152913
0.3027713697977732
0.07856506389714835
0.8628835196429653
0.5082963708581845
0.7346433170399163
0.4110117930464835
0.4125417071522033
0.7815688569468812
0.6165908412384905
0.43892160913752776
0.18834863514445976
0.7074849160061372
0.3956521729056056
0.4330129789506215
0.7529979935925811
0.8960119517146352
0.723253906173422
0.062156420768716525
0.777959015289837
0.5385576914905786
0.1254860637628613
0.30732086039630613
0.9339136960928592
0.1912056256081176
0.7410535438764331
0.14163690652838878
0.7439070835920925
0.58994193178898
0.08217831734872005
0.709686077263737
0.5047822325267013
0.44836757947588357
0.4790509545765552
0.0367483168867645
0.5055690736863375
0.029794903936461448
0.03980056888474037
0.007863928334910564
0.48182001161113097
0.8119033967293648
0.6888045708988874
0.03305366416557398
0.18069112564841183
0.4149028140331018
0.5400064795045912
0.5053101959192374
0.12648605532568924
0.7695373706702051
0.2471290068765093
0.7229391440473696
0.24445636613406396
0.49450272180816923
0.48403711619913203
0.44644156879415875
0.2661283695563922
0.13808421046959807
0.6418595539234923
0.5661700595068645
0.6843442204026027
0.28749863760145133
0.8844820732187291
0.22773973015517956
0.22379915331186673
0.11149771971774658
0.8431940040329229
0.44076582865611913
0.43660500866012497
0.8609312264800759
0.944532948302018
0.013073016860511544
0.859534568752475
0.2668401168896688
0.9145272335776037
0.7018373871788992
0.17942635723972444
0.28991955603763153
0.6358536363025323
0.5621068413483878
0.2352786753543994
0.5303916973932652
0.09396996857410278
0.7411765109289449
0.3938859471523597
0.5540401640357918
0.44818623882562614
0.2731903306633656
0.10192195960886252
0.8207057237677953
0.8447068850767465
0.34579095568629514
0.2955090902372369
0.7280148946184517
0.904606977445088
0.5278437998296431
0.5088234161097237
0.037883640977482314
0.22475721301639162
0.2848876695637299
0.954813745223594
0.07663194541860063
0.24377805933228958
0.014722655573935595
0.549435172559801
0.7651607240629715
0.12175121535091427
0.541678216016556
0.41251656733236786
0.6575301305432346
0.5190365658872098
0.2888418187405942
0.8999582310459051
0.5118698328694972
0.7006410379640193
0.16109878351024598
0.4066808495374383
0.1620735091410863
0.5907271727914271
0.9598155142871143
0.6276737805860076
0.2764695278666822
0.21107337787450586
0.4451364439641382
0.22975897274534662
0.29956934091763854
0.7866954694990238
0.9255473332034944
0.22838508041349304
0.22877028747760764
0.16008764946173137
0.18320536222891726
0.2708510601191947
0.7580020299881547
0.9607495399028391
0.7291460408845354
0.587626978014927
0.13301287834235387
0.46122960367939425
0.8857521890153214
0.5795708659851836
0.7026587133065717
0.7215515394445466
0.7859093679071874
0.7369033923402338
0.2162602447974128
0.5046787633479899
0.12230215653636578
0.3975941567388449
0.07222240574649608
0.6097013007773439
0.9568872998926937
0.04960342637779991
0.7650739504602991
0.27521565591149
0.9504392440134851
0.8334143134363473
0.7225864418296345
0.06660618674067464
0.5666291071335802
0.9832016439544178
0.8486355944644063
0.8446524878952597
0.4551043762137157
0.686863710666596
0.47183621317841473
0.10406544465147571
0.17630821623158766
0.19143604669741665
0.7696866459506705
0.9524595813763098
0.9149847908728898
0.12916368789147403
0.6036444114285664
0.4330713116961581
0.5128880258630679
0.9568609922444445
0.11338724967097547
0.30365584777611465
