1216346
0.3805575586808232
0.7632682676902017
0.21474136571431346
0.8045358237726513
0.7545339862517253
0.2387443463755411
0.25322890024967515
0.5035496882810709
0.9701144510316375
0.49022112982190047
0.9019495579029285
0.1881870927171927
0.027546747746204803
0.2182349781375822
0.8068099228872747
0.4487865943496038
0.5273872759688487
0.6111403833583777
0.21980797458768175
0.2801709597188343
0.57851701529825
0.2885438528595907
0.45394537344518104
0.7412503089176024
0.7411206124505911
0.18435150293441993
0.6986761194744777
0.711757899315761
0.6181520432702622
0.21344305916708417
0.9729877598985388
0.8351457736095574
0.12570947308232838
0.8375801312138738
0.260894412765186
0.7724255466813651
0.7736699225388286
0.8994699100516543
0.11495792974924568
0.4933690718274898
0.7722334126853778
0.4330812315099051
0.6831528448228573
0.9888131107147481
0.23583157831951806
0.5551856378377993
0.31920437316697436
0.25345906565197107
0.29876350405341323
0.8763352147406208
0.8948414693286023
0.8417618080463602
0.4512873132219287
0.22961385913480226
0.370255672831575
0.6681655610430488
0.4550802513409037
0.6705456066433293
0.48955089754129966
0.27468156291764545
0.5954396743633364
0.49716236430084193
0.7370657374069476
0.3815734135868274
0.7254459463276884
0.13724798438572383
0.8012659788416503
0.19564732226796244
0.4784655670523493
0.028900673379174346
0.20392818476804997
0.7321748503465264
0.041109460556773114
0.8773295982547324
0.5527545725983889
0.10969320045217845
0.8672562668475537
0.5255299947834813
0.9085760695376074
0.24296875297490317
0.8948605408064195
0.539252633296746
0.05545995337560228
0.17798095167476258
0.5212123178543457
0.9715111130642125
0.8784838731817595
0.9853387979440303
0.5233384569127943
0.8464294817307376
0.1788837885772837
0.7746341137253155
0.43706587779870654
0.1540464401549395
0.8066432355009332
0.32000915465965873
0.6338757556565048
0.10587719770279413
0.6141401792354813
0.9029800320215056
0.05031563594357036
0.3633843602719874
0.5453636316619849
0.5995833649186234
0.5354487490402424
0.9754358213638006
0.8435092997475363
0.04957243712229997
0.5810013473906076
0.843666514960852
0.9304639718722711
0.9944427910831015
0.8246052898573659
0.29199446241425064
0.7270592921759753
0.2848812590208927
0.16966083788800657
0.3062399409588633
0.6306326743238473
0.20648186285083758
0.8009707742251504
0.706401931650378
0.13665975127444308
0.5488697917199463
0.2828214944584223
0.8404522894392948
0.699757127926185
0.6411306286977494
0.2789788746094882
0.6765101603665143
0.8928022262188515
0.8057252972192183
0.04458917461636602
0.03892927769814003
0.4530024743371599
0.6277328783406914
0.6505192079027752
0.31833337400509887
0.678397512878673
0.2627173532043665
0.06534663097650861
0.033131607792209916
0.08531733307119294
0.18191987608543392
0.5080615908449014
0.6722136448825283
0.4089114087143828
0.8341526987958685
0.09073782088840343
0.9811516249348048
0.7182195348583398
0.947282614218322
0.4978967873270044
0.6291477246216054
0.1694789502795634
0.508667661362519
0.9624243157352963
0.2207286182471926
0.8885508988495777
0.43031977001799127
0.559985309704851
0.21873806012967667
0.8427235602766907
0.575448314626634
0.5472422555638246
0.6760741006901897
0.9216571070886184
0.40217933475043643
0.31681263541121263
0.5937459450261114
0.8155724497731915
0.301002902546878
0.18425682069972504
0.5109911483314302
0.5815100093448248
0.1060901859284662
0.7389259673522148
0.26453087252740226
0.9740843949010047
0.10704208194499854
0.15821033396872541
0.4816670801209383
0.09227445486508423
0.233503545790678
0.008768437543507535
0.48579639663526397
0.44730854641259254
0.13928094548547865
0.947292767427208
0.5263180067503317
0.08747676874742438
0.9400326855457987
0.45852185438807913
0.8045909924117971
7.400900569595192E-4
