2307204
0.3972613274418898
0.797473176736316
0.3262296161397522
0.6457258455424199
0.4868237338482846
0.39969146877570105
0.3134098010878489
0.042706811435531566
0.6596026480987426
0.4735023982466572
0.7301165542784118
0.20214552677850817
0.5785488217077005
0.22689354142667106
0.8798573343514479
0.6470054794603607
0.5917785383235341
0.13097916034599388
0.40819883336539375
0.28264605877935745
0.09349469737250993
0.3055047157217935
0.7456934572400383
0.8252584455285465
0.7009692963805054
0.3488882901371112
0.05663294374470995
0.09879348405658317
0.19022888553178952
0.5342243380584705
0.5019055862690867
0.058170147969503816
0.6044496442719137
0.7428901250917151
0.47694084907672507
0.7006234874410593
0.3351609214754705
0.31845033561439695
0.09942749729596878
0.7005381379582291
0.8751570551220635
0.23244845620517807
0.7093733122515677
0.3341947676716719
0.9880227041346282
0.2069785219264948
0.42681941670097967
0.48271805642511156
0.9673383924279784
0.6635872386401189
0.21223207672575772
0.02216923807635096
0.5275522302660496
0.6643408243198273
0.8987368110677866
0.36030757765998356
0.3249026382136915
0.9261215612070444
0.8919449224436193
0.04892330796433619
0.42482571793626833
0.993990960104421
0.7657870194142266
0.3557500934253115
0.8960152487614939
0.38105564108848533
0.9126262873453557
0.43787691964765896
0.9987248993526114
0.13878137045838723
0.24861993974317131
0.33351526260607245
0.8635463284133824
0.5293656943108102
0.47586998339068964
0.47416057834112024
0.43186311731618465
0.6453028475174487
0.2415254081968169
0.060123129458510394
0.7581222544290352
0.4293203505404237
0.6366940639378412
0.6912181451467486
0.6950651290016044
0.7461610092860403
0.09833017949837697
0.8806016096374266
0.863218972281061
0.11098047348005668
0.6765354116066399
0.8474758479867637
0.7999424595697515
0.95451246416006
0.06342038447244425
0.07480464654457608
0.6176309409398035
0.8998513606601541
0.19000250747009484
0.3952495946670622
0.7882494904360366
0.811285385090452
0.3835065836455438
0.6133007763716042
0.11803260057260212
0.07391534594252602
0.739641669576184
0.10056129911922829
0.20749534106963585
0.26875202530391573
0.19230352458781608
0.5467057828377053
0.9247220908150925
0.7957591770487487
0.205536426667013
0.06528002765572694
0.34461636208318003
0.4639470050912068
0.06012247156922945
0.8374973249165051
0.6804074306559807
0.4754790768634516
0.46857889516261786
0.17239569622726703
0.5648662382414227
0.643439455122697
0.17183950688107685
0.8526882936854486
0.07018325328346209
0.9331573932100471
0.7423057456251427
0.7657671946994413
0.5379128512180604
0.18373729850731002
0.037551087305922604
0.8840946985998752
0.26457140230221843
0.18188823447293434
0.540823234911402
0.6199546321963665
0.7912536263538336
0.2822462560616896
0.45698598047313055
0.8848062395672031
0.1797578319763613
0.2413014800902883
0.9078946480399402
0.9145646817506161
0.6725822917129137
0.26465105403151024
0.061998649073165435
0.8621512149574646
0.20552086189552232
0.5506074239624441
0.6133006560126775
0.892548247672
0.23714487140161733
0.18758289127399752
0.6249086990036664
0.6344780826626429
0.7823729492723878
0.07209802546162314
0.15703234610632155
0.20849490636437173
0.18798532247727973
0.09617987239998205
0.7539628663427218
0.9464649666421331
0.04840781073212186
0.38083608697335336
0.037812557077042785
0.48509445855245126
0.6639984874328374
0.49819717689760534
0.7380957684516288
0.2804828611435135
0.7273736354424438
0.14794662538006176
0.08832001388017463
0.1934058123705955
0.7218001764699837
0.5691488462045495
0.37792708700048383
0.6733848562365382
0.2620655242431582
0.2533773104409197
0.6037800002758273
0.07226837469423708
0.5838056602028502
0.9699964342803233
0.9922182763164324
0.8652762523342775
0.8175826072622167
0.3480384166139585
0.8524124929528735
0.9424493035747955
0.9399792885501583
0.4426698702509346
0.3347838073360726
0.21218256626380239
0.17398440461516407
0.5622782212613685
0.5512790699929311
0.25930036314117677
0.9161714785820094
0.7574097529425436
0.9514357109880185
0.06169409207177856
0.18050901650928486
0.6009008401604936
0.1226658367860397
0.7157446267906151
0.1615783771618522
0.6679865843602635
0.4376019236840839
0.1594304078698232
