1387396
0.5342630686074333
0.5812700424003641
0.9201922488911929
0.017602078198983073
0.7674879404954579
0.904883245651911
0.5333500878666968
0.13707720641964793
0.9626982794877919
0.9916737915193958
0.07674565735733607
0.22413874461997896
0.5324445200343784
0.88378713223879
0.5193406344782373
0.6669955954000539
0.7121929777218052
0.36722089494839094
0.9366473978960232
0.04778256088582988
0.03854189705476052
0.8897601822922668
0.4105844696457044
0.09203928406068973
0.3404915414907922
0.43434521196247144
0.6412922607829187
0.6870189937461639
0.6451102179931683
0.3700775075229398
0.6190626173785279
0.400891944835996
0.10663014129498383
0.27885174269706325
0.07199719026797691
0.5842431220029113
0.9735163790651067
0.8582900765728658
0.9826932564072047
0.7982535339216765
0.3074407990592811
0.5804115493695594
0.898000358123271
0.9544382459710306
0.7658981197857133
0.45709725080064145
0.46132529003011036
0.9099658233128836
0.23765146158085282
0.38081100662353384
0.5478798268883851
0.9887396793432611
0.49307005689247607
0.038692502717553756
0.42261839081509567
0.8234752309186846
0.23024073901533282
0.13861917504558574
0.7656489841238912
0.24039945455265466
0.9144434557069813
0.6847344336488558
0.027953595535872622
0.4248816564250365
0.5441973146339277
0.10450645595024954
0.42730051978764916
0.8020195999391969
0.25870328869210213
0.07821536806272167
0.8188183317950177
0.1429246810360696
0.08086862034434228
0.09861872205644329
0.24763664186173173
0.5989781894885509
0.7898750017706875
0.43894123940472163
0.18389640698541887
0.7429771504841525
0.01706874549339399
0.939826751978268
0.9664539956014064
0.6284605046385157
0.26552717603838405
0.6408637532289835
0.8457889417259363
0.04579931003949966
0.3896170196033808
0.4767102404150283
0.21659455169887532
0.7047748676415292
0.6444191260477707
0.6732302631437644
0.7311370424866744
0.3039763556817472
0.7799603330710719
0.20660210551292302
0.36798417767475977
0.5761355210927767
0.49801742789077297
0.1154912271827998
0.2345146054056263
0.4537103904709614
0.27817739776155703
0.15407370052232805
0.8075000500183508
0.6441223145066608
0.49984944267328457
0.3704198569531222
0.3062097653422098
0.4403862244712622
0.9328024087961501
0.33747503713007465
0.5647486654653402
0.8072034733006205
0.969032578921466
0.5141164911523621
0.24938599654549742
0.9056541041991715
0.9330190459221727
0.6228483877446394
0.7928507169000332
0.5362322009750559
0.3166631324715048
0.8893557034985717
0.13537364148034325
0.9236156846230867
0.036701173263037346
0.9528151739101585
0.49739894497184545
0.5135690494200027
0.8455969684159593
0.8711601203642564
0.037213452559128335
0.4272539838716145
0.5874100284936361
0.7810640131704326
0.9481774700672931
0.32789566974402495
0.35015859209259803
0.05314054014756764
0.04805230826768547
0.39653690119941276
0.015048763379282293
0.9092421737443637
0.1251497770933353
0.2963479865489448
0.09666644387958523
0.5181437876880699
0.6181541493528824
0.754377047045215
0.8824355480165366
0.5984412263660532
0.22153283167303894
0.9607564376177684
0.07232552252923585
0.9294620173236859
0.4391377195782341
0.6863908271508731
0.35869902356126593
0.4911297922214515
0.43994269957433985
0.6287336967299141
0.33603119709868845
0.5957471925892098
0.3320464531468521
0.9133888333263123
0.9611064746494263
0.5934620734808208
0.9897523816192967
0.09766565711061415
0.004101230719818494
0.9205502805335554
0.18097532714597697
0.7189067882581553
0.8525151805664181
0.4723120351118668
0.639943170238394
0.6283517542687216
0.6268751983220148
0.8541455876877304
0.4641573012322203
0.924080236738125
0.2969704261051881
0.46480758194256466
0.7646949129161866
0.11901223121691051
0.2863282686820531
0.9300654280531347
0.20169262597725635
0.22068948600691274
0.4148770505410968
0.06766566365011639
0.07757167615317595
0.17703004030650438
0.11415086800533725
0.7403319694261086
0.85490332177411
0.21207207708246478
0.374222517728828
0.3126650767505532
0.4639513865735476
0.7628887836692831
0.6168842401982828
0.6581725858919072
0.5532246446517362
0.9632387369892672
0.5527527393861599
0.9732048401011322
0.47227307426594456
