730489
0.5871265223990279
0.589875062834163
0.6116895842800464
0.8039047342029094
0.9648587967269094
0.2778883297606497
0.7458560116142575
0.708543878209429
0.1412500429171023
0.012081924521698206
0.6961004429594853
0.28111022789629425
0.05140106258147015
0.5324258782144706
0.25617519862302307
0.12755136044700366
0.3494072794921266
0.11315899086016357
0.844967766663151
0.2176448986424483
0.3507957739273392
0.9891426436535141
0.7425018412992396
0.08047186591020083
0.755698899304836
0.30446325798523144
0.9595737608809962
0.554170487907841
0.8076595459048567
0.6520310714998202
0.5607072254935682
0.749078707669747
0.7502065189594198
0.9695212472953083
0.8277896524441077
0.7344203975401736
0.46739828970863484
0.3130212925792448
0.16224554722522844
0.6356857723102255
0.8510454180708154
0.19219817227879465
0.9556986000183116
0.3038214725879307
0.6521044043809201
0.17204545561878126
0.7817381692019807
0.7225019364297544
0.44584194015250167
0.7108004532674712
0.836886231755807
0.256507655558181
0.9831188276746556
0.6799007826693954
0.6541905668556819
0.39685788482340245
0.14261546446306783
0.811814569780562
0.3211682246435237
0.40306619064831983
0.08897087518483815
0.8902018826374151
0.5205598730969924
0.9799293440870551
0.6668823129651134
0.5384866384228245
0.13837736227492015
0.15930921668164033
0.5903555116075141
0.9489429967304595
0.6018740882504635
0.5943856062036784
0.6932256644112786
0.23645962515112307
0.7370962847050222
0.8903655653174054
0.9958835342779658
0.394318592153137
0.38237343375241073
0.5677011132971918
0.6284404056429318
0.03296981421577072
0.1713375018809261
0.8267349422345969
0.4256742274674805
0.9232958482062087
0.4562023202688783
0.6470803131022612
0.6581632879617247
0.6122144777629612
0.5565233366529294
0.002334927335538972
0.18598084921062574
0.22967648741287428
0.582976129816497
0.2973212741984631
0.6854025634370651
0.9501605412402625
0.33316847312101283
0.1952317110668088
0.011642316719442491
0.09582606187088627
0.5174749378303193
0.24338811695637508
0.6272508970550277
0.17151168791876648
0.028449089364574354
0.6499020920426467
0.35769203710425534
0.9257549732092588
0.8508085813511882
0.062184738995682554
0.21653581095278251
0.3928019486892227
0.478658112252462
0.6917720281444498
0.5541448275988683
0.36415510775725257
0.5100563029932125
0.8291418276661251
0.18340529046577936
0.6832715985143875
0.5177363923732297
0.6398337143897258
0.9792126312219098
0.36328278684640936
0.6867489227100206
0.5749201691130652
0.02066435893248264
0.8012578048008727
0.2339898539415317
0.06826210835723256
0.330105599200322
0.25355113830482756
0.3399235503040897
0.5641640260320876
0.9658681763386957
0.6739054422003887
0.12395501533979558
0.630796869894341
0.8741972345775932
0.5427003484585191
0.4483235062698696
0.21546442006877597
0.5662505284936231
0.1913522135878395
0.48581519522043304
0.818953949346542
0.34469770439193903
0.5931842935574795
0.3739139424409751
0.3090143561407186
0.35076167937193903
0.05398522101491632
0.7805301234917651
0.11743277511083239
0.687537925227527
0.41543951778447463
0.4522695354508478
0.423289885482533
0.09031479050035562
0.1824080803767424
0.7199469495213117
0.16528241801941024
0.8465912743480726
0.8938581100840174
0.6918762292040671
0.3750940627393754
0.5604629269043254
0.5684996207741619
0.12751677792481997
0.03655229222906231
0.9828592662003043
0.08065849606518971
0.4333222046480677
0.7892309466811113
0.6889526026739734
0.5256658498815321
0.6174207936638464
0.618932867372745
0.5384968265995733
0.9543877635357979
0.915847436067975
0.03434192835425476
0.6651259827356517
0.693704035061847
0.39127807672361203
0.39020030454808996
0.03763977286920128
0.01626765281450926
0.23323536422464708
0.5531397731509964
0.5983843225957519
0.1639037528505447
0.6771080358183716
0.7260268868210803
0.806471851658459
0.7313713228725236
0.3053858123342479
0.4054459842599626
0.18625881900551844
