597636
0.7857236086809007
0.8358880099619996
0.4752728792707288
0.757284816572841
0.08649955623568206
0.11483888751662863
0.2743019855688984
0.2942961544627606
0.10376843679766967
0.20554118961306456
0.9202540115160239
0.7918361597723461
0.13852962628127152
0.802086537817789
0.4959231235514212
0.8477602173006406
0.8600099528222818
0.35246969381134285
0.6544020552140629
0.3257896839532072
0.19637265087087763
0.673704695885516
0.3084317335228971
0.8238088872636206
0.3250530949514938
0.11792360481489361
0.14339749430906445
0.08888552413836981
0.31419851710379754
0.9622002325489822
0.3678628371394166
0.16631716296951238
0.6987001157980711
0.5424839413390323
0.48850326901173613
0.7049268939205907
0.1678850008424435
0.1159177219354035
0.012327051858998073
0.6904567707416381
0.1710148508683621
0.16127623197318475
0.780540553165909
0.5456762201886703
0.19231755089889668
0.8757379306823224
0.17121354540918643
0.3910969431613658
0.9396035070244441
0.413645531018741
0.8849851869079138
0.3704158100790036
0.7660861548669355
0.9483797524442459
0.004287393636485559
0.39733125590075735
0.46558666941498084
0.16781089822820972
0.6540746560155256
0.4327208416901671
0.8412722977557251
0.43632042102465074
0.9735863555206662
0.4573976923267199
0.3699606674746485
0.3418013120153883
0.19988266984965786
0.24896963587190524
0.3125624170621719
0.3439356774717921
0.14229794403476836
0.2101207130799959
0.9107590011412483
0.1961580016758352
0.34578128693522114
0.1531196481802497
0.9120414349179581
0.8114982418736263
0.1946620219647318
0.6309614716963284
0.08657006371046128
0.42453585529548155
0.45808044102190915
0.9245782206528991
0.011827095783424446
0.6761553332802831
0.37284685241192816
0.8766430119107264
0.2148392709629543
0.7671569857372603
0.31606474899631
0.1368825609933586
0.422709858778636
0.9711198904676251
0.6197433282873407
0.1389193023190175
0.4102358551654999
0.5352090481904379
0.8816935977679518
0.801082123029573
0.2709632018081314
0.3302745358562683
0.35268704446676924
0.499331646742569
0.7839639930351963
0.7066945190284113
0.9502725086395721
0.15300378338390352
0.25346760655835965
0.10395366339959378
0.6558679973919801
0.6219810335350817
0.9775521368166303
0.389859226585079
0.45829079311863574
0.2836536844057673
0.7948737599536123
0.4436258770247977
0.7593744662157745
0.9416043375271758
0.16707553014119536
0.2794814035962233
0.7596885026207215
0.6412745080949834
0.47014631124648054
0.3951095520551733
0.49973632515300004
0.6704494894924214
0.48893505049824515
0.29827133008062756
0.040359311393165176
0.25868638657588405
0.5420757059575053
0.6737451366309377
0.9216896550082908
0.8921686079078056
0.7419500578610484
0.4886323090840907
0.9475186805878658
0.5451953711044023
0.6727165666722247
0.057410483943587276
0.09760210960056037
0.17758683964506683
0.7049763682276853
0.6820469698355769
0.20107272856883485
0.8236894440959613
0.9260653944918111
0.2339496430937268
0.8050616216588142
0.651669751718051
0.9219676493462261
0.1064062094878705
0.8007437118224991
0.0665448356084678
0.429887665329606
0.15542840655026635
0.3410293196333223
0.6448423632282029
0.11183422018259215
0.3908454552141586
0.7795447868698206
0.9355996344531952
0.49481488106175764
0.6872602041199941
0.08472493588880081
0.8041696770772542
0.5280715556458073
0.9041822447554801
0.0656634586239252
0.9948960326055305
0.8327256374564402
0.47562971656617536
0.9147246437863745
0.7960099223287221
0.8927072545499012
0.7941538079223923
0.5616943986884814
0.9928219765839147
0.34175558637522296
0.14016346338107566
0.49771417896403436
0.2974849306637527
0.5127653774441675
0.8209967815567345
0.5565590528930533
0.20696192884391196
0.32696131002287543
0.9145005770721155
0.9844642825151064
0.1799488920339768
0.5333062151135028
0.3290759544198669
0.9054331679270226
