1256348
0.5018164170751184
0.24224146924093193
0.09311578505839446
0.15143425313987957
0.17130792739925993
0.7911353109671084
0.8922973716002032
0.8582653924683298
0.6711707256852353
0.9440641032007275
0.2740562555738122
0.7400848463533465
0.8917468130455392
0.9892088806786838
0.5717755049501605
0.343276089799487
0.829792360892685
0.2143729611566335
0.7726173155692654
0.5140503828720209
0.2372326094194681
0.4778823000778024
0.9890226710949208
0.6229797114137743
0.16384556165442277
0.9590677864016861
0.6787700350048167
0.13021692288866726
0.3961138327582463
0.8859941453106428
0.6441338449358874
0.3040613352268593
0.7681950134290729
0.006300139576686514
0.6590407650669107
0.49362216386984126
0.9758071189613872
0.8991757576643002
0.6475377974229042
0.9751110885847574
0.6837134459387372
0.7092213034943305
0.30556970363088254
0.32212073901479465
0.7191938914347284
0.3789211781813928
0.16751629853004446
0.002851563363912457
0.8200781755750282
0.7377759769277136
0.38284971394064804
0.29088288346807967
0.9975364281707236
0.1901271071097247
0.7682872012145594
0.5484975915442829
0.8745825194219935
0.5634879514810228
0.24754473996647852
0.6157412678086421
0.7000728980011058
0.43953083276891025
0.20182466436118374
0.385677205702304
0.4875082186839962
0.9163917952328896
0.060019540753454614
0.249272480428264
0.08548052826484698
0.5448715095900605
0.3286499164015001
0.3154627799950859
0.8615194077236698
0.2607800143849528
0.8148247149673747
0.06935444353411613
0.3137902596276744
0.1566084950778911
0.9236082235011499
0.10452436807993348
0.07219743269879997
0.6458616750269139
0.26793415271447285
0.8290234814226729
0.41558466759910384
0.5829998169829027
0.5661319394342221
0.8579425023996243
0.5180073587172294
0.8484821536432395
0.8700076677364382
0.8771023490133165
0.7890866817983876
0.7090869345586577
0.3164121316484484
0.42010689716713856
0.6368588283367475
0.37371678467207814
0.13685970445322337
0.02488762050684612
0.5048899694445282
0.8766621718728468
0.37441735787372143
0.6671885204179059
0.5975270140574267
0.6201577147270512
0.20640238553972012
0.8394250380664996
0.42628050860791633
0.33482724518937823
0.868330180685381
0.46226928462704253
0.7129832421907031
0.07486508087253296
0.8899237635619436
0.43818464897598075
0.5758686442377523
0.5975852386997651
0.19207941867067158
0.5773546194499859
0.3663168365023861
0.5698866035264076
0.3275627543899503
0.30936877963131804
0.21305839455867848
0.527686471822369
0.1951196337966673
0.5749224598130189
0.7526362231213742
0.6775545778873026
0.32613167665465825
0.14960576268487513
0.317806875122456
0.520198041636078
0.334931725867169
0.5357079382608481
0.8009051621729495
0.10502627975252365
0.5814402934113121
0.19498751168960604
0.40243746217930976
0.21149019710878114
0.4717275991186408
0.29542158081325687
0.17848877290245257
0.5081053853330033
0.23056688413186144
0.471918877721333
0.39341953781964356
0.8267915349903374
0.34639001529796587
0.05608817101577346
0.4552692798042671
0.40576196393258923
0.861892802555975
0.30463310336295446
0.5130110345012577
0.12167743251518137
0.8313509532279173
0.7401876740057648
0.7885212770914176
0.49107898917684467
0.4665650043490651
0.4091427818072956
0.6238271710316238
0.46929076812937554
0.19978314400139063
0.6827450220968918
0.9320955201612752
0.4494165095143543
0.8553263988002507
0.6462289126463077
0.011787957985054276
0.9816992730293748
0.5014929308235825
0.07315204087550664
0.2956130658422087
0.8749843545935141
0.7492110872607933
0.8978753861465743
0.24649006145706143
0.5123975204549162
0.959699885659455
0.8177060340678745
0.915443340352439
0.5733933434720837
0.887018063106748
