1358869
0.7988208149695165
0.11822364224207682
0.33425979535362327
0.5124821319251175
0.4722377721092902
0.88311320205042
0.5556953636671021
0.9770937531405343
0.5879229612405046
0.2503129234337854
0.5715321972128642
0.7971701041006336
0.3255380113057147
0.18847549403558772
0.45885123987796117
0.7453191242724624
0.8614646023462943
0.401551008940244
0.3085052807286972
0.13351782136229517
0.5509864663910307
0.037925854615975085
0.8719825028068482
0.9207993110661497
0.6964410914176733
0.11201866312827713
0.12576932579320954
0.07280310501610432
0.21800375207847222
0.6215399528722685
0.006787214330398417
0.03792783755726148
0.17256629100436383
0.9166896905765012
0.34689325687964234
0.11661841037165144
0.7467462108003989
0.4099256129926194
0.3714304754878983
0.11481852839204088
0.9293010698165393
0.1127427414931288
0.5649366774656186
0.0930758026666576
0.8193156159610914
0.6730106323032825
0.28540647713624556
0.6754390093172836
0.4345681793376551
0.6870187104472698
0.0905352654733127
0.5606112769690097
0.7211675037412673
0.4614476671708654
0.9286076962251986
0.6945063032871432
0.8329422861542397
0.07381116213494454
0.8843264022829823
0.8243499074052107
0.15643613094665587
0.21213505708641578
0.2587689797088447
0.4956175135266495
0.3056253601779062
0.2950199741656895
0.9009670710574855
0.9230843210046364
0.4566886033185671
0.41231063338204055
0.7859104642808713
0.05428181671415744
0.974211212151945
0.049214825313256716
0.9479823679703974
0.2904138740397043
0.8921729806972841
0.07484377628313466
0.582532639033866
0.5425465392743082
0.9852834668969416
0.3291131143661793
0.9414369496265004
0.9820121046789648
0.48330879501085533
0.5835818026176237
0.4016141047087888
0.8105294342486579
0.9730903457171616
0.3067275134643549
0.30245556688201647
0.3387597931889773
0.22681458439773394
0.7791269298050255
0.31597278388166394
0.7020135979828043
0.19733712773597467
0.37079676217205404
0.04886445264887396
0.46561921340068924
0.6511880524088759
0.5243613604616837
0.9963517890783863
0.23565637212066337
0.7837347582634429
0.4339048171639175
0.9250642786995956
0.18346938716892003
0.8190218593380173
0.4500601319486095
0.7972094181107218
0.6480905568632122
0.30707317656985156
0.5021579000127008
0.7621671681817035
0.013311758521515227
0.3372077097748749
0.496287658485579
0.3868992920372847
0.7651287514800355
0.2658037541131818
0.47876306953303216
0.9759628991820456
0.4505583259429764
0.8241750407188415
0.3760338373028018
0.13563546038186924
0.8516995293066305
0.17601666191508236
0.4042919245751143
0.5793274833342927
0.6073681474036036
0.7035856106420963
0.4966678804040787
0.006332889145394427
0.041183952603493834
0.5318175766951537
0.8304528065777613
0.23184979001442096
0.5757537970484358
0.03080075553402306
0.04114488022224161
0.618637151071794
0.9315956937677234
0.9682718549600929
0.47933645922344803
0.12019645152809488
0.500675982105202
0.9085594040311322
0.782933251028527
0.18755589223792712
0.7974371213643978
0.36593608331969596
0.1931062645874292
0.9022773040462055
0.5272635417804197
0.01644560041531873
0.9585593118542962
0.6732163574504243
0.6789908419942117
0.319323672643521
0.905202780517237
0.6512476303278075
0.020415422032381003
0.010462276508432233
0.13337669137471597
0.4016161250172233
0.694054327138682
0.5817954093546233
0.5672628360936911
0.031881672775092684
0.2925844636730235
0.219447026046783
0.4140009756520695
0.7149770246621987
0.06318600573132516
0.3964047832439588
0.16939156980165349
0.7750786972110777
0.6566306409060528
0.03355020894147309
0.7143910974143097
0.7768464003720156
0.4436221147846585
0.14874190879206406
0.5490965324362077
