1189085
0.4792177157925064
0.18810075840685248
0.9240530599742068
0.6030205872677559
0.660405319267437
0.21957207429983883
0.7326207486741144
0.32467944023072115
0.255300199392848
0.8073300411581429
0.37904551625209115
0.9978547617909563
0.5600743180688823
0.29085235714063307
0.6315385594845334
0.43874435546342594
0.37660462108371184
0.015990029029391506
0.3603897872640903
0.24999854586793446
0.40585498052518376
0.4960674759306587
0.6146386088258573
0.9040088091986084
0.4430884430211004
0.03195425391034068
0.2278218656483706
0.6910908596915322
0.3142111535286519
0.18153270777056818
0.547622104423748
0.5294142745191307
0.6093911246139153
0.8520895977112022
0.419457571678312
0.8521735114099381
0.5642205923028666
0.8583988542237786
0.6508579764978214
0.046072455537545576
0.16652615414238836
0.1476796222754594
0.9018440000751756
0.7776703505375794
0.8544245397694205
0.725018044897943
0.2712156547169474
0.016604402082519676
0.13726851714809096
0.1979614558129562
0.47329762674634945
0.3026149110305636
0.04967999576270132
0.07069908296464822
0.25032196689367403
0.49968963414463163
0.2873074783998154
0.2130177549227229
0.5884472257561114
0.7630549967714277
0.06646075081992919
0.29105538820946
0.4616779162122999
0.12877678141350646
0.3125943692129529
0.16913993779753256
0.37126875066752363
0.7186254687011397
0.2810344635616707
0.4350514913377055
0.6488827983706286
0.2223285637896515
0.10120807396537879
0.021992246090883905
0.5806582680577407
0.6548085482336498
0.6171463538789513
0.9637537696805136
0.3830898055668883
0.6091846278341981
0.17580701524933495
0.47269937281910424
0.6685283105230537
0.7769491021561613
0.8475195763872656
0.6953790372428865
0.9953256038130626
0.5063225711823582
0.7397819053841534
0.7090285491246622
0.0693336468626069
0.8398348036922065
0.41099875992004264
0.6667976665306586
0.9527919513028943
0.459063250580241
0.2729204240379628
0.9245130801605068
0.8924206868146348
0.6662966275647365
0.7119264800498467
0.04698366583812141
0.728410838484699
0.583147846038562
0.6265502510422698
0.17930300291207502
0.9211284791153135
0.34509619802043334
0.4328384255132728
0.4732946661119283
0.7478908507457459
0.7335779427910931
0.6513977152047787
0.07361275514073207
0.6467529335394595
0.6216655476242808
0.5126221715385455
0.04087231920432799
0.07050683450870865
0.5798592126355071
0.11142153786271503
0.7781265244781006
0.957610873162332
0.9693739753927312
0.9897690195494729
0.2341545817516173
0.4635248759264696
0.9868558724731834
0.5529495609168344
0.38920990457952687
0.4818503023037568
0.548432137217141
0.6287123797485059
0.24526424068935637
0.7765700036908115
0.4390637528857787
0.6536537703365366
0.05364238208344907
0.8029247344589424
0.4038754215842121
0.8777006971198511
0.1653252644910863
0.28609321444992053
0.8236371909326435
0.6564023786661147
0.28593478518134496
0.7848402719160426
0.39019184991585143
0.24948879413531622
0.30051229385269584
0.6264849494596071
0.33846985475145663
0.05236400997452262
0.6688365616281915
0.042320909654575245
0.6136290338569373
0.7032424824070018
0.6369511574634493
0.6694398657099652
0.6157608098731008
0.8508008859217627
0.4654769251320342
0.9990258444432869
0.3603987084872039
0.610619516031428
0.1904184761282588
0.04103169644574545
0.7494582137053895
0.23228683824117569
0.8173011649067994
0.7710014902447675
0.8967774048030532
0.015289947470319865
0.11062892848972683
0.48937289816000185
0.9303510714588772
0.6530215081078135
0.08297692489686659
0.9115662608930774
0.5573381778500975
0.27126449711533296
0.25694712656709173
0.4776439978053686
0.3376064663935584
0.16864958460031543
0.6145737014615663
0.25199557994085076
