1280574
0.3498585145254852
0.4664379136982302
0.5513941798984157
0.3991810563473215
0.6602473894815332
0.9681551294185649
0.43754078991474
0.6104980351067133
0.26690693844968005
0.44161332643124795
0.6518577196964055
0.6057104288791746
0.9435905850939201
0.40356737042618707
0.7924059628372901
0.8470732926641589
0.12427051811426049
0.7857903027965208
0.9125332334967072
0.09912061067297262
0.4392345026486655
0.13554477515622987
0.38394466996085663
0.33776822664641015
0.018565817571498222
0.005205925127537259
0.17033585822415276
0.952445485386502
0.45253328959304484
0.09308872789160272
0.07632721843815726
0.07728105138350005
0.1506995707354658
0.8407074760152703
0.8387759106545426
0.07610614197301802
0.131972786851137
0.8371907655389992
0.8831365122443021
0.5060773030706704
0.317229735561094
0.017118023750524625
0.7849035047719756
0.7873045331540828
0.09168223068060855
0.62538734943327
0.6960094379901473
0.6698839605237822
0.4866205141691524
0.24120852576331064
0.9373664978396414
0.9507358794911005
0.0015047359744625455
0.9336624542162419
0.8065301683882642
0.5843713436845355
0.4137517465398248
0.9376667050190364
0.49129036817796656
0.20456490469500976
0.21508586579342148
0.8346618715297196
0.9334906197328373
0.3941760936954759
0.9935576555903667
0.11085361580666941
0.9483250781837139
0.8783541504694322
0.10905214915070693
0.9003680278782614
0.23621334427630947
0.43463553815666145
0.9692349870656812
0.6693975481865586
0.2278157601979801
0.9990361085637023
0.6226741144538146
0.9074875813114217
0.3637506898595799
0.4719805644722832
0.8068036788309734
0.026246521810002865
0.03370066698675156
0.6555453233995632
0.7742709297504797
0.017326375826299922
0.3402097734561066
0.0017919965990524922
0.19979503207709615
0.8390761861192128
0.5305364510890556
0.9614045938573957
0.24774666715435378
0.2282782064484169
0.9562761193424355
0.2477918978622512
0.5188607312637153
0.8648693823984005
0.31053352695100633
0.7349274175719135
0.26147459058766
0.1189575748891123
0.04147295525950323
0.27236348258867527
0.9662524975791881
0.15374065986546315
0.27807363091394743
0.7914000495335732
0.8471054308394409
0.5711362784600771
0.3418810146120135
0.5415638721835975
0.46851708018143123
0.6333488648264345
0.682724379019776
0.5637087083779511
0.9421111227404458
0.5377886859924386
0.9049715919693027
0.4069836519360135
0.8543871980997089
0.5905217199669512
0.4045380569948721
0.9751869539201444
0.9565795203699555
0.45570660624887627
0.6692306756349515
0.7936897141099389
0.39553898803955256
0.5430001961027396
0.7319155671207047
0.3588751366569052
0.964480555077891
0.5565333495401097
0.876551193712315
0.2596601186706463
0.8917600367126832
0.9542052435504371
0.27860771088007774
0.16830817363374662
0.9540290424323775
0.9372773948901745
0.5245968103971882
0.38955455360032776
0.524540232852656
0.7386399734929687
0.2967016094099686
0.8516022767076498
0.32876216870723507
0.3363750033051498
0.014945497041727096
0.1308615195963051
0.7384420455710975
0.44249256803114323
0.6051226364153302
0.7881289756817524
0.3827713628606364
0.09811519780854683
0.6758434776828646
0.7469221382015515
0.9041119285909459
0.2706999077969906
0.682851279668224
0.8236699675176126
0.1615813213773113
0.6541796014303942
0.2903126187688708
0.4525291144467337
0.6654649698025252
0.10730280496051403
0.6466802942719376
0.14827941430607516
0.9015793469017609
0.8665462604580958
0.4651624836816255
0.4565359662018361
0.2000799336625898
0.714182857415032
0.6757488425149596
0.1521338088774129
0.13843544892684367
0.1574203141313778
0.058166955538100584
0.06312185482821886
