2744048
0.2790786644739246
0.7790594804871578
0.6260887035592396
0.40621325039098866
0.3685427675310562
0.8360235321758124
0.12288645885206828
0.1352125808649557
0.5682509170472511
0.39446960065261427
0.776584610621555
0.5910759203717519
0.009365920402047645
0.36850687799904314
0.5250051239575615
0.4134279647258
0.16583905844963198
0.6864198520249565
0.99175851804483
0.9684100784839684
0.8401018320837343
0.26874752920201617
0.3812558824255301
0.3995945673990925
0.8245152157574497
0.06375670980577708
0.18461868039119722
0.6498134022387974
0.7057824647604333
0.011282977050835585
0.8699611768074023
0.8082875319387379
0.14072630331911284
0.42243814115041256
0.2993089914391167
0.8215073634278599
0.017457220352116276
0.16357023046594255
0.46489182678081187
0.868458657810746
0.1494846757250734
0.06576520352235604
0.5117624961920701
0.5921341848837216
0.7838435987022043
0.6964669752540604
0.579619798243744
0.6617458148166907
0.3270384585227253
0.6545983508993133
0.9331137035219259
0.7669325177388969
0.6657714073821197
0.9444557445329388
0.7839068211294181
0.36715761950954784
0.5827254814169212
0.42785719399294697
0.9083908361603956
0.5314698216305374
0.35145838742349167
0.6072607675505098
0.8661433132230012
0.12004361166291477
0.4814941387208155
0.8529253451240586
0.04289000644181462
0.1852585040100505
0.43620758660231207
0.47784415812203207
0.9034348810186962
0.09485652491786445
0.057475028653639404
0.7723627063887444
0.2612721524554177
0.30037679199756895
0.584932732588879
0.9366459716210486
0.05680857373114412
0.08349409357292215
0.24147689176995313
0.565595395655201
0.0796732411579687
0.8433406525054042
0.8274056838941999
0.7041056758775663
0.5533734606554448
0.7172227073135062
0.1717359099845499
0.6967581323953972
0.27316874200907915
0.5499401959423716
0.09223289156584247
0.7379994446999688
0.9740542885450623
0.6720767822316662
0.8547204711311143
0.3275257216389721
0.9631581049483742
0.372729568105152
0.37232528739664983
0.607302626796393
0.18740948301603877
0.3781306441232365
0.24059940051178164
0.20657523445803916
0.48253720987530213
0.0215512239056469
0.6590908901411308
0.21898962658371823
0.5189759942287099
0.8151575236542814
0.7628951078790934
0.24774741032423897
0.8420351682856962
0.25220913536778333
0.4516760837198066
0.649998115732393
0.28814745151648846
0.2679738390299339
0.2162704555326599
0.6560514759391781
0.6996783339777526
0.4545100878523215
0.2536418960841217
0.7651214564529014
0.2759269497806489
0.2949426369297924
0.5219110756309981
0.9099318215863702
0.8193970381965562
0.6835043818998211
0.1654623045798318
0.2020152128018845
0.7871855919314014
0.1270345231162746
0.03332952283644586
0.09447253345206374
0.7317556344143882
0.058554989130174984
0.05375100156694834
0.31429286828066505
0.06940609000517095
0.45191853990664055
0.10646635394212622
0.6416889484966178
0.9664789259813608
0.2040411187643577
0.5192562565848343
0.9943131235404363
0.877947192614028
0.5812046990422967
0.8490119557885434
0.11360344508341758
0.23198179077956171
0.34524173332656083
0.7162074135905655
0.858591055974128
0.5376925496158774
0.4145508834365037
0.08271025301503931
0.4694615396378269
0.36286291582940766
0.23300527900142343
0.44368745830894807
0.5992258964449904
0.33506018555841544
0.3911064361706069
0.6604124710455737
0.4477803479949819
0.0777147393172547
0.605180719459638
0.7490192469575953
0.2574874400350785
0.026412591133105012
0.27005076984078924
0.39030681083528385
0.8027582240105859
0.10431522652944336
0.672276507690748
0.5577920706281786
0.197104657276854
0.6359954314935214
0.606180349039074
0.9547053921763975
0.9099079070747366
0.9918459249923418
0.6252211518282302
0.012630703628635054
0.3833811464661748
0.39510619023393456
0.16851381402423926
0.04705379949092703
0.4610245075340845
0.32006310445133723
0.41845510448129863
0.9327293238703116
0.9838912675253596
0.8191776880468638
0.6966622634240116
0.7357900028273358
0.7054345672418092
0.9745264340938026
0.08828271054850745
