2064231
0.9422329522640237
0.8306691875448052
0.36373075505638597
0.03232573381527837
0.8237284561816458
0.7269658902693543
0.9920753986339187
0.6492113329625698
0.14336773250476764
0.15946811281345286
0.09854040389163721
0.7813692382506898
0.43420959334452525
0.18534751763176072
0.17110535499628066
0.36810759886443045
0.3532504621708471
0.5031953150830152
0.4532641949145577
0.4271002858782812
0.13027167047447408
0.04142735498766137
0.23785047988044006
0.42206711972133504
0.17673394670250464
0.6775852659686323
0.3382585540087152
0.15026563457151243
0.3393598813064115
0.4808439040206842
0.3833997373507363
0.49112061445548794
0.3572944205362437
0.8511697711502015
0.9632775313414559
0.6665985315426721
0.7934633622838856
0.8704583630912847
0.7663672106284858
0.29451930407646143
0.7851419411984658
0.28976185883420913
0.25726401428925494
0.5404952128670417
0.22396913803678298
0.47633879770920784
0.004774074128252037
0.8341154709747572
0.2219098198017433
0.70682975680928
0.23370159715175398
0.15581010945620322
0.5716030628192204
0.596249049442431
0.12077226769168192
0.32450167734839663
0.5793408238277321
0.6701153502497625
0.0027033201445477717
0.6608207004435408
0.9226307981175277
0.8952551213112614
0.9438922570974027
0.24306433665221394
0.9924479806071547
0.9196253193097297
0.17006100211771624
0.7993347662709699
0.22567229505258812
0.8591546330424542
0.3509242143358887
0.05761055621624578
0.20269782280708626
0.879941848911563
0.3571706267188475
0.906939375471407
0.841687065756286
0.9061349968912649
0.11867549541696909
0.19397664431440498
0.23950501450906858
0.5912618028938181
0.4953298281913282
0.038090592864819306
0.64191081415422
0.30500679140184694
0.9570587672445844
0.3157072921971038
0.42363624478200557
0.9281739955801804
0.7862079426279651
0.25792744412955537
0.13553135102392555
0.7867497881341676
0.05264241762463018
0.3868536061342317
0.014827453567151094
0.8294319041501184
0.7399350249795419
0.46811128463452134
0.2737015423420295
0.6715977007320578
0.3824808814444829
0.017750911031304217
0.4580786663093619
0.5298053440995714
0.6136023684171746
0.9995385473796023
0.19130883498095497
0.7817606879722099
0.8166826845491583
0.6286314802846374
0.003510672045896168
0.35857870328486274
0.8399862750186167
0.6850846834060158
0.3866334941779772
0.7909584162738866
0.7203874984972167
0.8004779380817245
0.029871113377082814
0.7462774300874183
0.39631083704237613
0.19700816176560698
0.7055279368166816
0.5193270509153775
0.7308951025082792
0.2275729269822392
0.5275123780225759
0.3656061016023656
0.48671862818146283
0.7490582251460399
0.5925708409254138
0.07758733897435433
0.7411192271631944
0.6788899255772295
0.10512986347358644
0.34661261619055683
0.4847874812325955
0.332458030476138
0.5217410959443121
0.5590383038269325
0.5560701909487423
0.40530285011889355
0.9383182700460424
0.4236129210974059
0.21205034469832362
0.7249976477568093
0.9768739565863358
0.9758248379069431
0.8171616514592897
0.40197103635570464
0.3594250569081281
0.06568609755569876
0.9961365658070842
0.8334980306318418
0.8791773091463494
0.26420499880419
0.4089817217393855
0.629023043877244
0.1277275349568473
0.2465719280843227
0.21760705561992255
0.3442160955546395
0.440093292881227
0.20776839509064993
0.04035423981882158
0.8820373749138727
0.7533658849151695
0.33667397311734026
0.28253194444491514
0.673289038749821
0.127506148501785
0.22330859524870295
0.6508103496933103
0.13520309005993936
0.7318217064634026
0.48092031124881585
0.7421814956840408
0.2828777046782709
0.5135339652832647
0.9411982372314234
0.6973546263171843
0.23097605691158984
0.20676587211263586
0.4651629131285192
0.8886379807538425
0.994902507482702
0.40020984223129885
0.5643572011199421
0.15484103468423838
0.4517444344710493
0.764382636082635
0.9057161414424425
0.3771350737605119
0.12440744731944409
0.901216046619888
0.7255268620859467
0.6965708812285644
0.25019734717991393
0.1924117519246017
0.7792693742134543
0.3621171322542287
0.9165920769318439
0.8348931779261013
0.5485390886162571
0.7529192841405095
0.5093008106182569
0.18084663391154698
0.2775095266945746
0.3959106497754008
0.5632706729554929
0.8851003808900845
0.7527193327446091
0.9873080656261253
0.8942650874507206
0.6446852167822245
0.20932959158017228
0.8505068428083031
