1712899
0.18413261469456932
0.10261869702527426
0.2609453075931707
0.664549736909624
0.9246567686947015
0.4245555559613903
0.32466098085662365
0.6377992892108212
0.7295226604342833
0.4183424710377067
0.9240239488834866
0.576734150240587
0.0962549038296876
0.8746895928182155
0.8415497408852858
0.8336137094019026
0.2843386611532527
0.35424885322117106
0.6161053350521568
0.9353683188935836
0.20458817133174523
0.5814471692288469
0.8314345917747459
0.5444757180585014
0.6138093313847901
0.29117468511456945
0.15855558586951646
0.1050722780231067
0.6277812401367471
0.3773819272053496
0.6207094192843374
0.6661214847635665
0.8666982155633574
0.9861871777727143
0.15315001046344678
0.6339269161816505
0.9112216695725593
0.5327030893466945
0.8908689467915994
0.8267045788280434
0.8750607388038079
0.5261371185071826
0.9413841683621031
0.6612837327162471
0.7880921450702487
0.8674524624082989
0.5970679458889406
0.44952564706220455
0.10268937639432696
0.999846949844604
0.436479351096825
0.9907047558774553
0.4750985380799987
0.5515759580890635
0.1777664462808115
0.7046794828442325
0.5068371581855514
0.3043368069567638
0.6484212023151908
0.6454698379573873
0.020698460025181276
0.9247609918855644
0.12455664911360598
0.8759010694921242
0.7695005436910191
0.702159552115595
0.29484301394792123
0.539833924257493
0.7321960422399284
0.07325707320730857
0.9941238523227408
0.8478422001749569
0.0560569360145754
0.6013050571930977
0.5967104229518735
0.8023498578459417
0.29931679732135674
0.03579837972105837
0.15852306923075787
0.9469551201140816
0.39764405584703655
0.5430788722283308
0.10146684571414444
0.642003369220188
0.5856748155146895
0.26417885714594547
0.6163776234463268
0.635225193791433
0.01641863023691381
0.9218458153689458
0.32041331237488013
0.8757698846641102
0.5657848528668725
0.40251075060811237
0.16226279036681868
0.16599629528840876
0.7468778579644559
0.05720427562404218
0.32920620141877643
0.30569928637969435
0.526311667162015
0.9337327624964005
0.8079045432280012
0.8189801692215234
0.3604149208464986
0.09133558757486537
0.6696844419783964
0.6138173155894225
0.9499722595813543
0.6209030721697306
0.16103724481706183
0.24225593505478527
0.8629717285560629
0.5749319170983488
0.1774258485034481
0.020984734333869937
0.7501431216820595
0.7642656320572087
0.7629169451363327
0.2658476904060465
0.8565617457655896
0.5753125646175082
0.08347387117513572
0.6893873115393696
0.5804251266035934
0.740096636303411
0.5990055002653168
0.5452544419670852
0.6082082832070075
0.08346275639218459
0.21423999139352579
0.6124027459832174
0.9687607810915051
0.38044309771506823
0.0740899533885504
0.11654888764481919
0.771398577372265
0.09487022766246356
0.4586681863351334
1.3775963988982287E-4
0.8630112040637848
0.9592386414022677
0.4348212243705214
0.2180874279374243
0.637404957469058
0.3198081724817585
0.2305916331387423
0.7226668523306147
0.7599328375619425
0.9733896466364559
0.04563764671512727
0.4538890943861359
0.40032169776110504
0.5486024302453678
0.4808335220212484
0.7591101441923469
0.37667845785988463
0.3832889707738255
0.8935241632970327
0.7326397878779215
0.6193975273278373
0.33012752974645576
0.5613548878962635
0.660295419210852
0.9447512581413021
0.05046304680101865
0.6744271842474864
0.28308749523608157
0.12484664578965887
0.6718220923352812
0.20086304598129612
0.007540163314947224
0.3430281316049636
0.6272903789009058
0.21020038118588547
0.41807380645514725
0.361180659460256
0.10528914452120097
0.9535805184443578
0.014202148973928685
0.0608129064980194
0.5345592528184646
0.5558797092617284
0.4835958062672363
0.20939183126719085
0.80461247830193
0.341734901017255
0.31341288667705236
0.47211133823948315
0.5795967001263127
0.06325115211077414
0.35752657044867786
0.1778654912082439
0.2848747711924313
0.3134566475755439
0.41968469077335535
0.12223948165582921
0.1808330743962312
6.861040170669241E-5
0.13716540700722035
0.00870145692161417
0.9432901492354553
0.28238098941754586
0.804566713941104
0.2360371765364997
0.14526397540378455
0.6093893696904524
0.005135846288436663
0.8415618338028699
