25525773
0.20662277099000437
0.5715392921565058
0.9384046622631242
0.3557938264984767
0.48534278805423414
0.9566338055223149
0.18426653038697327
0.3491198151508129
0.9288271721345089
0.6000249672905187
0.6128166857628145
0.33658615951992943
0.5316984817363398
0.3286617366846166
0.5465354257211931
0.11609596636247332
0.4635891498106467
0.7417181993797078
0.6200591004491521
0.8958433424167407
0.5200788392535994
0.5625993587771441
0.4910456883383244
0.1695016703867589
0.360318033625199
0.6618779658130268
0.5387523188552141
0.40052431041954195
0.6625709465457074
0.23645282618903174
0.07679291513622466
0.5598496833371424
0.1879434996065873
0.971467818887064
0.6553702876656822
0.1898795909012181
0.6479305280872995
0.29181489739840005
0.19406092689007026
0.5020126984446561
0.28094490104619063
0.28789303775648156
0.6375506325951548
0.6428478126386414
0.6046351903188643
0.9719169409087429
0.4055979499155372
0.8759668323754702
0.8546988071960259
0.051254113389489264
0.30179583855311665
0.8869913824665064
0.23716178386802234
0.07584844931031498
0.49991663770092476
0.12285802289687608
0.25207760592570494
0.8751122143132186
0.5156640624423487
0.2874810463920445
0.7394583990672756
0.5551177689835375
0.12026242206731319
0.17908197823616867
0.5854147205767066
0.36871908673154086
0.2904944786701883
0.8067470369853851
0.3877943552557154
0.014356870393575027
0.48482607507737585
0.3806108992768562
0.8878122132922158
0.9933793986306444
0.2989721800466675
0.35695336130172517
0.48050555061394107
0.7985498890864908
0.2884647409224994
0.18137279923167426
0.8417020053632284
0.22963094846683663
0.2749225015120512
0.10727451971630964
0.9451100754946681
0.39237898245563274
0.9533315369247
0.7134859926240884
0.5580691769315143
0.21389534662120624
0.8479124609387901
0.2902275979453498
0.17288958269287857
0.6656786310834806
0.8462489250504628
0.2668991700103812
0.8261676453260436
0.2781480338575605
0.6497967837050262
0.7488447183468475
0.047390161965413236
0.11046770567958974
0.8170864147394881
0.20268901973206466
0.11581901030429953
0.6239172252543637
0.9466503855117848
0.46034654110582285
0.7806511672415068
0.9519932709670054
0.06295378641873783
0.26794369555810493
0.48897245961961044
0.3778923285229564
0.2860143502317013
0.8473640550174822
0.005925052373890849
0.8175079336904522
0.963137561344897
0.655629454322251
0.6337127599264707
0.5023844691785532
0.6467286182783042
0.21527685685305342
0.7381549782697515
0.13313629054045129
0.9304829522299582
0.13588103940936735
0.6911569556567944
0.032112533558527945
0.3894991516279773
0.9822438086639886
0.9985440336774921
0.16151477616530574
0.6394127846890506
0.8420037409138379
0.3987567646290817
0.9686945026353211
0.29630018258151847
0.9603863915575271
0.4236884540208343
0.21471234722190846
0.15939512611965467
0.016887833426553867
0.5121458997329172
0.6265595842113569
0.6217188360280861
0.8863745886890257
0.6526320814594647
0.585105775975525
0.16945247824327359
0.887317385247141
0.11882341367617666
0.8652815861188073
0.6484577372068997
0.10978164844073734
0.610006072119725
0.19373526216939785
0.6092306562813102
0.4635678235018502
0.3726937820997376
0.7040013949230053
0.1711385502299395
0.45606156039770307
0.21159693386204448
0.22062721448687617
0.13131057291388648
0.5030424829695602
0.858154676813333
0.5941436696401076
0.43948149995133945
0.7663337036683744
0.33967196901445884
0.33244214448378573
0.5717540079782911
0.6137004878796881
0.1510016139708087
0.8251849851563149
0.11810957698038194
0.21260014694824192
0.259452111247909
0.8715146031184865
0.5233132500618364
0.5666432222619625
0.6227799736651195
0.5653427270347731
0.6226572324670956
0.106809321744047
