3674782
0.6284057111133918
0.44423626458973164
0.619349235979509
0.8739740666915401
0.48819637414583517
0.29166072699973955
0.26944534961097544
0.055750144001790125
0.7973544624846037
0.9709439219983002
0.7148725662831249
0.15426758870221713
0.9390183838279261
0.17607759183474836
0.29267122844726023
0.674928399002945
0.07180128103087069
0.40930426330491154
0.20390181502636417
0.3171173905823724
0.40658873320367794
0.9716372710988017
0.381054812029922
0.3123155100721352
0.5414839017989758
0.45428418123965
0.1572123814944144
0.7203582891935055
0.7577219301231929
0.3912445827086184
0.17592203265433703
0.8325789116055372
0.48213027531163355
0.03646341942865128
0.7600397260246854
0.7188215549127767
0.1409297687751645
0.40216449096252993
0.28096153263518187
0.30433065160388906
0.2542472961612109
0.5218180707942363
0.9196977210650162
0.7049207698207949
0.6459792116905076
0.6944990846015877
0.9329570911603876
0.49487245368037813
0.8794616379278203
0.7025618270795556
0.9339075776578247
0.6166209447120815
0.761704020971235
0.8539703154382077
0.2862878595594506
0.1461443764492938
0.8697512095363394
0.6861438696684639
0.26273932016903623
0.7665910168915895
0.6915273985285163
0.40699813354147385
0.7480114750464716
0.8935851099606986
0.6025627010111633
0.6776733881612371
0.8177610837473063
0.8894427595086302
0.7061631952767333
0.07987710786527147
0.37162125967573134
0.9627392074393081
0.06271541404228675
0.6662279638964409
0.3886914121652121
0.8579286270087307
0.6389451079581788
0.6716730429339973
0.9597250265531134
0.4612942600774813
0.31606054834958364
0.025314701212404533
0.7801900427706947
0.586752553761801
0.010171959943546027
0.4936967747271881
0.30674950083115393
0.4403568438523966
0.5089058314781095
0.6873736741270313
0.03467101713577836
0.8810624703433303
0.02705782142354407
0.10144721381686539
0.7458824040360843
0.35763749187177774
0.42133154133206074
0.7263737828438096
0.6288793630965898
0.048532269301385766
0.33463813525917196
0.9145345886971342
0.7405974395976704
0.29630404958117595
0.971300529967102
0.2823654393017896
0.17478752906223538
0.45797649374000937
0.4918854328100607
0.4324693985944381
0.7522786019425791
0.5125384955118527
0.13737700797505348
0.015830728505512814
0.9742701420374681
0.03706938716791963
0.13820119065674819
0.5331863431002845
0.7689577767277792
0.9568714395451419
0.7345481763980918
0.8419260787357405
0.47723997889231917
0.6009313334149131
0.20482794658013603
0.12052410465463492
0.9350191473494232
0.8158658609254429
0.9103563325099181
0.4996256627276535
0.8228682947660055
0.6321955556040935
0.3796945625351805
0.39453658638136535
0.33857719656135377
0.9923990896293287
0.6720121008066752
0.9904606238034905
0.3401498685353388
0.8703908145882122
0.8940916036141678
0.7167810587159443
0.2534916279402283
0.5878745483082212
0.04067462733110849
0.468388379698241
0.3210038755857918
0.7157160953806794
0.571905122922204
0.947338150850987
0.31053232599352654
0.25034773982073033
0.9929369005824917
0.672574397626591
0.8495986891680197
0.054415940199822765
0.24621712996856848
0.6874558686833492
0.23690587578453892
0.239592788182174
0.37019507540251284
0.8594072673368583
0.3074444008848214
0.35453455209244167
0.8475245871679081
0.7607680977206489
0.10136108773922659
0.26571187302821264
0.015148839219067178
0.46602874258686233
0.5392481245768516
0.9901003293099375
0.6081500027956775
0.49810499029575794
0.3668507940503738
0.7569797146375778
0.5671257607562713
0.3098689360406456
0.48354860880512407
0.2598280364939157
0.7870184905888687
0.6971468000635065
0.392058532339027
0.668356270002862
0.7513322564906735
0.011573004536590603
0.3167808617412824
0.3906908525762993
0.6134486148306157
0.6108077765424503
0.2586730412616792
0.9116710131122624
0.42112070534405166
0.22137680408396088
