3381513
0.198637662929953
0.5444705365698633
0.40129988679640494
0.18770578812018313
0.9682937986149031
0.8826494015487988
0.2769156937252891
0.8898549996641298
0.5664103564256229
0.7243494028823082
0.8547295457636835
0.4296751955953777
0.4022133016097821
0.9860701382372669
0.0065715044766520014
0.05138043255541458
0.4196298141661253
0.595478961178511
0.10459234324364819
0.7095375652988262
0.5782184133254745
0.0777395641480898
0.3308670626730237
0.32092603138311027
0.971583741550336
0.7986939379816164
0.27190818129956107
0.3098662881947616
0.7966024952571072
0.3599452660507466
0.04490458835157629
0.8336519880488792
0.025582918064963822
0.2593769912380568
0.17758678817627815
0.4910452499976107
0.5383624584077724
0.6217581525353721
0.7750520369177606
0.7367202372416076
0.5837197655118995
0.5880075368051493
0.9666283645048429
0.03313409221267438
0.272918616526972
0.10396903340816721
0.07148656228910988
0.27264152308967515
0.16161840090369262
0.03624861889251019
0.9447712798082081
0.5752335492198468
0.7313924413115468
0.20718231087673622
0.6003819848363825
0.4209858465958932
0.9550017955997844
0.17953293748246102
0.9174479068359273
0.737390725861133
0.23431460213954447
0.19291834927536744
0.6253503270545281
0.6753905305819466
0.29888207310509796
0.9970980633344868
0.740007079988628
0.1274508021743752
0.7220985004745369
0.09929584652065437
0.9825556367613256
0.1467143025245098
0.4281435606243511
0.5630530804492323
0.029122418349475376
0.4133446808370713
0.04144576660660648
0.5740819479019292
0.33436747314096815
0.8705611940507257
0.9359872953945466
0.4872621767477764
0.3050280780006821
0.5027549456648457
0.5951162449161278
0.2850462538764088
0.8277124168211001
0.13293935351196695
0.029215021336613467
0.5599640236449291
0.8178320663264976
0.18386976001620148
0.21386323210106917
0.5299800117083686
0.08183253257447531
0.43550573528699477
0.31662541606055705
0.26691049751346396
0.7906949083071376
0.7223571881799338
0.3348988149698493
0.8842868463585254
0.102258668379406
0.1151945853366646
0.08893706682808145
0.35044878301134896
0.9008857630995142
0.7245977826445925
0.9710201861203892
0.15835915559115044
0.5887632772040163
0.9650322872654621
0.18819180701580573
0.040488303296696726
0.2629739161928407
0.2192413681406552
0.8568921996818955
0.7751672101346043
0.03297149329136806
0.5341220129381129
0.5464647516901374
0.29599934806745376
0.7385780313330993
0.7945399841654334
0.09495950544199083
0.4285116419223106
0.1601226928778291
0.6824826126487821
0.38870843998374427
0.5812072852356229
0.6097845277019601
0.8343945636862289
0.08211193723706522
0.06670990628183726
0.7034857482449245
0.9397789689463037
0.4259414136271238
0.9217875067231117
0.6229450479183183
0.9255598412219403
0.32405748291126923
0.8441841852102818
0.7446046320925734
0.7092238675831487
0.9550415158611586
0.06066841407228307
0.9122444215838685
0.5982593074106378
0.7848445601028513
0.6275322487989577
0.3234361824952713
0.32380252778105156
0.5881329193576598
0.7193849717353605
0.7543950358456597
0.3768097222132406
0.37447530340714796
0.09953839311546697
0.9438203575160137
0.4928352266171224
0.5495190873592269
0.2550755006423484
0.2536668226395504
0.9202402669738406
0.23088572864902113
0.4597929911164399
0.3312617476440991
0.144420932857099
0.05573701406542786
0.0565468946552623
0.3649930113717592
0.11818884497074356
0.037319784852492655
0.40666428510677965
0.5405535683153259
0.4990552445253318
0.8262749572609439
0.2061695267459991
0.14355480409610666
0.16130672556858394
0.47298723234574147
0.7460014988151066
0.6499695877012627
0.6135085445584615
0.006563653521975299
0.839256399177509
0.35298390788296097
0.8368558008191863
0.43924277821334745
0.43773585895941547
0.4780351789107432
