3642283
0.629229949704913
0.9506226291725908
0.9525140022839126
0.4337810469268072
0.7725448684777229
0.483871829572207
0.20820089866778713
0.2690935665791422
0.6224427383235983
0.07190706584549533
0.8900829335742004
0.9649123685136348
0.5779102654108604
0.7030266603352225
0.5968497716146404
0.2699905299592077
0.945926467301842
0.6880656523301575
0.03152269296821619
0.48392448722107273
0.7599079907672109
0.4577942367280329
0.11670503994342252
0.3327873670123349
0.15793296336464258
0.9864604433363079
0.44415149534620757
0.9632367280421117
0.9589784332606587
0.7515049298077008
0.2479753433127866
0.2195054938581602
0.5865665838416926
0.264937079586945
0.4244318665588317
0.19174262460561897
0.08738826030873481
0.307356948635214
0.9339391150272333
0.6056045012010327
0.739122026028476
0.5816199038558602
0.7344016112511039
0.2634555700740582
0.7381484503662857
0.27458768323376836
0.4864906644169116
0.45800079388553705
0.7924008222054567
0.8086386234891775
0.27551823549380616
0.556338749772923
0.9354491347377335
0.23173049384653788
0.5961380982867669
0.3352236604533495
0.18084583296362677
0.03262126088794215
0.6180353214818458
0.5406521522035841
0.7495117205656592
0.5537938865630471
0.9006685210862835
0.5251627087820586
0.8631078863001894
0.880235919973914
0.4540800614396251
0.995917831467342
0.434818557712525
0.04063736242232341
0.5691294488250159
0.35483201163456535
0.784947262967928
0.2885531255577075
0.08403147499358976
0.28608948323745753
0.11682334667701144
0.6491008289671483
0.3096949987800771
0.4896731729352872
0.2829800682393774
0.2172368633819235
0.7966644615376606
0.43374918182724065
0.047281166373301375
0.05732786214978358
0.8680314079143843
0.9353487149745521
0.603541003072255
0.8851658758638556
0.05312261165820242
0.5259662629546672
0.8054507567150597
0.8954083597770075
0.3517756275920382
0.8308237416058133
0.7577840067863587
0.07227217970134148
0.4693900525210829
0.10139009845801739
0.7467696475146196
0.004620326933604035
0.6159429541575935
0.5227402984343853
0.9125187532974071
0.5303783046814895
0.5396707391145954
0.6171379512994865
0.7957426765004214
0.7630419067467608
0.9857216875519613
0.9801992601542455
0.9214064631152262
0.47353419528288
0.6502626980227001
0.4399324887289636
0.563670347222671
0.9827383917134817
0.048103967876585996
0.4643192409985937
0.1440032963195924
0.19903145926961607
0.9442410397809547
0.98461898457776
0.6166105458058928
0.43931275555408533
0.5268682691780707
0.37766029253915945
0.2970229966305695
0.07595416577018543
0.051191405911913734
0.25772097796247095
0.011018767080321124
0.2754417298483327
0.9167908612137354
0.0925155322726291
0.2620966032313623
0.5045908925478417
0.35130545836863547
0.4133187808226064
0.8333427914490066
0.7375343539437826
0.6380436933326561
0.5492869783274039
0.6116826125968458
0.4406389808016973
0.6280207920849956
0.4840124528943348
0.8917555270145935
0.5623487259474785
0.2600815984270278
0.32101277784390314
0.2904018950795032
0.1090555824627415
0.5336641797942435
0.06466709463576403
0.552275407248946
0.9124803831207134
0.7511277433509158
0.8191758250843613
0.36574967625415755
0.993288925120924
0.6559388396893272
0.6752196500510197
0.4372182483867715
0.12595197901956234
0.15745105479864485
0.5553124929195679
0.3986086902796021
0.05160723297899694
0.9587317228723954
0.48555366306969217
0.7237488291505739
0.16782850542449057
0.11009541661337141
0.6108472268544046
0.7209051983533825
0.48153383548138673
0.6978898864950094
0.4669023948670433
0.0640806787526419
0.31545374414562355
0.9379264840005612
0.13692749575113428
0.5618827971148831
0.7041279374514534
0.7691504405573427
0.8019593307965959
0.5620657252421896
0.6879681363107912
0.2874388957136973
0.3451167587517431
0.9171426518755368
0.9017255394586131
0.48337320170415243
0.7547289200643197
0.7813813160745879
