2484511
0.9420092137423093
0.5690402558759599
0.4207703304106747
0.6666146839737587
0.8665488684218567
0.6280621770906906
0.23173345216818775
0.32744103151979975
0.26129712694912177
0.33644802207004265
0.5025225852041728
0.6416905109461586
0.47524009682889135
0.05087790481471821
0.9703460829171149
0.627694062962047
0.8843553566522429
0.18292888890000736
0.11595163449745638
0.1443654347659935
0.3845844148059271
0.05804379607672605
0.5855548219087148
0.5987550789578109
0.5210445904018564
0.4662517426505748
0.21981346173932848
0.14697731736447106
0.5190659099438603
0.23572935607790313
0.8183928068826365
0.3893251861562472
0.1515061403666239
0.236885390830066
0.30453877172099053
0.09610346989539298
0.19015811419066853
0.4220109309970578
0.49616361566839706
0.021007882263833877
0.9086916247900749
0.43665587244043524
0.4968818466716276
0.7628711721360053
0.04351749009633388
0.2558821290146015
0.9319992524291245
0.5604430689351463
0.09593643452105693
0.3875343251308738
0.8798960719819287
8.900151530677469E-5
0.6849838658480841
0.27072844261721396
0.292355963098333
0.22312678828573496
0.8062978624347704
0.6600451444870074
0.0300074331793847
0.8458294359760431
0.18933197800672052
0.2547174631054775
0.9896321252884016
0.839680376685521
0.9424516133101319
0.15388512297899748
0.2737255597380327
0.27257213419542914
0.48423514732045414
0.046617103189610765
0.21845636928854573
0.3203246348100751
0.23389895839141084
0.13605168043294513
0.43356250387188355
0.5712383293965639
0.8451368787561186
0.28150544784807374
0.05183804366222855
0.2421231353897335
0.6894954670594832
0.6336467353199229
0.873170424508315
0.7957737365949039
0.3961541690189312
0.8221386266729207
0.08451673951048277
0.380100214714427
0.8993814288254326
0.6614992026420358
0.26498688914023105
0.7159171463850058
0.5720120722529605
0.6412141858726912
0.016266323808220684
0.662103413461763
0.37418660500594847
7.694335095927984E-4
0.7444405185502462
0.509092318136519
0.4785543142025581
0.7288577296913576
0.7923581294466673
0.22753082004876934
0.9817628661951272
0.2652729217591281
0.7416380552632688
0.2536106561660433
0.8050702666736154
0.48718149500672814
0.40261183675450696
0.3761500530262625
0.801423047184004
0.2895794176651292
0.7950579944657046
0.9779011382163363
0.7428826510429714
0.3323577867013847
0.4214889919548801
0.8122494249728194
0.2462081339089267
0.6718107697710547
0.8439501449731893
0.2708991027336475
0.539394994266799
0.8297151271865216
0.6024008209195046
0.7244258355583121
0.883087849362899
0.4324050318579554
0.31762581533637535
0.39086389143324374
0.46939837658542827
0.571578255565547
0.46495890573007737
0.9242161574958108
0.09693699370176667
0.041657655020972184
0.6436296219655745
0.8129343216750115
0.21871378909602135
0.03594051036749868
0.9632270078486892
0.04971433900053901
0.8659123262987312
0.7235925701782903
0.9396803859318551
0.1856840742158823
0.16529861647045918
0.4560894637626637
0.5927231839002717
0.7559148364746022
0.869097607206113
0.5456312033404517
0.25404035238259937
0.37663657330561695
0.023474957431246612
0.16330395682663756
0.6503997713382564
0.6392697425624327
0.7664111566644805
0.35021099404820166
0.2659286243170047
0.36530950069406243
0.18504658195946544
0.20537456304262447
0.3870352378485177
0.7212517709056655
0.005531600484976251
0.7137977849858915
0.17791813137012413
0.6516699015067087
0.9582060334503184
0.41400495715100305
0.7408939824885001
0.703417165377031
0.9837869977360518
0.5766237344971629
0.4338286984880444
0.8216100442057055
0.050559131111111766
0.38992593137714004
0.7705713500493294
0.7179349315438754
0.8373501414478411
0.7936974548013821
0.6827934613208464
0.7422140308481736
0.20796261944089478
0.8613069613275977
0.5492580849251844
0.2159511185971662
0.15112490693794944
0.6095580839367477
0.6452441371199799
0.8891987336066758
0.25863715825487754
0.07663830515109737
0.2787047458615254
0.23635921189909437
0.5208738113501767
0.7997161334566959
0.1117872563200406
0.7139151834024893
0.39281329981695523
0.07633853512008204
0.13289322078206578
0.15965884441689937
0.4377453708499961
0.3877614824419001
