1974784
0.46468288848270667
0.2574449580438849
0.7427436452242085
0.4840344382533872
0.941281540439056
0.5548991042764737
0.7992176024381151
0.5768083858511357
0.7168132078492494
0.9140358213052941
0.9121552472773293
0.9115707429288514
0.934263356931418
0.51084106193524
0.4828954187884231
0.582783644931144
0.8927686249527169
0.8895257230166467
0.5405508345122538
0.5696829222061631
0.8737982775589256
0.4229528245929979
0.9015443103214357
0.16766675315339652
0.7886855999413442
0.8360647850720362
0.2640958505725163
0.29613026109436513
0.9221184276819502
0.5305550191336499
0.8328730579641852
0.4787973711054181
0.5088183876531523
0.382447109029759
0.4609447437846419
0.7346871659446201
0.49649278718566214
0.9029873109198503
0.4010655584626671
0.7023848958058927
0.38751588294732464
0.1500699099713132
0.7775971085416143
0.7156356185651316
0.25162307108678605
0.8615625361366782
0.9219728671059133
0.12169883599418707
0.8714232421114788
0.5930975317028802
0.7980335513103495
0.3140994445204669
0.45177515253227407
0.597738191619167
0.8402509761934172
0.23463139263001342
0.6668810424631102
0.9203938232507693
0.5069497543776336
0.3803720316519654
0.8046828391498063
0.5250190712796738
0.42479918899278724
0.3771602201442861
0.017701913718695894
0.3297846428705752
0.9002980984234484
0.8600385514989173
0.7151498769881095
0.2866385506693292
0.43231517624557836
0.30748941745101077
0.6344063334975826
0.8914505949280853
0.14620179601145178
0.9097866178527088
0.7611007023147166
0.6103618731258913
0.12783944046367957
0.4701683900781619
0.2323702984925673
0.09439441412432881
0.3159243391579605
0.1603517926697593
0.43620897194656805
0.5223346357834345
0.06004347302809665
0.8635575905757384
0.7272014317836946
0.23900041364002156
0.36065693886422634
0.4525551505208346
0.027207017091562147
0.6180168779621072
0.953242933072426
0.15996676582449876
0.010133266629085091
0.10469402489141422
0.45473414550495195
0.06576378898069746
0.38162257497345786
0.8581339393226434
0.9369352709231962
0.8479023123975077
0.3875291636028836
0.10201938144641454
0.12870437203511664
0.0683676168172832
0.896175329227565
0.39285698884659837
0.05311494518926274
0.8761542392882953
0.6119704875251422
0.24070379752435156
0.43299654571701895
0.9427831223747685
0.42687806465432954
0.1539111985983086
0.22085411093160756
0.08782339140124074
0.5829353474207982
0.5256482647920466
0.24755553290320254
0.7100716070025337
0.23662638506507194
0.7593041698843631
0.29056826517341194
0.11659509773170473
0.5460121495605704
0.3214576298150853
0.9007240681614428
0.4710410797054556
0.8598526643890475
0.6338984745183541
0.11190743771529998
0.8138680498858561
0.04668938064437678
0.978096459315928
0.7481135015179229
0.07260574264356101
0.5149242845478635
0.08932849474456195
0.5344222661132608
0.10515910820582164
0.6518622170498112
0.4840110280375901
0.8325171717948949
0.4974978687503021
0.5991304272924265
0.2898491881600396
0.0736712216879506
0.30092817349409984
0.22419897222193141
0.49908737676600345
0.37444463006527984
0.7554356064052703
0.48298002187114863
0.7049839291356536
0.831997482708726
0.6736476554178942
0.012792194722409111
0.5965015278551724
0.9901181416235892
0.6303840175961118
0.17916940761138545
0.9475699780489463
0.7782434635661369
0.5243862729667917
0.17333934416536012
0.13376296373404117
0.18341321335941174
0.14622532587077874
0.7970652218350829
0.5049065949743176
0.46063480469147366
0.2142310239698817
0.38401806467612964
0.02696796118750533
0.3289923381646064
0.03876115191570073
0.28263397818469527
0.4657753914644577
0.8705306576922129
0.8925957620653122
0.031358451561469325
0.567652920575435
0.9315999444363149
0.40595754376994964
0.0789145888149948
0.7034499539744542
0.6231314101787159
0.6652023542405701
0.5504146155417042
0.3192895238851351
0.18937840834047537
0.5284073487080971
0.14685118620503135
0.29349152667200684
0.3510441399654082
0.697243196613379
0.049859762791341966
0.1278138005881
0.4507604216068779
0.12447508834832699
0.7543982401400466
0.9312010819242623
0.5578967378549832
0.20595576465757115
0.6136654649610586
