2858948
0.28657277598141806
0.3767285399677579
0.9142529146828275
0.04227653741549564
0.6679298042254161
0.23902033791831678
0.9092078106973672
0.45343840033897065
0.7305867296974282
0.37692393033568794
0.37723105572183824
0.5644125735403911
0.2383273626604625
0.675225892364279
0.0755442497942671
0.09919595433016037
0.584479528502905
0.29666768849322056
0.022476671358058087
0.5255078648740598
0.8199951711494148
0.28696086206653093
0.6565632358329575
0.6477504297260729
0.3065059152227084
0.47559006424336714
0.45834442817700294
0.417015756337046
0.41281076929480554
0.20203264582079117
0.8660439096051096
0.4017232270475499
0.16398986154412598
0.2961291465829159
0.03291989350992419
0.4063832772676794
0.8648225618817607
0.4607146504225845
0.536953622524856
0.13437046385598705
0.6038139697031997
0.1317654127251432
0.9012314178575023
0.8709991983443973
0.2985631441710782
0.36965119465229523
0.6125451055090492
0.29815151666259665
0.7768576655761231
0.8510158463635998
0.5838819753677853
0.9265760065744424
0.17028892264746942
0.29988681042136145
0.6056688298447848
0.9602368404578668
0.8789009888434576
0.008429472721651732
0.09266932073345924
0.26391653587174335
0.7773348182406173
0.08110550631270752
0.22333835990397344
0.41191909615553257
0.3867087205749413
0.674797864317827
0.7636760358624077
0.6496006629280686
0.6168942161316391
5.3741534112417E-5
0.7779871752753869
0.9154946269154693
0.5886887131141726
0.5601619211641249
0.545565461026164
0.9868806529481134
0.232121780375396
0.23347491763640815
0.20717079905205138
0.5548842956519626
0.03367518723715024
0.22063400950050416
0.9127023911019592
0.3611447918057221
0.789234703089218
0.933640638733056
0.7929895164970175
0.5459499362282474
0.8586707642152495
0.4547211536396234
0.12460593469118875
0.3092675389787001
0.42192432726667983
0.9366263298624241
0.2005644563958242
0.725292692826435
0.7883195620022202
0.07086753440513327
0.5886051404799539
0.6794316746950855
0.6235845912671661
0.14184992607801716
0.7737911863043268
0.5469138994521036
0.37561155133029156
0.16444498791714512
0.7587430138257085
0.5708636605783863
0.9408361530798046
0.9081241821362703
0.908324014871461
0.30907529863365235
0.5128561161027954
0.6767699299827347
0.3744231060363523
0.715480146158066
0.4765259744902539
0.04422989452849446
0.5610352722407692
0.4426016810128327
0.4617469635082393
0.8492940214035123
0.04261809165978181
0.6053779977795226
0.7286493905206858
0.5686676874203576
0.5995482770537824
0.02909175502584993
0.43513275307894805
0.13952874668273563
0.6801614925809446
0.9216643183844806
0.9740833778195908
0.2995598332550118
0.8844085983135829
0.5379786313695338
0.05803975268016082
0.5116560587759793
0.6227526330014356
0.28599805395432776
0.3908766851690275
0.8742023062395858
0.4069230941954666
0.21199087377266312
0.6729603318266139
0.8208911527302211
0.7954309425731081
0.8019586263049514
0.9702128615840067
0.6880687981218165
0.6793747855097143
0.6608534795394324
0.6621974850591814
0.4485342790386144
0.37648420673655547
0.7985617327975159
0.5867708777563924
0.12172088914121437
0.815234027014698
0.5167029663754217
0.29404538398754865
0.1994945837599028
0.7249418712343252
0.055862690813979876
0.05661168741897271
0.5732262514822649
0.9389944206374222
0.8684608115548013
0.6420212900445831
0.4982772605360968
0.421283765221255
0.7114888436052035
0.9577316100823348
0.10865498226888515
0.16471985775843712
0.8076518227096117
0.920657851386744
0.4539220365088992
0.6296306254573266
0.3054631898663468
0.5569817108071518
0.3765815648824655
0.9272365639274527
0.42529554826596616
0.8281532531666712
0.1013332948257859
0.5647956389380681
0.3294673686589886
0.9062501492782441
0.19450140042842068
0.34240710150246745
0.20185042418938526
0.3830349600435018
0.10237672347094084
0.13386579828870904
0.03122626335634915
0.5555891933266346
0.35750503203909856
0.424755445685282
0.3542538928308696
0.7424037312346015
0.3497478920118434
0.6930914335063303
0.19262288692546037
0.9973477817533731
0.8549431742169794
0.7079814182445482
0.3474703485235002
0.21415083791731415
0.6354180495101656
0.08091741252655527
0.14750357129092984
0.9239647857566475
0.8105725293767777
0.3549587852939561
0.7825531053172428
0.6649597104517684
