3790492
0.13293836669456394
0.298774869505553
0.8845023863451943
0.0747162276716089
0.09914351962574242
0.6734316127559655
0.5378127844555858
0.612972569325683
0.4330225698860619
0.7186927927447684
0.2174845943739222
0.19324063107612088
0.45781953542643494
0.883496663201886
0.41034844012648086
0.07434796848810787
0.36506495226933333
0.7977392347909983
0.8033878916820602
0.7061770208955342
0.7016793718458962
0.7835808257773347
0.13587437184882045
0.5078938687330565
0.782510436899728
0.5755875225081807
0.24805711577300738
0.9129122229610771
0.6457864500573638
0.3681010035117025
0.5020339070845158
0.14395145927198394
0.19841309328649803
0.6629459102002033
0.6223644823717418
0.7514846850113774
0.4136997201125059
0.6515450690921331
0.09050701054251487
0.31876000654419434
0.4813816834239599
0.2270608257718144
0.6051766813714349
0.9418624234666921
0.6500909040966916
0.1534652917211642
0.8358683006663289
0.2625438141746763
0.5112555687471417
0.899101212495607
0.7255310266195114
0.9570683218491214
0.8057896194559209
0.46010132542376714
0.9890572039329644
0.5210587314701135
0.2618703198632828
0.6505681630018422
0.5771171739325885
0.9417852134483856
0.5572525882888641
0.07729456963799186
0.37039986169732153
0.4686211581428653
0.45242040875286893
0.3601138773917275
0.4661078755562861
0.2661748790089087
0.44774016583573506
0.4429575031394257
0.6973390859809798
0.009949915284666155
0.44782963249086305
0.5531880495547123
0.11891954549556127
0.7551531647912814
0.35041483538324436
0.09738406347044704
0.3053248082264878
0.48255532942255885
0.9078918681652374
0.9302400197873185
0.5364475502912561
0.40998600221065806
0.03259444208685769
0.6296270463224514
0.9435064278527621
0.5666068238632826
0.49110994448218126
0.26912640999584825
0.38106131988488945
0.4369398118198118
0.37171220109680425
0.5552636685097592
0.1723453157105551
0.9689777773573612
0.5547058966022254
0.46088936025368166
0.7912080638948407
0.35417234481051996
0.5329151745090146
0.2530742447709877
0.9941778271197148
0.7202389301409923
0.8485917028352815
0.8409661830022821
0.5008840183390759
0.2036393044028295
0.2892759680410373
0.5570010103913393
0.9901353681057994
0.722747736226906
0.32569491449057086
0.6428563968846766
0.05511004159103705
0.7737973042719638
0.35104446816923374
0.6059906677078721
0.3512441474268284
0.474457584849425
0.29209771814670693
0.5465664000363313
0.723695451946647
0.5658653308345601
0.06585566938574205
0.7606544352527038
0.49545403340539584
0.7484303191820534
0.7631262293367655
0.7962237492787552
0.3777633960543706
0.530407014741366
0.7014919804143521
0.3156173879508962
0.28242964580480157
0.6527884602417192
0.3684481581683683
0.6534479680361485
0.6006982031200445
0.8753791023994804
0.6309158134623637
0.4269658594113671
0.7487045390814433
0.164401861165703
0.4838005467497948
0.996823712675089
0.7263271687949371
0.33900658727002286
0.7899896593974598
0.3665401731473955
0.7336094545746501
0.9613948420160446
0.2501220375200046
0.701587610354588
0.8484807015722029
0.9294136017794181
0.4492245563335333
0.35319166800643376
0.0173254589388252
0.9888519078879464
0.9666391563462927
0.3873226473479351
0.2651791782502406
0.6490121464428166
0.9121232621131548
0.4369205998687783
0.909883581683315
0.4263089980102819
0.12744732915073875
0.8613630072557912
0.35027964314997184
0.6305631950969975
0.9381759743860846
0.27736259023574517
0.6014139053434154
0.07690287088785319
0.42039506546838745
0.9465712202273561
0.4992898925308402
0.7406135285237798
0.32945998430131707
0.9634456351405012
0.2369408028600718
0.18495962079214145
0.9843081930293184
0.5995037660020371
0.2980024921140959
0.7223696469150606
0.4512542452242463
0.7845389870197524
0.5625734331305352
0.16677094162497585
0.9280741722365484
0.26138522526503105
0.49245694906108595
0.6576147431330049
0.8051179596236687
0.1700210086734082
0.4054726560981532
0.16767405009344538
0.6971083376035767
0.6699392182315739
0.4410264610312452
0.6754644989886801
0.19727945748292752
