1042504
0.991118359274002
0.6928334214163221
0.5486147982976017
0.07586179938335169
0.34445120136092855
0.7124990752947307
0.309645487658915
0.8982737353582083
0.3808082423519388
0.06557777084146177
0.6309817416475585
0.15278082289374517
0.4348379257244466
0.2354324141038221
0.19460004400283926
0.24722728779009717
0.41751393885266186
0.8359596445912649
0.6960824156456448
0.6599893111309656
0.20660232672666234
0.5739193233657125
0.3551737662332898
0.4392587983967472
0.8557757357927565
0.4227886219361636
0.9609383305673198
0.5399140323360275
0.1187914716820756
0.3258397205509779
0.09953020511025867
0.2812738607061879
0.4772791592448187
0.39916479718587494
0.02528678656485306
0.6494907255407344
0.5030787706704932
0.7813807943182864
0.1627910343001242
0.5757364259710392
0.07029522189038273
0.08361594781981396
0.7157569993895753
0.6008619585992945
0.9603439084383236
0.952731177629481
0.45426284090035374
0.11756184680091919
0.6686803642769023
0.6611518176166604
0.33274097990693385
0.6002239193373183
0.9658539476383807
0.9051764095975346
0.5622268857861275
0.13995765864474075
0.666943521911953
0.5505392425291775
0.008952273265560473
0.023996024347940126
0.8917064045008105
0.8692285123510203
0.5760376069322807
0.2740599010218988
0.02956969937942988
0.6933816335680743
0.5819199853969489
0.926703071313471
0.3351551516862462
0.4712186225881131
0.7687025569094507
0.6303571164198604
0.9322367786397793
0.8402171952090501
0.8283588479506236
0.4961719154594314
0.3484881573455496
0.13937643739385452
0.5056481251564369
0.8420483331655235
0.7964471134441646
0.9607650302180745
0.4407927501919988
0.8744319023581895
0.9821238790586683
0.7983086776001358
0.8930115182454511
0.6548953260222459
0.2189099478722467
0.8627741063410409
0.2537581649661147
0.4871016891882387
0.8738120072578849
0.7480652246539847
0.680271233871807
0.18094098028295003
0.8606545785105908
0.25958039092191687
0.9115128640378047
0.1670542996562293
0.9801532311367281
0.4882481331312448
0.46978187782831116
0.3566341555174205
0.1999504746756472
0.9946170812371973
0.008865767693959081
0.6632460176110244
0.3073609251279358
0.4826316314323953
0.742136811199943
0.4423683558644689
0.3860812690416827
0.2906868793363723
0.023237546876984982
0.205644757634321
0.9894871560718266
0.6064973433484065
0.22633813194336694
0.27373812848525303
0.9383534523513793
0.16473362040798878
0.9545156885701369
0.5146906934560597
0.23167656093107558
0.23831104360073996
0.642402580528925
0.4426546939536764
0.13750621709346467
0.4783651330223938
0.21587708254770133
0.2792954895231107
0.28783846885082054
0.13127108951202648
0.6994333313617096
0.724632735774028
0.7343061391809786
0.07436880165670878
0.8028595204056624
0.4859825050989307
0.4322146569716394
0.23983528879781457
0.7655209646737474
0.33002962821280046
0.7655631583194736
0.8314157124102547
0.5864375390989172
0.39289655189946937
0.8673793652590429
0.5926362027852068
0.4874184546521957
0.6269994002828471
0.6373737197408285
0.11028242197954319
0.7371899078569163
0.7210644210936533
0.4493733636144691
0.8161717287835943
0.41920935234084955
0.6379158414114254
0.6889752915664427
0.059043667023220725
0.1524619331661774
0.7446655744659001
0.14083369308403826
0.8331930269238016
0.14725036428110572
0.29769426381689024
0.29196828458393387
0.9583400863211763
0.5323640815598312
0.5522111135330562
0.3934139318430715
0.6213627530116694
0.2823017141109089
0.06484682821393684
0.8070177447558772
0.15886388205000246
