1328485
0.4159964321507892
0.1371600961452928
0.6766416106679587
0.18725097256418044
0.6244501838417784
0.574034193325156
0.6274991524186446
0.021422996586903942
0.15020008030981302
0.5523601935417838
0.7929980022207861
0.17006465296204643
0.009314018483859154
0.3189642711171321
0.5714342635433033
0.3575863077327951
0.08857835673441594
0.3791864360276387
0.9114795451730743
0.08533430095365879
0.2601197549685429
0.9581500948810839
0.26814752893646454
0.8275450229061451
0.5733598783931778
0.3490329772120252
0.39987243217540946
0.887800445254357
0.3809376927045519
0.7931112061679324
0.9419279867007238
0.12990469285350514
0.07854644058826243
0.4972872151561756
0.14604390179056026
0.2566150445965264
0.8386373379437049
0.4018936818219354
0.19605138595941785
0.39660242311804705
0.708139063586115
0.5107305091769182
0.9678387511579412
0.5144245142320938
0.9430517110547323
0.09571953554728196
0.8334907099716637
0.9102191028421963
0.28263273657963883
0.011780998232101325
0.09651432048353059
0.5331671345120118
0.5110711338195264
0.7621689442367762
0.7563785294464105
0.35040807720323686
0.8091875709135699
0.147001620820277
0.10221491604920463
0.7517804273976272
0.9637935153480344
0.83847522128524
0.9111108728644645
0.18679914068141534
0.33657165085529184
0.22419933931364566
0.16998342461614702
0.6921786275064136
0.11411143924422051
0.01016992280998208
0.5191868451979702
0.8283759985303586
0.4811684395128685
0.4765870130142288
0.3860236862979054
0.8134047629343544
0.6815963807472067
0.10870076720979527
0.3961760084655641
0.06569491067305133
0.7319606709478994
0.3956004693233556
0.10094712711319198
0.2452455836737416
0.7000875554196441
0.29325302278292453
0.5338904379340624
0.2545189814501799
0.8340670335818704
0.0941784298045254
0.9014621019098127
0.5714534180376037
0.7951446867869618
0.24292831522266978
0.1717518556314227
0.7336814281720642
0.1221569277677792
0.7571992821407455
0.6692388580574447
0.0736813317883831
0.2780060416529089
0.4515059212186562
0.573157389252255
0.4803948787385043
0.003343911677100353
0.8516762891690985
0.10849647031226917
0.24242467090088204
0.022689628661347272
0.90429743659267
0.08966249690653649
0.3448536547785992
0.6663560681807931
0.7170180080027152
0.8538852506822643
0.023577099394683443
0.1243078061049141
0.5558993894337853
0.9990421783378568
0.9698035003149938
0.523966386726382
0.885384214129251
0.3326502459619436
0.28255632529765695
0.4504043804562451
0.7870392712912996
0.4704729849224637
0.06197272000863974
0.6516429189306518
0.8697435685672498
0.2122366823407832
0.3908843084575383
0.19685243925989182
0.11898315682651095
0.6618353695198376
0.727589459572928
0.8405686239829175
0.29818289540899734
0.19023072642268712
0.8902977457692289
0.7608516681628025
0.4251970875095732
0.14232973300138807
0.009897010156914798
0.8936118960634911
0.3765353438462833
0.41372935975017266
0.4497974859965952
0.7434768812366817
0.6929605558959224
0.6814975946975581
0.3756498201561427
0.1615855883471049
0.5386189775153195
0.6913989969616892
0.7588148001961439
0.02549289555994816
0.8967840821599011
0.46743257400180716
0.29858520682885303
0.14253804084057575
0.8420094140657838
0.6638061033645126
0.827471963035937
0.8163506287922673
0.5828493908761845
0.1380853623666367
0.5135427009140261
0.5165642560257375
0.15198683758279585
0.6794719460306664
0.46377530115785326
0.9027191567189027
0.5373222358363786
0.4912097654876587
0.5513706382178413
0.7947175355168185
0.7113191772422383
0.8295162784083676
0.9775261723272219
0.7149987784218755
0.07124934389727489
0.841439395785143
0.6852341894587494
0.5428727696559641
0.34882024563776726
0.6479336614649844
0.39153496275673616
0.6568044280668389
0.5726187401260819
0.5603399326551439
0.6195107506923168
0.5067370525686157
0.4365767191456925
0.19743075918518682
0.2334509260426677
0.7057063964991093
0.9370721417389508
0.3594313939801247
0.8932513880987081
0.1829857016604014
0.46417016731779404
0.8232392016336538
0.2889320658315325
0.9710386139563982
0.9061395581405388
0.1930801165115884
0.7841582769245964
0.48010817520626903
0.419128270411125
0.10689531335472502
0.13587290143918518
0.8268577845628107
0.29890680826082416
0.10582902122521143
0.9524683376966487
0.681509273540559
