1972896
0.19996335472604487
0.5849621249929382
0.3987957517481707
0.6372149954546328
0.32341813264548136
0.5912872737244735
0.4480367757256961
0.6003720636888958
0.9851140596018924
0.19348838381194822
0.4409496290608319
0.49637844314075596
0.5989075053414966
0.6303767779796322
0.12576679583760209
0.7258803820844357
0.6353910331808417
0.7418573475287937
0.1582423615642926
0.6449135096389035
0.11659304027280759
0.20420366399903478
0.7388032460506126
0.8346811533607253
0.9518579190895126
0.5916767052852951
0.2125908269552238
0.41384350727712393
0.4773082586698929
0.32614648582943295
2.6512262870326264E-4
0.05145738007127254
0.5142976757854167
0.8285144350192286
0.9011832064424397
0.33983903490562106
0.8687846469172481
0.3544553208265645
0.5344366288181311
0.4600246037778082
0.5623205561983354
0.5891993552208457
0.07163062192988023
0.7267921677555575
0.9067305287380132
0.6824767129403916
0.3189383042987063
0.8433252706207598
0.05891818886121836
0.4429545801228332
0.009598071532506913
0.520088053809521
0.3300707159658244
0.7141346094406363
0.8534560006723386
0.5506390386626255
0.3602927010055794
0.653255378087384
0.17997749533728868
0.3306816520696202
0.9702445930452795
0.4544520757060656
0.37769229570157203
0.003760105755646892
0.6831078878972784
0.9341354983563374
0.9525557000852338
0.6025803992116994
0.5659664216822481
0.4423945347849133
0.5881226043009057
0.9773210795556967
0.6532174305426641
0.21183607176740749
0.4627375775657696
0.5570651100685686
0.5270246203938616
0.2671151355863083
0.34213837431627225
0.4590757040621316
0.49288710623652154
0.4600408062555321
0.09190333362375513
0.1994403481070326
0.425951716783154
0.41523374857898654
0.8426632459636008
0.7828739707806769
0.06278742217696553
0.3477690036976281
0.9152805970766896
0.4769635235273212
0.41592316624718373
0.73765211107376
0.4558225173691496
0.8299127611224721
0.29003691620304906
0.38010891358433463
0.22104331628937646
0.40725087842253416
0.1748486071751545
0.8790147094556138
0.9784639613009294
0.9085111949933824
0.8796398774222348
0.8430242798350793
0.4192111875379103
0.9870220618980159
0.86535488360036
0.6591664718926297
0.30724143872702325
0.5782617327922092
0.8161902105859848
0.9212045895336103
0.6166037833666619
0.36814836103819526
0.5975390942274169
0.23367348931552456
0.5258268765176518
0.06646328882230934
0.8035825004295782
0.24261163741535863
0.907762187743004
0.5243647910858165
0.013898735996616396
0.5354758298361288
0.0405556161816234
0.6147515118180005
0.44377464378581066
0.8848756499506316
0.16406505005530125
0.3664076565906006
0.3677446487765418
0.10286515556320641
0.35746370451494747
0.0034138360607829377
0.9496034842235108
0.005797566216036665
0.726617406784718
0.09738170228019305
0.9535085338247375
0.21541462214009144
0.9604919488267695
0.0509299425107026
0.1719548524337675
0.2529843387089279
0.08093560625358509
0.6812366143965835
0.13111811828964437
0.19990926359329153
0.12612324148364895
0.43776510131036883
0.6025009853307588
0.38585265975433725
0.6891573633193885
0.2560464270151118
0.5091602886350629
0.08264906992283372
0.13886094277717465
0.0985573671347394
0.43978155923613704
0.8508018230496508
0.06383818425245946
0.7862530006843353
0.893937298787465
0.9291793414912398
0.5012401656988853
0.5404754990458561
0.9975624750045944
0.18734313846956197
0.8085012802866122
0.00877298356350631
0.4053269397696164
0.6984131894710519
0.5219050928555554
0.5733506494660436
0.628777275233928
0.39596026266875894
0.9868296866484433
0.597377576512309
0.2132857523563011
0.7982694160268954
0.8285812293723451
0.867140651494194
0.8164855499485401
0.3420449479879536
0.6473746246593131
0.33489286889180814
0.3658277975743879
0.3086079459701495
0.8850786600097897
