1005832
0.18074520975202613
0.34323210075115385
0.5322357410119728
0.24208072145774528
0.28984355241469384
0.033246390071042464
0.5700408339631405
0.733745875177908
0.8835983865848501
0.7365158965266168
0.006140917015531211
0.4202148912220899
0.9992892028667962
0.14849674603841345
0.9250438120954638
0.6331437272348366
0.7360631004311976
0.2981284539521444
0.7526745751647292
0.28423853304316826
0.09678578220071332
0.33825877336845644
0.42292539130796936
0.913179729428773
0.6934039178928136
0.7183307102296064
0.6127600279253211
0.5272374526276074
0.5905966373487986
0.5849557535046523
0.3339754808238298
0.5936023941084435
0.680720300931498
0.908628580229555
0.7322855163005264
0.9627903806302042
0.8173236945667702
0.24692366624916096
0.09422681816450496
0.05910640918535248
0.2635859892119301
0.20571469194095138
0.816392529488928
0.5951617029892238
0.11538523728829742
0.7533051521576878
0.5248311812742057
0.8245431445821613
0.2564638936254834
0.4390753249319691
0.008725982400868859
0.8419841374779302
0.8141023439060697
0.4946541553114656
0.036350602290199374
0.20318657694342013
0.5293644284928395
0.6758187039466611
0.6616454494070297
0.38808276592280966
0.03589426903072257
0.6612862206787382
0.2487296967213085
0.38880262685934697
0.9486454881369683
0.8333220705934151
0.26753419307824367
0.511262722396346
0.7786729396513019
0.9258536042338443
0.585298078450456
0.6329039650706058
0.052058921493242094
0.6435772232951471
0.31957224011196006
0.38245174314830555
0.31312682470936903
0.7251098227282474
0.2880383890678557
0.6117120274500438
0.5416925617254825
0.4103436578784395
0.18206745727572182
0.6550629362101669
0.7531611345973713
0.3805878582511829
0.6977962530251016
0.6978412563138869
0.6548571217023011
0.7502455812154473
0.4566740932884287
0.6463768774364816
0.2607062370970653
0.29911978440264464
0.783748424562081
0.793715619176201
0.7512727839469536
0.9958934736347173
0.9884895298689763
0.8698480520029226
0.8910493529752235
0.8269302169164218
0.24276654874805348
0.6318736621078801
0.9465569937603475
0.7611837290842207
0.4339683228806668
0.09382862566628458
0.05876679247320005
0.5762220951859757
0.3496234321153938
0.5159961348886652
0.7936760570820978
0.4764448348375864
0.606819605906862
0.3247572298311351
0.6220670213526344
0.17689433088659412
0.6959130658598295
0.7395101221060558
0.1999810860739527
0.09747855520099447
0.05349104471251609
0.8805114315109217
0.5595458952343737
0.4835187378316306
0.5114440980406408
0.9255325612061984
0.811431323561187
0.6649056827893045
0.48980927321598255
0.7996646669124393
0.6944607937792788
0.08515585897582922
0.05813963477885653
0.40463974657090485
0.9506017163622779
0.85632157515497
0.5932009867829475
0.8770452221108685
0.822824117753484
0.7846110662387272
0.45605043467544026
0.4376637929397532
0.7281045998438829
0.4268348234913675
0.16171949003970176
0.16433537645690321
0.06794979034828852
0.028500048831930247
0.5748329583086762
0.6487278151795408
0.9083862363193177
0.13140273991464568
0.7464841400057182
0.04542520563775121
0.7030697453053586
0.8576272299609655
0.5547278287968695
0.2090823870182924
0.8991363571693837
0.15755941671159934
0.42095098498337635
0.47170367751635967
0.9615692904676449
0.28465838879067784
0.5207073394095068
0.8096392889262791
0.3593569842124421
0.7132448902737235
0.9330609284953345
0.15384907198350617
0.5845224975381569
0.46227358419224773
0.5174936458884081
0.2518377907837914
0.6471440345506612
0.1560012388163744
0.6461138132024677
0.9664427551993899
0.016761714957582385
0.9832906582237706
0.8018496426769925
0.9467654609690357
0.23517692445900562
0.8854244938651317
0.05750707617817452
0.6342307541574874
0.10561543390870909
0.6372994861168564
0.8461426952872201
0.3376327601534864
0.1989381510881595
0.6377334199203797
0.23976692441069836
