1418703
0.5137223614926635
0.91795527598439
0.4165596160993693
0.965226986428658
0.9694068067367947
0.0383457008243413
0.34604238973380796
0.6787734082474971
0.9517728157401616
0.4206271002539719
0.03664440305175376
0.833970389483878
0.8946264012261053
0.1272906734742355
0.4576812194833819
0.18658632086597782
0.4176362762021679
0.5384759519044243
0.823512036536419
0.06552130260610545
0.462376386813497
0.30325477531985046
0.8660805583505286
0.8279619317053426
0.3353055437277881
0.8943563923386719
0.919171309667747
0.26337408600594536
0.7096483297159552
0.18207822113872052
0.45531230534366995
0.7357749552093221
0.4218501927807996
0.7833313563210798
0.41349028569610446
0.9279885824500338
0.014148995946314247
0.07858216718589173
0.6505595104245048
0.3362314628054247
0.9141161379870958
0.4057549510656562
0.4637093513793563
0.9729880417979219
0.7636268994974925
0.02271086362483654
0.0027387572277030037
8.921325028079519E-4
0.5400056676288182
0.283185968678753
0.23426250576374286
0.9151144455971209
0.5376599580261092
0.5219885645516833
0.8316051469174217
0.7858367790504264
0.1366573708112584
0.052975501308849426
0.4000541308636728
0.9343573466987142
0.7816833386620039
0.37712268963766016
0.4120695404772059
0.10214907989229227
0.8970555928788864
0.5250121188559981
0.0255344801815095
0.5077483815709547
0.03210268004237504
0.9060269965282448
0.9022134925395787
0.5744980634070183
0.34560421837139876
0.5889328841340934
0.26728745036152046
0.9233438531856203
0.09145784801682866
0.6334693185778291
0.4260394928517749
0.2970394181674747
0.6776197510826918
0.916160936805868
0.8553096886284994
0.23415530919288696
0.8761100447301952
0.30690833226629155
0.6221738417734147
0.7132230566601294
0.2745695223271114
0.2174883017278304
0.25842764052424116
0.07091177820548422
0.922310577748466
0.13166004462937797
0.54272640505552
0.791507064498419
0.6496963710172515
0.9625702540524339
0.9363098480330158
0.9653376656263132
0.28521526371394423
0.5921086966179675
0.696303357321169
0.8904955647489241
0.7256206326002226
0.13636604902789184
0.17661099820137505
0.7607633283664276
0.056439099912634405
0.228427936351968
0.8189268083731406
0.38805293273125163
0.5478442578894458
0.1297516303109194
0.35708279035210977
0.865035953093859
0.45567034813445495
0.6392810200554145
0.7811649154170341
0.1682530258875381
0.7810234685442293
0.5391915649313438
0.7066255051890266
0.7389298730682201
0.8807180111553178
0.6885083233623737
0.20871155320443646
0.7167989973309183
0.5478576251225071
0.9075507819027531
0.30130126750109987
0.27330299357139953
0.5327155591459465
0.8627157565262485
0.49832242658971193
0.4553072861889993
0.98346738228233
0.22231476595809063
0.3688317576934196
0.44206854153530073
0.29606797828057496
0.05687548166300538
0.6395251085238028
0.03957666945265381
0.9620124471204745
0.6891449295514642
0.258010364750054
0.911831497625962
0.45883510656820936
0.5384613469205591
0.800572353156486
0.3501152570053012
0.3098868102955906
0.2453581244980706
0.8325552310803014
0.36730874849294415
0.4712359368339777
0.6180981618963513
0.3403755288458844
0.46433855240551203
0.49920744940452144
0.9178174252340034
0.29110786397190525
0.5090761640031956
0.6286378838129046
0.18280211574641214
0.6617749516712427
0.8281433729045621
0.6782274768651351
0.35744675479595267
0.5218980305116658
0.5568919052874115
0.913522372092546
0.7076653124629813
0.34231925439362165
0.42757549465815725
0.06930017811538669
0.9914213124406592
0.8926409165499087
0.33214203040989543
0.4925166962071379
0.8772816347539201
0.7657210198414597
0.509858692864621
0.75552296605265
0.267438383049753
0.9080921867740548
0.7525182929169096
0.19637818786431538
0.4318114086310806
0.23734496132802896
0.5244140236963525
0.7377544141075844
0.6412545662286027
0.46248061244983174
