1411396
0.16921178602299736
0.594676184758371
0.5241934128322661
0.6959324982749306
0.4353686236164145
0.5112952860373983
0.2875390629355179
0.8013174864022095
0.055988046740341524
0.8040195386994236
0.849349535800692
0.005305012833851985
0.5174153554695321
0.8777083618268545
0.012261408849069344
0.21634294648301522
0.6536819087606794
0.02258710862473612
0.5375429556130198
0.39387836754724337
0.8362081446636064
0.5539792412191298
0.8860130678105611
0.5744651094046233
0.7138362446959751
0.2663470662139009
0.8722005200134886
0.35877397278194156
0.2756201727674331
0.6411514243564773
0.11031275470202206
0.19249149176013303
0.0856730523996575
0.0750645999758669
0.3590196544689196
0.46945465137951325
0.7808116997574132
0.974229273026178
0.24557174001811877
0.9756554649109022
0.19736633618276245
0.4304460310267316
0.23348453506698963
0.9156691720993321
0.761766147181424
0.2712580081344166
0.9787404789666002
0.3092807990764128
0.10725659969332324
0.3698411688752057
0.46414026312547296
0.8944116177404391
0.8004334539360921
0.4942758778615448
0.21906182586706635
0.5084254661479778
0.6373585837076384
0.12543488276704196
0.37551823070848267
0.8726925519448503
0.512110583830722
0.27999367304544
0.94147511673599
0.6770676946360967
0.17291613116076743
0.7175468515837632
0.984956085577765
0.5477305639981108
0.5438899826766554
0.7084232170550478
0.8405324162784378
0.2049896835034718
0.9494105010318188
0.3728809544012538
0.18052967065647607
0.45425359048885705
0.5479551643257896
0.9384400520570022
0.4269580265812287
0.9202353087695694
0.2876492786669692
0.9466841471943448
0.8661774968977497
0.05669040580192031
0.6581840875352302
0.14686570678305388
0.9249670005614699
0.19809931030811723
0.41218669777935657
0.3764227921238317
0.6634454344122875
0.030558190171251498
0.9264232933681801
0.020032402939183624
0.2436695470421305
0.03473110223522591
0.1316365456577161
0.40643891856301406
0.3625355318657173
0.019432721997021285
0.8339895907252247
0.0019405369704112996
0.9633082029286675
0.00816934150277604
0.20119108070798586
0.7730029281762788
0.5024271812078492
0.9522354720326865
0.3552146272786354
0.08710861478806364
0.0013759079919566375
0.9825486748590597
0.19069047168226783
0.9718407369381366
0.6362881215564367
0.8483162932712738
0.26216950151711027
0.8030925105857389
0.47670591772953796
0.10989501239485933
0.20590545196111598
0.6280211619784571
0.32990872821141526
0.9875005619343453
0.7229854731355921
0.6627629812120475
0.8920132402405235
0.6481819369434744
0.7087869783524509
0.7564838003907962
0.662030412891996
0.5325206104725693
0.6628878785194157
0.6725371175235472
0.6106549247064142
0.5938034588601527
0.29972088515785367
0.2795077767059636
0.4999492212651657
0.13209381244599394
0.991911482052598
0.5027894962753702
0.07487226158433968
0.4595914758739622
0.6938759358817617
0.8028248333900797
0.03834803912451923
0.1428874835299031
0.23867527989474535
0.9329350639237463
0.8407178386955649
0.931285418867754
0.502451421143066
0.5434616680197091
0.7876435182209852
0.8759000119376089
0.8078603671650207
0.9933695538092385
0.11874274318913358
0.8630560370330633
0.31888958577412985
0.4979172106550237
0.5120345635730008
0.3236212919519915
0.9060457532072697
0.6739673661797116
0.27405449505566926
0.635215435425803
0.49176647893059044
0.2573842127935324
0.8333544346966094
0.36920857026646314
0.8943590661045161
0.9275118491747535
0.7964305785642879
0.8930069351570008
0.8874990711238357
0.02085025876735236
0.9068691223058188
0.8281734960004233
0.6003166143856344
0.03375561166248586
0.7590744771725062
0.8578798191374833
0.6584433928229102
0.2816004569173728
0.7981416777234386
0.7049702942079367
0.38325490044825705
0.8964044052516593
0.2406745900052164
0.9314361351081455
0.3118506778933232
0.5514271873947805
0.7381319314041391
0.5127946334633299
0.4506031308478109
0.009617548861312497
0.7693552785376796
