1914839
0.19559748589337478
0.3242891846068041
0.5038098809418489
0.9647872465730148
0.058108736798589966
0.5926354534761006
0.9112836407099045
0.5989775459611398
0.16451984364220562
0.37879138794554124
0.942699210551159
0.33009161952159716
0.9602975202431713
0.4073144738255605
0.38704485992762727
0.0021257574925626077
0.4770525940735626
0.7000116799414886
0.7349454862784167
0.90158692310856
0.6748822350978806
0.6049112575524398
0.4614916329160039
0.5126809129553485
0.03837297969456355
0.6129536864755107
0.45873289899917413
0.08901552071236818
0.22931539074285057
0.6337727300610849
0.31146600930243773
0.0677372595036666
0.004541591841745185
0.023492390503370375
0.9847206018374735
0.6719979813133523
0.5949355307093327
0.4663988846552164
0.5677563752984098
0.9134694592363124
0.31027869471241165
0.31952018109836866
0.8246373752431817
0.3748186830789636
0.7026703457430975
0.4859925793315819
0.9327852645072885
0.47997840355576904
0.08876869250974506
0.3607337222437337
0.008432385591367608
0.46743735898231964
0.6735656597627436
0.5738376389713853
0.36811872338258245
0.9835108193839359
0.3809287034323132
0.3720420046721117
0.3887619798903633
0.6200782622078717
0.541323374356663
0.9792862322239487
0.5866899329703311
0.15530951563088946
0.07426543985923473
0.06040788625728066
0.9657014819368938
0.942882384697867
0.7298893366947282
0.8839247552780928
0.3393965182773748
0.9362389263155243
0.5856293007424639
0.5580797189932648
0.5223022698102602
0.07315835683459049
0.718824647026474
0.08350604109711679
0.7378503184470054
0.0927652114783013
0.02617920571980037
0.5470868690646186
0.4519363736669151
0.46104405093125755
0.08786309958552552
0.5794455023474157
0.3147645941406938
0.013016718159026275
0.9677431508580858
0.5104622962097263
0.6164879663204367
0.5906478979071358
0.33937541122035264
0.6598931235669399
0.9923870989484991
0.7313444140535482
0.06020107322988266
0.90144537138804
0.552043127192221
0.16326169052521589
0.0042554820521788495
0.7284052782431278
0.4499636525181677
0.39281814267589166
0.47893797179519904
0.09186425604193194
0.8817901333544524
0.9989249143938053
0.18276843205937077
0.7076222235560347
0.5565350046301176
0.5370916929230255
0.1046209502149531
0.9500394054257622
0.7434338859815468
0.7977992163745639
0.40175138375536446
0.3763228304358449
0.26829291842334524
0.5394407027620829
0.7764181867367358
0.5048516976435352
0.06167551235532431
0.057057744625008344
0.8583425611638849
0.3090133114731055
0.3443931689009806
0.39484793545995855
0.38378197635693356
0.4668320046907265
0.8352948903773817
0.9810653828136096
0.37956331161411416
0.252727242253885
0.6672785007360932
0.9910393482676534
0.17229732305811019
0.34673613476023957
0.7801859256540675
0.028056044075462472
0.7066499964399776
0.5444696280927315
0.0623028315747155
0.4031654045498646
0.06316111637826294
0.1707410949044822
0.10807783418902817
0.87904629206009
0.7819876644459072
0.19367008182007817
0.4520935899076787
0.8225598639741918
0.7844440742683796
0.7925518209494835
0.660913483741239
0.45988929539696877
0.4601226423063859
0.7160248255329663
0.4436604038565086
0.7988248029492303
0.33854587168553385
0.38603685482081385
0.02349191508503734
0.45849713241914347
0.4557153139230642
0.4055188079018378
0.620020666379315
0.5990339664409592
0.1945239075820112
0.8286360255073574
0.34413638471442387
0.21452248573994104
0.04280059946691184
0.0707903353271343
0.609554446686602
0.9576460615418666
0.2330146398452525
0.6450792531013543
0.6978537386902539
0.5611285862693727
0.010604289121732724
0.8913338884143625
0.4388981056207446
0.9464876247023752
0.04468645574728902
0.2510609973526966
0.7843339357146506
0.3633035380833227
0.16548997253623243
