1461866
0.6847955505771387
0.7727602567179043
0.6166334104393812
0.9305503733575948
0.6181725978190605
0.8270386588995976
0.4627971078646457
0.9428728054431688
0.9158931641162624
0.7805126496095148
0.09591806240929168
0.6325932897672564
0.36427888854106805
0.4109354962575058
0.610323769606819
0.17194362063428326
0.6214470858727061
0.23719715380525452
0.2784855193585768
0.5326008859795306
0.7541853100009771
0.40975824913245207
0.3366143290991028
0.3327175789312564
0.011759368402044501
0.5549403621806441
0.6078899058574749
0.6123492011532502
0.7495010024912133
0.7881576941508959
0.8467609431129489
0.9972882343830101
0.23229783034588225
0.264354976227012
0.5306680271079174
0.6744648781739805
0.3743225988339415
0.6419009125680604
0.1027805588317523
0.494210377879463
0.6393848346870946
0.8115991650266828
0.5475732178592674
0.8999496428867361
0.11420852949863236
0.6519451381151725
0.6823004134538511
0.7177037881688576
0.31694557264798795
0.01590297037731403
0.43909368740871535
0.8830720913449831
0.9429870399449635
0.060134981851689306
0.27507677846262046
0.7853434740926658
0.1435229047067238
0.20340087146367714
0.876321964323002
0.9019104463478138
0.42072319217869114
0.3399229757379587
0.9667729894589925
0.5390737046880769
0.7565763061045216
0.8050558429687977
0.23809980054314317
0.8620619596437875
0.7382601432119906
0.5023515655609174
0.5313066565040314
0.03328550078576464
0.4052574159857374
0.6462782599115299
0.5155724321695547
0.5501458415358584
0.5632320506749449
0.03856479744514818
0.9243910557035394
0.9495018173642563
0.26363835423553983
0.5694645549241469
0.7458605605617088
0.24569439022583228
0.19155834255325477
0.924562716242293
0.04931727405037922
0.9685191702625774
0.5119477144986968
0.2780517935504506
0.8653138947330361
0.47568145941132167
0.5442007462226335
0.2673098209624636
0.6863670590870874
0.8165837625297393
0.8084444476004919
0.04939174030300375
0.3863524105075822
0.26732541025985346
0.7289863084638534
0.0362589174431458
0.9173895009713402
0.8128855345378846
0.8480801786783653
0.4539404629524044
0.45393981199497324
0.3672473965677243
0.23511645043263285
0.14861099633294805
0.1678365511229829
0.014218927486453037
0.034795477073794046
0.9262761492484445
0.3003497903555292
0.5299530067180646
0.2301102307356102
0.3150719520604979
0.3596861434648222
0.2007296672179546
0.13273034931431937
0.02090587054373272
0.556346648195182
0.39601553997945704
0.627259529764651
0.6624381297045565
0.6981669052893441
0.8186806413271267
0.0987853672265977
0.11514130213109097
0.006984775452722358
0.6133417411606416
0.29886893717118057
0.4925328707470761
0.5964222061585284
0.27285760367338363
0.07157034810007934
0.3489744438467356
0.5438926071809177
0.19883946537106234
0.3775265028246356
0.10419230811518909
0.9002939928466339
0.8161317090236279
0.04114473037894506
0.6999048841265265
0.8234693917881687
0.9592489096924249
0.036098520126803924
0.2122521487216431
0.05244681075963131
0.1324903301962308
0.6990711150180863
0.05171997103858805
0.3070488590612598
0.3934314463680829
0.6304703310495352
0.4602967663396288
0.21712149767555422
0.2216902250523307
0.914512205360018
0.2941976252401468
0.36438329819180293
0.17655623008075494
0.5840252854620259
0.6185427857528821
0.6724543298316731
0.2073349128763522
0.6417177111711901
0.05350047623729781
0.5251454438681049
0.5419387176879722
0.6316333819305756
0.3656688661091363
0.9999317607666551
0.4317768136580967
0.2787819037441035
0.11788234019782085
0.4085151675664188
0.16853638233279633
0.6721639192711975
0.8641540058809034
0.075536806894557
0.7609446337334493
0.28360250343344384
0.5939959419415355
0.7085908599882058
0.3855045849755827
0.7553430088406328
0.7383675617171799
0.3064208948664644
0.6690644566307632
0.970318047754183
0.5456508045389984
0.8255728236276535
0.43265319045115247
0.7564355034568124
0.8262225995270126
0.49198975726382155
0.09198235816441702
0.6370523943155315
