1870335
0.8200613538072713
0.1577490887182288
0.4043856055833802
0.5186758646613064
0.6763969954665883
0.599911223341028
0.9625654624438779
0.525347664402208
0.9785173213758326
0.8469648173070214
0.6731256753428869
0.7083742615414735
0.7869625679737151
0.928924656158769
0.6332203481966804
0.706517509744827
0.46268422014327637
0.02391425465883712
0.2667070511587174
0.7538361324532944
0.5806373552634407
0.01998653978074194
0.4659407650846584
0.975960933094475
0.7209637685385584
0.06767696213881802
0.1338388257694968
0.0860315433191492
0.29657981472480077
0.9485993702075834
0.10346686471959321
0.5227899246740804
0.21870107961068708
0.32048228246374666
0.5611893550043877
0.1215797823441579
0.39694080554125954
0.02648937094310544
0.4898645389812376
0.400334250813269
0.09736491598419317
0.8112646422752405
0.9903406069618879
0.9403411610603113
0.15101717539196946
0.7115067365211039
0.9163974134904631
0.8769636504494082
0.13724829533230432
0.32817981130562046
0.6802050848568131
0.6808778828165253
0.010487201031322835
0.6782400865914967
0.3898140122722821
0.20145991308901956
0.7664148114185557
0.8081653108235594
0.6740998336007561
0.7407095058302351
0.3519807711627946
0.2085688065505914
0.1077218303796631
0.19942089910874194
0.07533226943302829
0.7216724614706663
0.9460362499879615
0.3642548330939027
0.19851055611191604
0.02674362412392639
0.7715333479106005
0.17160502007023792
0.5014149646054744
0.6420561760975217
0.052897522844574274
0.8323075155136342
0.323335414692554
0.9272353725219141
0.9012248100221307
0.05581899729603734
0.8134540228112886
0.44038069913262134
0.6811774850389767
0.633264278938801
0.9497047653913128
0.7120256174387775
0.12636489703272313
0.4579348121370026
0.8753865144323842
0.3296668080991969
0.9460933775838363
0.9085051963254839
0.8055897250030339
0.7885160878532015
0.20164754889026748
0.8260088201436812
0.13441588802134374
0.42867088153130495
0.46299508160639236
0.5440749398561748
0.7299637849528734
0.15131327864380106
0.5676711100076185
0.03420449356957678
0.35021876488125525
0.4946257157883346
0.8981815587481448
0.9719327170404249
0.3338180565886547
0.6418612362384821
0.8265859661189406
0.6894898328092423
0.06105361000742626
0.31769644770266947
0.5529784325327629
0.32569436593965906
0.8690763180932721
0.13670198715984216
0.6751322941722834
0.9325287134336286
0.712521887867001
0.08337072972167059
0.4795341329504317
0.7348214757218777
0.7222004223491472
0.667231138780454
0.4055326514554054
0.28731344366152634
0.015959507857117194
0.7201366233411106
0.8556095576464182
0.7423766392877169
0.30910450632151465
0.6468535787426999
0.4605627062852429
0.3464427859764062
0.6681156454352452
0.7777924877098109
0.3593363741257328
0.5069147209060265
0.5565999818258778
0.8027878300481273
0.15599253601160212
0.7791303887960485
0.08989201172859917
0.9158243375799654
0.5177933569502234
0.4231498126705895
0.17085679495445227
0.14179873874729776
0.07501960226998383
0.5251457619419502
0.37607959099555366
0.14707931872500557
0.21798757026535587
0.41559065778182847
0.46360431967887383
5.463797414518856E-4
0.39162036540579725
0.9358047009534639
0.34598786249680946
0.6838226630879725
0.800568583336975
0.3094989653417034
0.4588992343206314
0.8068248762188994
0.04324444488067192
0.2178410156154128
0.022438611058318014
0.370310768442098
0.6506801513739907
0.5309738531438657
0.3804919598538101
0.18802065646305166
0.008026118703406526
0.02627020624437204
0.059037301924877994
0.9732244053067588
0.8153623909903278
0.77457500510349
0.5064249572300035
0.0010961084900611429
0.7900392005976848
0.8323294124467503
0.185800796287923
0.8991524559691279
0.6375661375399327
0.9101700833300042
0.12588915305381454
0.6795524866376864
0.4933299295345369
0.4281275815015907
0.7707236971984667
0.9758511061055825
0.4704557970279959
0.40551967558670265
0.10187803818218621
0.8555315738725845
0.8573495682753848
0.1898084292162998
0.30838481854498967
0.9789903914226398
0.11035220687035419
0.7997405440987152
0.3398442356194864
0.5969125742513676
0.8266757454943857
0.3648449806515818
0.26028361554342694
0.6803037247075338
0.9375277653377879
0.3101892333491737
0.03192106559655428
0.9865478578962288
0.3028341090997779
