1126317
0.6475509348237962
0.9138342574461704
0.034816356646795055
0.6163102793792512
0.4379779882371201
0.3231036923811127
0.9751656152394182
0.8425207214258664
0.9790059812742944
0.7117053526220857
0.5323386697489828
0.7020997774989016
0.7127595261221602
0.94022653317971
0.27464318450718106
0.8111502536179458
0.027268416017466213
0.75356760227592
0.8113690943649174
0.06562442611131836
0.8790833793642187
0.5277443312751856
0.28583502079132905
0.13434286059026335
0.21399552469052252
0.30381115119656177
0.9253256934291761
0.7920157269589346
0.5690966804287875
0.4248404394972386
0.7638140375731958
0.3864094654401631
0.31895739606885387
0.7554316864217285
0.029909401446122974
0.43886374175019505
0.5970258239823603
0.42912054407496447
0.20281481506244237
0.7045340339798385
0.442444193042675
0.7755783255982069
0.6952516527135554
0.3489582381054185
0.6902548339978869
0.005731309475261681
0.666789867959072
0.4977141898996459
0.8778552895906843
0.32878589243601875
0.9558101383417008
0.34592892674933506
0.3227881625734468
0.6113590493841186
0.5001947036884387
0.25691437184493227
0.24041937214084552
0.2870573749689589
0.03239515191980702
0.9247434709811735
0.23155021149295385
0.3014077545984204
0.6860643893706154
0.3031300464704657
0.044368884051369295
0.210417761268332
0.1351724425453038
0.3927236179467759
0.440313488996552
0.09311940310597955
0.5871761792375485
0.4223278350303238
0.9987666996383383
0.7730956924790484
0.19128671041025735
0.011747874592202834
0.06979488512160548
0.5143962718368974
0.003723121736940893
0.6908244596105475
0.27089240144539906
0.5099791759412664
0.616987966317177
0.3755036288843212
0.30873491086109006
0.12926801947684097
0.588295650644416
0.1912718216537178
0.27660818234183937
0.9007693972712856
0.606844837456999
0.7819772327969261
0.2098268873993161
0.8199452731105986
0.35104330953592855
0.36715571467209607
0.7986018297429356
0.9628792613416928
0.3147681790462634
0.03238649216633893
0.33613128706986684
0.12534239977007267
0.03476777803931275
0.20594628370024248
0.07396760174457706
0.9829103744855123
0.5078166686142864
0.19108629362183227
0.36976299345631214
0.5229714806945649
0.06220067206725377
0.9190896775159152
0.15320010247693405
0.7014508249563429
0.3392066847398326
0.669063172339302
0.8139165080990315
0.6986429748856633
0.4298323717925232
0.8686913767501362
0.45457232729644337
0.004181179551791536
0.6540403029148493
0.5355992813465078
0.5013536756018235
0.3465151459714543
0.7785997161048153
0.9562173898162011
0.7624901383906717
0.2799271448132895
0.19246892504657098
0.9744145746488583
0.8181286318910166
0.6548901915901586
0.08580301947781
0.796097439185697
0.9526359095923623
0.47227966362611673
0.5252693169512498
0.4272071920039139
0.35842267012932993
0.18042774915865678
0.39571355977985023
0.0354351619965686
0.4125404931820872
0.7405996540531952
0.8591069262082853
0.41217331144009717
0.5556882683889152
0.7290614619700049
0.73158764675579
0.07165390779635661
0.19989818074007326
0.6994356130015009
0.432603672059818
0.5841661041808645
0.7216605782857116
0.3168040999977142
0.7658246946522271
0.06236918705400085
0.1951787526956721
0.23471136374173784
0.3584967357986507
0.5164331169127593
0.5319308001002782
0.7250883865472755
0.23658749261121315
0.6229295791853022
0.007121154205115832
0.5551414212770898
0.012316544953428266
0.02708312580264094
0.2588172077018084
0.6665066007007147
0.35095834685394534
0.8620202059816221
0.08421396157788164
0.5049055711041712
0.36708498454869687
0.5516676215638757
0.6612591862062387
0.012647356801009701
0.17455105524093983
0.6378749941016499
0.5408708832801994
0.8748706620058961
0.1480966106416728
