1923816
0.8375140982535144
0.9874233523388858
0.0727752859969587
0.2247294416119866
0.9952886325431551
0.21717701422710256
0.008040867620460745
0.013012715320410706
0.7974169090125116
0.7325895864841451
0.433988404746693
0.14264555759027697
0.5871028193878031
0.907422780221306
0.3509221886638463
0.1561022710880965
0.8380752157024853
0.7342421961935529
0.2668243397374813
0.36832964067579
0.6034175595340837
0.05567339302563723
0.3587452961899307
0.42997063428413085
0.2881042922516275
0.048206540860031066
0.3759801000604246
0.1189842364874818
0.12155271676134116
0.26582265638974456
0.3858505992315907
0.6720902119312046
0.6611046781232948
0.7013561341956215
0.7998217038111775
0.7792760803754157
0.6710012239977216
0.5030002451290481
0.10461334725681759
0.9232820611640886
0.23017649438482057
0.14610932044045954
0.937507931590026
0.6092318083595973
0.41563345286771025
0.7596043254285497
0.6082048606961391
0.27223802195067137
0.08926318137227396
0.6129160245524852
0.4022668983217399
0.4634262388304502
0.9161615940644243
0.9686852620336236
0.6695272635337982
0.01754369365334474
0.6531183001283916
0.5644538302238277
0.9336347343794391
0.1595322027498386
0.5748490505952769
0.7258333009018517
0.025024680377826902
0.06152327083138942
0.2116808144378941
0.47060106349633957
0.9824568255647951
0.8640304674885353
0.5815012260517243
0.38881193333511277
0.2021257630761345
0.22023451620630652
0.5970411231993121
0.3113944232769892
0.5546962805801078
0.16957334900884247
0.6506471541362725
0.09924540927945247
0.13405243188215676
0.04674749054600491
0.3857366450128793
0.4353281602704987
0.3341700267534018
0.4954164926630683
0.6619167959223226
0.2331828950445788
0.995677450732547
0.24250918133030808
0.546717843549483
0.2873973784886156
0.946399422860591
0.09921086470368123
0.8570563390281082
0.719042516625118
0.4578585356206195
0.4476116798257501
0.2713144658671054
0.31655159624524276
0.5702514820444854
0.8869416539743233
0.7467183693155579
0.00904670405643515
0.5718605288368581
0.0963962531746787
0.042300338416133454
0.9861336028127577
0.6521095818951255
0.41826019799427294
0.7846011001287361
0.4433928245290538
0.5856522602062346
0.7558936149696073
0.6706849982104051
0.47696164425670373
0.7087997164969108
0.6096681138397014
0.9013790147195428
0.8665243096321011
0.06274889325619126
0.39268335509665553
0.6086514167216929
0.28099716205125924
0.4112231147595655
0.4123026772614503
0.2709901779960896
0.42915658481409924
0.12304291916206311
0.1483778247811477
0.9170109254301793
0.8798836138752322
0.36518387212754977
0.5767291691310136
0.029171358057021424
0.09337190194885003
0.6433157677072624
0.35147768725930517
0.5022209956100864
0.8665322180081688
0.22822949516729385
0.7559099490788986
0.27257193759848175
0.11077584988337663
0.9353614500535792
0.8499080387352946
0.5153815043291489
0.32685103216618117
0.9635985290374871
0.3922283170539552
0.42082962994853523
0.6638618494004377
0.7434219535326647
0.10102312317073747
0.5230329915858903
0.6170724192228766
0.5564462650031001
0.8726416883153356
0.24045657486252203
0.5597567091975734
0.42419586130078313
0.6532668137030636
0.21741233914116964
0.9431977098198551
0.6512151933880015
0.14872402196990753
0.2742202217712596
0.9041511310859738
0.5335648240151002
0.804206352594973
0.38559518024298645
0.621432378749209
0.18335554406252152
0.43411416199679587
0.7919688142688548
0.22259590009259667
0.26589203116576055
0.6236720566702391
0.022901589732136074
0.17313722222058203
0.9432283648619468
0.9145252359585987
0.24295216751775983
0.045009910212628346
0.3259968152003627
0.8919871999656438
0.006887868891515381
0.7209009543009277
0.48939669351520465
0.6547427692620053
0.9251285704599186
0.6884517003187762
0.13017818304616813
0.5411658466256019
0.768961187139858
0.765604970541698
0.4913335535007075
0.40238387306439893
0.1306325521261087
0.5844356131831588
0.5839663035953768
0.75837019409274
0.7987839867291772
0.2376873863271498
