1530961
0.707423048113666
0.10405920352465203
0.7458550632539107
0.7467571609117424
0.13012703202838793
0.5135284028647961
0.38659167866394706
0.49462509198600246
0.8875653579295578
0.2533327670870078
0.06083647472417708
0.8647691760224975
0.23442003211321372
0.9214304233579067
0.5007319814474356
0.9068735693125444
0.28604093705599254
0.4895552892838214
0.9248436735926542
0.9951837725181126
0.9970164073422355
0.08309580752109447
0.0785750194548267
0.7245261463380798
0.44300409089626924
0.7454428440202245
0.8237086890498333
0.16589675166374163
0.42591454427485487
0.923504203695671
0.8971130793829193
0.7126870912805455
0.37387490285730485
0.9293642470805633
0.7892725575166176
0.694106620992582
0.31722588564418286
0.0813622648921094
0.5726347598348577
0.8848156797463833
0.07810322321900043
0.797319722980113
0.8289722717898734
0.1310278349360795
0.9466942392209599
0.9395663562420736
0.8800736293191875
0.2376491093700288
0.2827601135003285
0.6069370144132991
0.40238929179558447
0.4871494131619285
0.47004267295139257
0.21329687248072593
0.33674791858678554
0.7813186100476951
0.07233208424721238
0.5843096337613712
0.745932938757277
0.025823399854051243
0.4155872724231695
0.4665806508752611
0.1215657384941099
0.8684648018873065
0.8591926333109849
0.1028422750114989
0.36243702720060844
0.9592221013082117
0.28087534227733424
0.7103771670476562
0.03413657643144041
0.10769967855113693
0.172141117313796
0.03245445741238173
0.9926659558621918
0.7710153110354813
0.72559493717647
0.05239595034084299
0.24968194074346217
0.21019890893722593
0.6815171294308171
0.5330878729326742
0.5342714337162142
0.7916512710003809
0.32556091391941955
0.7790911616600379
0.7980365946508754
0.7421516470499059
0.9298739433089568
0.09923459900398812
0.31083423273039335
0.36040051241877935
0.8876171500043287
0.8907971156194188
0.5071699294043029
0.9306116337028651
0.3867261050112306
0.38326645512469737
0.7406023349252847
0.8800713548159973
0.35929086785159026
0.7104567537829835
0.8974233586061005
0.3234399836020757
0.6939347767001297
0.888869081303125
0.06576726502822827
0.007027759994529648
0.15446961517144953
0.2674850935045867
0.506466787959822
0.614595409364666
0.2854635729928844
0.3282722272412104
0.01850659579239744
0.18240322778650087
0.3007833203424888
0.4231414725399948
0.8907421820330823
0.8681797010273704
0.1335416036206878
0.6221127859103588
0.2750556861918031
0.5903839056899665
0.7640234736804943
0.039293727802225065
0.4782750358799115
0.291034535516175
0.9385941787130985
0.2922066778626443
0.23527433089063066
0.8912896843964483
0.34436555076585684
0.9041196463980405
0.6208678140993537
0.29322110478869334
0.810482633736282
0.017656685251211668
0.1267466813063578
0.5286237574723978
0.7346536859825367
0.39970006887870635
0.5506755741527203
0.8208579018605291
0.4320560126809596
0.5948330603416555
0.035020116645963384
0.14454520141039795
0.08129311431374409
0.622632645325018
0.9431523648146205
0.31012849033800594
0.9088187697909099
0.9581696925686857
0.41068297652468755
0.5913410869274259
0.3488947874969637
0.6232101155260454
0.46990400725805104
0.1251608047580699
0.9937992363519745
0.4874938422673908
0.33453796711773554
0.4847041468020672
0.3076755727035666
0.9531237635326033
0.7588382495438788
0.04980928700162046
0.7016205766893574
0.36722116885185774
0.37437664842372564
0.7323188541453052
0.4387929700145229
0.06260214782278539
0.6867325486729265
0.6005931487596247
0.5039597956784861
0.011929628285739402
0.22677357573353818
0.8751296979941685
0.0598511712333224
0.46321866567417713
0.4766164744003044
0.7079607178158095
0.5047471015390644
0.19295163327005826
0.8704997062972745
0.22621708246191086
0.7837718832733075
0.15870944447946123
0.13998758474638096
0.35132142530060106
0.9287119360091259
0.21933611964595723
0.4143968390590568
0.10929112171222366
0.48651730572798035
0.5494311185751367
0.2466856984524871
0.8372988098977625
0.6561795413246017
0.4743465254611664
0.9453428155176907
0.6109918005189693
0.2613478387993893
0.13536322177899984
0.7240508793664531
0.40888397631861995
0.5642710553590518
