1018115
0.8685605285695084
0.170403892024116
0.06878903893311561
0.6507778632537907
0.3326613200050694
0.7273281961740857
0.23485939404451117
0.3179446389760686
0.49140080402633657
0.14285814963597665
0.8033221419917534
0.552432478308188
0.37731633694780686
0.3767756927426641
0.6385941106844807
0.6461801647443103
0.52029820960522
0.22357493091292513
0.04175338340788748
0.33109912445041256
0.5773948905648972
0.1782451127798328
0.9895523027719509
0.21071599534768848
0.837883122267136
0.7207379271371334
0.9636220419026674
0.8909675681165278
0.2333011260409662
0.5988351395212156
0.8948692428907012
0.47642471669849873
0.5620265752731967
0.05284817451720103
0.025021565115609934
0.37280261289341676
0.3167512223894384
0.6982836649510705
0.6979674252627198
0.0931483527440643
0.874165889854503
0.5000127728370911
0.5571640096368312
0.9134362362428116
0.4867990423471329
0.5667211160156681
0.500433456530878
0.5262501914494896
0.7577204191715756
0.1736699411376159
0.6525598549252777
0.5079233630344479
0.29684973892290134
0.13529613805698082
0.45644214529057825
0.4592683155306425
0.8348661732332026
0.8865129783851597
0.9555131339654696
0.3006977585695636
0.2353409768785769
0.9597203195763637
0.44982546949710267
0.1299992099759688
0.6384481139574986
0.5797219766163183
0.10428894504125441
0.24646432885740177
0.0766192479147767
0.5916061479021784
0.49139321154484883
0.15450454451702544
0.8039273626288638
0.9819218817248099
0.839811281696338
0.6819793779432991
0.43192433290155685
0.770255709156762
0.8194135347593633
0.6227644920506675
0.23153074800044948
0.13674965648622106
0.6352525614305413
0.7691031709348776
0.6305836481039547
0.2356921207618643
0.9069737303283968
0.5743860839331077
0.8877797228377603
0.9175067681662962
0.7968554410020992
0.3843566630665265
0.9230677690412891
0.448199456669402
0.6258611030394141
0.5448771092868768
0.6252092161777631
0.4332508188580927
0.07556998876965881
0.7664869552045561
0.5425910565726798
0.6174537047651472
0.5803104447594514
0.05384062896368835
0.204306747296489
0.7137126828074223
0.4380056010061065
0.3503600125013917
0.8773342900832578
0.4179305372549863
0.8271256831876358
0.8902845847335307
0.7806024425196506
0.47909009698700367
0.030750056111577884
0.028985522246305462
0.21151387887313278
0.1057680028871214
0.22572732388521644
0.9226077643771889
0.3561275905427873
0.1751702961403937
0.040858131166954914
0.2222062669032785
0.3655501939174216
0.8826942316551439
0.8695031627677406
0.162533092400598
0.8401559262822758
0.7391753604649257
0.6715409628108617
0.9879646862703219
0.09682309674062106
0.7917188427677029
0.5550236128227816
0.3014206272446561
0.0819491877816736
0.9706570562083067
0.3996324977650544
0.5630170260972234
0.1189524465372479
0.1907155900523686
0.05020457031576964
0.45297531415159187
0.8888497991835458
0.40261782652112843
0.14436092188553484
0.9813810462075521
0.029119161348935108
0.20371137931216055
0.042168860008347187
0.48942548630593896
0.3807935011916511
0.8045263620875449
0.3738095966864655
0.8520427127827511
0.8580155946010308
0.8185868349823138
0.7006646000881926
0.40200373396295974
0.4595353061797347
0.08168258828593689
0.6137166704266278
0.05427784590663998
0.6406823920254195
0.13812625213533636
0.5439896040782908
0.21410950195116607
0.7820126530690578
0.8031845991660714
0.3446902279448195
0.2648541989572204
0.9010360293276175
0.7848519847870966
0.4940698307483349
0.5121665846272876
0.66598452173714
0.08338127541674467
0.9910073890424198
0.05481604313964861
0.8276287167317011
0.3750835779832157
0.3735867002610711
0.7571927056839549
0.9488833890820189
0.6431711579708014
0.21925641220689485
0.28100685895331323
0.05940236301899715
0.2653018743135791
0.792270714071662
0.9807109972232779
0.7466668258352113
0.27856941033922167
0.6007995734897812
0.5230953466478578
0.50000678748302
0.49944295348991397
0.0923151725846677
0.14435953191719664
0.5363711747927126
0.07200142891185035
