2011345
0.7455543090546978
0.18088081020619207
0.9350777569550212
0.9853794028085882
0.7672136699259423
0.5862786878648967
0.9455559730490033
0.30141701394815423
0.6749856924801371
0.31258184084972074
0.0761786095440149
0.28030843719424914
0.6888994001794813
0.7505679980014359
0.4256559210109012
0.42926090780563164
0.29715005497715696
0.2864154219356845
0.8336125410174102
0.9718050008296663
0.4357638294293895
0.9401216753575353
0.2869849820845173
0.5887894272744842
0.5318429578290764
0.6608165876514649
0.716002928797272
0.552345508937239
0.46920440955063436
0.239872587468825
0.5574881153370825
0.8237605542003889
0.19544222355187213
0.7833984338752835
0.6090680564340809
0.5706627034054362
0.06095659691745037
0.817051849547256
0.9172642203887457
0.7364491854189661
0.4121592308023745
0.510756949303547
0.9898642181860638
0.07024237122890487
0.44117923359431044
0.0978794486996285
0.3540515501036181
0.3891636644141673
0.5283922271782716
0.05378522494313065
0.5683093849737395
0.2857591086032326
0.91690570559096
0.4774346986440213
0.4968455532862379
0.721036237333732
0.62537376107541
0.5707516130497087
0.6113873667243188
0.461013440929011
0.25128584712562974
0.8503530907012995
0.524172630979758
0.5098711571611602
0.4894302436339588
0.23707170888120854
0.16917675344549477
0.04475106149067054
0.6444694674899302
0.2874366266798265
0.549444015555354
0.2569981464685761
0.6881855569975369
0.12402562139948825
0.3988251075149827
0.21432883510322231
0.5769288449080944
0.01012216636939034
0.7829441636262132
0.4288077887166003
0.7299726250990136
0.7144123566479655
0.9862200768333634
0.9771054897943379
0.1540493155610625
0.05869874279027065
0.2775217553142304
0.7676866159003375
0.019749772396936094
0.04082335601136833
0.8343644402020006
0.4430833501204847
0.9200708082482292
0.6274250709063831
0.2613703111449661
0.6103469588015513
0.014759401060827071
0.10877782980030892
0.8754506013405958
0.8716971565719077
0.25249612228053053
0.944082303816784
0.1109677672075653
0.3379065607871571
0.22660967799183085
0.32625627436075944
0.23456531926385427
0.4653069292977887
0.9812721724675388
0.8310032703022676
0.13086036375352317
0.05143072969273044
0.7140577623521959
0.4993967235144682
0.5245806977541333
0.9252583332702611
0.7185805240376428
0.06668629609084942
0.6452797573853271
0.828566613838769
0.9043509590542045
0.22101193188308033
0.49964718385254725
0.8658699694644036
0.23418523954349368
0.4647366668339358
0.9138430282990422
0.8995837989335718
0.5802515515847336
0.5650759969219659
0.5126456875496346
0.9160953156302636
0.998044878224335
0.9854662662817263
0.4525584087501914
0.3647094795580845
0.3191080443725621
0.43486427041318376
0.1120865441036738
0.3869225481294045
0.2055993402517684
0.9674044984273588
0.4418907098429409
0.12965491551555286
0.6581092840811621
0.3177321248477304
0.4452691114508328
0.19994124733010654
0.17757266683996664
0.1314274424954478
0.34254539167506604
0.783734174013991
0.19449959217486035
0.9851997223305072
0.5798161725637251
0.3023827940906032
0.20800201774056848
0.5914348760308968
0.09797489320814212
0.20398707683448936
0.35061742514111116
0.18108961307042415
0.6320804822796549
0.9702749312668206
0.8692289462648528
0.6869084033252444
0.7640707124026098
0.5426339746162261
0.1995348832410927
0.2805277744678225
0.9988531968938953
0.6565673624995567
0.721880067940572
0.8243852978479757
0.3896309761728389
0.13776027035324656
0.20696309857495254
0.649771773189139
0.8400714342627233
0.1635727231681262
0.12035543839251761
0.4280912228794097
0.814626242053468
0.571795161739618
0.5324927990836231
0.06275818255307908
0.9958488257785703
0.4482775232006322
0.12118560417491964
0.04596554708684275
0.8034764153251999
0.1446930815236699
0.1462702425730995
0.7423456890807126
0.372422300192393
0.6256314385292919
0.43862038270471115
0.9915619546837147
0.8703868504536534
0.5019875904662756
0.16972934669585626
0.21897527468404465
0.2846116196634352
0.5289379456063746
0.25135876771182053
0.7031614141117181
0.615231747664315
0.8181516329739662
0.1576816023500257
0.10625567760798715
0.4992247936552866
0.7924772839492427
