1673349
0.1335216730654506
0.256630583073968
0.17512373440997941
0.41597035576503183
0.5296231461090218
0.11887197105898017
0.1512579734945514
0.13922605008242506
0.3689355971709224
0.4152164885334647
0.7749898637883326
0.6699134981830129
0.7059151005052919
0.8506698285002843
0.6397908295132709
0.09996649529397483
0.2420775552140797
0.5970578880138426
0.45373355114868774
0.3024665191743322
0.44780181593816604
0.9132723398767648
0.7467653380686246
0.09152610254555671
0.6315631249768385
0.4478101646175092
0.9308290197559796
0.17250960062248433
0.18367742520418973
0.4427370690804774
0.13531526709942865
0.5641833509772549
0.07754498866529158
0.015553102129382768
0.4270888424120619
0.4980485679233765
0.9750680118504559
0.7274793921431292
0.5631456908504987
0.4841389220438467
0.13926491373830785
0.007292826307280675
0.4685797899347903
0.30668663757081494
0.5299264581611233
0.21855141466503636
0.9920624491136157
0.5675454434203264
0.03754811284613402
0.34929692893838327
0.3819870835960413
0.9832688563597806
0.7048347026686316
0.31235527281914843
0.9535528978532293
0.794139998046182
0.713286872548874
0.8934171602058628
0.534715911650075
0.3431500703270898
0.28609099151713413
0.8813545575684176
0.5676682440088441
0.826676880740976
0.24591040008797638
0.4619757308371084
0.7956173785041463
0.4761661852063964
0.6700395380620376
0.48715446517620276
0.04389383611039721
0.5182756994578678
0.4349784705068743
0.02070308883538685
0.34341295077805234
0.6069360523728358
0.01885467196124646
0.8551041730587583
0.219910242184725
0.6796155628724714
0.43170976242103276
0.8713036576585751
0.21731106952473522
0.6726315414272848
0.5264321707042117
0.25757657887903085
0.3429463331640281
0.47000964222349517
0.0462329754644053
0.6783868938152533
0.4890467102714442
0.1526385207080645
0.5726908357474844
0.1894044419910248
0.6101819401493008
0.23351739062275523
0.10415364579744679
0.5360750962936456
0.7625951683824247
0.5695604607062937
0.05489396644722466
0.6352644364798546
0.6979331866064047
0.5649133963334968
0.0850623312163149
0.6616785479321986
0.7471022553217125
0.7535309690821296
0.6794569916355514
0.007310481962865545
0.2901839275711595
0.2319159560340187
0.4721998804344594
0.25557930121417305
0.23918354068921432
0.47530173963190403
0.3769890218184264
0.6048991281133888
0.5060901358343863
0.9425822311670221
0.3360121939389501
0.8431779610986848
0.008703092422909675
0.4812227733135236
0.02345072484028432
0.6833479760126764
0.006514660763058844
0.8060796196078661
0.6905183010541893
0.6751886776053684
0.9446018496573652
0.6271554781062156
0.12516788350470276
0.08655798017794425
0.3394353501757348
0.8913228138951901
0.9795933732865606
0.5801420178060998
0.6479275227773196
0.6684233077715176
0.7604514431375291
0.4512813947306772
0.16232117682908498
0.41661043731275604
0.20385828361556546
0.40503891615217824
0.4724998446286046
0.8810507531135655
0.7995832312401401
0.6148706162720154
0.18345782750852457
0.17933307658181563
0.7162189924403122
0.8272710142587543
0.6186239377454438
0.2673892230787196
0.036514954708311786
0.4638593585747971
0.19303076231055927
0.7694623705529069
0.6605191482140134
0.5494826470694048
0.3474116947742437
0.4568264414275002
0.7011480434173986
0.7904078719819679
0.5984224519991493
0.9387124209724773
0.6864348053218484
0.6464025835273565
0.14826369013438
0.91188134377093
0.8633918742285106
0.4986954792092855
0.34292306988742827
0.19548247832234955
0.3081160434888184
0.13388192592478088
0.2526134800779881
0.6586015081261154
0.17726130193859269
0.5075805831688064
0.07742586287430675
0.01767842622395588
0.8644779830095071
0.3979962839754797
0.18003884998447206
0.42116585704211573
0.3480281830257176
0.9293082593324696
0.3866938422231676
0.5920714281237175
0.23229386461977575
0.5811420524551978
0.7772043597902433
0.6792691994329999
0.1428882454845889
0.6632495355606769
0.08813241707727393
0.9069089541342292
0.4588919204734372
0.33350931362361524
0.28189858569311466
0.8604927946359066
0.7199449470875464
0.8430949792333967
0.7789921301999817
0.1406209820873804
