1635653
0.8947309162464784
0.10165504206124276
0.5359642391392323
0.9668132371737751
0.21594169126834117
0.007913768076697525
0.35939249592455114
0.434103875253519
0.9776221022076232
0.8633700539122426
0.5822074573648854
0.7530525866129989
0.5215519502603345
0.2920903649496053
0.5474487925975156
0.8397145887609877
0.22634700198705715
0.4125428511032736
0.2627508619346175
0.4060608210180574
0.6082503260408972
0.1716838172737023
0.9572118388089107
0.4894815826886464
0.4787927217361835
0.3616371058638811
0.9252227753339907
0.7306605790450059
0.7267149614946439
0.9470795175521308
0.660746404096704
0.1904032061683164
0.2731232141422356
0.5318032530394676
0.38921434933281407
0.9909063508540159
0.35240289681112513
0.05280334395120323
0.49845848391476355
0.07630444912424839
0.08978267637628379
0.8866982018241798
0.8839753267687038
0.6776873338574796
0.01635661027068458
0.6637486564615456
0.4870787420331163
0.7199193291813925
0.03169461998084866
0.2989394125560123
0.8791522614319421
0.11075657490118329
0.8418096665894093
0.4833774217613591
0.3669012023158422
0.8949988381577423
0.179111978829805
0.9163946503832447
0.26872526808265174
0.8699806004069908
0.08024355234493452
0.31879720174313586
0.3572122747863993
0.6880561711038075
0.6966106369523392
0.5582251929193888
0.6840542793375722
0.8124157127481343
0.7212919238515466
0.7617443046496266
0.4416661446338025
0.4542915883464609
0.9353078295785244
0.40649881389787035
0.5933048027622537
0.376524390273274
0.7352243867330465
0.19274383005102713
0.02696809142650991
0.19535393329275685
0.969729067016791
0.31647926637017154
0.1657977863846951
0.30823883561796406
0.5948200875212312
0.07749661763541493
0.711833650722904
0.8995257049391782
0.34136582453970254
0.9464559753122014
0.28277115336533143
0.31166049033971455
0.021052875694125395
0.5339960424184095
0.14986429576068516
0.5917813305909518
0.9493918498761044
0.11932131307190652
0.04217326216395523
0.9020608188280093
0.2552864927376898
0.4083763690907726
0.6591884138474879
0.5202418816445533
0.3194063383501007
0.6162870478847099
0.2837030743987199
0.14842389889696717
0.7395678190823255
0.3577377955376325
0.5123322644858531
0.24701561119728077
0.1907424544548747
0.5890235273411766
0.11849850375684168
0.04400259777636095
0.26779737049028063
0.6745840555892998
0.8230412722164948
0.6108651394746231
0.5971706521553486
0.8763963515831182
0.07881697051648784
0.2286744040531643
0.3636533518599042
0.5696250912568765
0.9397839146671098
0.9197650923827446
0.19278970118487082
0.06910216778137712
0.6730809186872179
0.16695759163144153
0.8507185068564621
0.7557762687726656
0.2686072794883394
0.15770638532661208
0.1087556060522975
0.06769491983115306
0.7440292129794155
0.1744719604730557
0.9291441020115228
0.05207777988272955
0.1104411073704008
0.9800824290190595
0.2369342897233606
0.9559029711096174
0.6531907058516512
0.19108676850335737
0.5399452045140422
0.558183396261824
0.8865750129676002
0.4777035550546086
0.5360313944484293
0.890767448097302
0.5349858675700692
0.946989692392005
0.5671919682714689
0.025663992370203226
0.02684440655942477
0.7793511555318117
0.6318122231168456
0.27663683717106147
0.6125910612497756
0.1653599313902787
0.5986295419593565
0.17283512467623607
0.41351699014702015
0.006327324686578928
0.9362971917263258
0.9517706204598178
0.3094048912565641
0.51278108241997
0.13332630526621703
0.3102120305322209
0.7147130316450172
0.5708514337908682
0.06811954078900662
0.2236882786670119
0.9969075543242545
0.03446088379193424
0.1972293021298802
0.8296609837783545
0.2860408172948401
0.44591357444638313
0.5010019259942281
0.9687704294239995
0.8974379661722488
0.6356555495350589
0.4226762602287344
0.8975033433275257
0.2817556121944177
0.40939996614187935
0.23202165377291195
0.7716298291486534
0.4369394966861093
0.9431088121555852
0.4285235692238649
0.6655146511695659
0.5087976717442613
0.5473678214055568
0.620078925821207
0.4503008773346838
0.6436231355321065
0.26679882467758853
0.1848076129135332
0.9704158928973612
0.3775705954684371
0.0014139372578955145
0.5485045735105655
0.39376776153553283
0.14219378110952474
0.7392236264676819
0.518098247178437
0.6311329102287309
