1266999
0.7091089254781993
0.2583051336009623
0.6217170983863043
0.7522385861254856
0.7051570919944102
0.855965764610495
0.5830140903590211
0.954052688114082
0.8030243208286679
0.30044932280901804
0.4696201246473022
0.6487400276216411
0.35081108140801287
0.6211058280926787
0.9655851223890402
0.3688921854630275
0.11187349359672483
0.9254525451543649
0.7969537728368561
0.6327951719131192
0.11952126359950177
0.07087076754565513
0.8914305354920374
0.24969942455185323
0.5918548593323718
0.313237940018262
0.7403920346318736
0.6468962781047715
0.5351456429159297
0.8481409492432926
0.5215937985473981
0.3680813322292925
0.45439988621802296
0.5037287198499678
0.8050622341954697
0.31225821808178444
0.4344399989286718
0.338062454959016
0.8733291621749198
0.7215237136922714
0.892074805743148
0.2963990685101834
0.05586561981131566
0.09114900041737029
0.9247792181717968
0.13941926353636047
0.231543479589859
0.8935184628314482
0.4380315060918901
0.18268997748479732
0.9459354231748816
0.43304930732031355
0.09931239165138717
0.6917801860002926
0.8982036968797351
0.1247290171149007
0.28899516133637704
0.9404736118999552
0.9118765532101474
0.6681383945074016
0.761385801801932
0.5114577939008217
0.999201274837943
0.5558704397308465
0.579021329538137
0.8982295761922293
0.8317439810927604
0.8817780571898717
0.03399491906771246
0.9620680148305226
0.1903091793311077
0.11770619881971878
0.7963102051081864
0.8286987800458535
0.3692962261243168
0.13692069470241963
0.959890866713402
0.8126804542129332
0.39069316719356784
0.02877881144881822
0.9824102590310678
0.6124360390617102
0.4404877717320096
0.00556769665010437
0.269823660833137
0.8082713184896717
0.8733522734645309
0.9741502818863461
0.8867911088273216
0.06291592512442246
0.9261163051558171
0.635136198311386
0.5661128295542187
0.8040781284226711
0.08891948748598844
0.3765947104969124
0.7033207099871082
0.19435302114263542
0.14871053472349838
0.014533022432975162
0.08182706875002133
0.9426677345609404
0.7068040803046212
0.23311491523440764
0.7505422027280537
0.18935891408380545
0.4474557296532896
0.7996040633846653
0.09293278104872871
0.24118174697495942
0.5539101427861646
0.7107723301434165
0.07727346593995521
0.4135680073846728
0.03461850236589925
0.04510306682144771
0.3505469871111825
0.44484837319351533
0.6975910907254027
0.3128305213035647
0.7526229553289444
0.8441121378040668
0.5877380919664481
0.9165353578011027
0.5463996647852906
0.5748880204473811
0.8311917127568393
0.13513748436295858
0.36399217178691845
0.22388979822800636
0.9901424810408598
0.20749623425304664
0.3785572675383545
0.04045996094690729
0.7144793366425198
0.8486718396304095
0.8092282886790295
0.41356935535242945
0.16231712997516412
0.10720828735951415
0.06647269622289387
0.4668635952815495
0.7831517985869885
0.7440153894318171
0.5956269614696502
0.7424829610277828
0.02028526653128504
0.006589681139313575
0.5064039430057848
0.8622662598397729
0.500113314441251
0.21662811967886142
0.0502687076829359
0.7392034338449864
0.5347402812464622
0.1819339734652201
0.06621429565864745
0.32830139044613726
0.39913024666302466
0.2075620206354477
0.7381670114571048
0.5314701524803953
0.7744974083779591
0.0695725419449249
0.9290949836799478
0.9438315653995414
0.5378309748856517
0.6095832344787794
0.9406674652485664
0.6077888284244162
0.6587774888172964
0.060977830888524154
0.32661187142251946
0.40010117380853794
0.8787940790115701
0.16412354186779998
0.9654059770362169
0.4201880850441788
0.8070614861908374
0.6762157902540352
0.08769421120613463
0.2742825785711698
0.7553626034880421
0.012136604512727134
0.4008628867224
0.9453509106387794
0.7034410267547152
0.45442742954202753
0.25093032121166825
0.7927028361126554
0.32119499207791313
0.47671748097863387
0.29977144781021936
0.9041510542812402
0.15362334507044906
0.400642526563195
0.05988188436341668
0.7399929055235263
0.795159337637446
0.5573045822241224
0.7425963310285907
0.2645676842211766
